           1           2  0.983381168880147     
           2           3  0.988740075187167     
           3           4  0.991108455171518     
           4           5  0.980897541045409     
           5           6  0.984474237671102     
           1           7  0.978331482530890     
           1           8  0.976949647208429     
           1           9  0.976832965759449     
           3          10  0.966202004376366     
           3          11  0.964189648812841     
           4          12  0.963737211675425     
           4          13  0.965748414455817     
           6          14  0.977499080404847     
           6          15  0.977375740384073     
           6          16  0.978463717703238     
