           1           2   1.01924017260940     
           2           3   1.00722611917331     
           3           4   1.06369015319715     
           4           5   1.76284464286048     
           5           6   1.13203125285764     
           4           7  0.102587914089097     
           6           7   1.77770396887101     
           1           8  0.987178224854971     
           1           9  0.986929402901654     
           1          10  0.987177723378958     
           2          11  0.976755973633280     
           2          12  0.976760569465870     
           3          13  0.933560747712054     
           3          14  0.933583720969131     
           4          15  0.958509987960502     
           5          16  0.957107265406562     
           6          17  0.932156184859207     
