$hessian                                                                        
        0.5244907059  -0.0112169735  -0.0021364107  -0.0675335437  -0.0110754776
       -0.0026987206  -0.0032754559  -0.0212583773   0.0006140389  -0.0005284587
       -0.0001390726   0.0003226182  -0.0006765414  -0.0000258888  -0.0001736392
        0.0002784976  -0.0002969982  -0.0001569434  -0.1650112217  -0.0552841864
        0.1046278595  -0.0616614370  -0.0123834237  -0.0589812672  -0.2243730925
        0.0957179107  -0.0431798780   0.0000958810  -0.0074062096  -0.0017679437
        0.0003306613   0.0268307710   0.0025441043  -0.0019356217  -0.0025045177
        0.0019860697   0.0009099810  -0.0005713860  -0.0010248358  -0.0000944872
       -0.0001067841   0.0000346327  -0.0002054506   0.0000190329  -0.0000765494
       -0.0006416801  -0.0003138622   0.0000619539  -0.0000874019  -0.0000135778
       -0.0000116007  -0.0000813344   0.0000290209   0.0000165114
       -0.0112169735   0.4604649910  -0.0075685011  -0.0091140577  -0.1991734272
       -0.0167202696  -0.0059999506  -0.0158649598   0.0039413351   0.0000424047
       -0.0002873287  -0.0001856495   0.0000194819  -0.0001336560  -0.0002796637
       -0.0002315490  -0.0000761967   0.0000473525  -0.0555098836  -0.0674620470
        0.0491295864  -0.0126916178  -0.0521168024  -0.0455767593   0.0965416610
       -0.0925952483   0.0229279438  -0.0022244803  -0.0117102938  -0.0040695501
        0.0021073693  -0.0215022350  -0.0015177470  -0.0020346955  -0.0006690732
        0.0008010597   0.0008978071   0.0008629881  -0.0011070503  -0.0000422646
        0.0000602718   0.0002006644  -0.0001253389   0.0001117081  -0.0000305586
       -0.0003853852  -0.0000117277  -0.0000435944  -0.0000948436   0.0000318460
       -0.0000100459   0.0000623164   0.0000711909   0.0000614475
       -0.0021364107  -0.0075685011   0.5194177601  -0.0032215472  -0.0176454261
       -0.0681603609   0.0032041365   0.0159437543  -0.0009856263  -0.0001438989
        0.0001381515  -0.0002807266  -0.0000883457   0.0000730727  -0.0004319807
        0.0000962590  -0.0000410397   0.0000362133   0.1048284330   0.0487043613
       -0.1360090838  -0.0592429433  -0.0449754359  -0.2546933979  -0.0434100650
        0.0231102519  -0.0555008228  -0.0026560986  -0.0297360141  -0.0056035924
       -0.0001870771   0.0076132476   0.0018643916   0.0025794188   0.0026121048
       -0.0017715723   0.0004209436   0.0017527188   0.0013700368   0.0002003647
        0.0001511072   0.0001407826   0.0001852551  -0.0000365595   0.0002003164
       -0.0003189202  -0.0001611188   0.0002493770  -0.0000194429   0.0000139130
        0.0000189707  -0.0000900609   0.0000514122   0.0001393153
       -0.0675335437  -0.0091140577  -0.0032215472   0.4960176893  -0.0180533102
        0.0285567232  -0.1286228286  -0.0338067282   0.0542015423  -0.0248745954
       -0.0098433409   0.0121456890   0.0008442287  -0.0003019976   0.0004558645
       -0.0001073318   0.0001597197   0.0002036764  -0.0035744140  -0.0225117154
       -0.0009801864  -0.0007734126  -0.0088488356  -0.0018806943   0.0011997261
        0.0266429984   0.0026129740  -0.0522985296  -0.0078529965  -0.0431976787
       -0.2134620146   0.0851084324  -0.0525533198   0.0007134034   0.0000217357
       -0.0011644062  -0.0034243132  -0.0015118121   0.0058890898   0.0009989310
        0.0004799031   0.0009221165  -0.0048680080  -0.0006356684  -0.0018896742
       -0.0002056028   0.0000615871  -0.0000377582   0.0000047299   0.0000040397
       -0.0000417900  -0.0000341139   0.0000020465  -0.0000206206
       -0.0110754776  -0.1991734272  -0.0176454261  -0.0180533102   0.4680005752
        0.0084362717  -0.0310095887  -0.0818217473   0.0259805806  -0.0025733146
       -0.0003461957   0.0001391306   0.0001088524  -0.0000971874  -0.0002215795
        0.0001373970  -0.0000968620  -0.0000925690  -0.0033995868  -0.0143913867
       -0.0000944184  -0.0018931167  -0.0118944917  -0.0051200461   0.0024174813
       -0.0195306853  -0.0006482992  -0.0076792073  -0.0517782912  -0.0460709249
        0.0845945034  -0.0815970263   0.0243961692  -0.0197185774  -0.0137532138
        0.0187307591   0.0085463897   0.0050361349  -0.0080488038  -0.0001818021
        0.0001876323   0.0004578065  -0.0001430057   0.0009271521  -0.0002080253
       -0.0000265853   0.0002057016   0.0000147069  -0.0000861332   0.0000867420
       -0.0000003449   0.0000350819   0.0000365767  -0.0000049874
       -0.0026987206  -0.0167202696  -0.0681603609   0.0285567232   0.0084362717
        0.5142668696   0.0510386705   0.0268627184  -0.1107473238  -0.0039147033
       -0.0043021948   0.0064108831   0.0004514573  -0.0001918220   0.0004405923
        0.0001748306  -0.0000007510  -0.0004251338   0.0029405212   0.0182716639
        0.0013454023  -0.0033462813  -0.0297945591  -0.0061594520   0.0005292991
        0.0063635509   0.0011808775  -0.0436393906  -0.0448841723  -0.2533649395
       -0.0524117292   0.0240121039  -0.0609739880   0.0072169510   0.0049671574
       -0.0049736545   0.0199395327   0.0079642999  -0.0198282276  -0.0013045162
       -0.0005150981   0.0009231620  -0.0029853495  -0.0006459595  -0.0002384214
       -0.0004348766   0.0001098943   0.0001773426  -0.0000778396   0.0000276208
        0.0000252206  -0.0000345785   0.0000395454   0.0001011516
       -0.0032754559  -0.0059999506   0.0032041365  -0.1286228286  -0.0310095887
        0.0510386705   0.4419548270  -0.0140839879  -0.0071576148  -0.1510730408
       -0.0148591253  -0.0466500944  -0.0161094908   0.0135729643  -0.0068351705
        0.0016577353  -0.0011817465  -0.0022402707   0.0009548687  -0.0005138818
       -0.0000621186   0.0003328254   0.0006239287   0.0002325813   0.0006990862
        0.0003930799  -0.0002127613   0.0008773977   0.0005186005   0.0014399614
       -0.0244883024  -0.0091882197   0.0164695031  -0.0532432510   0.0544835600
       -0.0138413697  -0.0431817567   0.0126194033   0.0168914378  -0.0027767853
       -0.0017375082  -0.0039856539  -0.0241918148  -0.0039414898  -0.0086029973
       -0.0000000055  -0.0001523378  -0.0000143123   0.0006643547   0.0006038814
        0.0006482253  -0.0001783631  -0.0001475819  -0.0003221525
       -0.0212583773  -0.0158649598   0.0159437543  -0.0338067282  -0.0818217473
        0.0268627184  -0.0140839879   0.5240055797   0.0195070404  -0.0023271420
       -0.0613663336  -0.0015133152   0.0241052001  -0.0012956714   0.0110295359
        0.0006098226  -0.0016468566   0.0014787167  -0.0015380439  -0.0062630726
        0.0000082498  -0.0001915824   0.0006045943   0.0009392608  -0.0004501685
        0.0009897341   0.0003204456   0.0031190815   0.0028918086  -0.0028161929
        0.0061012838   0.0026990027  -0.0046080472   0.0551914315  -0.2428428163
        0.0536751766   0.0126138122  -0.1159121857  -0.1053365394  -0.0154351255
       -0.0016109487  -0.0101325117  -0.0118694412  -0.0008505212  -0.0043088484
       -0.0001190458  -0.0005732416  -0.0000657506  -0.0013650904  -0.0015365696
       -0.0016099896   0.0007041014   0.0003942048   0.0006262965
        0.0006140389   0.0039413351  -0.0009856263   0.0542015423   0.0259805806
       -0.1107473238  -0.0071576148   0.0195070404   0.4898907242  -0.0498923241
       -0.0068197607  -0.0896150313  -0.0103153180   0.0057159059  -0.0038911881
        0.0007180236  -0.0010211151  -0.0010908066  -0.0001653778  -0.0005455778
        0.0006570898  -0.0010920038  -0.0009859616   0.0007932397   0.0001354691
       -0.0000470069   0.0003549707   0.0216380666   0.0095984660  -0.0219329344
       -0.0034053653  -0.0004698042   0.0035669636  -0.0146166784   0.0534805234
       -0.0594181657   0.0177660480  -0.1059903348  -0.1990031970  -0.0240247001
       -0.0048400945  -0.0157309342   0.0148963729   0.0020285364   0.0066464376
        0.0004060129   0.0004475438   0.0002814661   0.0004155176   0.0001766164
        0.0004205179  -0.0001217095  -0.0001568925  -0.0001962024
       -0.0005284587   0.0000424047  -0.0001438989  -0.0248745954  -0.0025733146
       -0.0039147033  -0.1510730408  -0.0023271420  -0.0498923241   0.4497271078
       -0.0016343496  -0.0480388713  -0.0740838767   0.0382070013  -0.0099301571
       -0.0127225850   0.0238125254  -0.0012315042   0.0001047532  -0.0002660724
        0.0000253796  -0.0001076447  -0.0000398556   0.0000850958   0.0003754021
       -0.0000641862   0.0001370428   0.0009048426   0.0001643246  -0.0014162148
       -0.0031566742  -0.0020587419   0.0018073166  -0.0138630652   0.0021545443
       -0.0084252892  -0.0021439500  -0.0015811815  -0.0030375127  -0.0415236929
        0.0097325636   0.0200936600  -0.1339488120  -0.0607644931   0.0965770784
        0.0049269738  -0.0077650110   0.0046020834   0.0044267944   0.0059432524
        0.0061438469  -0.0024394784  -0.0009822685  -0.0034410280
       -0.0001390726  -0.0002873287   0.0001381515  -0.0098433409  -0.0003461957
       -0.0043021948  -0.0148591253  -0.0613663336  -0.0068197607  -0.0016343496
        0.4908858004   0.0025454085   0.0470751474  -0.1901106046   0.0437869481
        0.0152055559  -0.0239544334  -0.0005316414   0.0001975934  -0.0000822993
        0.0000754448  -0.0000856037   0.0000650772   0.0000244832  -0.0000326452
       -0.0001968386   0.0001518374   0.0005082380   0.0007773641  -0.0004281826
       -0.0011043458   0.0000850900   0.0004028908   0.0245259333  -0.0014576969
        0.0144078337  -0.0141862996  -0.0007278625  -0.0092743703   0.0096930503
       -0.1195127266  -0.1054289057  -0.0614388664  -0.0843084278   0.0578748433
        0.0035502779  -0.0124407355   0.0057466972   0.0051901939   0.0025115210
        0.0017547256  -0.0026223410   0.0004666305  -0.0001242086
        0.0003226182  -0.0001856495  -0.0002807266   0.0121456890   0.0001391306
        0.0064108831  -0.0466500944  -0.0015133152  -0.0896150313  -0.0480388713
        0.0025454085   0.5129332060  -0.0083518636   0.0378216623  -0.0791537568
        0.0037534291  -0.0103261946   0.0056006626   0.0000192197   0.0001985656
        0.0000200521   0.0000718895   0.0001849160   0.0001111615  -0.0001553183
       -0.0001928092  -0.0000297856   0.0015969558   0.0004886390   0.0013582885
        0.0034575870   0.0006413113  -0.0011264971  -0.0107789658   0.0012830846
       -0.0052186493  -0.0234316939  -0.0028226689  -0.0151636648   0.0209234545
       -0.1063404452  -0.1914416793   0.0962211888   0.0591480340  -0.1387564258
       -0.0065066747   0.0213709700  -0.0084629384   0.0074286810   0.0005398717
        0.0033083030  -0.0020272306  -0.0029805110  -0.0004934016
       -0.0006765414   0.0000194819  -0.0000883457   0.0008442287   0.0001088524
        0.0004514573  -0.0161094908   0.0241052001  -0.0103153180  -0.0740838767
        0.0470751474  -0.0083518636   0.4722307617  -0.2310827895  -0.2742899301
       -0.2866343779   0.1883126936   0.1930258571  -0.0001683319   0.0000741066
        0.0000052379  -0.0001893915  -0.0000119727  -0.0001778892  -0.0002992053
       -0.0002482988  -0.0003906729  -0.0003157215  -0.0000422646  -0.0000016212
        0.0001515528   0.0000317913  -0.0000647238  -0.0049291239   0.0011173747
       -0.0032647232   0.0010906138   0.0002691367   0.0007728854  -0.0024514748
        0.0064321446   0.0005575852   0.0049200092  -0.0157048886   0.0043532565
       -0.0729390619  -0.0332938979   0.0818689754  -0.0100760044   0.0076191860
        0.0048289062  -0.0103645640   0.0052189969   0.0110809266
       -0.0000258888  -0.0001336560   0.0000730727  -0.0003019976  -0.0000971874
       -0.0001918220   0.0135729643  -0.0012956714   0.0057159059   0.0382070013
       -0.1901106046   0.0378216623  -0.2310827895   0.5165212597  -0.0116801234
        0.1863068037  -0.1970499503  -0.1157089667  -0.0001030703  -0.0000449178
        0.0000233144  -0.0000065346   0.0000707894  -0.0000339978  -0.0007580230
       -0.0001955310  -0.0003093875   0.0001196278   0.0002253720  -0.0000400689
       -0.0002629162  -0.0000479543   0.0001571087  -0.0009036245   0.0009817489
       -0.0006348427  -0.0008595403   0.0007718667  -0.0004592190   0.0103691912
       -0.0225752063   0.0026797968   0.0038116865  -0.0166494616   0.0102694098
       -0.0318182643  -0.0765251301   0.0815685442   0.0213494382  -0.0190739269
       -0.0138738513  -0.0076140640   0.0052281610   0.0046234646
       -0.0001736392  -0.0002796637  -0.0004319807   0.0004558645  -0.0002215795
        0.0004405923  -0.0068351705   0.0110295359  -0.0038911881  -0.0099301571
        0.0437869481  -0.0791537568  -0.2742899301  -0.0116801234   0.5233060285
        0.1943328112  -0.1184649244  -0.1983190339   0.0000253903   0.0001121782
       -0.0000636844  -0.0003134400   0.0000818858  -0.0002231292  -0.0002438205
        0.0003502712   0.0007087275   0.0003746977  -0.0004229468  -0.0000045777
        0.0001286769   0.0000270157  -0.0001713441  -0.0025263440   0.0002579322
       -0.0007903646  -0.0003141214   0.0006068887  -0.0001973485   0.0077281997
       -0.0223615882   0.0050795676  -0.0038426822   0.0216007542  -0.0089776805
        0.0810137595   0.0826795712  -0.2218025317  -0.0067637554   0.0043407398
        0.0033902923   0.0211736605  -0.0114428952  -0.0188985879
        0.0002784976  -0.0002315490   0.0000962590  -0.0001073318   0.0001373970
        0.0001748306   0.0016577353   0.0006098226   0.0007180236  -0.0127225850
        0.0152055559   0.0037534291  -0.2866343779   0.1863068037   0.1943328112
        0.4490845718  -0.2528987892  -0.2755480431  -0.0000331558   0.0000270927
       -0.0000546525  -0.0000588913   0.0000189870  -0.0000080578  -0.0008671727
       -0.0001757695   0.0000827114   0.0000195942  -0.0000277669  -0.0000725229
        0.0000071128  -0.0000370333   0.0000259852  -0.0002372729  -0.0000693595
       -0.0002021667   0.0001559294   0.0000263535   0.0000456095   0.0003749469
        0.0006335670  -0.0008486320   0.0006871351  -0.0011140591   0.0001652226
       -0.0111059554   0.0063203771   0.0102090235  -0.0633145166   0.0788487293
       -0.0220978346  -0.0771842635  -0.0335803594   0.0892280042
       -0.0002969982  -0.0000761967  -0.0000410397   0.0001597197  -0.0000968620
       -0.0000007510  -0.0011817465  -0.0016468566  -0.0010211151   0.0238125254
       -0.0239544334  -0.0103261946   0.1883126936  -0.1970499503  -0.1184649244
       -0.2528987892   0.5486701705  -0.0360292283  -0.0000570157   0.0000610928
        0.0000437429   0.0000157691   0.0000516359  -0.0000076311   0.0001938065
        0.0004388973   0.0000440449   0.0000144674  -0.0001263718   0.0001013192
        0.0000222092   0.0001005663  -0.0001402762   0.0006502274   0.0001863438
        0.0005215605   0.0000301109  -0.0000091469   0.0000700643   0.0016103464
       -0.0046189147   0.0006495691   0.0010265339   0.0009999274  -0.0018101499
       -0.0062389694   0.0048853242   0.0054023665   0.0774764463  -0.2501855222
        0.0785058535  -0.0326513367  -0.0776297036   0.0825027893
       -0.0001569434   0.0000473525   0.0000362133   0.0002036764  -0.0000925690
       -0.0004251338  -0.0022402707   0.0014787167  -0.0010908066  -0.0012315042
       -0.0005316414   0.0056006626   0.1930258571  -0.1157089667  -0.1983190339
       -0.2755480431  -0.0360292283   0.5035114997  -0.0001216989  -0.0000295100
        0.0000749423   0.0001161552   0.0000089913   0.0000954931   0.0004380431
        0.0000447217  -0.0002108282  -0.0001060900   0.0001525148   0.0001392456
       -0.0000527535   0.0000667776   0.0001038930  -0.0004224088   0.0002916523
       -0.0001046610   0.0001555685  -0.0000231960   0.0004102071  -0.0008290350
        0.0014673183   0.0003659586  -0.0018946020   0.0011551388   0.0007097292
        0.0212161870  -0.0125833028  -0.0183086314  -0.0211793073   0.0765792817
       -0.0671393489   0.0886271697   0.0837059485  -0.2254494008
       -0.1650112217  -0.0555098836   0.1048284330  -0.0035744140  -0.0033995868
        0.0029405212   0.0009548687  -0.0015380439  -0.0001653778   0.0001047532
        0.0001975934   0.0000192197  -0.0001683319  -0.0001030703   0.0000253903
       -0.0000331558  -0.0000570157  -0.0001216989   0.1887448595   0.0659875364
       -0.1230083511   0.0050235241   0.0022924969  -0.0036011591  -0.0259655221
       -0.0075995621   0.0194246919  -0.0001295011  -0.0000142740  -0.0001499597
        0.0004869642   0.0003038640  -0.0000730398  -0.0003162396  -0.0004133758
        0.0002148535   0.0000703911  -0.0000321745  -0.0003487593   0.0000179799
       -0.0000409084  -0.0000144449   0.0000168184   0.0000320578  -0.0000165337
       -0.0002941974  -0.0000822338   0.0000874731  -0.0000078814  -0.0000406135
       -0.0000049233   0.0000803060   0.0000171940  -0.0000363352
       -0.0552841864  -0.0674620470   0.0487043613  -0.0225117154  -0.0143913867
        0.0182716639  -0.0005138818  -0.0062630726  -0.0005455778  -0.0002660724
       -0.0000822993   0.0001985656   0.0000741066  -0.0000449178   0.0001121782
        0.0000270927   0.0000610928  -0.0000295100   0.0659875364   0.0811028780
       -0.0568251729   0.0036506888   0.0024667221  -0.0028798950   0.0101564919
        0.0047734188  -0.0082975410  -0.0003214883   0.0006716890   0.0002774553
       -0.0001663464   0.0003804282   0.0004038676  -0.0010380576  -0.0010484393
        0.0009852012   0.0002488309  -0.0001523714  -0.0002952649   0.0000437951
       -0.0000385096   0.0000276247  -0.0001321598   0.0000017606  -0.0000543584
        0.0000101531   0.0000227727  -0.0000445043   0.0000244576   0.0000284612
       -0.0000047998   0.0000107552  -0.0000261798  -0.0000042939
        0.1046278595   0.0491295864  -0.1360090838  -0.0009801864  -0.0000944184
        0.0013454023  -0.0000621186   0.0000082498   0.0006570898   0.0000253796
        0.0000754448   0.0000200521   0.0000052379   0.0000233144  -0.0000636844
       -0.0000546525   0.0000437429   0.0000749423  -0.1230083511  -0.0568251729
        0.1553510109   0.0233126492   0.0095329955  -0.0257720996  -0.0032672299
       -0.0018167918   0.0035706279  -0.0003228595  -0.0004014152   0.0005902356
       -0.0001224747   0.0002250384  -0.0002061895  -0.0000177240   0.0000790795
        0.0001472818  -0.0001616369   0.0000419535   0.0002408800   0.0000227397
        0.0000205677   0.0000603225  -0.0000090503   0.0000000727   0.0000057287
        0.0000180548  -0.0000118722  -0.0000069514   0.0000007374  -0.0000334476
       -0.0000040854  -0.0000063743   0.0000030724  -0.0000014794
       -0.0616614370  -0.0126916178  -0.0592429433  -0.0007734126  -0.0018931167
       -0.0033462813   0.0003328254  -0.0001915824  -0.0010920038  -0.0001076447
       -0.0000856037   0.0000718895  -0.0001893915  -0.0000065346  -0.0003134400
       -0.0000588913   0.0000157691   0.0001161552   0.0050235241   0.0036506888
        0.0233126492   0.0675331220   0.0153307939   0.0688914487  -0.0107125268
       -0.0035502807  -0.0300302174   0.0007007060  -0.0007804187  -0.0000046470
        0.0003621003   0.0005353084   0.0007361958  -0.0000283804   0.0001424898
        0.0000931035  -0.0004592509  -0.0004748017   0.0004820958   0.0000176110
        0.0000770965   0.0001203360  -0.0000232270  -0.0000139221   0.0000406080
        0.0000296159  -0.0000175923   0.0001276544   0.0000203553  -0.0000407104
       -0.0000278959  -0.0000056979  -0.0000059653   0.0000652927
       -0.0123834237  -0.0521168024  -0.0449754359  -0.0088488356  -0.0118944917
       -0.0297945591   0.0006239287   0.0006045943  -0.0009859616  -0.0000398556
        0.0000650772   0.0001849160  -0.0000119727   0.0000707894   0.0000818858
        0.0000189870   0.0000516359   0.0000089913   0.0022924969   0.0024667221
        0.0095329955   0.0153307939   0.0638311488   0.0546572146   0.0044126317
        0.0029786073   0.0133883186  -0.0009204005  -0.0071321800  -0.0018787535
       -0.0002159264   0.0009333880  -0.0005509806   0.0001690310   0.0001396007
       -0.0001509083  -0.0005782549   0.0000657131   0.0004480005   0.0000994813
        0.0000246947   0.0000611434   0.0000154152   0.0000233679   0.0000429487
        0.0000168707  -0.0000808623  -0.0000576949   0.0000217586  -0.0000109030
        0.0000071724  -0.0000027258  -0.0000201001  -0.0000192928
       -0.0589812672  -0.0455767593  -0.2546933979  -0.0018806943  -0.0051200461
       -0.0061594520   0.0002325813   0.0009392608   0.0007932397   0.0000850958
        0.0000244832   0.0001111615  -0.0001778892  -0.0000339978  -0.0002231292
       -0.0000080578  -0.0000076311   0.0000954931  -0.0036011591  -0.0028798950
       -0.0257720996   0.0688914487   0.0546572146   0.2951654922  -0.0050246804
       -0.0004055040  -0.0106220501   0.0001202428  -0.0020201920   0.0004494167
        0.0003212085   0.0002493526   0.0004326494   0.0000862436   0.0001357755
       -0.0000114907  -0.0002569474   0.0000050339   0.0003510694   0.0000949004
        0.0000725200  -0.0000357134  -0.0000125634  -0.0000083924   0.0000694928
        0.0001031135  -0.0000356794   0.0000308607   0.0000095832   0.0000107492
       -0.0000375918  -0.0000011590  -0.0000062928   0.0000560495
       -0.2243730925   0.0965416610  -0.0434100650   0.0011997261   0.0024174813
        0.0005292991   0.0006990862  -0.0004501685   0.0001354691   0.0003754021
       -0.0000326452  -0.0001553183  -0.0002992053  -0.0007580230  -0.0002438205
       -0.0008671727   0.0001938065   0.0004380431  -0.0259655221   0.0101564919
       -0.0032672299  -0.0107125268   0.0044126317  -0.0050246804   0.2600545448
       -0.1116390192   0.0518855469   0.0001082033  -0.0001291942   0.0002062527
        0.0011122387  -0.0001443062   0.0003199472  -0.0001084740  -0.0001475095
       -0.0000320821   0.0000923437   0.0000872903  -0.0001835177  -0.0000267965
        0.0001055844   0.0000015052  -0.0000586549   0.0000870954   0.0000052108
       -0.0011874990  -0.0009242612  -0.0012426612  -0.0001007081   0.0001675657
        0.0000178591   0.0000581069   0.0000555187   0.0000202420
        0.0957179107  -0.0925952483   0.0231102519   0.0266429984  -0.0195306853
        0.0063635509   0.0003930799   0.0009897341  -0.0000470069  -0.0000641862
       -0.0001968386  -0.0001928092  -0.0002482988  -0.0001955310   0.0003502712
       -0.0001757695   0.0004388973   0.0000447217  -0.0075995621   0.0047734188
       -0.0018167918  -0.0035502807   0.0029786073  -0.0004055040  -0.1116390192
        0.1099706869  -0.0261714624   0.0003336469   0.0008405122   0.0002501790
        0.0004503536  -0.0078326286  -0.0008139018   0.0000463175   0.0003947542
       -0.0000521892  -0.0000083046   0.0000073509   0.0003592450   0.0000528264
       -0.0000876430  -0.0000191244   0.0001119377   0.0000263960  -0.0000302509
       -0.0006526139   0.0001840348  -0.0008269132   0.0001680020  -0.0000519393
        0.0000059479   0.0000209619  -0.0001138783  -0.0001082139
       -0.0431798780   0.0229279438  -0.0555008228   0.0026129740  -0.0006482992
        0.0011808775  -0.0002127613   0.0003204456   0.0003549707   0.0001370428
        0.0001518374  -0.0000297856  -0.0003906729  -0.0003093875   0.0007087275
        0.0000827114   0.0000440449  -0.0002108282   0.0194246919  -0.0082975410
        0.0035706279  -0.0300302174   0.0133883186  -0.0106220501   0.0518855469
       -0.0261714624   0.0609317422   0.0005036413  -0.0003713010   0.0001771786
        0.0000742918  -0.0006318663   0.0008497978  -0.0000093578  -0.0001583531
       -0.0001426612  -0.0000977263   0.0002501207  -0.0004245351  -0.0000018011
       -0.0001150622  -0.0000655308  -0.0000127782   0.0000857763  -0.0000922015
       -0.0009033596  -0.0004529143  -0.0005362256  -0.0000071038  -0.0000241455
        0.0000281002   0.0001247561   0.0000118452  -0.0001773814
        0.0000958810  -0.0022244803  -0.0026560986  -0.0522985296  -0.0076792073
       -0.0436393906   0.0008773977   0.0031190815   0.0216380666   0.0009048426
        0.0005082380   0.0015969558  -0.0003157215   0.0001196278   0.0003746977
        0.0000195942   0.0000144674  -0.0001060900  -0.0001295011  -0.0003214883
       -0.0003228595   0.0007007060  -0.0009204005   0.0001202428   0.0001082033
        0.0003336469   0.0005036413   0.0626245994   0.0126166020   0.0483453692
       -0.0090210587  -0.0037523366  -0.0295460163  -0.0003736125  -0.0002219237
        0.0004567746  -0.0028742063  -0.0013717561   0.0036511513  -0.0003321285
       -0.0006315085  -0.0000471028   0.0001818320   0.0000389242  -0.0001175895
       -0.0002979755   0.0004504746  -0.0001270689   0.0000683485  -0.0000375100
       -0.0000211321   0.0000613292  -0.0000404511  -0.0001035509
       -0.0074062096  -0.0117102938  -0.0297360141  -0.0078529965  -0.0517782912
       -0.0448841723   0.0005186005   0.0028918086   0.0095984660   0.0001643246
        0.0007773641   0.0004886390  -0.0000422646   0.0002253720  -0.0004229468
       -0.0000277669  -0.0001263718   0.0001525148  -0.0000142740   0.0006716890
       -0.0004014152  -0.0007804187  -0.0071321800  -0.0020201920  -0.0001291942
        0.0008405122  -0.0003713010   0.0126166020   0.0636793411   0.0535795370
        0.0041737625   0.0032174218   0.0130540252  -0.0002406375  -0.0004236663
        0.0001786450  -0.0011523165  -0.0005304774   0.0007376621  -0.0003049650
       -0.0001884027  -0.0001423550   0.0000792727  -0.0000943065   0.0000167117
        0.0003957139  -0.0002916783   0.0001124957   0.0000319760  -0.0000362386
       -0.0000194546  -0.0000292089   0.0000083978   0.0000791545
       -0.0017679437  -0.0040695501  -0.0056035924  -0.0431976787  -0.0460709249
       -0.2533649395   0.0014399614  -0.0028161929  -0.0219329344  -0.0014162148
       -0.0004281826   0.0013582885  -0.0000016212  -0.0000400689  -0.0000045777
       -0.0000725229   0.0001013192   0.0001392456  -0.0001499597   0.0002774553
        0.0005902356  -0.0000046470  -0.0018787535   0.0004494167   0.0002062527
        0.0002501790   0.0001771786   0.0483453692   0.0535795370   0.2943922876
       -0.0061884220  -0.0011966731  -0.0131559077   0.0002851140   0.0001983733
       -0.0007986840   0.0024539823   0.0019925883  -0.0030168576   0.0005632473
        0.0003672007   0.0004395206  -0.0005284921  -0.0000102123   0.0001206289
        0.0001183774  -0.0002357055   0.0002233875  -0.0000418131  -0.0000333412
        0.0000019028  -0.0000429890   0.0000129521  -0.0000145991
        0.0003306613   0.0021073693  -0.0001870771  -0.2134620146   0.0845945034
       -0.0524117292  -0.0244883024   0.0061012838  -0.0034053653  -0.0031566742
       -0.0011043458   0.0034575870   0.0001515528  -0.0002629162   0.0001286769
        0.0000071128   0.0000222092  -0.0000527535   0.0004869642  -0.0001663464
       -0.0001224747   0.0003621003  -0.0002159264   0.0003212085   0.0011122387
        0.0004503536   0.0000742918  -0.0090210587   0.0041737625  -0.0061884220
        0.2491868455  -0.0951993008   0.0585594572   0.0003389815  -0.0000654787
       -0.0004867997  -0.0007121281  -0.0001039929   0.0004029931   0.0002080693
        0.0001174922   0.0001824558  -0.0013765582  -0.0003403426  -0.0003651800
        0.0000241664  -0.0001191280   0.0000869150   0.0000082196   0.0000341877
       -0.0000077728  -0.0000001764  -0.0000233839   0.0000139892
        0.0268307710  -0.0215022350   0.0076132476   0.0851084324  -0.0815970263
        0.0240121039  -0.0091882197   0.0026990027  -0.0004698042  -0.0020587419
        0.0000850900   0.0006413113   0.0000317913  -0.0000479543   0.0000270157
       -0.0000370333   0.0001005663   0.0000667776   0.0003038640   0.0003804282
        0.0002250384   0.0005353084   0.0009333880   0.0002493526  -0.0001443062
       -0.0078326286  -0.0006318663  -0.0037523366   0.0032174218  -0.0011966731
       -0.0951993008   0.1032171537  -0.0306479960  -0.0019828176   0.0007655793
        0.0002168535  -0.0000789699  -0.0001741907  -0.0000622547   0.0000405988
       -0.0000298364   0.0000866372  -0.0003759665  -0.0001079736  -0.0000877793
       -0.0000135039  -0.0001048767  -0.0000177838   0.0000024595   0.0000053182
        0.0000147664  -0.0000220290  -0.0000072266  -0.0000389468
        0.0025441043  -0.0015177470   0.0018643916  -0.0525533198   0.0243961692
       -0.0609739880   0.0164695031  -0.0046080472   0.0035669636   0.0018073166
        0.0004028908  -0.0011264971  -0.0000647238   0.0001571087  -0.0001713441
        0.0000259852  -0.0001402762   0.0001038930  -0.0000730398   0.0004038676
       -0.0002061895   0.0007361958  -0.0005509806   0.0004326494   0.0003199472
       -0.0008139018   0.0008497978  -0.0295460163   0.0130540252  -0.0131559077
        0.0585594572  -0.0306479960   0.0681944353   0.0008128544  -0.0004349071
        0.0010157146   0.0003589220   0.0000669901  -0.0007283599  -0.0001176160
        0.0001436193  -0.0000807832   0.0006088694   0.0002194972   0.0003137924
        0.0001578953  -0.0001413758   0.0000520295  -0.0000104895  -0.0000049105
        0.0000010390  -0.0000358451   0.0000159741   0.0000483633
       -0.0019356217  -0.0020346955   0.0025794188   0.0007134034  -0.0197185774
        0.0072169510  -0.0532432510   0.0551914315  -0.0146166784  -0.0138630652
        0.0245259333  -0.0107789658  -0.0049291239  -0.0009036245  -0.0025263440
       -0.0002372729   0.0006502274  -0.0004224088  -0.0003162396  -0.0010380576
       -0.0000177240  -0.0000283804   0.0001690310   0.0000862436  -0.0001084740
        0.0000463175  -0.0000093578  -0.0003736125  -0.0002406375   0.0002851140
        0.0003389815  -0.0019828176   0.0008128544   0.0730020410  -0.0606471033
        0.0167923539   0.0001709567   0.0045165046  -0.0001138254   0.0007747862
        0.0002041255   0.0003115025  -0.0000738979   0.0006728499   0.0000506319
       -0.0000393204   0.0002642394   0.0000360295   0.0003310294   0.0004481152
        0.0005040473  -0.0001829387  -0.0001232617  -0.0001898426
       -0.0025045177  -0.0006690732   0.0026121048   0.0000217357  -0.0137532138
        0.0049671574   0.0544835600  -0.2428428163   0.0534805234   0.0021545443
       -0.0014576969   0.0012830846   0.0011173747   0.0009817489   0.0002579322
       -0.0000693595   0.0001863438   0.0002916523  -0.0004133758  -0.0010484393
        0.0000790795   0.0001424898   0.0001396007   0.0001357755  -0.0001475095
        0.0003947542  -0.0001583531  -0.0002219237  -0.0004236663   0.0001983733
       -0.0000654787   0.0007655793  -0.0004349071  -0.0606471033   0.2802075941
       -0.0637405074   0.0065159279  -0.0232294978   0.0015404238  -0.0003760049
        0.0005001395   0.0000305654   0.0001068214   0.0003298731  -0.0003512009
       -0.0000259607   0.0000249864  -0.0000850168  -0.0000942042  -0.0000805857
       -0.0001101038   0.0000229843  -0.0000256307   0.0000034170
        0.0019860697   0.0008010597  -0.0017715723  -0.0011644062   0.0187307591
       -0.0049736545  -0.0138413697   0.0536751766  -0.0594181657  -0.0084252892
        0.0144078337  -0.0052186493  -0.0032647232  -0.0006348427  -0.0007903646
       -0.0002021667   0.0005215605  -0.0001046610   0.0002148535   0.0009852012
        0.0001472818   0.0000931035  -0.0001509083  -0.0000114907  -0.0000320821
       -0.0000521892  -0.0001426612   0.0004567746   0.0001786450  -0.0007986840
       -0.0004867997   0.0002168535   0.0010157146   0.0167923539  -0.0637405074
        0.0668293369   0.0070872524  -0.0258040049   0.0047395020   0.0000437434
        0.0006821215  -0.0000455355   0.0005564977  -0.0001414066   0.0003453906
        0.0001029716   0.0000778329  -0.0000007867   0.0001868219   0.0003265183
        0.0002928702  -0.0001036054  -0.0000797028  -0.0000938705
        0.0009099810   0.0008978071   0.0004209436  -0.0034243132   0.0085463897
        0.0199395327  -0.0431817567   0.0126138122   0.0177660480  -0.0021439500
       -0.0141862996  -0.0234316939   0.0010906138  -0.0008595403  -0.0003141214
        0.0001559294   0.0000301109   0.0001555685   0.0000703911   0.0002488309
       -0.0001616369  -0.0004592509  -0.0005782549  -0.0002569474   0.0000923437
       -0.0000083046  -0.0000977263  -0.0028742063  -0.0011523165   0.0024539823
       -0.0007121281  -0.0000789699   0.0003589220   0.0001709567   0.0065159279
        0.0070872524   0.0548765388  -0.0105822547  -0.0201364262  -0.0048537753
       -0.0008153209  -0.0037942945   0.0005743191  -0.0002966702  -0.0003582342
       -0.0000369462  -0.0001090619   0.0002002649  -0.0000235428  -0.0001725525
        0.0000241121  -0.0002312042  -0.0000133326   0.0001444544
       -0.0005713860   0.0008629881   0.0017527188  -0.0015118121   0.0050361349
        0.0079642999   0.0126194033  -0.1159121857  -0.1059903348  -0.0015811815
       -0.0007278625  -0.0028226689   0.0002691367   0.0007718667   0.0006068887
        0.0000263535  -0.0000091469  -0.0000231960  -0.0000321745  -0.0001523714
        0.0000419535  -0.0004748017   0.0000657131   0.0000050339   0.0000872903
        0.0000073509   0.0002501207  -0.0013717561  -0.0005304774   0.0019925883
       -0.0001039929  -0.0001741907   0.0000669901   0.0045165046  -0.0232294978
       -0.0258040049  -0.0105822547   0.1336454432   0.1221807774  -0.0008441131
        0.0006990460  -0.0002122131  -0.0002560630  -0.0002244743  -0.0001108894
       -0.0000094456  -0.0001149417   0.0000926310  -0.0001052538  -0.0000860146
       -0.0000304692  -0.0000744534   0.0000726204   0.0000397738
       -0.0010248358  -0.0011070503   0.0013700368   0.0058890898  -0.0080488038
       -0.0198282276   0.0168914378  -0.1053365394  -0.1990031970  -0.0030375127
       -0.0092743703  -0.0151636648   0.0007728854  -0.0004592190  -0.0001973485
        0.0000456095   0.0000700643   0.0004102071  -0.0003487593  -0.0002952649
        0.0002408800   0.0004820958   0.0004480005   0.0003510694  -0.0001835177
        0.0003592450  -0.0004245351   0.0036511513   0.0007376621  -0.0030168576
        0.0004029931  -0.0000622547  -0.0007283599  -0.0001138254   0.0015404238
        0.0047395020  -0.0201364262   0.1221807774   0.2325942500  -0.0036618011
       -0.0006786605  -0.0018440568   0.0004250531   0.0001163681   0.0005924312
        0.0000795806  -0.0001074198  -0.0000876273  -0.0000504483  -0.0000832838
       -0.0000962262  -0.0000827700   0.0000003253   0.0000917241
       -0.0000944872  -0.0000422646   0.0002003647   0.0009989310  -0.0001818021
       -0.0013045162  -0.0027767853  -0.0154351255  -0.0240247001  -0.0415236929
        0.0096930503   0.0209234545  -0.0024514748   0.0103691912   0.0077281997
        0.0003749469   0.0016103464  -0.0008290350   0.0000179799   0.0000437951
        0.0000227397   0.0000176110   0.0000994813   0.0000949004  -0.0000267965
        0.0000528264  -0.0000018011  -0.0003321285  -0.0003049650   0.0005632473
        0.0002080693   0.0000405988  -0.0001176160   0.0007747862  -0.0003760049
        0.0000437434  -0.0048537753  -0.0008441131  -0.0036618011   0.0528735924
       -0.0151129427  -0.0181703841  -0.0030021856   0.0107110524   0.0190472502
        0.0003267071  -0.0005231042  -0.0000405641  -0.0009248042   0.0001090648
       -0.0004125643   0.0003935066   0.0000909155  -0.0000609180
       -0.0001067841   0.0000602718   0.0001511072   0.0004799031   0.0001876323
       -0.0005150981  -0.0017375082  -0.0016109487  -0.0048400945   0.0097325636
       -0.1195127266  -0.1063404452   0.0064321446  -0.0225752063  -0.0223615882
        0.0006335670  -0.0046189147   0.0014673183  -0.0000409084  -0.0000385096
        0.0000205677   0.0000770965   0.0000246947   0.0000725200   0.0001055844
       -0.0000876430  -0.0001150622  -0.0006315085  -0.0001884027   0.0003672007
        0.0001174922  -0.0000298364   0.0001436193   0.0002041255   0.0005001395
        0.0006821215  -0.0008153209   0.0006990460  -0.0006786605  -0.0151129427
        0.1403829421   0.1230301271  -0.0013980849   0.0067695801   0.0089574877
        0.0001270413   0.0004110582  -0.0006592166   0.0024378638  -0.0000345571
        0.0005624733  -0.0005043243  -0.0003386197   0.0000556224
        0.0000346327   0.0002006644   0.0001407826   0.0009221165   0.0004578065
        0.0009231620  -0.0039856539  -0.0101325117  -0.0157309342   0.0200936600
       -0.1054289057  -0.1914416793   0.0005575852   0.0026797968   0.0050795676
       -0.0008486320   0.0006495691   0.0003659586  -0.0000144449   0.0000276247
        0.0000603225   0.0001203360   0.0000611434  -0.0000357134   0.0000015052
       -0.0000191244  -0.0000655308  -0.0000471028  -0.0001423550   0.0004395206
        0.0001824558   0.0000866372  -0.0000807832   0.0003115025   0.0000305654
       -0.0000455355  -0.0037942945  -0.0002122131  -0.0018440568  -0.0181703841
        0.1230301271   0.2229612643   0.0053354569  -0.0118427537  -0.0216531092
       -0.0001544423   0.0005908098   0.0008851151  -0.0002859884  -0.0001025891
        0.0000276211  -0.0002583079   0.0000657083   0.0000140280
       -0.0002054506  -0.0001253389   0.0001852551  -0.0048680080  -0.0001430057
       -0.0029853495  -0.0241918148  -0.0118694412   0.0148963729  -0.1339488120
       -0.0614388664   0.0962211888   0.0049200092   0.0038116865  -0.0038426822
        0.0006871351   0.0010265339  -0.0018946020   0.0000168184  -0.0001321598
       -0.0000090503  -0.0000232270   0.0000154152  -0.0000125634  -0.0000586549
        0.0001119377  -0.0000127782   0.0001818320   0.0000792727  -0.0005284921
       -0.0013765582  -0.0003759665   0.0006088694  -0.0000738979   0.0001068214
        0.0005564977   0.0005743191  -0.0002560630   0.0004250531  -0.0030021856
       -0.0013980849   0.0053354569   0.1612327011   0.0689183910  -0.1085475503
        0.0001626540   0.0018470528  -0.0003921930   0.0000227332  -0.0000104976
        0.0000051431  -0.0000495931  -0.0001676872  -0.0000085760
        0.0000190329   0.0001117081  -0.0000365595  -0.0006356684   0.0009271521
       -0.0006459595  -0.0039414898  -0.0008505212   0.0020285364  -0.0607644931
       -0.0843084278   0.0591480340  -0.0157048886  -0.0166494616   0.0216007542
       -0.0011140591   0.0009999274   0.0011551388   0.0000320578   0.0000017606
        0.0000000727  -0.0000139221   0.0000233679  -0.0000083924   0.0000870954
        0.0000263960   0.0000857763   0.0000389242  -0.0000943065  -0.0000102123
       -0.0003403426  -0.0001079736   0.0002194972   0.0006728499   0.0003298731
       -0.0001414066  -0.0002966702  -0.0002244743   0.0001163681   0.0107110524
        0.0067695801  -0.0118427537   0.0689183910   0.0978662958  -0.0727221125
        0.0017673956  -0.0050370793   0.0019980648   0.0001791740   0.0007054668
       -0.0000024557   0.0003855610  -0.0004892836  -0.0009423904
       -0.0000765494  -0.0000305586   0.0002003164  -0.0018896742  -0.0002080253
       -0.0002384214  -0.0086029973  -0.0043088484   0.0066464376   0.0965770784
        0.0578748433  -0.1387564258   0.0043532565   0.0102694098  -0.0089776805
        0.0001652226  -0.0018101499   0.0007097292  -0.0000165337  -0.0000543584
        0.0000057287   0.0000406080   0.0000429487   0.0000694928   0.0000052108
       -0.0000302509  -0.0000922015  -0.0001175895   0.0000167117   0.0001206289
       -0.0003651800  -0.0000877793   0.0003137924   0.0000506319  -0.0003512009
        0.0003453906  -0.0003582342  -0.0001108894   0.0005924312   0.0190472502
        0.0089574877  -0.0216531092  -0.1085475503  -0.0727221125   0.1604093657
       -0.0002116878   0.0028135215  -0.0000097166  -0.0000653871  -0.0003687535
       -0.0001575062   0.0000121251   0.0001080044   0.0004717475
       -0.0006416801  -0.0003853852  -0.0003189202  -0.0002056028  -0.0000265853
       -0.0004348766  -0.0000000055  -0.0001190458   0.0004060129   0.0049269738
        0.0035502779  -0.0065066747  -0.0729390619  -0.0318182643   0.0810137595
       -0.0111059554  -0.0062389694   0.0212161870  -0.0002941974   0.0000101531
        0.0000180548   0.0000296159   0.0000168707   0.0001031135  -0.0011874990
       -0.0006526139  -0.0009033596  -0.0002979755   0.0003957139   0.0001183774
        0.0000241664  -0.0000135039   0.0001578953  -0.0000393204  -0.0000259607
        0.0001029716  -0.0000369462  -0.0000094456   0.0000795806   0.0003267071
        0.0001270413  -0.0001544423   0.0001626540   0.0017673956  -0.0002116878
        0.0795460940   0.0296842193  -0.1002575344  -0.0025070839  -0.0024637807
       -0.0019483992   0.0042391169   0.0062018831   0.0075199421
       -0.0003138622  -0.0000117277  -0.0001611188   0.0000615871   0.0002057016
        0.0001098943  -0.0001523378  -0.0005732416   0.0004475438  -0.0077650110
       -0.0124407355   0.0213709700  -0.0332938979  -0.0765251301   0.0826795712
        0.0063203771   0.0048853242  -0.0125833028  -0.0000822338   0.0000227727
       -0.0000118722  -0.0000175923  -0.0000808623  -0.0000356794  -0.0009242612
        0.0001840348  -0.0004529143   0.0004504746  -0.0002916783  -0.0002357055
       -0.0001191280  -0.0001048767  -0.0001413758   0.0002642394   0.0000249864
        0.0000778329  -0.0001090619  -0.0001149417  -0.0001074198  -0.0005231042
        0.0004110582   0.0005908098   0.0018470528  -0.0050370793   0.0028135215
        0.0296842193   0.0876338367  -0.0931042743  -0.0014800713  -0.0001640929
       -0.0023587821   0.0061526111   0.0019766516   0.0011023016
        0.0000619539  -0.0000435944   0.0002493770  -0.0000377582   0.0000147069
        0.0001773426  -0.0000143123  -0.0000657506   0.0002814661   0.0046020834
        0.0057466972  -0.0084629384   0.0818689754   0.0815685442  -0.2218025317
        0.0102090235   0.0054023665  -0.0183086314   0.0000874731  -0.0000445043
       -0.0000069514   0.0001276544  -0.0000576949   0.0000308607  -0.0012426612
       -0.0008269132  -0.0005362256  -0.0001270689   0.0001124957   0.0002233875
        0.0000869150  -0.0000177838   0.0000520295   0.0000360295  -0.0000850168
       -0.0000007867   0.0002002649   0.0000926310  -0.0000876273  -0.0000405641
       -0.0006592166   0.0008851151  -0.0003921930   0.0019980648  -0.0000097166
       -0.1002575344  -0.0931042743   0.2459216847  -0.0026355018  -0.0010329976
       -0.0006810592   0.0074672208   0.0010022401   0.0020752051
       -0.0000874019  -0.0000948436  -0.0000194429   0.0000047299  -0.0000861332
       -0.0000778396   0.0006643547  -0.0013650904   0.0004155176   0.0044267944
        0.0051901939   0.0074286810  -0.0100760044   0.0213494382  -0.0067637554
       -0.0633145166   0.0774764463  -0.0211793073  -0.0000078814   0.0000244576
        0.0000007374   0.0000203553   0.0000217586   0.0000095832  -0.0001007081
        0.0001680020  -0.0000071038   0.0000683485   0.0000319760  -0.0000418131
        0.0000082196   0.0000024595  -0.0000104895   0.0003310294  -0.0000942042
        0.0001868219  -0.0000235428  -0.0001052538  -0.0000504483  -0.0009248042
        0.0024378638  -0.0002859884   0.0000227332   0.0001791740  -0.0000653871
       -0.0025070839  -0.0014800713  -0.0026355018   0.0673374977  -0.0951068972
        0.0184124891   0.0041578807  -0.0085492764   0.0046832468
       -0.0000135778   0.0000318460   0.0000139130   0.0000040397   0.0000867420
        0.0000276208   0.0006038814  -0.0015365696   0.0001766164   0.0059432524
        0.0025115210   0.0005398717   0.0076191860  -0.0190739269   0.0043407398
        0.0788487293  -0.2501855222   0.0765792817  -0.0000406135   0.0000284612
       -0.0000334476  -0.0000407104  -0.0000109030   0.0000107492   0.0001675657
       -0.0000519393  -0.0000241455  -0.0000375100  -0.0000362386  -0.0000333412
        0.0000341877   0.0000053182  -0.0000049105   0.0004481152  -0.0000805857
        0.0003265183  -0.0001725525  -0.0000860146  -0.0000832838   0.0001090648
       -0.0000345571  -0.0001025891  -0.0000104976   0.0007054668  -0.0003687535
       -0.0024637807  -0.0001640929  -0.0010329976  -0.0951068972   0.2789259556
       -0.0859749619   0.0041081176  -0.0110349609   0.0056431197
       -0.0000116007  -0.0000100459   0.0000189707  -0.0000417900  -0.0000003449
        0.0000252206   0.0006482253  -0.0016099896   0.0004205179   0.0061438469
        0.0017547256   0.0033083030   0.0048289062  -0.0138738513   0.0033902923
       -0.0220978346   0.0785058535  -0.0671393489  -0.0000049233  -0.0000047998
       -0.0000040854  -0.0000278959   0.0000071724  -0.0000375918   0.0000178591
        0.0000059479   0.0000281002  -0.0000211321  -0.0000194546   0.0000019028
       -0.0000077728   0.0000147664   0.0000010390   0.0005040473  -0.0001101038
        0.0002928702   0.0000241121  -0.0000304692  -0.0000962262  -0.0004125643
        0.0005624733   0.0000276211   0.0000051431  -0.0000024557  -0.0001575062
       -0.0019483992  -0.0023587821  -0.0006810592   0.0184124891  -0.0859749619
        0.0695309832  -0.0060107161   0.0231443197  -0.0089300031
       -0.0000813344   0.0000623164  -0.0000900609  -0.0000341139   0.0000350819
       -0.0000345785  -0.0001783631   0.0007041014  -0.0001217095  -0.0024394784
       -0.0026223410  -0.0020272306  -0.0103645640  -0.0076140640   0.0211736605
       -0.0771842635  -0.0326513367   0.0886271697   0.0000803060   0.0000107552
       -0.0000063743  -0.0000056979  -0.0000027258  -0.0000011590   0.0000581069
        0.0000209619   0.0001247561   0.0000613292  -0.0000292089  -0.0000429890
       -0.0000001764  -0.0000220290  -0.0000358451  -0.0001829387   0.0000229843
       -0.0001036054  -0.0002312042  -0.0000744534  -0.0000827700   0.0003935066
       -0.0005043243  -0.0002583079  -0.0000495931   0.0003855610   0.0000121251
        0.0042391169   0.0061526111   0.0074672208   0.0041578807   0.0041081176
       -0.0060107161   0.0817614813   0.0320179924  -0.1085895858
        0.0000290209   0.0000711909   0.0000514122   0.0000020465   0.0000365767
        0.0000395454  -0.0001475819   0.0003942048  -0.0001568925  -0.0009822685
        0.0004666305  -0.0029805110   0.0052189969   0.0052281610  -0.0114428952
       -0.0335803594  -0.0776297036   0.0837059485   0.0000171940  -0.0000261798
        0.0000030724  -0.0000059653  -0.0000201001  -0.0000062928   0.0000555187
       -0.0001138783   0.0000118452  -0.0000404511   0.0000083978   0.0000129521
       -0.0000233839  -0.0000072266   0.0000159741  -0.0001232617  -0.0000256307
       -0.0000797028  -0.0000133326   0.0000726204   0.0000003253   0.0000909155
       -0.0003386197   0.0000657083  -0.0001676872  -0.0004892836   0.0001080044
        0.0062018831   0.0019766516   0.0010022401  -0.0085492764  -0.0110349609
        0.0231443197   0.0320179924   0.0814311497  -0.0934950532
        0.0000165114   0.0000614475   0.0001393153  -0.0000206206  -0.0000049874
        0.0001011516  -0.0003221525   0.0006262965  -0.0001962024  -0.0034410280
       -0.0001242086  -0.0004934016   0.0110809266   0.0046234646  -0.0188985879
        0.0892280042   0.0825027893  -0.2254494008  -0.0000363352  -0.0000042939
       -0.0000014794   0.0000652927  -0.0000192928   0.0000560495   0.0000202420
       -0.0001082139  -0.0001773814  -0.0001035509   0.0000791545  -0.0000145991
        0.0000139892  -0.0000389468   0.0000483633  -0.0001898426   0.0000034170
       -0.0000938705   0.0001444544   0.0000397738   0.0000917241  -0.0000609180
        0.0000556224   0.0000140280  -0.0000085760  -0.0009423904   0.0004717475
        0.0075199421   0.0011023016   0.0020752051   0.0046832468   0.0056431197
       -0.0089300031  -0.1085895858  -0.0934950532   0.2512573417
