           1           2  0.991371721140629     
           2           3   1.00906813707113     
           2           4   1.01557560475339     
           4           5   1.82054259182016     
           5           6  0.959929755459397     
           6           7   1.00800747874687     
           7           8   1.56181035836091     
           7           9   1.31303957304400     
           8           9  0.181825886507254     
           9          10  0.994002118096489     
           2          11  0.886940541388048     
          11          12   1.01331749741534     
           1          13  0.977333873229993     
           1          14  0.980733347231369     
           1          15  0.981005755360425     
           3          16  0.979238998517985     
           3          17  0.981943710533295     
           3          18  0.974849749707950     
           4          19  0.935854230721851     
           9          20  0.898305976800657     
          10          21  0.972470731026318     
          10          22  0.972337600819987     
          10          23  0.978508176440935     
          12          24  0.981223256752637     
          12          25  0.974672081631131     
          12          26  0.982658032485349     
