           1           2   1.02084478608543     
           2           3   1.00439026826816     
           3           4   1.01017437333909     
           4           5  0.984853537045438     
           5           6   1.05555079104632     
           6           7   2.88770304688675     
           1           8  0.983616110262531     
           1           9  0.987547922308698     
           1          10  0.987499703018362     
           2          11  0.980742065734252     
           2          12  0.976989008100969     
           3          13  0.978661732265108     
           3          14  0.976053664885373     
           4          15  0.977630973000225     
           4          16  0.976929944611260     
           5          17  0.953090870756078     
           5          18  0.953165411274750     
           7          19  0.970254286659542     
