           1           2   1.00272414618275     
           2           3  0.990002514110298     
           2           4   1.00037481194999     
           4           5   1.86260854277725     
           5           6  0.975585387705275     
           6           7  0.997646872314186     
           6           8  0.110545978545051     
           7           8   1.60951940659971     
           7           9   1.28011738695263     
           8           9  0.184607621008401     
           9          10  0.991305178421642     
           2          11  0.909947656015177     
          11          12   1.01285418214519     
           1          13  0.983227680089276     
           1          14  0.977984119584509     
           1          15  0.983902887690524     
           3          16  0.981138782003762     
           3          17  0.978182073916694     
           3          18  0.975060181692637     
           4          19  0.939377736405629     
           9          20  0.917264546915208     
          10          21  0.972144950716791     
          10          22  0.972690548995226     
          10          23  0.977857556541878     
          12          24  0.980349836568021     
          12          25  0.975980031781409     
          12          26  0.971963551249111     
