*************************************************
******************* ORCA 6.0.0 ******************
*************************************************
$Calculation_Status
   &GeometryIndex 1
   &ListStatus       OUT
   &VERSION [&Type "String"] "6.0.0"
   &PROGNAME [&Type "String"] "LeanSCF"
   &STATUS [&Type "String"] "NORMAL TERMINATION"
$End
$Geometry
   &GeometryIndex 1
   &ListStatus       OUT
   &NATOMS [&Type "Integer"] 26
   &NCORELESSECP [&Type "Integer"] 0
   &NGHOSTATOMS [&Type "Integer"] 0
   &CartesianCoordinates [&Type "Coordinates", &Dim(26,4), &Units "Bohr"] 
              C      6.425609015595   -0.796095779055   -1.556528536530
              C      3.715309675026   -1.077950411796   -0.629812337479
              C      3.298734027695   -3.688145942774    0.542591852023
              C      1.872906313906   -0.627610588081   -2.725458566958
              N     -0.505462507275   -0.446340831002   -2.689357136283
              O     -1.662554202261   -0.694550072519   -0.308405853163
              C     -4.196813763077   -0.112116616645   -0.283234641155
              O     -5.375605709548    0.581728584625   -2.119420355618
              N     -5.077342766011   -0.428047360784    2.055136701359
              C     -7.677614765481    0.059287854254    2.738743191824
              S      3.123056355373    1.242735096080    1.959542054601
              C      2.977562519107    4.224391475176    0.272169458815
              H      6.842081460824   -2.250734919454   -2.947826319110
              H      6.727065313973    1.041935676843   -2.424859393174
              H      7.721839544502   -0.997581251838    0.023992378547
              H      3.707305866030   -5.145943070277   -0.847002117192
              H      1.355472274031   -3.891508091619    1.174478553785
              H      4.545622948932   -3.921263109887    2.157781057442
              H      2.632450721140   -0.397795560917   -4.610569758357
              H     -3.856196341402   -0.960376393066    3.419494925553
              H     -8.680240037655    0.632609098142    1.037842411551
              H     -7.775180049265    1.567161482756    4.136201297731
              H     -8.536933156310   -1.647330338925    3.502588982724
              H      2.700874655376    5.658693615169    1.710624011015
              H      1.387730673547    4.216872027933   -1.027865378495
              H      4.740298468557    4.558761941864   -0.720505691326
$End
$SCF_Energy
   &GeometryIndex 1
   &ListStatus       OUT
   &SCF_ENERGY [&Type "Double"]      -9.3315498004603376e+02
$End
$DFT_Energy
   &GeometryIndex 1
   &ListStatus       OUT
   &NALPHAEL [&Type "Integer"] 51
   &NBETAEL [&Type "Integer"] 51
   &NTOTALEL [&Type "Integer"] 102
   &EEXCHANGE [&Type "Double"]      -9.6307812396948961e+01
   &ECORR [&Type "Double"]      -3.3990647145720732e+00
   &ECNL [&Type "Double"]       0.0000000000000000e+00
   &EXC [&Type "Double"]      -9.9706877111521038e+01
   &EEMBED [&Type "Double"]       0.0000000000000000e+00
   &FINALEN [&Type "Double"]      -9.3315498004603376e+02  "No Van der Waals correction"
$End
$Solvation_Details
   &GeometryIndex 1
   &ListStatus       OUT
   &SOLVENT [&Type "String"] "WATER"
   &EPSILON [&Type "Double"]       7.8355000000000004e+01
   &REFRAC [&Type "Double"]       1.3328000000000000e+00
   &RSOLV [&Type "Double"]       1.3000000000000000e+00
   &SURFACETYPE [&Type "String"] "GAUSSIAN VDW"
   &NPOINTS [&Type "Integer"] 2025
   &SURFACEAREA [&Type "Double"]       8.2741022082400002e+02
   &CPCMDIELENERGY [&Type "Double"]      -3.5078233000000000e-02
$End
$Mulliken_Population_Analysis
   &GeometryIndex 1
   &ListStatus       OUT
   &NATOMS [&Type "Integer"] 26
   &ATNO [&Type "ArrayOfIntegers", &Dim (26,1)] 
                                                         0

0                                                        6
1                                                        6
2                                                        6
3                                                        6
4                                                        7
5                                                        8
6                                                        6
7                                                        8
8                                                        7
9                                                        6
10                                                      16
11                                                       6
12                                                       1
13                                                       1
14                                                       1
15                                                       1
16                                                       1
17                                                       1
18                                                       1
19                                                       1
20                                                       1
21                                                       1
22                                                       1
23                                                       1
24                                                       1
25                                                       1
   &ATOMICCHARGES [&Type "ArrayOfDoubles", &Dim (26,1)] 
                                                         0

0                                     -4.7860737067283310e-01
1                                      2.3536688704932729e-01
2                                     -5.8131883026659992e-01
3                                     -1.3223443416144143e-01
4                                     -3.4588100607145567e-01
5                                      7.3861329289019118e-02
6                                      3.2239236220030065e-01
7                                     -5.4202682682941550e-01
8                                     -1.6220489013934269e-01
9                                     -4.0130531938906522e-01
10                                    -2.0437610212214352e-01
11                                    -4.4421403078768229e-01
12                                     1.7747938788978401e-01
13                                     1.7207126358198477e-01
14                                     1.8335418848062313e-01
15                                     1.8316128547202493e-01
16                                     1.8517032539185441e-01
17                                     1.8057544037397943e-01
18                                     2.0002001800866931e-01
19                                     3.0604399736348886e-01
20                                     1.8646189599898355e-01
21                                     1.7209667055073297e-01
22                                     1.7216880681938307e-01
23                                     1.8011245762561601e-01
24                                     1.8081453757821198e-01
25                                     1.8101795676584764e-01
$End
$Loewdin_Population_Analysis
   &GeometryIndex 1
   &ListStatus       OUT
   &NATOMS [&Type "Integer"] 26
   &ATNO [&Type "ArrayOfIntegers", &Dim (26,1)] 
                                                         0

0                                                        6
1                                                        6
2                                                        6
3                                                        6
4                                                        7
5                                                        8
6                                                        6
7                                                        8
8                                                        7
9                                                        6
10                                                      16
11                                                       6
12                                                       1
13                                                       1
14                                                       1
15                                                       1
16                                                       1
17                                                       1
18                                                       1
19                                                       1
20                                                       1
21                                                       1
22                                                       1
23                                                       1
24                                                       1
25                                                       1
   &ATOMICCHARGES [&Type "ArrayOfDoubles", &Dim (26,1)] 
                                                         0

0                                      2.5841364077570086e-05
1                                      3.7784499475690761e-04
2                                      5.8974850706066065e-05
3                                      2.6179213820672585e-04
4                                      6.3902004382910237e-04
5                                      9.8418408948773450e-01
6                                      1.2179267511648106e-04
7                                      1.3817085541968217e-02
8                                      4.4034498145853430e-04
9                                      5.0403355274726527e-05
10                                     1.1926854766810738e-05
11                                     9.4734897471963814e-07
12                                     9.8035712488075359e-08
13                                     8.0188365287023351e-08
14                                     3.0729355344241807e-08
15                                     2.6063016473663119e-07
16                                     5.5014347192000605e-06
17                                     1.3812285761182207e-06
18                                     2.7795387641553367e-07
19                                     7.3673587112891912e-07
20                                     1.0825639979300265e-06
21                                     6.9574793900528547e-08
22                                     6.9141079677658167e-08
23                                     9.1886295849839344e-08
24                                     2.0983340454877979e-07
25                                     4.6426920783797018e-08
$End
$Mayer_Population_Analysis
   &GeometryIndex 1
   &ListStatus       OUT
   &NATOMS [&Type "Integer"] 26 "Total number of atoms"
   &BONDTHRESH [&Type "Double"]       1.0000000000000001e-01  "The threshold for printing"
   &NBONDORDERSPRINT [&Type "Integer"] 25 "The number of bond orders larger than threshold"
   &BONDORDERS [&Type "ArrayOfDoubles", &Dim (25,1)] "The bond orders"
                                                         0

0                                      8.6745245811783656e-01
1                                      9.6177302325489178e-01
2                                      9.6046161724080192e-01
3                                      9.7707385609322728e-01
4                                      9.1559140334531119e-01
5                                      8.7565923207701835e-01
6                                      8.8421135283540431e-01
7                                      9.5849736274212294e-01
8                                      9.6321532274751953e-01
9                                      9.6059110546011661e-01
10                                     1.9469730633772082e+00
11                                     9.3973596474294019e-01
12                                     1.0372750220532934e+00
13                                     1.0113078830270994e+00
14                                     1.8328818504498676e+00
15                                     1.3093182427746664e+00
16                                     8.9011558760426712e-01
17                                     8.8661044182807658e-01
18                                     9.5879885217082395e-01
19                                     9.5220429909288262e-01
20                                     9.5406893902647050e-01
21                                     9.7697560986054632e-01
22                                     9.4049191437994295e-01
23                                     9.4331505629949264e-01
24                                     9.4404562836703010e-01
   &COMPONENTS [&Type "ArrayOfIntegers", &Dim (25,4)] "The indices and atomic numbers of the bonding atoms"
                                                         0                           1                           2                           3

0                                                        0                           6                           1                           6
1                                                        0                           6                          12                           1
2                                                        0                           6                          13                           1
3                                                        0                           6                          14                           1
4                                                        1                           6                           2                           6
5                                                        1                           6                           3                           6
6                                                        1                           6                          10                          16
7                                                        2                           6                          15                           1
8                                                        2                           6                          16                           1
9                                                        2                           6                          17                           1
10                                                       3                           6                           4                           7
11                                                       3                           6                          18                           1
12                                                       4                           7                           5                           8
13                                                       5                           8                           6                           6
14                                                       6                           6                           7                           8
15                                                       6                           6                           8                           7
16                                                       8                           7                           9                           6
17                                                       8                           7                          19                           1
18                                                       9                           6                          20                           1
19                                                       9                           6                          21                           1
20                                                       9                           6                          22                           1
21                                                      10                          16                          11                           6
22                                                      11                           6                          23                           1
23                                                      11                           6                          24                           1
24                                                      11                           6                          25                           1
   &ATNO [&Type "ArrayOfIntegers", &Dim (26,1)] "Atomic number of the elements"
                                                         0

0                                                        6
1                                                        6
2                                                        6
3                                                        6
4                                                        7
5                                                        8
6                                                        6
7                                                        8
8                                                        7
9                                                        6
10                                                      16
11                                                       6
12                                                       1
13                                                       1
14                                                       1
15                                                       1
16                                                       1
17                                                       1
18                                                       1
19                                                       1
20                                                       1
21                                                       1
22                                                       1
23                                                       1
24                                                       1
25                                                       1
   &NA [&Type "ArrayOfDoubles", &Dim (26,1)] "Mulliken gross atomic population"
                                                         0

0                                      6.4786073706728189e+00
1                                      5.7646331129506470e+00
2                                      6.5813188302666470e+00
3                                      6.1322344341614512e+00
4                                      7.3458810060714637e+00
5                                      7.9261386707109924e+00
6                                      5.6776076377997180e+00
7                                      8.5420268268294492e+00
8                                      7.1622048901393214e+00
9                                      6.4013053193891007e+00
10                                     1.6204376102122190e+01
11                                     6.4442140307876752e+00
12                                     8.2252061211021743e-01
13                                     8.2792873641801501e-01
14                                     8.1664581151937710e-01
15                                     8.1683871452797630e-01
16                                     8.1482967460814448e-01
17                                     8.1942455962602068e-01
18                                     7.9997998199133102e-01
19                                     6.9395600263651180e-01
20                                     8.1353810400101823e-01
21                                     8.2790332944926681e-01
22                                     8.2783119318061593e-01
23                                     8.1988754237438577e-01
24                                     8.1918546242178802e-01
25                                     8.1898204323415347e-01
   &ZA [&Type "ArrayOfDoubles", &Dim (26,1)] "Total nuclear charge"
                                                         0

0                                      6.0000000000000000e+00
1                                      6.0000000000000000e+00
2                                      6.0000000000000000e+00
3                                      6.0000000000000000e+00
4                                      7.0000000000000000e+00
5                                      8.0000000000000000e+00
6                                      6.0000000000000000e+00
7                                      8.0000000000000000e+00
8                                      7.0000000000000000e+00
9                                      6.0000000000000000e+00
10                                     1.6000000000000000e+01
11                                     6.0000000000000000e+00
12                                     1.0000000000000000e+00
13                                     1.0000000000000000e+00
14                                     1.0000000000000000e+00
15                                     1.0000000000000000e+00
16                                     1.0000000000000000e+00
17                                     1.0000000000000000e+00
18                                     1.0000000000000000e+00
19                                     1.0000000000000000e+00
20                                     1.0000000000000000e+00
21                                     1.0000000000000000e+00
22                                     1.0000000000000000e+00
23                                     1.0000000000000000e+00
24                                     1.0000000000000000e+00
25                                     1.0000000000000000e+00
   &QA [&Type "ArrayOfDoubles", &Dim (26,1)] "Mulliken gross atomic charge"
                                                         0

0                                     -4.7860737067281889e-01
1                                      2.3536688704935305e-01
2                                     -5.8131883026664699e-01
3                                     -1.3223443416145120e-01
4                                     -3.4588100607146366e-01
5                                      7.3861329289007571e-02
6                                      3.2239236220028200e-01
7                                     -5.4202682682944925e-01
8                                     -1.6220489013932138e-01
9                                     -4.0130531938910075e-01
10                                    -2.0437610212218971e-01
11                                    -4.4421403078767518e-01
12                                     1.7747938788978257e-01
13                                     1.7207126358198499e-01
14                                     1.8335418848062290e-01
15                                     1.8316128547202370e-01
16                                     1.8517032539185552e-01
17                                     1.8057544037397932e-01
18                                     2.0002001800866898e-01
19                                     3.0604399736348820e-01
20                                     1.8646189599898177e-01
21                                     1.7209667055073319e-01
22                                     1.7216880681938407e-01
23                                     1.8011245762561423e-01
24                                     1.8081453757821198e-01
25                                     1.8101795676584653e-01
   &VA [&Type "ArrayOfDoubles", &Dim (26,1)] "Mayer's total valence"
                                                         0

0                                      3.6820620019389039e+00
1                                      3.4810161315975954e+00
2                                      3.7378436704238576e+00
3                                      3.8263721712249841e+00
4                                      3.0439069999983936e+00
5                                      2.1770480611881062e+00
6                                      4.1834718729905722e+00
7                                      1.9492696529931079e+00
8                                      3.1443633943090652e+00
9                                      3.7637417293188307e+00
10                                     1.9635445174422519e+00
11                                     3.8187133950355530e+00
12                                     9.5422553757632200e-01
13                                     9.5724705279503342e-01
14                                     9.5642526111823878e-01
15                                     9.5411162617930101e-01
16                                     9.5498252663611127e-01
17                                     9.5361787320947700e-01
18                                     9.5159159847525210e-01
19                                     9.0419633937939481e-01
20                                     9.5595608540821364e-01
21                                     9.5094410937344742e-01
22                                     9.5101910002128376e-01
23                                     9.5371084454585719e-01
24                                     9.5075234613878346e-01
25                                     9.5164324820383384e-01
   &BVA [&Type "ArrayOfDoubles", &Dim (26,1)] "Mayer's bonded valence"
                                                         0

0                                      3.6820620019389740e+00
1                                      3.4810161315976380e+00
2                                      3.7378436704238323e+00
3                                      3.8263721712250613e+00
4                                      3.0439069999983794e+00
5                                      2.1770480611880174e+00
6                                      4.1834718729905420e+00
7                                      1.9492696529931544e+00
8                                      3.1443633943090612e+00
9                                      3.7637417293187818e+00
10                                     1.9635445174421808e+00
11                                     3.8187133950355796e+00
12                                     9.5422553757632933e-01
13                                     9.5724705279505140e-01
14                                     9.5642526111824211e-01
15                                     9.5411162617932410e-01
16                                     9.5498252663611771e-01
17                                     9.5361787320948643e-01
18                                     9.5159159847526265e-01
19                                     9.0419633937937316e-01
20                                     9.5595608540819843e-01
21                                     9.5094410937345464e-01
22                                     9.5101910002128875e-01
23                                     9.5371084454585153e-01
24                                     9.5075234613879134e-01
25                                     9.5164324820383039e-01
   &FA [&Type "ArrayOfDoubles", &Dim (26,1)] "Mayer's free valence"
                                                         0

0                                      0.0000000000000000e+00
1                                      0.0000000000000000e+00
2                                      0.0000000000000000e+00
3                                      0.0000000000000000e+00
4                                      0.0000000000000000e+00
5                                      0.0000000000000000e+00
6                                      0.0000000000000000e+00
7                                      0.0000000000000000e+00
8                                      0.0000000000000000e+00
9                                      0.0000000000000000e+00
10                                     0.0000000000000000e+00
11                                     0.0000000000000000e+00
12                                     0.0000000000000000e+00
13                                     0.0000000000000000e+00
14                                     0.0000000000000000e+00
15                                     0.0000000000000000e+00
16                                     0.0000000000000000e+00
17                                     0.0000000000000000e+00
18                                     0.0000000000000000e+00
19                                     0.0000000000000000e+00
20                                     0.0000000000000000e+00
21                                     0.0000000000000000e+00
22                                     0.0000000000000000e+00
23                                     0.0000000000000000e+00
24                                     0.0000000000000000e+00
25                                     0.0000000000000000e+00
$End
$VdW_Correction
   &GeometryIndex 1
   &ListStatus       OUT
   &VDW [&Type "Double"]      -9.3251943049253785e-03
$End
$Calculation_Info
   &GeometryIndex 1
   &ListStatus       OUT
   &MULT [&Type "Integer"] 1
   &CHARGE [&Type "Integer"] 0
   &NUMOFATOMS [&Type "Integer"] 26
   &NUMOFELECTRONS [&Type "Integer"] 102
   &NUMOFFCELECTRONS [&Type "Integer"] 1
   &NUMOFCORRELECTRONS [&Type "Integer"] 0
   &NUMOFBASISFUNCTS [&Type "Integer"] 326
   &NUMOFAUXCBASISFUNCTS [&Type "Integer"] 0
   &NUMOFAUXJBASISFUNCTS [&Type "Integer"] 744
   &NUMOFAUXJKBASISFUNCTS [&Type "Integer"] 0
   &NUMOFCABSBASISFUNCTS [&Type "Integer"] 0
   &TOTALENERGY [&Type "Double"]      -9.3313766645113867e+02  "Hartrees"
$End
$SCF_Dipole_Moment
   &GeometryIndex 1
   &ListStatus       OUT
   &METHOD [&Type "String"] "SCF"
   &LEVEL [&Type "String"] "Relaxed density"
   &MULT [&Type "Integer"] 1
   &STATE [&Type "Integer"] -1
   &IRREP [&Type "Integer"] 0
   &NATOMS [&Type "Integer"] 26
   &DODIPOLEATOM [&Type "Boolean"] false
   &DIPOLEELECCONTRIB [&Type "ArrayOfDoubles", &Dim (3,1)] "Electronic contribution"
                                                         0

0                                     -5.2926113350901334e+00
1                                      3.7280786401559435e-01
2                                     -8.2380751353841464e-01
   &DIPOLENUCCONTRIB [&Type "ArrayOfDoubles", &Dim (3,1)] "Nuclear contribution"
                                                         0

0                                      6.5890001757064018e+00
1                                     -7.8526784660294258e-01
2                                      2.2250532440130728e+00
   &DIPOLETOTAL [&Type "ArrayOfDoubles", &Dim (3,1)] "Total"
                                                         0

0                                      1.2963888406162685e+00
1                                     -4.1245998258734823e-01
2                                      1.4012457304746582e+00
   &DIPOLEMAGNITUDE [&Type "Double", &Units "a.u."]       1.9530071327273248e+00
$End
