*************************************************
******************* ORCA 6.0.0 ******************
*************************************************
$Calculation_Status
   &GeometryIndex 1
   &ListStatus       OUT
   &VERSION [&Type "String"] "6.0.0"
   &PROGNAME [&Type "String"] "LeanSCF"
   &STATUS [&Type "String"] "NORMAL TERMINATION"
$End
$Geometry
   &GeometryIndex 1
   &ListStatus       OUT
   &NATOMS [&Type "Integer"] 26
   &NCORELESSECP [&Type "Integer"] 0
   &NGHOSTATOMS [&Type "Integer"] 0
   &CartesianCoordinates [&Type "Coordinates", &Dim(26,4), &Units "Bohr"] 
              C      2.461610844285    2.637937529442   -1.775599901815
              C      2.904499192506    0.326296588726   -0.106150483088
              C      3.007714442036   -2.106868604908   -1.654903110838
              C      0.879342650064    0.144621400165    1.873050500010
              N     -1.473121785053   -0.139559548374    1.626643654713
              O     -2.426426265645   -0.323771915745   -0.857539464252
              C     -4.999937055301   -0.629270813023   -1.028616034218
              O     -5.871699192756   -0.798260801437   -3.151057118194
              N     -6.255831025556   -0.705652031386    1.135290544032
              C     -8.964591489569   -1.018269335770    1.276495984719
              S      5.873765609417    0.705804304006    1.743637614258
              C      8.284060316360    1.114876027627   -0.661394721863
              H      0.611022736861    2.504685057125   -2.662322431130
              H      2.543075075783    4.357414514899   -0.651023473227
              H      3.878216957592    2.730669329925   -3.259512269323
              H      4.450010847907   -1.968101090835   -3.110610904215
              H      1.195540376413   -2.421857670736   -2.574189190189
              H      3.430899833030   -3.708951966970   -0.437681671031
              H      1.458954953824    0.270051779363    3.831626221420
              H     -5.245286760208   -0.539388562325    2.751697359147
              H     -9.421851568054   -2.732908518577    2.318135614988
              H     -9.692124246954   -1.163119673988   -0.641308888548
              H     -9.811992600136    0.605638270079    2.213944580047
              H     10.054945522490    1.225970242150    0.365971622478
              H      7.962049507074    2.859725121310   -1.688860314621
              H      8.307285331170   -0.506429423446   -1.915935699795
$End
$SCF_Energy
   &GeometryIndex 1
   &ListStatus       OUT
   &SCF_ENERGY [&Type "Double"]      -9.3190215318263461e+02
$End
$DFT_Energy
   &GeometryIndex 1
   &ListStatus       OUT
   &NALPHAEL [&Type "Integer"] 51
   &NBETAEL [&Type "Integer"] 51
   &NTOTALEL [&Type "Integer"] 101
   &EEXCHANGE [&Type "Double"]      -9.5538052188002524e+01
   &ECORR [&Type "Double"]      -3.5053898810741804e+00
   &ECNL [&Type "Double"]       0.0000000000000000e+00
   &EXC [&Type "Double"]      -9.9043442069076704e+01
   &EEMBED [&Type "Double"]       0.0000000000000000e+00
   &FINALEN [&Type "Double"]      -9.3190215318263461e+02  "No Van der Waals correction"
$End
$Mulliken_Population_Analysis
   &GeometryIndex 1
   &ListStatus       OUT
   &NATOMS [&Type "Integer"] 26
   &ATNO [&Type "ArrayOfIntegers", &Dim (26,1)] 
                                                         0

0                                                        6
1                                                        6
2                                                        6
3                                                        6
4                                                        7
5                                                        8
6                                                        6
7                                                        8
8                                                        7
9                                                        6
10                                                      16
11                                                       6
12                                                       1
13                                                       1
14                                                       1
15                                                       1
16                                                       1
17                                                       1
18                                                       1
19                                                       1
20                                                       1
21                                                       1
22                                                       1
23                                                       1
24                                                       1
25                                                       1
   &ATOMICCHARGES [&Type "ArrayOfDoubles", &Dim (26,1)] 
                                                         0

0                                     -2.0030937675433158e-01
1                                     -3.3333565998348824e-01
2                                     -1.9451855831175102e-01
3                                     -5.6877273386287897e-02
4                                      2.1282824786275967e-02
5                                     -2.0934150355408576e-01
6                                      2.0390345512862762e-01
7                                     -2.2030842172580556e-01
8                                     -2.9761194920686940e-01
9                                     -1.7520850051124448e-01
10                                    -6.8872690897869404e-02
11                                    -3.6674348723292205e-01
12                                     1.4040693935801818e-01
13                                     1.0934670647868416e-01
14                                     1.1051835341516147e-01
15                                     1.0856777694455710e-01
16                                     1.3949904272984215e-01
17                                     1.0892807313339525e-01
18                                     1.1866704145466067e-01
19                                     2.3862776025638976e-01
20                                     1.1629151622317346e-01
21                                     1.3854894588777111e-01
22                                     1.1629628220171262e-01
23                                     1.5159168938688072e-01
24                                     1.5125986788593582e-01
25                                     1.4939114629341743e-01
$End
$Loewdin_Population_Analysis
   &GeometryIndex 1
   &ListStatus       OUT
   &NATOMS [&Type "Integer"] 26
   &ATNO [&Type "ArrayOfIntegers", &Dim (26,1)] 
                                                         0

0                                                        6
1                                                        6
2                                                        6
3                                                        6
4                                                        7
5                                                        8
6                                                        6
7                                                        8
8                                                        7
9                                                        6
10                                                      16
11                                                       6
12                                                       1
13                                                       1
14                                                       1
15                                                       1
16                                                       1
17                                                       1
18                                                       1
19                                                       1
20                                                       1
21                                                       1
22                                                       1
23                                                       1
24                                                       1
25                                                       1
   &ATOMICCHARGES [&Type "ArrayOfDoubles", &Dim (26,1)] 
                                                         0

0                                      4.9658597078424013e-05
1                                      4.6005629432761420e-03
2                                      5.3664742189227672e-05
3                                      1.5772724720832222e-02
4                                      1.2976032832746301e-01
5                                      3.5103153404881954e-01
6                                      1.7899668383807593e-01
7                                      2.6625369136222488e-01
8                                      4.8122176467140759e-02
9                                      4.0259013393887056e-03
10                                     1.4722758877718954e-04
11                                     3.7752555842505988e-05
12                                     4.8450042493684033e-05
13                                     6.9628069894809931e-07
14                                     2.7707542505368661e-06
15                                     2.7791693818389652e-06
16                                     4.6799394635903278e-05
17                                     8.3550840912382965e-07
18                                     3.7499777552463931e-05
19                                     8.8571111441605017e-04
20                                     2.8509403132917572e-05
21                                     6.3619217027892892e-05
22                                     2.8566556899961700e-05
23                                     4.8610742117634148e-07
24                                     5.6184130708522007e-07
25                                     8.0830126423733036e-07
$End
$Mayer_Population_Analysis
   &GeometryIndex 1
   &ListStatus       OUT
   &NATOMS [&Type "Integer"] 26 "Total number of atoms"
   &BONDTHRESH [&Type "Double"]       1.0000000000000001e-01  "The threshold for printing"
   &NBONDORDERSPRINT [&Type "Integer"] 25 "The number of bond orders larger than threshold"
   &BONDORDERS [&Type "ArrayOfDoubles", &Dim (25,1)] "The bond orders"
                                                         0

0                                      1.0341015737122030e+00
1                                      9.2450709215322524e-01
2                                      9.4453349990909052e-01
3                                      9.3636333453838216e-01
4                                      1.0316788975389917e+00
5                                      9.2284959973407898e-01
6                                      9.8983000268592236e-01
7                                      9.3625865310167677e-01
8                                      9.2380245494092594e-01
9                                      9.4514487784607426e-01
10                                     2.0036544304996444e+00
11                                     9.1929963914510782e-01
12                                     9.3319957338806991e-01
13                                     9.8826123817059675e-01
14                                     2.0675095490189470e+00
15                                     1.2702604396155524e+00
16                                     1.0170094874090974e+00
17                                     8.1663290472333927e-01
18                                     9.5916394506037672e-01
19                                     9.3885080735245452e-01
20                                     9.5916547439484745e-01
21                                     1.0492462956643311e+00
22                                     9.4529343998014792e-01
23                                     9.3545041007974805e-01
24                                     9.3483367672226536e-01
   &COMPONENTS [&Type "ArrayOfIntegers", &Dim (25,4)] "The indices and atomic numbers of the bonding atoms"
                                                         0                           1                           2                           3

0                                                        0                           6                           1                           6
1                                                        0                           6                          12                           1
2                                                        0                           6                          13                           1
3                                                        0                           6                          14                           1
4                                                        1                           6                           2                           6
5                                                        1                           6                           3                           6
6                                                        1                           6                          10                          16
7                                                        2                           6                          15                           1
8                                                        2                           6                          16                           1
9                                                        2                           6                          17                           1
10                                                       3                           6                           4                           7
11                                                       3                           6                          18                           1
12                                                       4                           7                           5                           8
13                                                       5                           8                           6                           6
14                                                       6                           6                           7                           8
15                                                       6                           6                           8                           7
16                                                       8                           7                           9                           6
17                                                       8                           7                          19                           1
18                                                       9                           6                          20                           1
19                                                       9                           6                          21                           1
20                                                       9                           6                          22                           1
21                                                      10                          16                          11                           6
22                                                      11                           6                          23                           1
23                                                      11                           6                          24                           1
24                                                      11                           6                          25                           1
   &ATNO [&Type "ArrayOfIntegers", &Dim (26,1)] "Atomic number of the elements"
                                                         0

0                                                        6
1                                                        6
2                                                        6
3                                                        6
4                                                        7
5                                                        8
6                                                        6
7                                                        8
8                                                        7
9                                                        6
10                                                      16
11                                                       6
12                                                       1
13                                                       1
14                                                       1
15                                                       1
16                                                       1
17                                                       1
18                                                       1
19                                                       1
20                                                       1
21                                                       1
22                                                       1
23                                                       1
24                                                       1
25                                                       1
   &NA [&Type "ArrayOfDoubles", &Dim (26,1)] "Mulliken gross atomic population"
                                                         0

0                                      6.2003093767543227e+00
1                                      6.3333356599834936e+00
2                                      6.1945185583117546e+00
3                                      6.0568772733862755e+00
4                                      6.9787171752137347e+00
5                                      8.2093415035540893e+00
6                                      5.7960965448713413e+00
7                                      8.2203084217257967e+00
8                                      7.2976119492068445e+00
9                                      6.1752085005112312e+00
10                                     1.6068872690897916e+01
11                                     6.3667434872329247e+00
12                                     8.5959306064198204e-01
13                                     8.9065329352131550e-01
14                                     8.8948164658483830e-01
15                                     8.9143222305544223e-01
16                                     8.6050095727015841e-01
17                                     8.9107192686660508e-01
18                                     8.8133295854533888e-01
19                                     7.6137223974361035e-01
20                                     8.8370848377682687e-01
21                                     8.6145105411222844e-01
22                                     8.8370371779828771e-01
23                                     8.4840831061311950e-01
24                                     8.4874013211406429e-01
25                                     8.5060885370658257e-01
   &ZA [&Type "ArrayOfDoubles", &Dim (26,1)] "Total nuclear charge"
                                                         0

0                                      6.0000000000000000e+00
1                                      6.0000000000000000e+00
2                                      6.0000000000000000e+00
3                                      6.0000000000000000e+00
4                                      7.0000000000000000e+00
5                                      8.0000000000000000e+00
6                                      6.0000000000000000e+00
7                                      8.0000000000000000e+00
8                                      7.0000000000000000e+00
9                                      6.0000000000000000e+00
10                                     1.6000000000000000e+01
11                                     6.0000000000000000e+00
12                                     1.0000000000000000e+00
13                                     1.0000000000000000e+00
14                                     1.0000000000000000e+00
15                                     1.0000000000000000e+00
16                                     1.0000000000000000e+00
17                                     1.0000000000000000e+00
18                                     1.0000000000000000e+00
19                                     1.0000000000000000e+00
20                                     1.0000000000000000e+00
21                                     1.0000000000000000e+00
22                                     1.0000000000000000e+00
23                                     1.0000000000000000e+00
24                                     1.0000000000000000e+00
25                                     1.0000000000000000e+00
   &QA [&Type "ArrayOfDoubles", &Dim (26,1)] "Mulliken gross atomic charge"
                                                         0

0                                     -2.0030937675432270e-01
1                                     -3.3333565998349357e-01
2                                     -1.9451855831175457e-01
3                                     -5.6877273386275462e-02
4                                      2.1282824786265309e-02
5                                     -2.0934150355408931e-01
6                                      2.0390345512865871e-01
7                                     -2.2030842172579668e-01
8                                     -2.9761194920684453e-01
9                                     -1.7520850051123116e-01
10                                    -6.8872690897915589e-02
11                                    -3.6674348723292471e-01
12                                     1.4040693935801796e-01
13                                     1.0934670647868450e-01
14                                     1.1051835341516170e-01
15                                     1.0856777694455777e-01
16                                     1.3949904272984159e-01
17                                     1.0892807313339492e-01
18                                     1.1866704145466112e-01
19                                     2.3862776025638965e-01
20                                     1.1629151622317313e-01
21                                     1.3854894588777156e-01
22                                     1.1629628220171229e-01
23                                     1.5159168938688050e-01
24                                     1.5125986788593571e-01
25                                     1.4939114629341743e-01
   &VA [&Type "ArrayOfDoubles", &Dim (26,1)] "Mayer's total valence"
                                                         0

0                                      3.8295432503165960e+00
1                                      4.0595538852038464e+00
2                                      3.8241185007033689e+00
3                                      3.9724287683934079e+00
4                                      3.1327078970126272e+00
5                                      2.1672144213352693e+00
6                                      4.3968088323376540e+00
7                                      2.3289193948626252e+00
8                                      3.2254033940730960e+00
9                                      3.9048280329682186e+00
10                                     2.1360516448530200e+00
11                                     3.9001592670517917e+00
12                                     9.7790217136960356e-01
13                                     9.7128441398800136e-01
14                                     9.6775024366450990e-01
15                                     9.7006203065560981e-01
16                                     9.7807296919816322e-01
17                                     9.7212306215308464e-01
18                                     9.6561824785410155e-01
19                                     9.5731462068866424e-01
20                                     9.5384543729789395e-01
21                                     9.9505716636803898e-01
22                                     9.5389117627888742e-01
23                                     9.4860291103037853e-01
24                                     9.4450226333707221e-01
25                                     9.4847115187941466e-01
   &BVA [&Type "ArrayOfDoubles", &Dim (26,1)] "Mayer's bonded valence"
                                                         0

0                                      3.8295432503166413e+00
1                                      4.0595538852038429e+00
2                                      3.8241185007033791e+00
3                                      3.9724287683934585e+00
4                                      3.1327078970126516e+00
5                                      2.1672144213352449e+00
6                                      4.3968088323377286e+00
7                                      2.3289193948626488e+00
8                                      3.2254033940731568e+00
9                                      3.9048280329682394e+00
10                                     2.1360516448530107e+00
11                                     3.9001592670518304e+00
12                                     9.7790217136961777e-01
13                                     9.7128441398800502e-01
14                                     9.6775024366450835e-01
15                                     9.7006203065560970e-01
16                                     9.7807296919816444e-01
17                                     9.7212306215309285e-01
18                                     9.6561824785410022e-01
19                                     9.5731462068866968e-01
20                                     9.5384543729789328e-01
21                                     9.9505716636803920e-01
22                                     9.5389117627888864e-01
23                                     9.4860291103037708e-01
24                                     9.4450226333707754e-01
25                                     9.4847115187941966e-01
   &FA [&Type "ArrayOfDoubles", &Dim (26,1)] "Mayer's free valence"
                                                         0

0                                      0.0000000000000000e+00
1                                      0.0000000000000000e+00
2                                      0.0000000000000000e+00
3                                      0.0000000000000000e+00
4                                      0.0000000000000000e+00
5                                      0.0000000000000000e+00
6                                      0.0000000000000000e+00
7                                      0.0000000000000000e+00
8                                      0.0000000000000000e+00
9                                      0.0000000000000000e+00
10                                     0.0000000000000000e+00
11                                     0.0000000000000000e+00
12                                     0.0000000000000000e+00
13                                     0.0000000000000000e+00
14                                     0.0000000000000000e+00
15                                     0.0000000000000000e+00
16                                     0.0000000000000000e+00
17                                     0.0000000000000000e+00
18                                     0.0000000000000000e+00
19                                     0.0000000000000000e+00
20                                     0.0000000000000000e+00
21                                     0.0000000000000000e+00
22                                     0.0000000000000000e+00
23                                     0.0000000000000000e+00
24                                     0.0000000000000000e+00
25                                     0.0000000000000000e+00
$End
$VdW_Correction
   &GeometryIndex 1
   &ListStatus       OUT
   &VDW [&Type "Double"]      -2.6819216780193354e-02
$End
$Calculation_Info
   &GeometryIndex 1
   &ListStatus       OUT
   &MULT [&Type "Integer"] 1
   &CHARGE [&Type "Integer"] 0
   &NUMOFATOMS [&Type "Integer"] 26
   &NUMOFELECTRONS [&Type "Integer"] 102
   &NUMOFFCELECTRONS [&Type "Integer"] 1
   &NUMOFCORRELECTRONS [&Type "Integer"] 0
   &NUMOFBASISFUNCTS [&Type "Integer"] 200
   &NUMOFAUXCBASISFUNCTS [&Type "Integer"] 0
   &NUMOFAUXJBASISFUNCTS [&Type "Integer"] 744
   &NUMOFAUXJKBASISFUNCTS [&Type "Integer"] 0
   &NUMOFCABSBASISFUNCTS [&Type "Integer"] 0
   &TOTALENERGY [&Type "Double"]      -9.3181050770121476e+02  "Hartrees"
$End
$SCF_Dipole_Moment
   &GeometryIndex 1
   &ListStatus       OUT
   &METHOD [&Type "String"] "SCF"
   &LEVEL [&Type "String"] "Relaxed density"
   &MULT [&Type "Integer"] 1
   &STATE [&Type "Integer"] -1
   &IRREP [&Type "Integer"] 0
   &NATOMS [&Type "Integer"] 26
   &DODIPOLEATOM [&Type "Boolean"] false
   &DIPOLEELECCONTRIB [&Type "ArrayOfDoubles", &Dim (3,1)] "Electronic contribution"
                                                         0

0                                     -4.1540713407154346e+00
1                                     -6.0874931245182440e-01
2                                      3.5716661283649236e+00
   &DIPOLENUCCONTRIB [&Type "ArrayOfDoubles", &Dim (3,1)] "Nuclear contribution"
                                                         0

0                                      4.6484582360024129e+00
1                                      7.2927442012698862e-01
2                                     -2.7608185886474006e+00
   &DIPOLETOTAL [&Type "ArrayOfDoubles", &Dim (3,1)] "Total"
                                                         0

0                                      4.9438689528697832e-01
1                                      1.2052510767516422e-01
2                                      8.1084753971752299e-01
   &DIPOLEMAGNITUDE [&Type "Double", &Units "a.u."]       9.5729746499067236e-01
$End
