           1           2   1.01959325825499     
           2           3   1.00696198725942     
           3           4   1.00763555583648     
           4           5  0.983854707175971     
           5           6   1.67670897439076     
           5           7   1.17496692484248     
           6           7  0.170684681073747     
           7           8  0.937022243893391     
           1           9  0.986763887911327     
           1          10  0.987515996610268     
           1          11  0.987521138410544     
           2          12  0.977865908580619     
           2          13  0.977936291993060     
           3          14  0.975976374393621     
           3          15  0.975751370594635     
           4          16  0.942752791963854     
           4          17  0.947621658145168     
           8          18  0.973245469539000     
           8          19  0.974921625350190     
           8          20  0.976599323843012     
