*************************************************
******************* ORCA 6.0.0 ******************
*************************************************
$Calculation_Status
   &GeometryIndex 1
   &ListStatus       OUT
   &VERSION [&Type "String"] "6.0.0"
   &PROGNAME [&Type "String"] "LeanSCF"
   &STATUS [&Type "String"] "NORMAL TERMINATION"
$End
$Geometry
   &GeometryIndex 1
   &ListStatus       OUT
   &NATOMS [&Type "Integer"] 26
   &NCORELESSECP [&Type "Integer"] 0
   &NGHOSTATOMS [&Type "Integer"] 0
   &CartesianCoordinates [&Type "Coordinates", &Dim(26,4), &Units "Bohr"] 
              C      5.289898650195   -2.705149062823   -2.267171574441
              C      3.494419084942   -1.104800149799   -0.670575433965
              C      2.497178590600   -2.605456556848    1.562011552341
              C      1.601575394229    0.146674129918   -2.343371834331
              N     -0.744228868180    0.553836104812   -2.190623271596
              O     -2.063344379679   -0.452342941921   -0.102169218651
              C     -4.622091056902    0.014153472188   -0.169802455379
              O     -5.657313205188    1.293165409180   -1.760426000002
              N     -5.716072444271   -1.143942661372    1.783809390303
              C     -8.408582376204   -1.045316837770    2.243290800852
              S      5.431556688796    1.636817286562    0.446658114130
              C      3.219749951767    3.427385645777    2.360933819341
              H      6.107081681545   -1.587083050493   -3.784245410594
              H      6.814497443842   -3.417642067220   -1.090281544728
              H      4.268033515003   -4.292567601310   -3.079194487107
              H      1.319508700390   -1.451640742177    2.783879353256
              H      4.080840379232   -3.331678619085    2.652335977222
              H      1.373130851070   -4.186150956532    0.879815730340
              H      2.394826691178    1.009631277236   -4.022639816704
              H     -4.629813764789   -2.180265477620    2.957709076187
              H     -9.252454031286    0.142483633681    0.792948661844
              H     -8.780755621595   -0.236939828725    4.098567312012
              H     -9.216637191666   -2.935430897128    2.137410606805
              H      4.092534159695    5.259725998861    2.649506975563
              H      2.935066634086    2.492413643318    4.164236927133
              H      1.448909298575    3.651684253386    1.348312414838
$End
$SCF_Energy
   &GeometryIndex 1
   &ListStatus       OUT
   &SCF_ENERGY [&Type "Double"]      -9.3189873569914187e+02
$End
$DFT_Energy
   &GeometryIndex 1
   &ListStatus       OUT
   &NALPHAEL [&Type "Integer"] 51
   &NBETAEL [&Type "Integer"] 51
   &NTOTALEL [&Type "Integer"] 102
   &EEXCHANGE [&Type "Double"]      -9.5535982170937245e+01
   &ECORR [&Type "Double"]      -3.5039990042580231e+00
   &ECNL [&Type "Double"]       0.0000000000000000e+00
   &EXC [&Type "Double"]      -9.9039981175195265e+01
   &EEMBED [&Type "Double"]       0.0000000000000000e+00
   &FINALEN [&Type "Double"]      -9.3189873569914187e+02  "No Van der Waals correction"
$End
$Mulliken_Population_Analysis
   &GeometryIndex 1
   &ListStatus       OUT
   &NATOMS [&Type "Integer"] 26
   &ATNO [&Type "ArrayOfIntegers", &Dim (26,1)] 
                                                         0

0                                                        6
1                                                        6
2                                                        6
3                                                        6
4                                                        7
5                                                        8
6                                                        6
7                                                        8
8                                                        7
9                                                        6
10                                                      16
11                                                       6
12                                                       1
13                                                       1
14                                                       1
15                                                       1
16                                                       1
17                                                       1
18                                                       1
19                                                       1
20                                                       1
21                                                       1
22                                                       1
23                                                       1
24                                                       1
25                                                       1
   &ATOMICCHARGES [&Type "ArrayOfDoubles", &Dim (26,1)] 
                                                         0

0                                     -2.0137935493617132e-01
1                                     -3.6788814403391079e-01
2                                     -1.5434558894816064e-01
3                                     -5.9368591163555529e-02
4                                      7.8358078449353386e-02
5                                     -2.5714994198438568e-01
6                                      2.0654802801082894e-01
7                                     -2.0900053473854818e-01
8                                     -2.9427505991560032e-01
9                                     -1.7342186512778035e-01
10                                    -3.6415214333064938e-02
11                                    -3.7700931241702662e-01
12                                     1.1875120259873417e-01
13                                     1.1571424958491439e-01
14                                     1.2055777083383312e-01
15                                     1.1594308687056987e-01
16                                     1.0276521465755339e-01
17                                     1.0197004264131060e-01
18                                     1.0621151953255348e-01
19                                     2.2994628894976143e-01
20                                     1.4227564855365271e-01
21                                     1.1455030750633188e-01
22                                     1.1509759864871205e-01
23                                     1.5195812516836593e-01
24                                     1.4781020876791384e-01
25                                     1.6179623682368072e-01
$End
$Loewdin_Population_Analysis
   &GeometryIndex 1
   &ListStatus       OUT
   &NATOMS [&Type "Integer"] 26
   &ATNO [&Type "ArrayOfIntegers", &Dim (26,1)] 
                                                         0

0                                                        6
1                                                        6
2                                                        6
3                                                        6
4                                                        7
5                                                        8
6                                                        6
7                                                        8
8                                                        7
9                                                        6
10                                                      16
11                                                       6
12                                                       1
13                                                       1
14                                                       1
15                                                       1
16                                                       1
17                                                       1
18                                                       1
19                                                       1
20                                                       1
21                                                       1
22                                                       1
23                                                       1
24                                                       1
25                                                       1
   &ATOMICCHARGES [&Type "ArrayOfDoubles", &Dim (26,1)] 
                                                         0

0                                      2.1239002608781381e-04
1                                      3.7427173532988897e-03
2                                      3.3924631874030777e-04
3                                      1.7221225485924065e-02
4                                      1.4710331018737663e-01
5                                      3.6954843294245521e-01
6                                      1.7487119692569236e-01
7                                      2.1951011726835878e-01
8                                      6.0933697620616817e-02
9                                      5.3114226597170081e-03
10                                     1.2181905258877610e-05
11                                     3.9980932856358085e-05
12                                     1.1351940748307536e-07
13                                     2.5207797662315082e-06
14                                     7.2988743791007364e-07
15                                     3.2641572950763874e-05
16                                     7.6995574417824281e-06
17                                     1.1769351113379055e-05
18                                     2.3182599473038886e-05
19                                     8.8824741832485392e-04
20                                     5.3328817855268327e-05
21                                     4.9820129436810629e-05
22                                     5.0069774772154999e-05
23                                     6.6790216357061651e-08
24                                     1.0196763812745523e-06
25                                     3.2870499041028725e-05
$End
$Mayer_Population_Analysis
   &GeometryIndex 1
   &ListStatus       OUT
   &NATOMS [&Type "Integer"] 26 "Total number of atoms"
   &BONDTHRESH [&Type "Double"]       1.0000000000000001e-01  "The threshold for printing"
   &NBONDORDERSPRINT [&Type "Integer"] 25 "The number of bond orders larger than threshold"
   &BONDORDERS [&Type "ArrayOfDoubles", &Dim (25,1)] "The bond orders"
                                                         0

0                                      1.0509131416752915e+00
1                                      9.4015673242905318e-01
2                                      9.3996707042741701e-01
3                                      9.4470743601762652e-01
4                                      1.0728217624043519e+00
5                                      9.0018978724057586e-01
6                                      9.9856079816718069e-01
7                                      9.2454173963509922e-01
8                                      9.3456354783747353e-01
9                                      9.3477253692692885e-01
10                                     1.9780894748188294e+00
11                                     9.1995416496429860e-01
12                                     9.1771679555144237e-01
13                                     1.0050692537196575e+00
14                                     2.0797960557385626e+00
15                                     1.2313161079551984e+00
16                                     1.0206205458788977e+00
17                                     8.5614226812459415e-01
18                                     9.3696310342442302e-01
19                                     9.5931824237657903e-01
20                                     9.5930909627422989e-01
21                                     1.0389285648178730e+00
22                                     9.4449939771377700e-01
23                                     9.3757390570821508e-01
24                                     9.2732155314703857e-01
   &COMPONENTS [&Type "ArrayOfIntegers", &Dim (25,4)] "The indices and atomic numbers of the bonding atoms"
                                                         0                           1                           2                           3

0                                                        0                           6                           1                           6
1                                                        0                           6                          12                           1
2                                                        0                           6                          13                           1
3                                                        0                           6                          14                           1
4                                                        1                           6                           2                           6
5                                                        1                           6                           3                           6
6                                                        1                           6                          10                          16
7                                                        2                           6                          15                           1
8                                                        2                           6                          16                           1
9                                                        2                           6                          17                           1
10                                                       3                           6                           4                           7
11                                                       3                           6                          18                           1
12                                                       4                           7                           5                           8
13                                                       5                           8                           6                           6
14                                                       6                           6                           7                           8
15                                                       6                           6                           8                           7
16                                                       8                           7                           9                           6
17                                                       8                           7                          19                           1
18                                                       9                           6                          20                           1
19                                                       9                           6                          21                           1
20                                                       9                           6                          22                           1
21                                                      10                          16                          11                           6
22                                                      11                           6                          23                           1
23                                                      11                           6                          24                           1
24                                                      11                           6                          25                           1
   &ATNO [&Type "ArrayOfIntegers", &Dim (26,1)] "Atomic number of the elements"
                                                         0

0                                                        6
1                                                        6
2                                                        6
3                                                        6
4                                                        7
5                                                        8
6                                                        6
7                                                        8
8                                                        7
9                                                        6
10                                                      16
11                                                       6
12                                                       1
13                                                       1
14                                                       1
15                                                       1
16                                                       1
17                                                       1
18                                                       1
19                                                       1
20                                                       1
21                                                       1
22                                                       1
23                                                       1
24                                                       1
25                                                       1
   &NA [&Type "ArrayOfDoubles", &Dim (26,1)] "Mulliken gross atomic population"
                                                         0

0                                      6.2013793549361624e+00
1                                      6.3678881440339321e+00
2                                      6.1543455889481624e+00
3                                      6.0593685911635466e+00
4                                      6.9216419215506280e+00
5                                      8.2571499419843715e+00
6                                      5.7934519719891640e+00
7                                      8.2090005347385500e+00
8                                      7.2942750599156021e+00
9                                      6.1734218651277866e+00
10                                     1.6036415214333015e+01
11                                     6.3770093124170248e+00
12                                     8.8124879740126627e-01
13                                     8.8428575041508517e-01
14                                     8.7944222916616699e-01
15                                     8.8405691312943013e-01
16                                     8.9723478534244627e-01
17                                     8.9802995735868907e-01
18                                     8.9378848046744730e-01
19                                     7.7005371105023823e-01
20                                     8.5772435144634707e-01
21                                     8.8544969249366812e-01
22                                     8.8490240135128795e-01
23                                     8.4804187483163407e-01
24                                     8.5218979123208605e-01
25                                     8.3820376317631884e-01
   &ZA [&Type "ArrayOfDoubles", &Dim (26,1)] "Total nuclear charge"
                                                         0

0                                      6.0000000000000000e+00
1                                      6.0000000000000000e+00
2                                      6.0000000000000000e+00
3                                      6.0000000000000000e+00
4                                      7.0000000000000000e+00
5                                      8.0000000000000000e+00
6                                      6.0000000000000000e+00
7                                      8.0000000000000000e+00
8                                      7.0000000000000000e+00
9                                      6.0000000000000000e+00
10                                     1.6000000000000000e+01
11                                     6.0000000000000000e+00
12                                     1.0000000000000000e+00
13                                     1.0000000000000000e+00
14                                     1.0000000000000000e+00
15                                     1.0000000000000000e+00
16                                     1.0000000000000000e+00
17                                     1.0000000000000000e+00
18                                     1.0000000000000000e+00
19                                     1.0000000000000000e+00
20                                     1.0000000000000000e+00
21                                     1.0000000000000000e+00
22                                     1.0000000000000000e+00
23                                     1.0000000000000000e+00
24                                     1.0000000000000000e+00
25                                     1.0000000000000000e+00
   &QA [&Type "ArrayOfDoubles", &Dim (26,1)] "Mulliken gross atomic charge"
                                                         0

0                                     -2.0137935493616244e-01
1                                     -3.6788814403393211e-01
2                                     -1.5434558894816242e-01
3                                     -5.9368591163546647e-02
4                                      7.8358078449372037e-02
5                                     -2.5714994198437147e-01
6                                      2.0654802801083605e-01
7                                     -2.0900053473854996e-01
8                                     -2.9427505991560210e-01
9                                     -1.7342186512778657e-01
10                                    -3.6415214333015200e-02
11                                    -3.7700931241702484e-01
12                                     1.1875120259873373e-01
13                                     1.1571424958491483e-01
14                                     1.2055777083383301e-01
15                                     1.1594308687056987e-01
16                                     1.0276521465755373e-01
17                                     1.0197004264131093e-01
18                                     1.0621151953255270e-01
19                                     2.2994628894976177e-01
20                                     1.4227564855365293e-01
21                                     1.1455030750633188e-01
22                                     1.1509759864871205e-01
23                                     1.5195812516836593e-01
24                                     1.4781020876791395e-01
25                                     1.6179623682368116e-01
   &VA [&Type "ArrayOfDoubles", &Dim (26,1)] "Mayer's total valence"
                                                         0

0                                      3.8729321430036476e+00
1                                      4.1122534726029043e+00
2                                      3.8502037119027879e+00
3                                      3.9271156093387805e+00
4                                      3.0763183807290004e+00
5                                      2.1603494247631816e+00
6                                      4.4105513412739752e+00
7                                      2.3231445667915183e+00
8                                      3.2245226596794123e+00
9                                      3.9000057643005914e+00
10                                     2.1880882964118729e+00
11                                     3.8856376139781648e+00
12                                     9.6605435277923779e-01
13                                     9.6686345356345016e-01
14                                     9.5855292777458057e-01
15                                     9.8768749980729043e-01
16                                     9.6970257831799844e-01
17                                     9.6788571930124734e-01
18                                     9.6808422046840004e-01
19                                     9.2652006465411174e-01
20                                     9.9713624589788552e-01
21                                     9.5355597854115914e-01
22                                     9.5327137559497410e-01
23                                     9.4720616693452664e-01
24                                     9.4109934642849891e-01
25                                     9.6007819532179861e-01
   &BVA [&Type "ArrayOfDoubles", &Dim (26,1)] "Mayer's bonded valence"
                                                         0

0                                      3.8729321430036716e+00
1                                      4.1122534726028901e+00
2                                      3.8502037119028247e+00
3                                      3.9271156093387991e+00
4                                      3.0763183807289911e+00
5                                      2.1603494247632087e+00
6                                      4.4105513412740036e+00
7                                      2.3231445667915227e+00
8                                      3.2245226596794074e+00
9                                      3.9000057643005732e+00
10                                     2.1880882964120820e+00
11                                     3.8856376139781967e+00
12                                     9.6605435277923990e-01
13                                     9.6686345356345771e-01
14                                     9.5855292777457946e-01
15                                     9.8768749980730397e-01
16                                     9.6970257831799778e-01
17                                     9.6788571930124834e-01
18                                     9.6808422046839848e-01
19                                     9.2652006465411674e-01
20                                     9.9713624589787475e-01
21                                     9.5355597854115659e-01
22                                     9.5327137559497188e-01
23                                     9.4720616693452198e-01
24                                     9.4109934642850712e-01
25                                     9.6007819532180094e-01
   &FA [&Type "ArrayOfDoubles", &Dim (26,1)] "Mayer's free valence"
                                                         0

0                                      0.0000000000000000e+00
1                                      0.0000000000000000e+00
2                                      0.0000000000000000e+00
3                                      0.0000000000000000e+00
4                                      0.0000000000000000e+00
5                                      0.0000000000000000e+00
6                                      0.0000000000000000e+00
7                                      0.0000000000000000e+00
8                                      0.0000000000000000e+00
9                                      0.0000000000000000e+00
10                                     0.0000000000000000e+00
11                                     0.0000000000000000e+00
12                                     0.0000000000000000e+00
13                                     0.0000000000000000e+00
14                                     0.0000000000000000e+00
15                                     0.0000000000000000e+00
16                                     0.0000000000000000e+00
17                                     0.0000000000000000e+00
18                                     0.0000000000000000e+00
19                                     0.0000000000000000e+00
20                                     0.0000000000000000e+00
21                                     0.0000000000000000e+00
22                                     0.0000000000000000e+00
23                                     0.0000000000000000e+00
24                                     0.0000000000000000e+00
25                                     0.0000000000000000e+00
$End
$VdW_Correction
   &GeometryIndex 1
   &ListStatus       OUT
   &VDW [&Type "Double"]      -2.6941743071161740e-02
$End
$Calculation_Info
   &GeometryIndex 1
   &ListStatus       OUT
   &MULT [&Type "Integer"] 1
   &CHARGE [&Type "Integer"] 0
   &NUMOFATOMS [&Type "Integer"] 26
   &NUMOFELECTRONS [&Type "Integer"] 102
   &NUMOFFCELECTRONS [&Type "Integer"] 1
   &NUMOFCORRELECTRONS [&Type "Integer"] 0
   &NUMOFBASISFUNCTS [&Type "Integer"] 200
   &NUMOFAUXCBASISFUNCTS [&Type "Integer"] 0
   &NUMOFAUXJBASISFUNCTS [&Type "Integer"] 744
   &NUMOFAUXJKBASISFUNCTS [&Type "Integer"] 0
   &NUMOFCABSBASISFUNCTS [&Type "Integer"] 0
   &TOTALENERGY [&Type "Double"]      -9.3180833811811294e+02  "Hartrees"
$End
$SCF_Dipole_Moment
   &GeometryIndex 1
   &ListStatus       OUT
   &METHOD [&Type "String"] "SCF"
   &LEVEL [&Type "String"] "Relaxed density"
   &MULT [&Type "Integer"] 1
   &STATE [&Type "Integer"] -1
   &IRREP [&Type "Integer"] 0
   &NATOMS [&Type "Integer"] 26
   &DODIPOLEATOM [&Type "Boolean"] false
   &DIPOLEELECCONTRIB [&Type "ArrayOfDoubles", &Dim (3,1)] "Electronic contribution"
                                                         0

0                                     -1.1296753992138504e+00
1                                      4.4909400336437653e+00
2                                     -4.8039678340053875e+00
   &DIPOLENUCCONTRIB [&Type "ArrayOfDoubles", &Dim (3,1)] "Nuclear contribution"
                                                         0

0                                      1.3044203113881216e+00
1                                     -5.5127378274222032e+00
2                                      6.1773184330969553e+00
   &DIPOLETOTAL [&Type "ArrayOfDoubles", &Dim (3,1)] "Total"
                                                         0

0                                      1.7474491217427124e-01
1                                     -1.0217977937784379e+00
2                                      1.3733505990915678e+00
   &DIPOLEMAGNITUDE [&Type "Double", &Units "a.u."]       1.7206680050859449e+00
$End
