*************************************************
******************* ORCA 6.0.1 ******************
*************************************************
$Calculation_Status
   &GeometryIndex 1
   &ListStatus       OUT
   &VERSION [&Type "String"] "6.0.1"
   &PROGNAME [&Type "String"] "LeanSCF"
   &STATUS [&Type "String"] "NORMAL TERMINATION"
$End
$Geometry
   &GeometryIndex 1
   &ListStatus       OUT
   &NATOMS [&Type "Integer"] 23
   &NCORELESSECP [&Type "Integer"] 0
   &NGHOSTATOMS [&Type "Integer"] 0
   &CartesianCoordinates [&Type "Coordinates", &Dim(23,4), &Units "Bohr"] 
              C      6.675101669340   -1.324536222850    1.807285990590
              C      4.593450221352    0.414804343152    0.817506798507
              C      5.420179819373    1.634315298420   -1.664198199369
              C      2.140863338464   -1.093010563622    0.503473989282
              C     -0.126969696061    0.560004766177   -0.125262568116
              O     -2.347296332150   -0.992997589953   -0.013999215544
              C     -4.569936393649    0.122674746912   -0.346865937196
              O     -4.791320273685    2.369978162002   -0.757039879300
              C     -6.710272703179   -1.717668558931   -0.123646402705
              H      7.040824802469   -2.834420796804    0.462660123603
              H      6.129556395522   -2.166399908233    3.599764600066
              H      8.415141214237   -0.270418475051    2.089184469134
              H      4.266324647754    1.910929864399    2.210577596223
              H      7.224384435568    2.585382711767   -1.417237766550
              H      4.049057364325    3.023684884767   -2.301126574427
              H      5.636719349048    0.205656221003   -3.125315620098
              H      1.721450766042   -2.088008255211    2.260583413906
              H      2.372773632549   -2.503800230090   -0.981440027186
              H     -0.335965381750    2.110058809009    1.231684392822
              H     -0.003015303144    1.377582794697   -2.020211659596
              H     -7.058802696548   -2.071083169324    1.871158722389
              H     -6.194209564940   -3.491358359774   -1.014534208540
              H     -8.397744100273   -0.921679586630   -0.973607753734
$End
$SCF_Energy
   &GeometryIndex 1
   &ListStatus       OUT
   &SCF_ENERGY [&Type "Double"]      -4.2475515049348996e+02
$End
$DFT_Energy
   &GeometryIndex 1
   &ListStatus       OUT
   &NALPHAEL [&Type "Integer"] 36
   &NBETAEL [&Type "Integer"] 36
   &NTOTALEL [&Type "Integer"] 72
   &EEXCHANGE [&Type "Double"]      -5.7461076000122866e+01
   &ECORR [&Type "Double"]      -2.3874832045824350e+00
   &ECNL [&Type "Double"]       0.0000000000000000e+00
   &EXC [&Type "Double"]      -5.9848559204705303e+01
   &EEMBED [&Type "Double"]       0.0000000000000000e+00
   &FINALEN [&Type "Double"]      -4.2475515049348996e+02  "No Van der Waals correction"
$End
$Mulliken_Population_Analysis
   &GeometryIndex 1
   &ListStatus       OUT
   &NATOMS [&Type "Integer"] 23
   &ATNO [&Type "ArrayOfIntegers", &Dim (23,1)] 
                                                         0

0                                                        6
1                                                        6
2                                                        6
3                                                        6
4                                                        6
5                                                        8
6                                                        6
7                                                        8
8                                                        6
9                                                        1
10                                                       1
11                                                       1
12                                                       1
13                                                       1
14                                                       1
15                                                       1
16                                                       1
17                                                       1
18                                                       1
19                                                       1
20                                                       1
21                                                       1
22                                                       1
   &ATOMICCHARGES [&Type "ArrayOfDoubles", &Dim (23,1)] 
                                                         0

0                                     -2.2710739397247970e-01
1                                     -2.0367893709409923e-01
2                                     -2.5657710891646524e-01
3                                     -1.3617521893206685e-01
4                                      9.1709849846530744e-03
5                                     -2.4136761524823314e-01
6                                      8.1076881236007203e-02
7                                     -2.1594981996066309e-01
8                                     -2.4132254886823645e-01
9                                      9.3300597157819576e-02
10                                     9.8706795899256794e-02
11                                     1.0070428642288498e-01
12                                     7.6858417171127513e-02
13                                     1.0161462205886584e-01
14                                     1.1192127214177738e-01
15                                     9.5403433825548500e-02
16                                     8.8763560338485314e-02
17                                     8.5337698469570844e-02
18                                     9.6375254542363065e-02
19                                     1.0370087940868955e-01
20                                     1.3267742220765477e-01
21                                     1.2196780998051859e-01
22                                     1.2459872714700293e-01
$End
$Loewdin_Population_Analysis
   &GeometryIndex 1
   &ListStatus       OUT
   &NATOMS [&Type "Integer"] 23
   &ATNO [&Type "ArrayOfIntegers", &Dim (23,1)] 
                                                         0

0                                                        6
1                                                        6
2                                                        6
3                                                        6
4                                                        6
5                                                        8
6                                                        6
7                                                        8
8                                                        6
9                                                        1
10                                                       1
11                                                       1
12                                                       1
13                                                       1
14                                                       1
15                                                       1
16                                                       1
17                                                       1
18                                                       1
19                                                       1
20                                                       1
21                                                       1
22                                                       1
   &ATOMICCHARGES [&Type "ArrayOfDoubles", &Dim (23,1)] 
                                                         0

0                                      4.2007442208461085e-05
1                                      2.4131813529416511e-04
2                                      3.1685599300386178e-05
3                                      1.4280845153210597e-03
4                                      1.3383884457165882e-02
5                                      1.5824459233410579e-01
6                                      2.3387545123740783e-01
7                                      5.8550378295843564e-01
8                                      6.8457424945566519e-03
9                                      1.3025374614869007e-07
10                                     4.2961683888129728e-08
11                                     6.6424162329377584e-07
12                                     3.0020908505700355e-06
13                                     5.0271627084057971e-06
14                                     1.5304076383712189e-05
15                                     6.3384150370916432e-07
16                                     8.9780225557288041e-06
17                                     9.9029740536727819e-06
18                                     7.1260813486260320e-05
19                                     1.1228344266002636e-04
20                                     4.7870655470804865e-05
21                                     1.0002547955218436e-05
22                                     1.1834774153242587e-04
$End
$Mayer_Population_Analysis
   &GeometryIndex 1
   &ListStatus       OUT
   &NATOMS [&Type "Integer"] 23 "Total number of atoms"
   &BONDTHRESH [&Type "Double"]       1.0000000000000001e-01  "The threshold for printing"
   &NBONDORDERSPRINT [&Type "Integer"] 22 "The number of bond orders larger than threshold"
   &BONDORDERS [&Type "ArrayOfDoubles", &Dim (22,1)] "The bond orders"
                                                         0

0                                      1.1178186782178607e+00
1                                      9.4930568508343660e-01
2                                      9.4952675040170997e-01
3                                      9.5122004284861639e-01
4                                      1.0995175456034223e+00
5                                      1.0727208185899653e+00
6                                      9.0337515495141607e-01
7                                      9.4965952214661509e-01
8                                      9.4735842425628425e-01
9                                      9.5020376467549916e-01
10                                     1.1111059719758407e+00
11                                     9.1589218876886924e-01
12                                     9.0935303340302687e-01
13                                     9.2360297505495736e-01
14                                     9.2523891581133200e-01
15                                     9.2192933437309132e-01
16                                     1.1889160989148115e+00
17                                     2.0536767936521838e+00
18                                     1.0921747077748756e+00
19                                     9.2521481602564370e-01
20                                     9.3353100155622515e-01
21                                     9.4057561875566864e-01
   &COMPONENTS [&Type "ArrayOfIntegers", &Dim (22,4)] "The indices and atomic numbers of the bonding atoms"
                                                         0                           1                           2                           3

0                                                        0                           6                           1                           6
1                                                        0                           6                           9                           1
2                                                        0                           6                          10                           1
3                                                        0                           6                          11                           1
4                                                        1                           6                           2                           6
5                                                        1                           6                           3                           6
6                                                        1                           6                          12                           1
7                                                        2                           6                          13                           1
8                                                        2                           6                          14                           1
9                                                        2                           6                          15                           1
10                                                       3                           6                           4                           6
11                                                       3                           6                          16                           1
12                                                       3                           6                          17                           1
13                                                       4                           6                           5                           8
14                                                       4                           6                          18                           1
15                                                       4                           6                          19                           1
16                                                       5                           8                           6                           6
17                                                       6                           6                           7                           8
18                                                       6                           6                           8                           6
19                                                       8                           6                          20                           1
20                                                       8                           6                          21                           1
21                                                       8                           6                          22                           1
   &ATNO [&Type "ArrayOfIntegers", &Dim (23,1)] "Atomic number of the elements"
                                                         0

0                                                        6
1                                                        6
2                                                        6
3                                                        6
4                                                        6
5                                                        8
6                                                        6
7                                                        8
8                                                        6
9                                                        1
10                                                       1
11                                                       1
12                                                       1
13                                                       1
14                                                       1
15                                                       1
16                                                       1
17                                                       1
18                                                       1
19                                                       1
20                                                       1
21                                                       1
22                                                       1
   &NA [&Type "ArrayOfDoubles", &Dim (23,1)] "Mulliken gross atomic population"
                                                         0

0                                      6.2271073939724841e+00
1                                      6.2036789370941019e+00
2                                      6.2565771089164741e+00
3                                      6.1361752189320562e+00
4                                      5.9908290150153576e+00
5                                      8.2413676152482473e+00
6                                      5.9189231187639901e+00
7                                      8.2159498199606524e+00
8                                      6.2413225488682231e+00
9                                      9.0669940284218042e-01
10                                     9.0129320410074298e-01
11                                     8.9929571357711624e-01
12                                     9.2314158282887360e-01
13                                     8.9838537794113360e-01
14                                     8.8807872785822206e-01
15                                     9.0459656617445106e-01
16                                     9.1123643966151613e-01
17                                     9.1466230153042982e-01
18                                     9.0362474545763638e-01
19                                     8.9629912059131067e-01
20                                     8.6732257779234556e-01
21                                     8.7803219001948096e-01
22                                     8.7540127285299718e-01
   &ZA [&Type "ArrayOfDoubles", &Dim (23,1)] "Total nuclear charge"
                                                         0

0                                      6.0000000000000000e+00
1                                      6.0000000000000000e+00
2                                      6.0000000000000000e+00
3                                      6.0000000000000000e+00
4                                      6.0000000000000000e+00
5                                      8.0000000000000000e+00
6                                      6.0000000000000000e+00
7                                      8.0000000000000000e+00
8                                      6.0000000000000000e+00
9                                      1.0000000000000000e+00
10                                     1.0000000000000000e+00
11                                     1.0000000000000000e+00
12                                     1.0000000000000000e+00
13                                     1.0000000000000000e+00
14                                     1.0000000000000000e+00
15                                     1.0000000000000000e+00
16                                     1.0000000000000000e+00
17                                     1.0000000000000000e+00
18                                     1.0000000000000000e+00
19                                     1.0000000000000000e+00
20                                     1.0000000000000000e+00
21                                     1.0000000000000000e+00
22                                     1.0000000000000000e+00
   &QA [&Type "ArrayOfDoubles", &Dim (23,1)] "Mulliken gross atomic charge"
                                                         0

0                                     -2.2710739397248414e-01
1                                     -2.0367893709410190e-01
2                                     -2.5657710891647412e-01
3                                     -1.3617521893205620e-01
4                                      9.1709849846424163e-03
5                                     -2.4136761524824735e-01
6                                      8.1076881236009868e-02
7                                     -2.1594981996065243e-01
8                                     -2.4132254886822313e-01
9                                      9.3300597157819576e-02
10                                     9.8706795899257016e-02
11                                     1.0070428642288376e-01
12                                     7.6858417171126403e-02
13                                     1.0161462205886640e-01
14                                     1.1192127214177794e-01
15                                     9.5403433825548944e-02
16                                     8.8763560338483871e-02
17                                     8.5337698469570178e-02
18                                     9.6375254542363620e-02
19                                     1.0370087940868933e-01
20                                     1.3267742220765444e-01
21                                     1.2196780998051904e-01
22                                     1.2459872714700282e-01
   &VA [&Type "ArrayOfDoubles", &Dim (23,1)] "Mayer's total valence"
                                                         0

0                                      3.9600768751936046e+00
1                                      4.2550206369935948e+00
2                                      3.9455520012580481e+00
3                                      4.0011706650477930e+00
4                                      3.9732003816329478e+00
5                                      2.2345682595334169e+00
6                                      4.4441304640220203e+00
7                                      2.2754386036827792e+00
8                                      3.8887555143611889e+00
9                                      9.6380614726624014e-01
10                                     9.5795319962839209e-01
11                                     9.5626601255515065e-01
12                                     9.4153024332721047e-01
13                                     9.5759978352058528e-01
14                                     9.5719534920781502e-01
15                                     9.6481388870086648e-01
16                                     9.6278182422473646e-01
17                                     9.6195943314192212e-01
18                                     9.7231528274593293e-01
19                                     9.6993379156658310e-01
20                                     9.5871903979579287e-01
21                                     9.6837656469236622e-01
22                                     9.7545006085760277e-01
   &BVA [&Type "ArrayOfDoubles", &Dim (23,1)] "Mayer's bonded valence"
                                                         0

0                                      3.9600768751935838e+00
1                                      4.2550206369935708e+00
2                                      3.9455520012579983e+00
3                                      4.0011706650477938e+00
4                                      3.9732003816329353e+00
5                                      2.2345682595334111e+00
6                                      4.4441304640220425e+00
7                                      2.2754386036828840e+00
8                                      3.8887555143612311e+00
9                                      9.6380614726624370e-01
10                                     9.5795319962839010e-01
11                                     9.5626601255515020e-01
12                                     9.4153024332720747e-01
13                                     9.5759978352057984e-01
14                                     9.5719534920781313e-01
15                                     9.6481388870086493e-01
16                                     9.6278182422472403e-01
17                                     9.6195943314191945e-01
18                                     9.7231528274593015e-01
19                                     9.6993379156657733e-01
20                                     9.5871903979579454e-01
21                                     9.6837656469236300e-01
22                                     9.7545006085760111e-01
   &FA [&Type "ArrayOfDoubles", &Dim (23,1)] "Mayer's free valence"
                                                         0

0                                      0.0000000000000000e+00
1                                      0.0000000000000000e+00
2                                      0.0000000000000000e+00
3                                      0.0000000000000000e+00
4                                      0.0000000000000000e+00
5                                      0.0000000000000000e+00
6                                      0.0000000000000000e+00
7                                      0.0000000000000000e+00
8                                      0.0000000000000000e+00
9                                      0.0000000000000000e+00
10                                     0.0000000000000000e+00
11                                     0.0000000000000000e+00
12                                     0.0000000000000000e+00
13                                     0.0000000000000000e+00
14                                     0.0000000000000000e+00
15                                     0.0000000000000000e+00
16                                     0.0000000000000000e+00
17                                     0.0000000000000000e+00
18                                     0.0000000000000000e+00
19                                     0.0000000000000000e+00
20                                     0.0000000000000000e+00
21                                     0.0000000000000000e+00
22                                     0.0000000000000000e+00
$End
$VdW_Correction
   &GeometryIndex 1
   &ListStatus       OUT
   &VDW [&Type "Double"]      -1.7775417168411946e-02
$End
$Calculation_Info
   &GeometryIndex 1
   &ListStatus       OUT
   &MULT [&Type "Integer"] 1
   &CHARGE [&Type "Integer"] 0
   &NUMOFATOMS [&Type "Integer"] 23
   &NUMOFELECTRONS [&Type "Integer"] 72
   &NUMOFFCELECTRONS [&Type "Integer"] 1
   &NUMOFCORRELECTRONS [&Type "Integer"] 0
   &NUMOFBASISFUNCTS [&Type "Integer"] 154
   &NUMOFAUXCBASISFUNCTS [&Type "Integer"] 0
   &NUMOFAUXJBASISFUNCTS [&Type "Integer"] 595
   &NUMOFAUXJKBASISFUNCTS [&Type "Integer"] 0
   &NUMOFCABSBASISFUNCTS [&Type "Integer"] 0
   &TOTALENERGY [&Type "Double"]      -4.2467010242005841e+02  "Hartrees"
$End
$SCF_Dipole_Moment
   &GeometryIndex 1
   &ListStatus       OUT
   &METHOD [&Type "String"] "SCF"
   &LEVEL [&Type "String"] "Relaxed density"
   &MULT [&Type "Integer"] 1
   &STATE [&Type "Integer"] -1
   &IRREP [&Type "Integer"] 0
   &NATOMS [&Type "Integer"] 23
   &DODIPOLEATOM [&Type "Boolean"] false
   &DIPOLEELECCONTRIB [&Type "ArrayOfDoubles", &Dim (3,1)] "Electronic contribution"
                                                         0

0                                     -1.1830514745017117e+01
1                                      1.9142564291177429e+00
2                                     -7.2733542661901518e-01
   &DIPOLENUCCONTRIB [&Type "ArrayOfDoubles", &Dim (3,1)] "Nuclear contribution"
                                                         0

0                                      1.2289105799065368e+01
1                                     -2.5379375191129698e+00
2                                      9.3331376088477114e-01
   &DIPOLETOTAL [&Type "ArrayOfDoubles", &Dim (3,1)] "Total"
                                                         0

0                                      4.5859105404825051e-01
1                                     -6.2368108999522698e-01
2                                      2.0597833426575596e-01
   &DIPOLEMAGNITUDE [&Type "Double", &Units "a.u."]       8.0106861819547981e-01
$End
