*************************************************
******************* ORCA 6.0.0 ******************
*************************************************
$Calculation_Status
   &GeometryIndex 1
   &ListStatus       OUT
   &VERSION [&Type "String"] "6.0.0"
   &PROGNAME [&Type "String"] "LeanSCF"
   &STATUS [&Type "String"] "NORMAL TERMINATION"
$End
$Geometry
   &GeometryIndex 1
   &ListStatus       OUT
   &NATOMS [&Type "Integer"] 26
   &NCORELESSECP [&Type "Integer"] 0
   &NGHOSTATOMS [&Type "Integer"] 0
   &CartesianCoordinates [&Type "Coordinates", &Dim(26,4), &Units "Bohr"] 
              C      2.992742876980   -1.992074217608   -3.252436184712
              C      3.576107088360   -1.234891296054   -0.525257151745
              C      6.141319979446   -2.258547903904    0.282620164955
              C      1.548243316510   -2.054311747273    1.255602193138
              N     -0.803910013938   -1.637682443626    1.246290948015
              O     -1.769108349748   -0.181947338037   -0.765322553103
              C     -4.311607786605    0.302996894774   -0.647063071556
              O     -5.213732191081    1.524472566178   -2.375065893215
              N     -5.526335952742   -0.610159221780    1.346650874646
              C     -8.207234561088   -0.275684926357    1.739739255320
              S      3.616345299617    2.299826691345   -0.521369742636
              C      4.213652080488    3.026431441076    2.789423743970
              H      2.854420058363   -4.038099285048   -3.394240064250
              H      1.224388460685   -1.155827115013   -3.882453935233
              H      4.498500572138   -1.329989678620   -4.482441006710
              H      6.537362045530   -1.819734356462    2.249201629117
              H      7.615431250991   -1.438153551331   -0.888843469867
              H      6.171317970952   -4.300336948015    0.047189089984
              H      2.122827004982   -3.157666773609    2.881859048312
              H     -4.511269787240   -1.615973042277    2.618439090851
              H     -8.947923698399    0.830646473819    0.172494394256
              H     -8.539522101901    0.725233038537    3.506776218049
              H     -9.146075348650   -2.106265749579    1.794657956171
              H      6.068743172664    2.349847624380    3.337313086619
              H      2.737722408821    2.216038724659    3.959837809024
              H      4.155553776899    5.072575469611    2.905957070109
$End
$SCF_Energy
   &GeometryIndex 1
   &ListStatus       OUT
   &SCF_ENERGY [&Type "Double"]      -9.3190165096585338e+02
$End
$DFT_Energy
   &GeometryIndex 1
   &ListStatus       OUT
   &NALPHAEL [&Type "Integer"] 51
   &NBETAEL [&Type "Integer"] 51
   &NTOTALEL [&Type "Integer"] 102
   &EEXCHANGE [&Type "Double"]      -9.5532719772872412e+01
   &ECORR [&Type "Double"]      -3.5054321276807761e+00
   &ECNL [&Type "Double"]       0.0000000000000000e+00
   &EXC [&Type "Double"]      -9.9038151900553189e+01
   &EEMBED [&Type "Double"]       0.0000000000000000e+00
   &FINALEN [&Type "Double"]      -9.3190165096585338e+02  "No Van der Waals correction"
$End
$Mulliken_Population_Analysis
   &GeometryIndex 1
   &ListStatus       OUT
   &NATOMS [&Type "Integer"] 26
   &ATNO [&Type "ArrayOfIntegers", &Dim (26,1)] 
                                                         0

0                                                        6
1                                                        6
2                                                        6
3                                                        6
4                                                        7
5                                                        8
6                                                        6
7                                                        8
8                                                        7
9                                                        6
10                                                      16
11                                                       6
12                                                       1
13                                                       1
14                                                       1
15                                                       1
16                                                       1
17                                                       1
18                                                       1
19                                                       1
20                                                       1
21                                                       1
22                                                       1
23                                                       1
24                                                       1
25                                                       1
   &ATOMICCHARGES [&Type "ArrayOfDoubles", &Dim (26,1)] 
                                                         0

0                                     -2.0417810074010134e-01
1                                     -3.3649401712813543e-01
2                                     -1.9700075534434269e-01
3                                     -6.8404956625251145e-02
4                                      2.5039010219170876e-02
5                                     -1.9142885398720821e-01
6                                      2.0345971508565341e-01
7                                     -2.2089037951954893e-01
8                                     -3.0047270436150342e-01
9                                     -1.7324762994136478e-01
10                                    -9.0189799702642404e-03
11                                    -3.7946735901601159e-01
12                                     1.0832004563876307e-01
13                                     1.5496215396114921e-01
14                                     1.1345397376775346e-01
15                                     1.0978643671698740e-01
16                                     1.1755625083467747e-01
17                                     1.0463133311071882e-01
18                                     9.9204600069564330e-02
19                                     2.3429835251215558e-01
20                                     1.3749402444659808e-01
21                                     1.1336162917483783e-01
22                                     1.1350516486373796e-01
23                                     1.4595540405226559e-01
24                                     1.4767223172823862e-01
25                                     1.5190341045136913e-01
$End
$Loewdin_Population_Analysis
   &GeometryIndex 1
   &ListStatus       OUT
   &NATOMS [&Type "Integer"] 26
   &ATNO [&Type "ArrayOfIntegers", &Dim (26,1)] 
                                                         0

0                                                        6
1                                                        6
2                                                        6
3                                                        6
4                                                        7
5                                                        8
6                                                        6
7                                                        8
8                                                        7
9                                                        6
10                                                      16
11                                                       6
12                                                       1
13                                                       1
14                                                       1
15                                                       1
16                                                       1
17                                                       1
18                                                       1
19                                                       1
20                                                       1
21                                                       1
22                                                       1
23                                                       1
24                                                       1
25                                                       1
   &ATOMICCHARGES [&Type "ArrayOfDoubles", &Dim (26,1)] 
                                                         0

0                                      6.4738820582386819e-05
1                                      4.3698599138983704e-03
2                                      5.0883448256662999e-04
3                                      1.5838969228405983e-02
4                                      1.3208050493900336e-01
5                                      3.6169148372663135e-01
6                                      1.7711871038158289e-01
7                                      2.5581666435166928e-01
8                                      4.7380385304111455e-02
9                                      3.9270928115022613e-03
10                                     2.6799490899265484e-05
11                                     1.9632994487745918e-05
12                                     1.7957019139665403e-06
13                                     5.8496961316715010e-05
14                                     4.6542130993738884e-06
15                                     2.4737211052691125e-06
16                                     2.9517834960649248e-06
17                                     8.6345909730830235e-07
18                                     4.2005400559028697e-05
19                                     8.9766636767537721e-04
20                                     6.3738960007656058e-05
21                                     2.7785313058294141e-05
22                                     2.6909345494381771e-05
23                                     1.2222967175374350e-06
24                                     2.5285167076281005e-05
25                                     4.7486404793695404e-07
$End
$Mayer_Population_Analysis
   &GeometryIndex 1
   &ListStatus       OUT
   &NATOMS [&Type "Integer"] 26 "Total number of atoms"
   &BONDTHRESH [&Type "Double"]       1.0000000000000001e-01  "The threshold for printing"
   &NBONDORDERSPRINT [&Type "Integer"] 25 "The number of bond orders larger than threshold"
   &BONDORDERS [&Type "ArrayOfDoubles", &Dim (25,1)] "The bond orders"
                                                         0

0                                      1.0602044583859571e+00
1                                      9.4261517080122048e-01
2                                      9.2716017996511824e-01
3                                      9.4030580066086134e-01
4                                      1.0379314894635594e+00
5                                      9.0581703073731046e-01
6                                      1.0069456407710262e+00
7                                      9.3839348618510532e-01
8                                      9.4176941865683950e-01
9                                      9.3603155158327134e-01
10                                     1.9614822884309067e+00
11                                     9.3104309677786778e-01
12                                     9.4770439492300629e-01
13                                     1.0017623386421315e+00
14                                     2.0643432923387062e+00
15                                     1.2629988978460209e+00
16                                     1.0190820976331179e+00
17                                     8.1776684589989190e-01
18                                     9.3859054914850071e-01
19                                     9.5947965331044183e-01
20                                     9.5944189417892645e-01
21                                     1.0485877955268614e+00
22                                     9.3469738349707865e-01
23                                     9.3533089288400384e-01
24                                     9.4612481558236072e-01
   &COMPONENTS [&Type "ArrayOfIntegers", &Dim (25,4)] "The indices and atomic numbers of the bonding atoms"
                                                         0                           1                           2                           3

0                                                        0                           6                           1                           6
1                                                        0                           6                          12                           1
2                                                        0                           6                          13                           1
3                                                        0                           6                          14                           1
4                                                        1                           6                           2                           6
5                                                        1                           6                           3                           6
6                                                        1                           6                          10                          16
7                                                        2                           6                          15                           1
8                                                        2                           6                          16                           1
9                                                        2                           6                          17                           1
10                                                       3                           6                           4                           7
11                                                       3                           6                          18                           1
12                                                       4                           7                           5                           8
13                                                       5                           8                           6                           6
14                                                       6                           6                           7                           8
15                                                       6                           6                           8                           7
16                                                       8                           7                           9                           6
17                                                       8                           7                          19                           1
18                                                       9                           6                          20                           1
19                                                       9                           6                          21                           1
20                                                       9                           6                          22                           1
21                                                      10                          16                          11                           6
22                                                      11                           6                          23                           1
23                                                      11                           6                          24                           1
24                                                      11                           6                          25                           1
   &ATNO [&Type "ArrayOfIntegers", &Dim (26,1)] "Atomic number of the elements"
                                                         0

0                                                        6
1                                                        6
2                                                        6
3                                                        6
4                                                        7
5                                                        8
6                                                        6
7                                                        8
8                                                        7
9                                                        6
10                                                      16
11                                                       6
12                                                       1
13                                                       1
14                                                       1
15                                                       1
16                                                       1
17                                                       1
18                                                       1
19                                                       1
20                                                       1
21                                                       1
22                                                       1
23                                                       1
24                                                       1
25                                                       1
   &NA [&Type "ArrayOfDoubles", &Dim (26,1)] "Mulliken gross atomic population"
                                                         0

0                                      6.2041781007401049e+00
1                                      6.3364940171281301e+00
2                                      6.1970007553443471e+00
3                                      6.0684049566252414e+00
4                                      6.9749609897808265e+00
5                                      8.1914288539872491e+00
6                                      5.7965402849143395e+00
7                                      8.2208903795195560e+00
8                                      7.3004727043614945e+00
9                                      6.1732476299413568e+00
10                                     1.6009018979970225e+01
11                                     6.3794673590160018e+00
12                                     8.9167995436123626e-01
13                                     8.4503784603885002e-01
14                                     8.8654602623224643e-01
15                                     8.9021356328301326e-01
16                                     8.8244374916532253e-01
17                                     8.9536866688928107e-01
18                                     9.0079539993043567e-01
19                                     7.6570164748784486e-01
20                                     8.6250597555340236e-01
21                                     8.8663837082516139e-01
22                                     8.8649483513626270e-01
23                                     8.5404459594773419e-01
24                                     8.5232776827176160e-01
25                                     8.4809658954863021e-01
   &ZA [&Type "ArrayOfDoubles", &Dim (26,1)] "Total nuclear charge"
                                                         0

0                                      6.0000000000000000e+00
1                                      6.0000000000000000e+00
2                                      6.0000000000000000e+00
3                                      6.0000000000000000e+00
4                                      7.0000000000000000e+00
5                                      8.0000000000000000e+00
6                                      6.0000000000000000e+00
7                                      8.0000000000000000e+00
8                                      7.0000000000000000e+00
9                                      6.0000000000000000e+00
10                                     1.6000000000000000e+01
11                                     6.0000000000000000e+00
12                                     1.0000000000000000e+00
13                                     1.0000000000000000e+00
14                                     1.0000000000000000e+00
15                                     1.0000000000000000e+00
16                                     1.0000000000000000e+00
17                                     1.0000000000000000e+00
18                                     1.0000000000000000e+00
19                                     1.0000000000000000e+00
20                                     1.0000000000000000e+00
21                                     1.0000000000000000e+00
22                                     1.0000000000000000e+00
23                                     1.0000000000000000e+00
24                                     1.0000000000000000e+00
25                                     1.0000000000000000e+00
   &QA [&Type "ArrayOfDoubles", &Dim (26,1)] "Mulliken gross atomic charge"
                                                         0

0                                     -2.0417810074010490e-01
1                                     -3.3649401712813010e-01
2                                     -1.9700075534434713e-01
3                                     -6.8404956625241375e-02
4                                      2.5039010219173541e-02
5                                     -1.9142885398724907e-01
6                                      2.0345971508566052e-01
7                                     -2.2089037951955603e-01
8                                     -3.0047270436149454e-01
9                                     -1.7324762994135678e-01
10                                    -9.0189799702251605e-03
11                                    -3.7946735901600182e-01
12                                     1.0832004563876374e-01
13                                     1.5496215396114998e-01
14                                     1.1345397376775357e-01
15                                     1.0978643671698674e-01
16                                     1.1755625083467747e-01
17                                     1.0463133311071893e-01
18                                     9.9204600069564330e-02
19                                     2.3429835251215514e-01
20                                     1.3749402444659764e-01
21                                     1.1336162917483861e-01
22                                     1.1350516486373730e-01
23                                     1.4595540405226581e-01
24                                     1.4767223172823840e-01
25                                     1.5190341045136979e-01
   &VA [&Type "ArrayOfDoubles", &Dim (26,1)] "Mayer's total valence"
                                                         0

0                                      3.8630231343390284e+00
1                                      4.0850704540610439e+00
2                                      3.8514776800568864e+00
3                                      3.9321447005498200e+00
4                                      3.1227933605458000e+00
5                                      2.1821649129198470e+00
6                                      4.4017588948535291e+00
7                                      2.3275941776323261e+00
8                                      3.2194020178822744e+00
9                                      3.9069072180255744e+00
10                                     2.1619420061670138e+00
11                                     3.8978986427871232e+00
12                                     9.6040783296064336e-01
13                                     9.8062350165358203e-01
14                                     9.6561680591290822e-01
15                                     9.6542561151374051e-01
16                                     9.7412854531450144e-01
17                                     9.5955675928060313e-01
18                                     9.6573170283294740e-01
19                                     9.6022955766671192e-01
20                                     9.9618365064401548e-01
21                                     9.5388772217032569e-01
22                                     9.5376500511536377e-01
23                                     9.4318866211357411e-01
24                                     9.4857734972015129e-01
25                                     9.4847676679827031e-01
   &BVA [&Type "ArrayOfDoubles", &Dim (26,1)] "Mayer's bonded valence"
                                                         0

0                                      3.8630231343390484e+00
1                                      4.0850704540610545e+00
2                                      3.8514776800569028e+00
3                                      3.9321447005498298e+00
4                                      3.1227933605457951e+00
5                                      2.1821649129197485e+00
6                                      4.4017588948535478e+00
7                                      2.3275941776323097e+00
8                                      3.2194020178823282e+00
9                                      3.9069072180256073e+00
10                                     2.1619420061671688e+00
11                                     3.8978986427871343e+00
12                                     9.6040783296064480e-01
13                                     9.8062350165358492e-01
14                                     9.6561680591291199e-01
15                                     9.6542561151375039e-01
16                                     9.7412854531450832e-01
17                                     9.5955675928060569e-01
18                                     9.6573170283295029e-01
19                                     9.6022955766672036e-01
20                                     9.9618365064401859e-01
21                                     9.5388772217032747e-01
22                                     9.5376500511536111e-01
23                                     9.4318866211357300e-01
24                                     9.4857734972015184e-01
25                                     9.4847676679826987e-01
   &FA [&Type "ArrayOfDoubles", &Dim (26,1)] "Mayer's free valence"
                                                         0

0                                      0.0000000000000000e+00
1                                      0.0000000000000000e+00
2                                      0.0000000000000000e+00
3                                      0.0000000000000000e+00
4                                      0.0000000000000000e+00
5                                      0.0000000000000000e+00
6                                      0.0000000000000000e+00
7                                      0.0000000000000000e+00
8                                      0.0000000000000000e+00
9                                      0.0000000000000000e+00
10                                     0.0000000000000000e+00
11                                     0.0000000000000000e+00
12                                     0.0000000000000000e+00
13                                     0.0000000000000000e+00
14                                     0.0000000000000000e+00
15                                     0.0000000000000000e+00
16                                     0.0000000000000000e+00
17                                     0.0000000000000000e+00
18                                     0.0000000000000000e+00
19                                     0.0000000000000000e+00
20                                     0.0000000000000000e+00
21                                     0.0000000000000000e+00
22                                     0.0000000000000000e+00
23                                     0.0000000000000000e+00
24                                     0.0000000000000000e+00
25                                     0.0000000000000000e+00
$End
$VdW_Correction
   &GeometryIndex 1
   &ListStatus       OUT
   &VDW [&Type "Double"]      -2.7480658975806736e-02
$End
$Calculation_Info
   &GeometryIndex 1
   &ListStatus       OUT
   &MULT [&Type "Integer"] 1
   &CHARGE [&Type "Integer"] 0
   &NUMOFATOMS [&Type "Integer"] 26
   &NUMOFELECTRONS [&Type "Integer"] 102
   &NUMOFFCELECTRONS [&Type "Integer"] 1
   &NUMOFCORRELECTRONS [&Type "Integer"] 0
   &NUMOFBASISFUNCTS [&Type "Integer"] 200
   &NUMOFAUXCBASISFUNCTS [&Type "Integer"] 0
   &NUMOFAUXJBASISFUNCTS [&Type "Integer"] 744
   &NUMOFAUXJKBASISFUNCTS [&Type "Integer"] 0
   &NUMOFCABSBASISFUNCTS [&Type "Integer"] 0
   &TOTALENERGY [&Type "Double"]      -9.3181192906472916e+02  "Hartrees"
$End
$SCF_Dipole_Moment
   &GeometryIndex 1
   &ListStatus       OUT
   &METHOD [&Type "String"] "SCF"
   &LEVEL [&Type "String"] "Relaxed density"
   &MULT [&Type "Integer"] 1
   &STATE [&Type "Integer"] -1
   &IRREP [&Type "Integer"] 0
   &NATOMS [&Type "Integer"] 26
   &DODIPOLEATOM [&Type "Boolean"] false
   &DIPOLEELECCONTRIB [&Type "ArrayOfDoubles", &Dim (3,1)] "Electronic contribution"
                                                         0

0                                     -5.5773399722426742e+00
1                                      3.8540365729286474e+00
2                                     -3.8183014365874057e+00
   &DIPOLENUCCONTRIB [&Type "ArrayOfDoubles", &Dim (3,1)] "Nuclear contribution"
                                                         0

0                                      6.2467246991427041e+00
1                                     -4.8804854024944708e+00
2                                      5.3654190856876278e+00
   &DIPOLETOTAL [&Type "ArrayOfDoubles", &Dim (3,1)] "Total"
                                                         0

0                                      6.6938472690002992e-01
1                                     -1.0264488295658234e+00
2                                      1.5471176491002221e+00
   &DIPOLEMAGNITUDE [&Type "Double", &Units "a.u."]       1.9736377916126033e+00
$End
