$hessian                                                                        
        0.4680223000  -0.0110339308   0.0188672502  -0.1847342231  -0.0237109870
        0.0412644728  -0.0176884836  -0.0083291160   0.0014203369  -0.0009342942
       -0.0020808368  -0.0014132300   0.0000658417  -0.0000744183  -0.0000429873
        0.0003302451  -0.0000386444  -0.0000142373  -0.0002077932  -0.0000577523
        0.0000537292   0.0000105517   0.0000417520   0.0000024985  -0.0426810875
        0.0022612077  -0.0055240090  -0.1200219702   0.1119336340  -0.0118964067
       -0.0767679154  -0.0666084830  -0.0534231984  -0.0227091834  -0.0014789106
        0.0065638489  -0.0035724584  -0.0018673605   0.0033646174   0.0011115006
        0.0006872804   0.0003558104   0.0004618458   0.0005531142   0.0005523203
        0.0000339387   0.0000301792  -0.0002847161  -0.0007065001  -0.0001962836
        0.0001556045  -0.0000082687  -0.0000355176   0.0000312449  -0.0000202710
        0.0000227534  -0.0000085398   0.0000162252  -0.0000176799  -0.0000244092
       -0.0110339308   0.5214545831   0.0052002658  -0.0240974036  -0.0709822283
        0.0103334753  -0.0217458889  -0.0076588241   0.0041536530  -0.0020320932
       -0.0035310978  -0.0023044695  -0.0001608802   0.0002269383   0.0002045390
        0.0001843935  -0.0001515347  -0.0000965696  -0.0000438784   0.0000782633
       -0.0000129141  -0.0000805308   0.0000883709   0.0000468531   0.0025794138
       -0.0662669220   0.0682378629   0.1117740442  -0.2038283852   0.0159886934
       -0.0662534261  -0.1726506845  -0.1001964551   0.0225996425   0.0039031184
       -0.0071516327  -0.0095617504  -0.0017439604   0.0047220057  -0.0010233644
        0.0008577348   0.0003785990   0.0001689736   0.0005069037   0.0005254331
        0.0000505638  -0.0000007957  -0.0001674426  -0.0012925848  -0.0003398819
        0.0001710838  -0.0000222649   0.0000022497  -0.0000367321   0.0000193813
        0.0000160124  -0.0000084306  -0.0000284162   0.0000201401   0.0000121821
        0.0188672502   0.0052002658   0.5178342837   0.0406558608   0.0102167561
       -0.0805712475  -0.0129302112  -0.0035409576   0.0036370297  -0.0015294492
       -0.0024021054  -0.0013569769   0.0000424147   0.0000076469   0.0000848043
        0.0001543016   0.0000569651  -0.0001490662  -0.0000692863  -0.0000638300
        0.0001302107  -0.0000404248   0.0000398224  -0.0000207114  -0.0057869055
        0.0683295228  -0.2618991743  -0.0116311342   0.0159663389  -0.0465255082
       -0.0529987513  -0.0999749710  -0.1219894774  -0.0006424105  -0.0004158367
        0.0013020742   0.0282040829   0.0073499734  -0.0122482791  -0.0002896281
        0.0002315421   0.0002542172  -0.0009719926  -0.0005409395   0.0010848780
       -0.0001490979  -0.0001235264   0.0001053308  -0.0008870488  -0.0003210971
        0.0003115148   0.0000073674  -0.0000121593   0.0000025370   0.0000054309
       -0.0000144980   0.0000085749  -0.0000103681   0.0000110875   0.0000049856
       -0.1847342231  -0.0240974036   0.0406558608   0.4806460343  -0.0325834228
        0.0014466911  -0.0793214787  -0.0322569415  -0.0286208283  -0.0187821331
       -0.0217625733  -0.0128741724  -0.0001233303  -0.0010342400  -0.0001378219
        0.0013701062  -0.0003554286  -0.0003915914  -0.0004103047  -0.0002287264
        0.0001617701   0.0001126995   0.0001346015   0.0000498100  -0.0027358562
       -0.0017641509   0.0042732088  -0.0229099885  -0.0003417968   0.0064686405
       -0.0151004503  -0.0052436169   0.0032225969  -0.1155779002   0.1082639976
       -0.0121004912  -0.0426993547   0.0045906098  -0.0067581461   0.0054822004
        0.0105753323   0.0078800055  -0.0010224301  -0.0021653922  -0.0030527762
        0.0010728488   0.0001127203  -0.0011399336  -0.0052079368  -0.0018741447
        0.0009566494  -0.0000551395  -0.0000120350  -0.0000330411   0.0000194094
        0.0000314374  -0.0000092315  -0.0000227725   0.0000111737   0.0000028008
       -0.0237109870  -0.0709822283   0.0102167561  -0.0325834228   0.5008522596
       -0.0242910276  -0.0319479487  -0.1371266808  -0.0529569363  -0.0097843064
       -0.0068841399  -0.0028106731   0.0003430391  -0.0001026702  -0.0003277124
        0.0003851127   0.0000544640   0.0001611966   0.0000291650   0.0000599789
        0.0000919671  -0.0000854821  -0.0001120883  -0.0001073127  -0.0096850294
       -0.0021702873   0.0046101069   0.0231396809   0.0039061059  -0.0075716269
       -0.0220345647  -0.0060958754   0.0056884704   0.1088555924  -0.1977269234
        0.0186367362   0.0044648037  -0.0643115707   0.0633803362  -0.0081756156
       -0.0246931710  -0.0158151314   0.0013027996   0.0045063477   0.0013389377
        0.0005604073   0.0002010581  -0.0004286004  -0.0011390593   0.0006215757
        0.0001613333   0.0000481577   0.0000075529   0.0000764324  -0.0000262691
        0.0000008854  -0.0000165627   0.0000439268  -0.0000045930  -0.0000366894
        0.0412644728   0.0103334753  -0.0805712475   0.0014466911  -0.0242910276
        0.5126598797  -0.0285999691  -0.0535524072  -0.1101297343  -0.0002672079
        0.0046379612   0.0037442899   0.0005960902  -0.0002834295   0.0000271044
       -0.0008900600  -0.0001735659   0.0004199100   0.0002911419   0.0002728801
       -0.0001187382   0.0001783508  -0.0001061834  -0.0000742567   0.0282779812
        0.0071497014  -0.0129121427  -0.0007900441  -0.0011822213   0.0009798065
       -0.0150050157  -0.0039613693   0.0046252730  -0.0115958272   0.0177515039
       -0.0480949903  -0.0074782181   0.0641609741  -0.2513827928   0.0009296680
       -0.0011579652   0.0009641076  -0.0120176184  -0.0213461627  -0.0217224969
        0.0011395895   0.0008450452   0.0012275716   0.0025492633   0.0009096899
        0.0003322778  -0.0000036090   0.0000020992  -0.0000036964   0.0000092016
       -0.0000076088   0.0000265676  -0.0000348810  -0.0000013894   0.0000033077
       -0.0176884836  -0.0217458889  -0.0129302112  -0.0793214787  -0.0319479487
       -0.0285999691   0.4734988629  -0.0347626062   0.0058422092  -0.1713844069
       -0.0299930615   0.0373381261  -0.0309119443   0.0061642377   0.0055638625
       -0.0015006215   0.0030411666  -0.0013835094   0.0003688516  -0.0001708069
       -0.0000104074  -0.0009742234   0.0001818259   0.0002194450   0.0007552450
        0.0001368937  -0.0007487752   0.0008211953  -0.0009909971  -0.0005164010
       -0.0056210935  -0.0022619747   0.0010986740   0.0058832850   0.0108217087
        0.0083029749  -0.0013287100  -0.0025334524  -0.0034182369  -0.1114605615
        0.1082526306  -0.0131125160  -0.0421668246   0.0026614141  -0.0052662726
       -0.0045523567  -0.0016136239   0.0045289879  -0.0141726851  -0.0054607736
        0.0030824328  -0.0000225657  -0.0000884987   0.0000840866  -0.0001301296
        0.0002127884  -0.0000117802  -0.0000913545   0.0000969671  -0.0000627200
       -0.0083291160  -0.0076588241  -0.0035409576  -0.0322569415  -0.1371266808
       -0.0535524072  -0.0347626062   0.5068902599  -0.0260096712  -0.0311948590
       -0.0685106146   0.0100129968   0.0280225351   0.0023920477  -0.0070510353
        0.0024260573  -0.0048116813   0.0018739071  -0.0005628238   0.0011565697
       -0.0002499295   0.0012294082  -0.0002198508  -0.0002809348   0.0003792800
        0.0002388411  -0.0004249520   0.0010386325   0.0011536646   0.0001675889
       -0.0012298518   0.0003739028   0.0004443633  -0.0089744229  -0.0254744254
       -0.0160714083   0.0012902420   0.0042684329   0.0015299215   0.1066213013
       -0.2034508810   0.0207684298   0.0033029790  -0.0628042060   0.0642646952
       -0.0057630764  -0.0001953443   0.0024444791  -0.0214996723  -0.0060286723
        0.0056893345  -0.0000116205   0.0001101187  -0.0000513738   0.0001886044
       -0.0002279637   0.0000243277   0.0000859507  -0.0000746929   0.0000126258
        0.0014203369   0.0041536530   0.0036370297  -0.0286208283  -0.0529569363
       -0.1101297343   0.0058422092  -0.0260096712   0.5144147744   0.0396781333
        0.0098981117  -0.0803934293  -0.0059646637  -0.0016075042   0.0040287180
        0.0013358266   0.0018344058  -0.0009528076  -0.0000565622  -0.0009724004
        0.0006514162  -0.0004214996   0.0002426365   0.0001313557   0.0009828250
        0.0007762905   0.0011149491   0.0001306411   0.0003053935   0.0002204287
        0.0022205386   0.0010199156   0.0004114778   0.0004026537  -0.0013302682
        0.0008109591  -0.0125089536  -0.0223948584  -0.0226418276  -0.0125159456
        0.0205386963  -0.0461917045  -0.0063945434   0.0642070856  -0.2575485559
        0.0274127816   0.0065109003  -0.0116907435  -0.0129022895  -0.0042843785
        0.0041422597   0.0000019976  -0.0000240993   0.0000310542  -0.0000254081
        0.0000231987  -0.0000238878  -0.0000172496   0.0000698289  -0.0000217321
       -0.0009342942  -0.0020320932  -0.0015294492  -0.0187821331  -0.0097843064
       -0.0002672079  -0.1713844069  -0.0311948590   0.0396781333   0.4436394145
        0.0552295825  -0.0085911528  -0.0756953341   0.0314758415  -0.0088064652
       -0.0392334784   0.0257762916  -0.0009257671   0.0012578982   0.0037112870
       -0.0034635935  -0.0023954395  -0.0005703044   0.0025764974  -0.0001051539
       -0.0000615479  -0.0002945220   0.0002360717  -0.0002449819  -0.0000706851
       -0.0007947999  -0.0002853987   0.0003176628   0.0004110420   0.0006216217
        0.0002175765   0.0004301428   0.0002641574   0.0004934905  -0.0186044112
       -0.0006956211   0.0054452526  -0.0047621160  -0.0014730414   0.0044865772
       -0.0407565623  -0.0055171136   0.0118209725  -0.0709216114  -0.0670562375
       -0.0411519046  -0.0000853638  -0.0002505134   0.0002699374  -0.0005278720
        0.0012242287   0.0002055518  -0.0009915925   0.0008630083  -0.0004109047
       -0.0020808368  -0.0035310978  -0.0024021054  -0.0217625733  -0.0068841399
        0.0046379612  -0.0299930615  -0.0685106146   0.0098981117   0.0552295825
        0.4403233166   0.0193231705   0.0395874079  -0.1499313819   0.0324552380
        0.0238354492   0.0003983930  -0.0071119189  -0.0054169235   0.0012419409
       -0.0007280988  -0.0014491834   0.0033851077   0.0020696206   0.0001109392
        0.0001078871  -0.0001473236   0.0001476579  -0.0001054357  -0.0000224300
       -0.0013365417  -0.0002954250   0.0001541002  -0.0003226717  -0.0000110595
        0.0005000623   0.0003164421   0.0006355216   0.0004143060   0.0221378058
        0.0019450469  -0.0064622753  -0.0089132732  -0.0017886082   0.0045386956
       -0.0032739111  -0.0455470319   0.0316339982  -0.0674220328  -0.1712731777
       -0.0883425606   0.0003438498   0.0001931643  -0.0003007240   0.0001633296
       -0.0007010863  -0.0002669786   0.0000985451   0.0003486806   0.0001591510
       -0.0014132300  -0.0023044695  -0.0013569769  -0.0128741724  -0.0028106731
        0.0037442899   0.0373381261   0.0100129968  -0.0803934293  -0.0085911528
        0.0193231705   0.5109702600  -0.0143165152   0.0360210669  -0.0708551224
        0.0003326152  -0.0085053398   0.0042104161   0.0011131813  -0.0029778300
       -0.0025225539   0.0036543951   0.0019770375   0.0042922323  -0.0000813560
       -0.0000993158   0.0001368437   0.0000101715   0.0000569601  -0.0000394514
       -0.0009182960  -0.0004337798   0.0002976001  -0.0001036595   0.0001601114
        0.0005970647  -0.0014696570  -0.0006036119   0.0007878224  -0.0024320310
       -0.0002012652   0.0009523834   0.0294221282   0.0076912712  -0.0129380992
        0.0139144992   0.0295601257  -0.2572690294  -0.0432854915  -0.0866263888
       -0.1010528831  -0.0001875154  -0.0000391319   0.0002760542   0.0007027812
       -0.0009177625   0.0004029745  -0.0008148210   0.0007168281  -0.0002403956
        0.0000658417  -0.0001608802   0.0000424147  -0.0001233303   0.0003430391
        0.0005960902  -0.0309119443   0.0280225351  -0.0059646637  -0.0756953341
        0.0395874079  -0.0143165152   0.4469546568  -0.0558698855  -0.0852409373
       -0.2219824652  -0.0091649432   0.0548754797  -0.0668971945  -0.0483140567
        0.0513040883  -0.0403453536   0.0233033135   0.0057382880   0.0001392287
        0.0000976181   0.0001341665   0.0000395887   0.0002622822   0.0000664923
        0.0002440184  -0.0001019173  -0.0001897665   0.0001576529   0.0000570727
        0.0000967914   0.0002998391   0.0005777755  -0.0003556663  -0.0077855073
       -0.0001465110   0.0020008910   0.0028239395  -0.0001216119  -0.0004390919
       -0.0059861761   0.0108060567  -0.0087618655   0.0027287300   0.0067594661
        0.0034169632   0.0001759126  -0.0011639618  -0.0009394861  -0.0020825773
        0.0036183060  -0.0016013592  -0.0018195255   0.0016088947  -0.0004623136
       -0.0000744183   0.0002269383   0.0000076469  -0.0010342400  -0.0001026702
       -0.0002834295   0.0061642377   0.0023920477  -0.0016075042   0.0314758415
       -0.1499313819   0.0360210669  -0.0558698855   0.3064532269  -0.0949074645
       -0.0006661606  -0.0795793171   0.0120070891  -0.0491457055  -0.0116933253
        0.0329227508   0.0353861631  -0.0060219684  -0.0031743080  -0.0000485528
       -0.0000583847  -0.0000252422  -0.0001818321   0.0000099994  -0.0000048450
       -0.0000107358   0.0000105171   0.0000681975  -0.0002975671   0.0007534878
       -0.0000135479  -0.0000443903  -0.0002095038   0.0001707796  -0.0007653914
        0.0010197487   0.0000112450  -0.0008951349   0.0003469968  -0.0002274917
        0.0105741388  -0.0178854529   0.0130031197   0.0206516202  -0.0404340549
        0.0057379826   0.0003616039   0.0002296680  -0.0007305981   0.0034329184
       -0.0039314572   0.0010095949   0.0009874908  -0.0015951144   0.0000149581
       -0.0000429873   0.0002045390   0.0000848043  -0.0001378219  -0.0003277124
        0.0000271044   0.0055638625  -0.0070510353   0.0040287180  -0.0088064652
        0.0324552380  -0.0708551224  -0.0852409373  -0.0949074645   0.1462319350
        0.0501149585   0.0153611626  -0.0784247160   0.0516984756   0.0323114529
       -0.0051119969  -0.0014747526  -0.0003892605   0.0073103409  -0.0000867068
       -0.0000505705   0.0000043327  -0.0000949923  -0.0000682806  -0.0000073577
        0.0000156175   0.0000821716   0.0000505694  -0.0000666217   0.0003354873
       -0.0002772781   0.0001695011   0.0000961827   0.0002821442   0.0025917991
       -0.0001446960   0.0000275690  -0.0007926158  -0.0006963308   0.0005819192
       -0.0200591181   0.0314533136  -0.0096091003   0.0086441526  -0.0092955468
        0.0050660623   0.0000461094  -0.0007763367   0.0000733478  -0.0010447593
        0.0006257503   0.0003609078  -0.0009966982   0.0007819362   0.0001558163
        0.0003302451   0.0001843935   0.0001543016   0.0013701062   0.0003851127
       -0.0008900600  -0.0015006215   0.0024260573   0.0013358266  -0.0392334784
        0.0238354492   0.0003326152  -0.2219824652  -0.0006661606   0.0501149585
        0.5043325341   0.0694434845  -0.1269186652  -0.1414038492  -0.1479021596
        0.0934573583  -0.0909623534   0.0439622640  -0.0185767480  -0.0001318903
       -0.0000393825  -0.0001673560   0.0000930787  -0.0002860090  -0.0000534833
       -0.0000057953   0.0001371064   0.0001574017  -0.0009374148  -0.0010943259
       -0.0001589147  -0.0005013679  -0.0002788574   0.0000572216  -0.0002496661
       -0.0009301156   0.0004180565  -0.0006734382   0.0004490822  -0.0002569765
        0.0019003394  -0.0008477229   0.0025541624   0.0014293708  -0.0030897298
       -0.0014541336   0.0081777640  -0.0119037961   0.0048160408  -0.0186875916
        0.0219740111  -0.0067447373  -0.0013635063   0.0042412986   0.0018231314
       -0.0000386444  -0.0001515347   0.0000569651  -0.0003554286   0.0000544640
       -0.0001735659   0.0030411666  -0.0048116813   0.0018344058   0.0257762916
        0.0003983930  -0.0085053398  -0.0091649432  -0.0795793171   0.0153611626
        0.0694434845   0.6875936350  -0.2559720614  -0.1627574106  -0.4256840478
        0.2215153482   0.0509538100  -0.1477450170   0.0264168245  -0.0000417267
        0.0000499647  -0.0000160009   0.0000557141  -0.0000993091  -0.0000195876
       -0.0001052174   0.0000294841  -0.0000147198  -0.0004278881  -0.0001947822
       -0.0000526652   0.0000056956  -0.0000451771  -0.0000297710   0.0019059151
       -0.0001298365  -0.0003449390  -0.0005468173   0.0000175939   0.0001696882
        0.0027095775   0.0008494494   0.0011029992   0.0029855155  -0.0013079936
       -0.0015682325   0.0022428763  -0.0148014491   0.0053289212   0.0016812754
        0.0053357892  -0.0041823729   0.0126367540  -0.0197786276  -0.0009070587
       -0.0000142373  -0.0000965696  -0.0001490662  -0.0003915914   0.0001611966
        0.0004199100  -0.0013835094   0.0018739071  -0.0009528076  -0.0009257671
       -0.0071119189   0.0042104161   0.0548754797   0.0120070891  -0.0784247160
       -0.1269186652  -0.2559720614   0.3541565429   0.1003274079   0.2167274948
       -0.1995224611  -0.0178751855   0.0225793591  -0.0782422662   0.0001365443
        0.0000391571   0.0000056267   0.0000427186   0.0001089320   0.0000184838
       -0.0000116018  -0.0001145925  -0.0000760497   0.0002403147  -0.0000067946
        0.0003253877  -0.0001051813   0.0001734039  -0.0003382239  -0.0008095021
        0.0002952760   0.0001448619   0.0007822206  -0.0000272744  -0.0002382602
       -0.0030295278   0.0011766198  -0.0003160529  -0.0001994106   0.0009265156
        0.0018804811  -0.0083848223   0.0189071198  -0.0068589683  -0.0074459721
        0.0096344370  -0.0018537172   0.0110902881  -0.0212812964   0.0058108791
       -0.0002077932  -0.0000438784  -0.0000692863  -0.0004103047   0.0000291650
        0.0002911419   0.0003688516  -0.0005628238  -0.0000565622   0.0012578982
       -0.0054169235   0.0011131813  -0.0668971945  -0.0491457055   0.0516984756
       -0.1414038492  -0.1627574106   0.1003274079   0.1953046211   0.2045270466
       -0.1480964832   0.0107454958   0.0091753257  -0.0047594247   0.0000720053
        0.0000258658   0.0000224664  -0.0000022740   0.0000586422   0.0000182599
       -0.0000405254  -0.0000691926  -0.0000491784   0.0002932952   0.0004443017
        0.0001227843   0.0001284827   0.0000752969   0.0000536851   0.0000440356
        0.0001623755  -0.0002315157   0.0001336342  -0.0001024230  -0.0001725260
        0.0002661018   0.0000464210  -0.0004337697   0.0004705784   0.0001447313
       -0.0003229052  -0.0002390852   0.0028937776  -0.0006303810   0.0009036035
       -0.0003249075   0.0013234149  -0.0007875769   0.0008403156  -0.0001487849
       -0.0000577523   0.0000782633  -0.0000638300  -0.0002287264   0.0000599789
        0.0002728801  -0.0001708069   0.0011565697  -0.0009724004   0.0037112870
        0.0012419409  -0.0029778300  -0.0483140567  -0.0116933253   0.0323114529
       -0.1479021596  -0.4256840478   0.2167274948   0.2045270466   0.4855148257
       -0.2810556054  -0.0116506683  -0.0451944782   0.0310327126   0.0000716534
       -0.0000331855   0.0000241244  -0.0000183795   0.0000875933   0.0000048849
        0.0000371777  -0.0000643345  -0.0000234752   0.0003395738   0.0002545512
        0.0001471753   0.0000317453   0.0000601404  -0.0000391702  -0.0004462762
        0.0002469514  -0.0000976172   0.0004711665  -0.0001501289  -0.0001911500
       -0.0014612062  -0.0000980323  -0.0015890014  -0.0012218901   0.0009710024
        0.0013981358   0.0055698633  -0.0085394975   0.0031858553  -0.0019744650
        0.0009935826   0.0007931613  -0.0013131264   0.0007916302   0.0011122023
        0.0000537292  -0.0000129141   0.0001302107   0.0001617701   0.0000919671
       -0.0001187382  -0.0000104074  -0.0002499295   0.0006514162  -0.0034635935
       -0.0007280988  -0.0025225539   0.0513040883   0.0329227508  -0.0051119969
        0.0934573583   0.2215153482  -0.1995224611  -0.1480964832  -0.2810556054
        0.2052640032   0.0054181106   0.0251821173   0.0025793789  -0.0000593464
       -0.0000127137  -0.0000069096   0.0000148992  -0.0000594172  -0.0000326993
        0.0000148234   0.0000634782   0.0000231882  -0.0001692659  -0.0002499427
       -0.0001986611   0.0000877974  -0.0001005722   0.0000243058   0.0001813842
       -0.0001731142   0.0000556381  -0.0003279849   0.0000177067   0.0001953016
        0.0008516808  -0.0001653662   0.0001683214  -0.0000976628  -0.0010447772
       -0.0006102870  -0.0014701497   0.0033864693   0.0003423532   0.0017868192
       -0.0020383754  -0.0000889879   0.0003624332   0.0027109890  -0.0012208222
        0.0000105517  -0.0000805308  -0.0000404248   0.0001126995  -0.0000854821
        0.0001783508  -0.0009742234   0.0012294082  -0.0004214996  -0.0023954395
       -0.0014491834   0.0036543951  -0.0403453536   0.0353861631  -0.0014747526
       -0.0909623534   0.0509538100  -0.0178751855   0.0107454958  -0.0116506683
        0.0054181106   0.5232494159   0.0352043525  -0.0226718341   0.0000105178
        0.0000303975   0.0000144011  -0.0000567535   0.0000463229   0.0000202221
       -0.0000471465  -0.0000366365  -0.0000349008  -0.0000204855   0.0002823713
        0.0000346369   0.0000467160   0.0000575336   0.0000137046  -0.0006380064
        0.0000151093   0.0001042788   0.0001168857   0.0000282668  -0.0001268596
        0.0000106140   0.0000236440   0.0000178108  -0.0004932006   0.0006354452
       -0.0000817394  -0.1106998101  -0.0644268777   0.0888417702  -0.2497334242
       -0.0572141055  -0.0740933084  -0.0379366997   0.0110506598   0.0185228239
        0.0000417520   0.0000883709   0.0000398224   0.0001346015  -0.0001120883
       -0.0001061834   0.0001818259  -0.0002198508   0.0002426365  -0.0005703044
        0.0033851077   0.0019770375   0.0233033135  -0.0060219684  -0.0003892605
        0.0439622640  -0.1477450170   0.0225793591   0.0091753257  -0.0451944782
        0.0251821173   0.0352043525   0.4695419981  -0.0114743654  -0.0000087505
       -0.0000261047  -0.0000197126  -0.0000263519   0.0000005885  -0.0000046095
        0.0000562247   0.0000347630   0.0000305092  -0.0000484259  -0.0000366941
       -0.0000676987  -0.0000247882  -0.0000367428   0.0000053382   0.0000999763
        0.0000025637  -0.0000046532  -0.0000960496   0.0000242035   0.0000172513
        0.0003444100  -0.0006103309   0.0001190468  -0.0002977386   0.0001386462
        0.0000465028  -0.0655122417  -0.1025579267   0.0888739769  -0.0581173582
       -0.0546113053  -0.0154360968   0.0121979631  -0.1160437345  -0.1116110181
        0.0000024985   0.0000468531  -0.0000207114   0.0000498100  -0.0001073127
       -0.0000742567   0.0002194450  -0.0002809348   0.0001313557   0.0025764974
        0.0020696206   0.0042922323   0.0057382880  -0.0031743080   0.0073103409
       -0.0185767480   0.0264168245  -0.0782422662  -0.0047594247   0.0310327126
        0.0025793789  -0.0226718341  -0.0114743654   0.5016098912  -0.0000192627
       -0.0000201089   0.0000253977  -0.0000242443   0.0000076933   0.0000082644
        0.0000198517   0.0000139135   0.0000183366   0.0000172049   0.0000150293
        0.0000041150   0.0000149210   0.0000052956   0.0000625047   0.0001079759
        0.0000068739  -0.0000446651  -0.0001164425  -0.0000226117   0.0000781634
        0.0007617791  -0.0005698113   0.0001537395  -0.0006646324   0.0007043305
       -0.0001754429   0.0902470296   0.0878798617  -0.1643339058  -0.0744420331
       -0.0160688596  -0.0670358873   0.0215193209  -0.1164806962  -0.2063465846
       -0.0426810875   0.0025794138  -0.0057869055  -0.0027358562  -0.0096850294
        0.0282779812   0.0007552450   0.0003792800   0.0009828250  -0.0001051539
        0.0001109392  -0.0000813560   0.0001392287  -0.0000485528  -0.0000867068
       -0.0001318903  -0.0000417267   0.0001365443   0.0000720053   0.0000716534
       -0.0000593464   0.0000105178  -0.0000087505  -0.0000192627   0.0509848336
       -0.0011516885   0.0041671817  -0.0011165647   0.0070699525  -0.0180347903
       -0.0001443415   0.0029462465  -0.0124334782   0.0008796050  -0.0002145446
        0.0004246461  -0.0056626168  -0.0019048531   0.0031279583  -0.0000894302
        0.0000737602  -0.0001084214  -0.0003181432  -0.0002268905  -0.0003637289
        0.0000902029   0.0000261295  -0.0000935864   0.0000562154   0.0000295768
       -0.0000498735  -0.0000234781   0.0000063211   0.0000060712   0.0000132609
        0.0000014008   0.0000013534   0.0000074477  -0.0000126377  -0.0000071051
        0.0022612077  -0.0662669220   0.0683295228  -0.0017641509  -0.0021702873
        0.0071497014   0.0001368937   0.0002388411   0.0007762905  -0.0000615479
        0.0001078871  -0.0000993158   0.0000976181  -0.0000583847  -0.0000505705
       -0.0000393825   0.0000499647   0.0000391571   0.0000258658  -0.0000331855
       -0.0000127137   0.0000303975  -0.0000261047  -0.0000201089  -0.0011516885
        0.0729910661  -0.0802123731   0.0036707745  -0.0112147969   0.0279837175
       -0.0016451048   0.0059127227  -0.0235660411   0.0003873210   0.0003142192
       -0.0006690722  -0.0016378242   0.0004393214   0.0006231919   0.0001079833
       -0.0002113056   0.0001481780  -0.0005438245  -0.0000394539  -0.0003217968
        0.0001013385  -0.0000159348  -0.0000853383   0.0000126987  -0.0000242122
       -0.0000182980   0.0000069051   0.0000158851   0.0000017577  -0.0000041862
       -0.0000064764   0.0000047509   0.0000087055  -0.0000028432  -0.0000006395
       -0.0055240090   0.0682378629  -0.2618991743   0.0042732088   0.0046101069
       -0.0129121427  -0.0007487752  -0.0004249520   0.0011149491  -0.0002945220
       -0.0001473236   0.0001368437   0.0001341665  -0.0000252422   0.0000043327
       -0.0001673560  -0.0000160009   0.0000056267   0.0000224664   0.0000241244
       -0.0000069096   0.0000144011  -0.0000197126   0.0000253977   0.0041671817
       -0.0802123731   0.3035483160  -0.0019644232   0.0036371680  -0.0059534250
       -0.0029064853   0.0039072984  -0.0237824008  -0.0003310162  -0.0002840111
        0.0002013964   0.0032142965   0.0004596114  -0.0006295514  -0.0000026163
        0.0000963301  -0.0002124840   0.0002816391   0.0001799498   0.0003586033
       -0.0001317735  -0.0000309821  -0.0000291424  -0.0000347708   0.0000089244
        0.0000282042   0.0000072251  -0.0000080546   0.0000147173  -0.0000041004
        0.0000051346   0.0000026358  -0.0000047372   0.0000021412  -0.0000157925
       -0.1200219702   0.1117740442  -0.0116311342  -0.0229099885   0.0231396809
       -0.0007900441   0.0008211953   0.0010386325   0.0001306411   0.0002360717
        0.0001476579   0.0000101715   0.0000395887  -0.0001818321  -0.0000949923
        0.0000930787   0.0000557141   0.0000427186  -0.0000022740  -0.0000183795
        0.0000148992  -0.0000567535  -0.0000263519  -0.0000242443  -0.0011165647
        0.0036707745  -0.0019644232   0.1425331780  -0.1302229076   0.0116527721
        0.0064793730  -0.0081633180   0.0007218246  -0.0066987240  -0.0008270627
        0.0024154111   0.0008342954   0.0003689587  -0.0003543103  -0.0002799842
       -0.0008376243  -0.0000120343  -0.0000979585   0.0000820720  -0.0001105083
        0.0000410611   0.0000632321   0.0000226085   0.0000514453  -0.0000225927
       -0.0000506158   0.0000250094  -0.0000084420   0.0000343326  -0.0000020990
       -0.0000165774  -0.0000006990   0.0000320199  -0.0000156787  -0.0000123736
        0.1119336340  -0.2038283852   0.0159663389  -0.0003417968   0.0039061059
       -0.0011822213  -0.0009909971   0.0011536646   0.0003053935  -0.0002449819
       -0.0001054357   0.0000569601   0.0002622822   0.0000099994  -0.0000682806
       -0.0002860090  -0.0000993091   0.0001089320   0.0000586422   0.0000875933
       -0.0000594172   0.0000463229   0.0000005885   0.0000076933   0.0070699525
       -0.0112147969   0.0036371680  -0.1302229076   0.2345216777  -0.0185713688
        0.0136124129  -0.0255160790   0.0001916323  -0.0008939420   0.0008041417
       -0.0001818256  -0.0001843087   0.0003431915  -0.0003188895   0.0000729944
        0.0001199660   0.0000564126   0.0001224699  -0.0001974853   0.0000804090
        0.0000115549   0.0000025989  -0.0000333262   0.0000046003   0.0000187892
        0.0000051235  -0.0000189733  -0.0000064964  -0.0000076180   0.0000075783
        0.0000054325   0.0000059234  -0.0000185282  -0.0000057615   0.0000009607
       -0.0118964067   0.0159886934  -0.0465255082   0.0064686405  -0.0075716269
        0.0009798065  -0.0005164010   0.0001675889   0.0002204287  -0.0000706851
       -0.0000224300  -0.0000394514   0.0000664923  -0.0000048450  -0.0000073577
       -0.0000534833  -0.0000195876   0.0000184838   0.0000182599   0.0000048849
       -0.0000326993   0.0000202221  -0.0000046095   0.0000082644  -0.0180347903
        0.0279837175  -0.0059534250   0.0116527721  -0.0185713688   0.0500871643
        0.0097270173  -0.0174413674   0.0009955947   0.0023882262   0.0001420340
        0.0001283466   0.0003837961  -0.0006628509   0.0001719782  -0.0001071707
       -0.0001287887   0.0002031857  -0.0000763452   0.0001780829  -0.0002172912
        0.0000557333  -0.0000194287  -0.0000313866  -0.0000285753  -0.0000227367
       -0.0000020149   0.0000018849   0.0000054195  -0.0000075100   0.0000027334
        0.0000004362   0.0000031220  -0.0000019204  -0.0000012170   0.0000002691
       -0.0767679154  -0.0662534261  -0.0529987513  -0.0151004503  -0.0220345647
       -0.0150050157  -0.0056210935  -0.0012298518   0.0022205386  -0.0007947999
       -0.0013365417  -0.0009182960   0.0002440184  -0.0000107358   0.0000156175
       -0.0000057953  -0.0001052174  -0.0000116018  -0.0000405254   0.0000371777
        0.0000148234  -0.0000471465   0.0000562247   0.0000198517  -0.0001443415
       -0.0016451048  -0.0029064853   0.0064793730   0.0136124129   0.0097270173
        0.0912263993   0.0790933114   0.0603114798   0.0003509234  -0.0001945379
       -0.0005120303   0.0006483995  -0.0000680090  -0.0002982977  -0.0000512650
        0.0001380091   0.0001033038   0.0000483745   0.0001093581   0.0001951354
        0.0000621565   0.0000070527  -0.0000653482  -0.0004971542  -0.0001339563
        0.0001049491   0.0000015991  -0.0000263607  -0.0000027345   0.0000201117
       -0.0000063137   0.0000032319  -0.0000108684  -0.0000089268   0.0000026124
       -0.0666084830  -0.1726506845  -0.0999749710  -0.0052436169  -0.0060958754
       -0.0039613693  -0.0022619747   0.0003739028   0.0010199156  -0.0002853987
       -0.0002954250  -0.0004337798  -0.0001019173   0.0000105171   0.0000821716
        0.0001371064   0.0000294841  -0.0001145925  -0.0000691926  -0.0000643345
        0.0000634782  -0.0000366365   0.0000347630   0.0000139135   0.0029462465
        0.0059127227   0.0039072984  -0.0081633180  -0.0255160790  -0.0174413674
        0.0790933114   0.1976667981   0.1164866309   0.0003902840   0.0005322579
       -0.0000070026   0.0000952007  -0.0002097780   0.0000725909   0.0001081369
        0.0003406683   0.0000278622   0.0001198443  -0.0000007109   0.0001968244
        0.0000026971  -0.0000059541  -0.0000052906  -0.0001337147  -0.0000517248
        0.0000676682   0.0000084811  -0.0000085090  -0.0000049462   0.0000047426
       -0.0000081929  -0.0000029353  -0.0000017986   0.0000061540   0.0000079006
       -0.0534231984  -0.1001964551  -0.1219894774   0.0032225969   0.0056884704
        0.0046252730   0.0010986740   0.0004443633   0.0004114778   0.0003176628
        0.0001541002   0.0002976001  -0.0001897665   0.0000681975   0.0000505694
        0.0001574017  -0.0000147198  -0.0000760497  -0.0000491784  -0.0000234752
        0.0000231882  -0.0000349008   0.0000305092   0.0000183366  -0.0124334782
       -0.0235660411  -0.0237824008   0.0007218246   0.0001916323   0.0009955947
        0.0603114798   0.1164866309   0.1387306443  -0.0002906186   0.0001635718
        0.0000310717   0.0002863378   0.0003288366   0.0005231508   0.0000199391
        0.0001417718  -0.0000753447   0.0002424238   0.0000593440   0.0001808148
       -0.0000733909  -0.0000025772   0.0000522948   0.0001128079   0.0000472741
       -0.0000062674   0.0000013152  -0.0000071038  -0.0000114746   0.0000043910
        0.0000021719  -0.0000060682  -0.0000023228   0.0000034984   0.0000070664
       -0.0227091834   0.0225996425  -0.0006424105  -0.1155779002   0.1088555924
       -0.0115958272   0.0058832850  -0.0089744229   0.0004026537   0.0004110420
       -0.0003226717  -0.0001036595   0.0001576529  -0.0002975671  -0.0000666217
       -0.0009374148  -0.0004278881   0.0002403147   0.0002932952   0.0003395738
       -0.0001692659  -0.0000204855  -0.0000484259   0.0000172049   0.0008796050
        0.0003873210  -0.0003310162  -0.0066987240  -0.0008939420   0.0023882262
        0.0003509234   0.0003902840  -0.0002906186   0.1390843021  -0.1234135912
        0.0128726995  -0.0008608035   0.0034068392  -0.0017674373  -0.0003756056
       -0.0020889799  -0.0011608746   0.0002522149   0.0000907181   0.0003208681
       -0.0000110814   0.0000550100  -0.0000026636  -0.0000093068   0.0002345376
       -0.0000311649  -0.0000919103   0.0000555367  -0.0001203632   0.0000401151
        0.0000108517  -0.0000048147  -0.0000600202   0.0000415817   0.0000447709
       -0.0014789106   0.0039031184  -0.0004158367   0.1082639976  -0.1977269234
        0.0177515039   0.0108217087  -0.0254744254  -0.0013302682   0.0006216217
       -0.0000110595   0.0001601114   0.0000570727   0.0007534878   0.0003354873
       -0.0010943259  -0.0001947822  -0.0000067946   0.0004443017   0.0002545512
       -0.0002499427   0.0002823713  -0.0000366941   0.0000150293  -0.0002145446
        0.0003142192  -0.0002840111  -0.0008270627   0.0008041417   0.0001420340
       -0.0001945379   0.0005322579   0.0001635718  -0.1234135912   0.2312850349
       -0.0181650068   0.0078777396  -0.0109524026   0.0047071724  -0.0019315439
       -0.0042292195  -0.0035750743   0.0003657454   0.0007319039   0.0004512430
        0.0000466368  -0.0002493966   0.0000593220   0.0003343122   0.0002110182
        0.0002296541   0.0000084901   0.0000897838  -0.0000387136   0.0000474176
       -0.0000353041   0.0000350254  -0.0000168987   0.0000306904   0.0000154934
        0.0065638489  -0.0071516327   0.0013020742  -0.0121004912   0.0186367362
       -0.0480949903   0.0083029749  -0.0160714083   0.0008109591   0.0002175765
        0.0005000623   0.0005970647   0.0000967914  -0.0000135479  -0.0002772781
       -0.0001589147  -0.0000526652   0.0003253877   0.0001227843   0.0001471753
       -0.0001986611   0.0000346369  -0.0000676987   0.0000041150   0.0004246461
       -0.0006690722   0.0002013964   0.0024154111  -0.0001818256   0.0001283466
       -0.0005120303  -0.0000070026   0.0000310717   0.0128726995  -0.0181650068
        0.0531283350  -0.0177497765   0.0270473482  -0.0066594902  -0.0010619560
       -0.0036389749  -0.0013351173   0.0005568987  -0.0005730127   0.0003635393
       -0.0000430309   0.0001474164  -0.0001781360   0.0000712425   0.0000831506
       -0.0000991073  -0.0001177495   0.0000336864  -0.0000195055  -0.0000014466
        0.0000142321  -0.0000306744   0.0000658850  -0.0000179600   0.0000006706
       -0.0035724584  -0.0095617504   0.0282040829  -0.0426993547   0.0044648037
       -0.0074782181  -0.0013287100   0.0012902420  -0.0125089536   0.0004301428
        0.0003164421  -0.0014696570   0.0002998391  -0.0000443903   0.0001695011
       -0.0005013679   0.0000056956  -0.0001051813   0.0001284827   0.0000317453
        0.0000877974   0.0000467160  -0.0000247882   0.0000149210  -0.0056626168
       -0.0016378242   0.0032142965   0.0008342954  -0.0001843087   0.0003837961
        0.0006483995   0.0000952007   0.0002863378  -0.0008608035   0.0078777396
       -0.0177497765   0.0528353151  -0.0004860052   0.0072348772   0.0003286813
        0.0003618901   0.0006113704  -0.0006171681  -0.0021410365  -0.0014586331
       -0.0004326996  -0.0003972765   0.0002902384   0.0000881073   0.0000743846
        0.0002311548   0.0000333202  -0.0000262126   0.0000238891   0.0000208981
       -0.0000273593   0.0000250349  -0.0000190184   0.0000128082  -0.0000068778
       -0.0018673605  -0.0017439604   0.0073499734   0.0045906098  -0.0643115707
        0.0641609741  -0.0025334524   0.0042684329  -0.0223948584   0.0002641574
        0.0006355216  -0.0006036119   0.0005777755  -0.0002095038   0.0000961827
       -0.0002788574  -0.0000451771   0.0001734039   0.0000752969   0.0000601404
       -0.0001005722   0.0000575336  -0.0000367428   0.0000052956  -0.0019048531
        0.0004393214   0.0004596114   0.0003689587   0.0003431915  -0.0006628509
       -0.0000680090  -0.0002097780   0.0003288366   0.0034068392  -0.0109524026
        0.0270473482  -0.0004860052   0.0735473447  -0.0719766809   0.0000363108
        0.0007987201  -0.0005790845  -0.0022067953  -0.0026785206  -0.0035500824
       -0.0001632088   0.0000892640   0.0002100423   0.0001461202   0.0000227335
        0.0000383770  -0.0000309358  -0.0000042162  -0.0000140090   0.0000033294
       -0.0000010992  -0.0000049053   0.0000125462  -0.0000116987   0.0000166104
        0.0033646174   0.0047220057  -0.0122482791  -0.0067581461   0.0633803362
       -0.2513827928  -0.0034182369   0.0015299215  -0.0226418276   0.0004934905
        0.0004143060   0.0007878224  -0.0003556663   0.0001707796   0.0002821442
        0.0000572216  -0.0000297710  -0.0003382239   0.0000536851  -0.0000391702
        0.0000243058   0.0000137046   0.0000053382   0.0000625047   0.0031279583
        0.0006231919  -0.0006295514  -0.0003543103  -0.0003188895   0.0001719782
       -0.0002982977   0.0000725909   0.0005231508  -0.0017674373   0.0047071724
       -0.0066594902   0.0072348772  -0.0719766809   0.2938808495   0.0003537534
        0.0004641836   0.0004082242  -0.0015414509  -0.0036037462  -0.0028074437
       -0.0005504077  -0.0001632028   0.0003584175   0.0002851109   0.0000458890
        0.0002157915   0.0000310498  -0.0000051823  -0.0000197745   0.0000332989
       -0.0000148946   0.0000004003  -0.0000048147   0.0000158227   0.0000117939
        0.0011115006  -0.0010233644  -0.0002896281   0.0054822004  -0.0081756156
        0.0009296680  -0.1114605615   0.1066213013  -0.0125159456  -0.0186044112
        0.0221378058  -0.0024320310  -0.0077855073  -0.0007653914   0.0025917991
       -0.0002496661   0.0019059151  -0.0008095021   0.0000440356  -0.0004462762
        0.0001813842  -0.0006380064   0.0000999763   0.0001079759  -0.0000894302
        0.0001079833  -0.0000026163  -0.0002799842   0.0000729944  -0.0001071707
       -0.0000512650   0.0001081369   0.0000199391  -0.0003756056  -0.0019315439
       -0.0010619560   0.0003286813   0.0000363108   0.0003537534   0.1326614028
       -0.1223889957   0.0150232871  -0.0003609985   0.0027721654  -0.0015607634
        0.0002809244   0.0002543366  -0.0000825913   0.0000242647   0.0006381771
       -0.0003777601   0.0000328169  -0.0001086609   0.0000617127  -0.0000606811
        0.0000846595  -0.0000076376  -0.0000097097   0.0000000858  -0.0000219172
        0.0006872804   0.0008577348   0.0002315421   0.0105753323  -0.0246931710
       -0.0011579652   0.1082526306  -0.2034508810   0.0205386963  -0.0006956211
        0.0019450469  -0.0002012652  -0.0001465110   0.0010197487  -0.0001446960
       -0.0009301156  -0.0001298365   0.0002952760   0.0001623755   0.0002469514
       -0.0001731142   0.0000151093   0.0000025637   0.0000068739   0.0000737602
       -0.0002113056   0.0000963301  -0.0008376243   0.0001199660  -0.0001287887
        0.0001380091   0.0003406683   0.0001417718  -0.0020889799  -0.0042292195
       -0.0036389749   0.0003618901   0.0007987201   0.0004641836  -0.1223889957
        0.2370157044  -0.0206622036   0.0072887136  -0.0103171577   0.0043652663
       -0.0000635905   0.0000412077  -0.0001789114  -0.0003135526   0.0006093967
        0.0001453783  -0.0000455374   0.0000099770  -0.0000194889  -0.0000077070
        0.0000216650   0.0000090368  -0.0000368660   0.0000022208   0.0000110530
        0.0003558104   0.0003785990   0.0002542172   0.0078800055  -0.0158151314
        0.0009641076  -0.0131125160   0.0207684298  -0.0461917045   0.0054452526
       -0.0064622753   0.0009523834   0.0020008910   0.0000112450   0.0000275690
        0.0004180565  -0.0003449390   0.0001448619  -0.0002315157  -0.0000976172
        0.0000556381   0.0001042788  -0.0000046532  -0.0000446651  -0.0001084214
        0.0001481780  -0.0002124840  -0.0000120343   0.0000564126   0.0002031857
        0.0001033038   0.0000278622  -0.0000753447  -0.0011608746  -0.0035750743
       -0.0013351173   0.0006113704  -0.0005790845   0.0004082242   0.0150232871
       -0.0206622036   0.0510346901  -0.0171211417   0.0264963837  -0.0063674869
        0.0001795458  -0.0002170776  -0.0000144068  -0.0004005240  -0.0000907205
        0.0001962600   0.0000165407  -0.0000117126  -0.0000142672   0.0000055011
       -0.0000126562   0.0000022801   0.0000031840  -0.0000139648   0.0000120593
        0.0004618458   0.0001689736  -0.0009719926  -0.0010224301   0.0013027996
       -0.0120176184  -0.0421668246   0.0033029790  -0.0063945434  -0.0047621160
       -0.0089132732   0.0294221282   0.0028239395  -0.0008951349  -0.0007926158
       -0.0006734382  -0.0005468173   0.0007822206   0.0001336342   0.0004711665
       -0.0003279849   0.0001168857  -0.0000960496  -0.0001164425  -0.0003181432
       -0.0005438245   0.0002816391  -0.0000979585   0.0001224699  -0.0000763452
        0.0000483745   0.0001198443   0.0002424238   0.0002522149   0.0003657454
        0.0005568987  -0.0006171681  -0.0022067953  -0.0015414509  -0.0003609985
        0.0072887136  -0.0171211417   0.0509382565   0.0009557764   0.0052731670
       -0.0054098584  -0.0011023222   0.0024519587   0.0006251695   0.0001879812
        0.0003517266  -0.0000257657   0.0000810163   0.0000004710   0.0000150397
       -0.0000117711   0.0000164435   0.0000393412  -0.0000514774  -0.0000189420
        0.0005531142   0.0005069037  -0.0005409395  -0.0021653922   0.0045063477
       -0.0213461627   0.0026614141  -0.0628042060   0.0642070856  -0.0014730414
       -0.0017886082   0.0076912712  -0.0001216119   0.0003469968  -0.0006963308
        0.0004490822   0.0000175939  -0.0000272744  -0.0001024230  -0.0001501289
        0.0000177067   0.0000282668   0.0000242035  -0.0000226117  -0.0002268905
       -0.0000394539   0.0001799498   0.0000820720  -0.0001974853   0.0001780829
        0.0001093581  -0.0000007109   0.0000593440   0.0000907181   0.0007319039
       -0.0005730127  -0.0021410365  -0.0026785206  -0.0036037462   0.0027721654
       -0.0103171577   0.0264963837   0.0009557764   0.0716726807  -0.0725117047
       -0.0014843729   0.0003322587   0.0001317070  -0.0000273829  -0.0001359367
        0.0003587970   0.0000470879   0.0000007732  -0.0000065353  -0.0000173086
       -0.0000132454   0.0000072320   0.0000104047  -0.0000142085   0.0000007580
        0.0005523203   0.0005254331   0.0010848780  -0.0030527762   0.0013389377
       -0.0217224969  -0.0052662726   0.0642646952  -0.2575485559   0.0044865772
        0.0045386956  -0.0129380992  -0.0004390919  -0.0002274917   0.0005819192
       -0.0002569765   0.0001696882  -0.0002382602  -0.0001725260  -0.0001911500
        0.0001953016  -0.0001268596   0.0000172513   0.0000781634  -0.0003637289
       -0.0003217968   0.0003586033  -0.0001105083   0.0000804090  -0.0002172912
        0.0001951354   0.0001968244   0.0001808148   0.0003208681   0.0004512430
        0.0003635393  -0.0014586331  -0.0035500824  -0.0028074437  -0.0015607634
        0.0043652663  -0.0063674869   0.0052731670  -0.0725117047   0.2990144015
        0.0023743104   0.0008415857  -0.0002914088  -0.0003575694   0.0000464228
        0.0002340606   0.0000268938  -0.0000721115   0.0000540172  -0.0000340422
        0.0000195771   0.0000002297  -0.0000295240   0.0000183076  -0.0000148858
        0.0000339387   0.0000505638  -0.0001490979   0.0010728488   0.0005604073
        0.0011395895  -0.0045523567  -0.0057630764   0.0274127816  -0.0407565623
       -0.0032739111   0.0139144992  -0.0059861761   0.0105741388  -0.0200591181
        0.0019003394   0.0027095775  -0.0030295278   0.0002661018  -0.0014612062
        0.0008516808   0.0000106140   0.0003444100   0.0007617791   0.0000902029
        0.0001013385  -0.0001317735   0.0000410611   0.0000115549   0.0000557333
        0.0000621565   0.0000026971  -0.0000733909  -0.0000110814   0.0000466368
       -0.0000430309  -0.0004326996  -0.0001632088  -0.0005504077   0.0002809244
       -0.0000635905   0.0001795458  -0.0054098584  -0.0014843729   0.0023743104
        0.0517572971  -0.0015769367  -0.0105574024   0.0016325040  -0.0004459993
       -0.0122725007   0.0000163389  -0.0001782367   0.0001477655   0.0000910663
       -0.0001212069   0.0000332790  -0.0001066594   0.0001304209  -0.0000047142
        0.0000301792  -0.0000007957  -0.0001235264   0.0001127203   0.0002010581
        0.0008450452  -0.0016136239  -0.0001953443   0.0065109003  -0.0055171136
       -0.0455470319   0.0295601257   0.0108060567  -0.0178854529   0.0314533136
       -0.0008477229   0.0008494494   0.0011766198   0.0000464210  -0.0000980323
       -0.0001653662   0.0000236440  -0.0006103309  -0.0005698113   0.0000261295
       -0.0000159348  -0.0000309821   0.0000632321   0.0000025989  -0.0000194287
        0.0000070527  -0.0000059541  -0.0000025772   0.0000550100  -0.0002493966
        0.0001474164  -0.0003972765   0.0000892640  -0.0001632028   0.0002543366
        0.0000412077  -0.0002170776  -0.0011023222   0.0003322587   0.0008415857
       -0.0015769367   0.0607428238  -0.0445378311  -0.0003584599   0.0022035102
       -0.0245755986   0.0000055406   0.0001028142  -0.0000949347  -0.0001278527
        0.0001255579  -0.0000552708   0.0001109858  -0.0000822695   0.0000206009
       -0.0002847161  -0.0001674426   0.0001053308  -0.0011399336  -0.0004286004
        0.0012275716   0.0045289879   0.0024444791  -0.0116907435   0.0118209725
        0.0316339982  -0.2572690294  -0.0087618655   0.0130031197  -0.0096091003
        0.0025541624   0.0011029992  -0.0003160529  -0.0004337697  -0.0015890014
        0.0001683214   0.0000178108   0.0001190468   0.0001537395  -0.0000935864
       -0.0000853383  -0.0000291424   0.0000226085  -0.0000333262  -0.0000313866
       -0.0000653482  -0.0000052906   0.0000522948  -0.0000026636   0.0000593220
       -0.0001781360   0.0002902384   0.0002100423   0.0003584175  -0.0000825913
       -0.0001789114  -0.0000144068   0.0024519587   0.0001317070  -0.0002914088
       -0.0105574024  -0.0445378311   0.2995158040  -0.0003484227  -0.0014502265
       -0.0221980673   0.0000205391  -0.0001241103   0.0000287465   0.0000673107
       -0.0000792621  -0.0000160758  -0.0000042894  -0.0000253736   0.0000333236
       -0.0007065001  -0.0012925848  -0.0008870488  -0.0052079368  -0.0011390593
        0.0025492633  -0.0141726851  -0.0214996723  -0.0129022895  -0.0709216114
       -0.0674220328  -0.0432854915   0.0027287300   0.0206516202   0.0086441526
        0.0014293708   0.0029855155  -0.0001994106   0.0004705784  -0.0012218901
       -0.0000976628  -0.0004932006  -0.0002977386  -0.0006646324   0.0000562154
        0.0000126987  -0.0000347708   0.0000514453   0.0000046003  -0.0000285753
       -0.0004971542  -0.0001337147   0.0001128079  -0.0000093068   0.0003343122
        0.0000712425   0.0000881073   0.0001461202   0.0002851109   0.0000242647
       -0.0003135526  -0.0004005240   0.0006251695  -0.0000273829  -0.0003575694
        0.0016325040  -0.0003584599  -0.0003484227   0.0849086767   0.0697564703
        0.0475178917   0.0000092564  -0.0000978673   0.0000539462  -0.0001165880
        0.0000849108  -0.0000277297   0.0001006648  -0.0001722927  -0.0000002876
       -0.0001962836  -0.0003398819  -0.0003210971  -0.0018741447   0.0006215757
        0.0009096899  -0.0054607736  -0.0060286723  -0.0042843785  -0.0670562375
       -0.1712731777  -0.0866263888   0.0067594661  -0.0404340549  -0.0092955468
       -0.0030897298  -0.0013079936   0.0009265156   0.0001447313   0.0009710024
       -0.0010447772   0.0006354452   0.0001386462   0.0007043305   0.0000295768
       -0.0000242122   0.0000089244  -0.0000225927   0.0000187892  -0.0000227367
       -0.0001339563  -0.0000517248   0.0000472741   0.0002345376   0.0002110182
        0.0000831506   0.0000743846   0.0000227335   0.0000458890   0.0006381771
        0.0006093967  -0.0000907205   0.0001879812  -0.0001359367   0.0000464228
       -0.0004459993   0.0022035102  -0.0014502265   0.0697564703   0.2145003781
        0.1003754214  -0.0000676366   0.0001001892  -0.0001100021   0.0000924834
       -0.0000113010   0.0000477783  -0.0002058994   0.0002097157   0.0000504778
        0.0001556045   0.0001710838   0.0003115148   0.0009566494   0.0001613333
        0.0003322778   0.0030824328   0.0056893345   0.0041422597  -0.0411519046
       -0.0883425606  -0.1010528831   0.0034169632   0.0057379826   0.0050660623
       -0.0014541336  -0.0015682325   0.0018804811  -0.0003229052   0.0013981358
       -0.0006102870  -0.0000817394   0.0000465028  -0.0001754429  -0.0000498735
       -0.0000182980   0.0000282042  -0.0000506158   0.0000051235  -0.0000020149
        0.0001049491   0.0000676682  -0.0000062674  -0.0000311649   0.0002296541
       -0.0000991073   0.0002311548   0.0000383770   0.0002157915  -0.0003777601
        0.0001453783   0.0001962600   0.0003517266   0.0003587970   0.0002340606
       -0.0122725007  -0.0245755986  -0.0221980673   0.0475178917   0.1003754214
        0.1117531763  -0.0000183049   0.0000533930  -0.0000186792   0.0000052935
        0.0000250133   0.0000219384  -0.0000117628   0.0000014911  -0.0000192776
       -0.0000082687  -0.0000222649   0.0000073674  -0.0000551395   0.0000481577
       -0.0000036090  -0.0000225657  -0.0000116205   0.0000019976  -0.0000853638
        0.0003438498  -0.0001875154   0.0001759126   0.0003616039   0.0000461094
        0.0081777640   0.0022428763  -0.0083848223  -0.0002390852   0.0055698633
       -0.0014701497  -0.1106998101  -0.0655122417   0.0902470296  -0.0000234781
        0.0000069051   0.0000072251   0.0000250094  -0.0000189733   0.0000018849
        0.0000015991   0.0000084811   0.0000013152  -0.0000919103   0.0000084901
       -0.0001177495   0.0000333202  -0.0000309358   0.0000310498   0.0000328169
       -0.0000455374   0.0000165407  -0.0000257657   0.0000470879   0.0000268938
        0.0000163389   0.0000055406   0.0000205391   0.0000092564  -0.0000676366
       -0.0000183049   0.1209640992   0.0736875059  -0.1036728024  -0.0168052464
       -0.0150276489   0.0194053039  -0.0013794831  -0.0015935027   0.0040416966
       -0.0000355176   0.0000022497  -0.0000121593  -0.0000120350   0.0000075529
        0.0000020992  -0.0000884987   0.0001101187  -0.0000240993  -0.0002505134
        0.0001931643  -0.0000391319  -0.0011639618   0.0002296680  -0.0007763367
       -0.0119037961  -0.0148014491   0.0189071198   0.0028937776  -0.0085394975
        0.0033864693  -0.0644268777  -0.1025579267   0.0878798617   0.0000063211
        0.0000158851  -0.0000080546  -0.0000084420  -0.0000064964   0.0000054195
       -0.0000263607  -0.0000085090  -0.0000071038   0.0000555367   0.0000897838
        0.0000336864  -0.0000262126  -0.0000042162  -0.0000051823  -0.0001086609
        0.0000099770  -0.0000117126   0.0000810163   0.0000007732  -0.0000721115
       -0.0001782367   0.0001028142  -0.0001241103  -0.0000978673   0.0001001892
        0.0000533930   0.0736875059   0.1202943946  -0.1031201937  -0.0060781549
       -0.0039574143   0.0054185922   0.0076809780   0.0087189385  -0.0114864453
        0.0000312449  -0.0000367321   0.0000025370  -0.0000330411   0.0000764324
       -0.0000036964   0.0000840866  -0.0000513738   0.0000310542   0.0002699374
       -0.0003007240   0.0002760542  -0.0009394861  -0.0007305981   0.0000733478
        0.0048160408   0.0053289212  -0.0068589683  -0.0006303810   0.0031858553
        0.0003423532   0.0888417702   0.0888739769  -0.1643339058   0.0000060712
        0.0000017577   0.0000147173   0.0000343326  -0.0000076180  -0.0000075100
       -0.0000027345  -0.0000049462  -0.0000114746  -0.0001203632  -0.0000387136
       -0.0000195055   0.0000238891  -0.0000140090  -0.0000197745   0.0000617127
       -0.0000194889  -0.0000142672   0.0000004710  -0.0000065353   0.0000540172
        0.0001477655  -0.0000949347   0.0000287465   0.0000539462  -0.0001100021
       -0.0000186792  -0.1036728024  -0.1031201937   0.1859113069  -0.0037632087
       -0.0043017250   0.0065652653   0.0147907488   0.0113706511  -0.0220116181
       -0.0000202710   0.0000193813   0.0000054309   0.0000194094  -0.0000262691
        0.0000092016  -0.0001301296   0.0001886044  -0.0000254081  -0.0005278720
        0.0001633296   0.0007027812  -0.0020825773   0.0034329184  -0.0010447593
       -0.0186875916   0.0016812754  -0.0074459721   0.0009036035  -0.0019744650
        0.0017868192  -0.2497334242  -0.0581173582  -0.0744420331   0.0000132609
       -0.0000041862  -0.0000041004  -0.0000020990   0.0000075783   0.0000027334
        0.0000201117   0.0000047426   0.0000043910   0.0000401151   0.0000474176
       -0.0000014466   0.0000208981   0.0000033294   0.0000332989  -0.0000606811
       -0.0000077070   0.0000055011   0.0000150397  -0.0000173086  -0.0000340422
        0.0000910663  -0.0001278527   0.0000673107  -0.0001165880   0.0000924834
        0.0000052935  -0.0168052464  -0.0060781549  -0.0037632087   0.2865760590
        0.0624991596   0.0860273471   0.0004669163  -0.0017869182  -0.0018891381
        0.0000227534   0.0000160124  -0.0000144980   0.0000314374   0.0000008854
       -0.0000076088   0.0002127884  -0.0002279637   0.0000231987   0.0012242287
       -0.0007010863  -0.0009177625   0.0036183060  -0.0039314572   0.0006257503
        0.0219740111   0.0053357892   0.0096344370  -0.0003249075   0.0009935826
       -0.0020383754  -0.0572141055  -0.0546113053  -0.0160688596   0.0000014008
       -0.0000064764   0.0000051346  -0.0000165774   0.0000054325   0.0000004362
       -0.0000063137  -0.0000081929   0.0000021719   0.0000108517  -0.0000353041
        0.0000142321  -0.0000273593  -0.0000010992  -0.0000148946   0.0000846595
        0.0000216650  -0.0000126562  -0.0000117711  -0.0000132454   0.0000195771
       -0.0001212069   0.0001255579  -0.0000792621   0.0000849108  -0.0000113010
        0.0000250133  -0.0150276489  -0.0039574143  -0.0043017250   0.0624991596
        0.0614537790   0.0218285174  -0.0170146170  -0.0044478582  -0.0087228264
       -0.0000085398  -0.0000084306   0.0000085749  -0.0000092315  -0.0000165627
        0.0000265676  -0.0000117802   0.0000243277  -0.0000238878   0.0002055518
       -0.0002669786   0.0004029745  -0.0016013592   0.0010095949   0.0003609078
       -0.0067447373  -0.0041823729  -0.0018537172   0.0013234149   0.0007931613
       -0.0000889879  -0.0740933084  -0.0154360968  -0.0670358873   0.0000013534
        0.0000047509   0.0000026358  -0.0000006990   0.0000059234   0.0000031220
        0.0000032319  -0.0000029353  -0.0000060682  -0.0000048147   0.0000350254
       -0.0000306744   0.0000250349  -0.0000049053   0.0000004003  -0.0000076376
        0.0000090368   0.0000022801   0.0000164435   0.0000072320   0.0000002297
        0.0000332790  -0.0000552708  -0.0000160758  -0.0000277297   0.0000477783
        0.0000219384   0.0194053039   0.0054185922   0.0065652653   0.0860273471
        0.0218285174   0.0730623421  -0.0245311229  -0.0092103873  -0.0114019400
        0.0000162252  -0.0000284162  -0.0000103681  -0.0000227725   0.0000439268
       -0.0000348810  -0.0000913545   0.0000859507  -0.0000172496  -0.0009915925
        0.0000985451  -0.0008148210  -0.0018195255   0.0009874908  -0.0009966982
       -0.0013635063   0.0126367540   0.0110902881  -0.0007875769  -0.0013131264
        0.0003624332  -0.0379366997   0.0121979631   0.0215193209   0.0000074477
        0.0000087055  -0.0000047372   0.0000320199  -0.0000185282  -0.0000019204
       -0.0000108684  -0.0000017986  -0.0000023228  -0.0000600202  -0.0000168987
        0.0000658850  -0.0000190184   0.0000125462  -0.0000048147  -0.0000097097
       -0.0000368660   0.0000031840   0.0000393412   0.0000104047  -0.0000295240
       -0.0001066594   0.0001109858  -0.0000042894   0.0001006648  -0.0002058994
       -0.0000117628  -0.0013794831   0.0076809780   0.0147907488   0.0004669163
       -0.0170146170  -0.0245311229   0.0439361719  -0.0152381002  -0.0213673479
       -0.0000176799   0.0000201401   0.0000110875   0.0000111737  -0.0000045930
       -0.0000013894   0.0000969671  -0.0000746929   0.0000698289   0.0008630083
        0.0003486806   0.0007168281   0.0016088947  -0.0015951144   0.0007819362
        0.0042412986  -0.0197786276  -0.0212812964   0.0008403156   0.0007916302
        0.0027109890   0.0110506598  -0.1160437345  -0.1164806962  -0.0000126377
       -0.0000028432   0.0000021412  -0.0000156787  -0.0000057615  -0.0000012170
       -0.0000089268   0.0000061540   0.0000034984   0.0000415817   0.0000306904
       -0.0000179600   0.0000128082  -0.0000116987   0.0000158227   0.0000000858
        0.0000022208  -0.0000139648  -0.0000514774  -0.0000142085   0.0000183076
        0.0001304209  -0.0000822695  -0.0000253736  -0.0001722927   0.0002097157
        0.0000014911  -0.0015935027   0.0087189385   0.0113706511  -0.0017869182
       -0.0044478582  -0.0092103873  -0.0152381002   0.1319332319   0.1313297031
       -0.0000244092   0.0000121821   0.0000049856   0.0000028008  -0.0000366894
        0.0000033077  -0.0000627200   0.0000126258  -0.0000217321  -0.0004109047
        0.0001591510  -0.0002403956  -0.0004623136   0.0000149581   0.0001558163
        0.0018231314  -0.0009070587   0.0058108791  -0.0001487849   0.0011122023
       -0.0012208222   0.0185228239  -0.1116110181  -0.2063465846  -0.0000071051
       -0.0000006395  -0.0000157925  -0.0000123736   0.0000009607   0.0000002691
        0.0000026124   0.0000079006   0.0000070664   0.0000447709   0.0000154934
        0.0000006706  -0.0000068778   0.0000166104   0.0000117939  -0.0000219172
        0.0000110530   0.0000120593  -0.0000189420   0.0000007580  -0.0000148858
       -0.0000047142   0.0000206009   0.0000333236  -0.0000002876   0.0000504778
       -0.0000192776   0.0040416966  -0.0114864453  -0.0220116181  -0.0018891381
       -0.0087228264  -0.0114019400  -0.0213673479   0.1313297031   0.2352528768
