           1           2   1.02012816956853     
           2           3   1.00648639719910     
           3           4  0.991511720772874     
           4           5   1.02713578601950     
           5           6   1.97725979903747     
           1           7  0.987235709084753     
           1           8  0.986181676229160     
           1           9  0.987475264952659     
           2          10  0.977875238076330     
           2          11  0.977964401735942     
           3          12  0.978234567695768     
           3          13  0.977423761124934     
           4          14  0.960910818820365     
           4          15  0.973698490825523     
           5          16  0.966301374264023     
           6          17  0.977170175487462     
           6          18  0.975281111215418     
