*************************************************
******************* ORCA 6.0.0 ******************
*************************************************
$Calculation_Status
   &GeometryIndex 1
   &ListStatus       OUT
   &VERSION [&Type "String"] "6.0.0"
   &PROGNAME [&Type "String"] "LeanSCF"
   &STATUS [&Type "String"] "NORMAL TERMINATION"
$End
$Geometry
   &GeometryIndex 1
   &ListStatus       OUT
   &NATOMS [&Type "Integer"] 26
   &NCORELESSECP [&Type "Integer"] 0
   &NGHOSTATOMS [&Type "Integer"] 0
   &CartesianCoordinates [&Type "Coordinates", &Dim(26,4), &Units "Bohr"] 
              C      5.961480257501   -2.727034427344   -1.437179449287
              C      3.660672127439   -1.362844231362   -0.361816189354
              C      3.822192878446   -1.204026622475    2.505946348786
              C      1.287618965845   -2.612674675732   -1.255372951405
              N     -1.008486436168   -2.121217785071   -0.819635011669
              O     -1.493597703573   -0.047476817607    0.796376448929
              C     -3.991771177723    0.533352283457    1.143742529170
              O     -4.438941117185    2.345856521463    2.492794836039
              N     -5.650237639874   -0.938156252789   -0.018154503348
              C     -8.349673428669   -0.565581368974    0.145671211630
              S      3.660990679519    1.848181722229   -1.892910411274
              C      2.786575812736    4.096925532497    0.539714129067
              H      6.008369052806   -4.668337868776   -0.764921124627
              H      5.899500500275   -2.719889429902   -3.490532028267
              H      7.678554517406   -1.771827433786   -0.842283019580
              H      2.194726663174   -0.247108405179    3.313987880230
              H      5.534981854017   -0.214239309293    3.059713635630
              H      3.896174744985   -3.113113204161    3.268656352863
              H      1.497072510823   -4.183865093534   -2.548789180534
              H     -4.962138299258   -2.365571510386   -1.090956861416
              H     -8.698150713797    1.050946591760    1.367987641277
              H     -9.242345225925   -2.238778891113    0.944106069505
              H     -9.125134632334   -0.194402286203   -1.724031796137
              H      2.777435033194    5.912142913998   -0.416639555223
              H      4.189504648211    4.096039232799    2.033573574072
              H      0.914161585595    3.684291952715    1.269582545814
$End
$SCF_Energy
   &GeometryIndex 1
   &ListStatus       OUT
   &SCF_ENERGY [&Type "Double"]      -9.3314343719187218e+02
$End
$DFT_Energy
   &GeometryIndex 1
   &ListStatus       OUT
   &NALPHAEL [&Type "Integer"] 51
   &NBETAEL [&Type "Integer"] 51
   &NTOTALEL [&Type "Integer"] 102
   &EEXCHANGE [&Type "Double"]      -9.6299921057579994e+01
   &ECORR [&Type "Double"]      -3.4004535729681185e+00
   &ECNL [&Type "Double"]       0.0000000000000000e+00
   &EXC [&Type "Double"]      -9.9700374630548112e+01
   &EEMBED [&Type "Double"]       0.0000000000000000e+00
   &FINALEN [&Type "Double"]      -9.3314343719187218e+02  "No Van der Waals correction"
$End
$Mulliken_Population_Analysis
   &GeometryIndex 1
   &ListStatus       OUT
   &NATOMS [&Type "Integer"] 26
   &ATNO [&Type "ArrayOfIntegers", &Dim (26,1)] 
                                                         0

0                                                        6
1                                                        6
2                                                        6
3                                                        6
4                                                        7
5                                                        8
6                                                        6
7                                                        8
8                                                        7
9                                                        6
10                                                      16
11                                                       6
12                                                       1
13                                                       1
14                                                       1
15                                                       1
16                                                       1
17                                                       1
18                                                       1
19                                                       1
20                                                       1
21                                                       1
22                                                       1
23                                                       1
24                                                       1
25                                                       1
   &ATOMICCHARGES [&Type "ArrayOfDoubles", &Dim (26,1)] 
                                                         0

0                                     -4.8284401663048460e-01
1                                      2.6518117781908668e-01
2                                     -5.8438683301213601e-01
3                                     -1.2041557501798472e-01
4                                     -3.2296470241463116e-01
5                                      5.9062258844582161e-02
6                                      3.1384430723894319e-01
7                                     -4.6158527131670901e-01
8                                     -1.5221299497420837e-01
9                                     -3.8464216619629532e-01
10                                    -1.5305275926670703e-01
11                                    -4.2980334671022824e-01
12                                     1.5880373645487056e-01
13                                     1.6300005614634305e-01
14                                     1.7403501169764979e-01
15                                     1.9827580617678808e-01
16                                     1.7282274406730336e-01
17                                     1.5665427350225913e-01
18                                     1.6050353003206919e-01
19                                     2.6056667305909587e-01
20                                     1.9326778249728882e-01
21                                     1.4586074240137481e-01
22                                     1.4633779300259275e-01
23                                     1.5676692152782690e-01
24                                     1.5750999892098549e-01
25                                     2.0941485215038436e-01
$End
$Loewdin_Population_Analysis
   &GeometryIndex 1
   &ListStatus       OUT
   &NATOMS [&Type "Integer"] 26
   &ATNO [&Type "ArrayOfIntegers", &Dim (26,1)] 
                                                         0

0                                                        6
1                                                        6
2                                                        6
3                                                        6
4                                                        7
5                                                        8
6                                                        6
7                                                        8
8                                                        7
9                                                        6
10                                                      16
11                                                       6
12                                                       1
13                                                       1
14                                                       1
15                                                       1
16                                                       1
17                                                       1
18                                                       1
19                                                       1
20                                                       1
21                                                       1
22                                                       1
23                                                       1
24                                                       1
25                                                       1
   &ATOMICCHARGES [&Type "ArrayOfDoubles", &Dim (26,1)] 
                                                         0

0                                      3.5479473824738082e-05
1                                      5.4562895317684815e-04
2                                      5.5368707329770902e-05
3                                      2.7994056339947850e-04
4                                      4.7459143304823698e-04
5                                      9.9762565483224663e-01
6                                      1.4316501448081919e-04
7                                      5.6372842024030945e-04
8                                      1.7394518750800538e-04
9                                      3.3625256019952211e-05
10                                     2.1004607945323323e-05
11                                     1.8154309081279765e-05
12                                     4.9310760427065376e-08
13                                     2.9056845817360804e-08
14                                     2.4297369216779969e-08
15                                     8.6149250666003485e-06
16                                     1.2356016617339315e-06
17                                     1.0065088608186576e-08
18                                     1.2836592014355806e-07
19                                     8.4285519337272626e-06
20                                     2.8031252704744052e-07
21                                     8.7214664526481206e-08
22                                     7.8173682107033208e-08
23                                     2.6963218337775429e-07
24                                     6.0629593537937726e-07
25                                     9.8714380564510078e-06
$End
$Mayer_Population_Analysis
   &GeometryIndex 1
   &ListStatus       OUT
   &NATOMS [&Type "Integer"] 26 "Total number of atoms"
   &BONDTHRESH [&Type "Double"]       1.0000000000000001e-01  "The threshold for printing"
   &NBONDORDERSPRINT [&Type "Integer"] 25 "The number of bond orders larger than threshold"
   &BONDORDERS [&Type "ArrayOfDoubles", &Dim (25,1)] "The bond orders"
                                                         0

0                                      8.9111392835207659e-01
1                                      9.7746487672877924e-01
2                                      9.6293209722205475e-01
3                                      9.7134897292545364e-01
4                                      9.1172542362877762e-01
5                                      8.6453124664806547e-01
6                                      8.1762545220632388e-01
7                                      9.5329725211938332e-01
8                                      9.7533525628534989e-01
9                                      9.5978572187465572e-01
10                                     1.8726012219749779e+00
11                                     9.5596083171211610e-01
12                                     1.0099747328329554e+00
13                                     9.7077663238740597e-01
14                                     1.8924026287123050e+00
15                                     1.2595123472698802e+00
16                                     9.0909318677590045e-01
17                                     8.7947888560045451e-01
18                                     9.5711879056213123e-01
19                                     9.6288619450568913e-01
20                                     9.6095559320469748e-01
21                                     9.8501793068835064e-01
22                                     9.4317200653515720e-01
23                                     9.5111993750965540e-01
24                                     9.3572302583449973e-01
   &COMPONENTS [&Type "ArrayOfIntegers", &Dim (25,4)] "The indices and atomic numbers of the bonding atoms"
                                                         0                           1                           2                           3

0                                                        0                           6                           1                           6
1                                                        0                           6                          12                           1
2                                                        0                           6                          13                           1
3                                                        0                           6                          14                           1
4                                                        1                           6                           2                           6
5                                                        1                           6                           3                           6
6                                                        1                           6                          10                          16
7                                                        2                           6                          15                           1
8                                                        2                           6                          16                           1
9                                                        2                           6                          17                           1
10                                                       3                           6                           4                           7
11                                                       3                           6                          18                           1
12                                                       4                           7                           5                           8
13                                                       5                           8                           6                           6
14                                                       6                           6                           7                           8
15                                                       6                           6                           8                           7
16                                                       8                           7                           9                           6
17                                                       8                           7                          19                           1
18                                                       9                           6                          20                           1
19                                                       9                           6                          21                           1
20                                                       9                           6                          22                           1
21                                                      10                          16                          11                           6
22                                                      11                           6                          23                           1
23                                                      11                           6                          24                           1
24                                                      11                           6                          25                           1
   &ATNO [&Type "ArrayOfIntegers", &Dim (26,1)] "Atomic number of the elements"
                                                         0

0                                                        6
1                                                        6
2                                                        6
3                                                        6
4                                                        7
5                                                        8
6                                                        6
7                                                        8
8                                                        7
9                                                        6
10                                                      16
11                                                       6
12                                                       1
13                                                       1
14                                                       1
15                                                       1
16                                                       1
17                                                       1
18                                                       1
19                                                       1
20                                                       1
21                                                       1
22                                                       1
23                                                       1
24                                                       1
25                                                       1
   &NA [&Type "ArrayOfDoubles", &Dim (26,1)] "Mulliken gross atomic population"
                                                         0

0                                      6.4828440166304864e+00
1                                      5.7348188221808991e+00
2                                      6.5843868330121254e+00
3                                      6.1204155750179519e+00
4                                      7.3229647024146294e+00
5                                      7.9409377411554063e+00
6                                      5.6861556927610657e+00
7                                      8.4615852713166699e+00
8                                      7.1522129949742315e+00
9                                      6.3846421661962998e+00
10                                     1.6153052759266735e+01
11                                     6.4298033467102442e+00
12                                     8.4119626354513000e-01
13                                     8.3699994385365761e-01
14                                     8.2596498830235188e-01
15                                     8.0172419382321169e-01
16                                     8.2717725593269698e-01
17                                     8.4334572649774076e-01
18                                     8.3949646996792970e-01
19                                     7.3943332694090413e-01
20                                     8.0673221750271085e-01
21                                     8.5413925759862475e-01
22                                     8.5366220699740647e-01
23                                     8.4323307847217344e-01
24                                     8.4249000107901428e-01
25                                     7.9058514784961531e-01
   &ZA [&Type "ArrayOfDoubles", &Dim (26,1)] "Total nuclear charge"
                                                         0

0                                      6.0000000000000000e+00
1                                      6.0000000000000000e+00
2                                      6.0000000000000000e+00
3                                      6.0000000000000000e+00
4                                      7.0000000000000000e+00
5                                      8.0000000000000000e+00
6                                      6.0000000000000000e+00
7                                      8.0000000000000000e+00
8                                      7.0000000000000000e+00
9                                      6.0000000000000000e+00
10                                     1.6000000000000000e+01
11                                     6.0000000000000000e+00
12                                     1.0000000000000000e+00
13                                     1.0000000000000000e+00
14                                     1.0000000000000000e+00
15                                     1.0000000000000000e+00
16                                     1.0000000000000000e+00
17                                     1.0000000000000000e+00
18                                     1.0000000000000000e+00
19                                     1.0000000000000000e+00
20                                     1.0000000000000000e+00
21                                     1.0000000000000000e+00
22                                     1.0000000000000000e+00
23                                     1.0000000000000000e+00
24                                     1.0000000000000000e+00
25                                     1.0000000000000000e+00
   &QA [&Type "ArrayOfDoubles", &Dim (26,1)] "Mulliken gross atomic charge"
                                                         0

0                                     -4.8284401663048637e-01
1                                      2.6518117781910089e-01
2                                     -5.8438683301212535e-01
3                                     -1.2041557501795186e-01
4                                     -3.2296470241462938e-01
5                                      5.9062258844593707e-02
6                                      3.1384430723893431e-01
7                                     -4.6158527131666993e-01
8                                     -1.5221299497423146e-01
9                                     -3.8464216619629976e-01
10                                    -1.5305275926673545e-01
11                                    -4.2980334671024423e-01
12                                     1.5880373645487000e-01
13                                     1.6300005614634239e-01
14                                     1.7403501169764812e-01
15                                     1.9827580617678831e-01
16                                     1.7282274406730302e-01
17                                     1.5665427350225924e-01
18                                     1.6050353003207030e-01
19                                     2.6056667305909587e-01
20                                     1.9326778249728915e-01
21                                     1.4586074240137525e-01
22                                     1.4633779300259353e-01
23                                     1.5676692152782656e-01
24                                     1.5750999892098572e-01
25                                     2.0941485215038469e-01
   &VA [&Type "ArrayOfDoubles", &Dim (26,1)] "Mayer's total valence"
                                                         0

0                                      3.7712646333036592e+00
1                                      3.3923475027584380e+00
2                                      3.7953374305271921e+00
3                                      3.8061726731649186e+00
4                                      3.0394859443868345e+00
5                                      2.1571603021932928e+00
6                                      4.1796185877297063e+00
7                                      2.0430868431027061e+00
8                                      3.1100692072893139e+00
9                                      3.8062523594854030e+00
10                                     1.9909444094602526e+00
11                                     3.8340549728031839e+00
12                                     9.5919803840611817e-01
13                                     9.5887388691299025e-01
14                                     9.5805851587791491e-01
15                                     9.5037519105018764e-01
16                                     9.5328508622224051e-01
17                                     9.6355248556793482e-01
18                                     9.6347082566410458e-01
19                                     9.4393106599554155e-01
20                                     9.5662470218585083e-01
21                                     9.5697496474514632e-01
22                                     9.5679831644066904e-01
23                                     9.6118481623083729e-01
24                                     9.5544553951641709e-01
25                                     9.4596489350078439e-01
   &BVA [&Type "ArrayOfDoubles", &Dim (26,1)] "Mayer's bonded valence"
                                                         0

0                                      3.7712646333037001e+00
1                                      3.3923475027583714e+00
2                                      3.7953374305272054e+00
3                                      3.8061726731649062e+00
4                                      3.0394859443867741e+00
5                                      2.1571603021933452e+00
6                                      4.1796185877296992e+00
7                                      2.0430868431027185e+00
8                                      3.1100692072892540e+00
9                                      3.8062523594853963e+00
10                                     1.9909444094602158e+00
11                                     3.8340549728031879e+00
12                                     9.5919803840611617e-01
13                                     9.5887388691299325e-01
14                                     9.5805851587792645e-01
15                                     9.5037519105019885e-01
16                                     9.5328508622225128e-01
17                                     9.6355248556793527e-01
18                                     9.6347082566407816e-01
19                                     9.4393106599554999e-01
20                                     9.5662470218585582e-01
21                                     9.5697496474513877e-01
22                                     9.5679831644067226e-01
23                                     9.6118481623084229e-01
24                                     9.5544553951642996e-01
25                                     9.4596489350078783e-01
   &FA [&Type "ArrayOfDoubles", &Dim (26,1)] "Mayer's free valence"
                                                         0

0                                      0.0000000000000000e+00
1                                      0.0000000000000000e+00
2                                      0.0000000000000000e+00
3                                      0.0000000000000000e+00
4                                      0.0000000000000000e+00
5                                      0.0000000000000000e+00
6                                      0.0000000000000000e+00
7                                      0.0000000000000000e+00
8                                      0.0000000000000000e+00
9                                      0.0000000000000000e+00
10                                     0.0000000000000000e+00
11                                     0.0000000000000000e+00
12                                     0.0000000000000000e+00
13                                     0.0000000000000000e+00
14                                     0.0000000000000000e+00
15                                     0.0000000000000000e+00
16                                     0.0000000000000000e+00
17                                     0.0000000000000000e+00
18                                     0.0000000000000000e+00
19                                     0.0000000000000000e+00
20                                     0.0000000000000000e+00
21                                     0.0000000000000000e+00
22                                     0.0000000000000000e+00
23                                     0.0000000000000000e+00
24                                     0.0000000000000000e+00
25                                     0.0000000000000000e+00
$End
$VdW_Correction
   &GeometryIndex 1
   &ListStatus       OUT
   &VDW [&Type "Double"]      -9.3606396655669371e-03
$End
$Calculation_Info
   &GeometryIndex 1
   &ListStatus       OUT
   &MULT [&Type "Integer"] 1
   &CHARGE [&Type "Integer"] 0
   &NUMOFATOMS [&Type "Integer"] 26
   &NUMOFELECTRONS [&Type "Integer"] 102
   &NUMOFFCELECTRONS [&Type "Integer"] 1
   &NUMOFCORRELECTRONS [&Type "Integer"] 0
   &NUMOFBASISFUNCTS [&Type "Integer"] 326
   &NUMOFAUXCBASISFUNCTS [&Type "Integer"] 0
   &NUMOFAUXJBASISFUNCTS [&Type "Integer"] 744
   &NUMOFAUXJKBASISFUNCTS [&Type "Integer"] 0
   &NUMOFCABSBASISFUNCTS [&Type "Integer"] 0
   &TOTALENERGY [&Type "Double"]      -9.3312528762163777e+02  "Hartrees"
$End
$SCF_Dipole_Moment
   &GeometryIndex 1
   &ListStatus       OUT
   &METHOD [&Type "String"] "SCF"
   &LEVEL [&Type "String"] "Relaxed density"
   &MULT [&Type "Integer"] 1
   &STATE [&Type "Integer"] -1
   &IRREP [&Type "Integer"] 0
   &NATOMS [&Type "Integer"] 26
   &DODIPOLEATOM [&Type "Boolean"] false
   &DIPOLEELECCONTRIB [&Type "ArrayOfDoubles", &Dim (3,1)] "Electronic contribution"
                                                         0

0                                     -3.8998680033928044e+00
1                                      2.2214005702963022e+00
2                                     -2.5741984631762485e+00
   &DIPOLENUCCONTRIB [&Type "ArrayOfDoubles", &Dim (3,1)] "Nuclear contribution"
                                                         0

0                                      4.1290963198397357e+00
1                                     -3.4813281019625300e+00
2                                      2.2265702961379947e+00
   &DIPOLETOTAL [&Type "ArrayOfDoubles", &Dim (3,1)] "Total"
                                                         0

0                                      2.2922831644693131e-01
1                                     -1.2599275316662277e+00
2                                     -3.4762816703825372e-01
   &DIPOLEMAGNITUDE [&Type "Double", &Units "a.u."]       1.3269545390215989e+00
$End
