*************************************************
******************* ORCA 6.0.0 ******************
*************************************************
$Calculation_Status
   &GeometryIndex 1
   &ListStatus       OUT
   &VERSION [&Type "String"] "6.0.0"
   &PROGNAME [&Type "String"] "LeanSCF"
   &STATUS [&Type "String"] "NORMAL TERMINATION"
$End
$Geometry
   &GeometryIndex 1
   &ListStatus       OUT
   &NATOMS [&Type "Integer"] 26
   &NCORELESSECP [&Type "Integer"] 0
   &NGHOSTATOMS [&Type "Integer"] 0
   &CartesianCoordinates [&Type "Coordinates", &Dim(26,4), &Units "Bohr"] 
              C      5.961480257501   -2.727034427344   -1.437179449287
              C      3.660672127439   -1.362844231362   -0.361816189354
              C      3.822192878446   -1.204026622475    2.505946348786
              C      1.287618965845   -2.612674675732   -1.255372951405
              N     -1.008486436168   -2.121217785071   -0.819635011669
              O     -1.493597703573   -0.047476817607    0.796376448929
              C     -3.991771177723    0.533352283457    1.143742529170
              O     -4.438941117185    2.345856521463    2.492794836039
              N     -5.650237639874   -0.938156252789   -0.018154503348
              C     -8.349673428669   -0.565581368974    0.145671211630
              S      3.660990679519    1.848181722229   -1.892910411274
              C      2.786575812736    4.096925532497    0.539714129067
              H      6.008369052806   -4.668337868776   -0.764921124627
              H      5.899500500275   -2.719889429902   -3.490532028267
              H      7.678554517406   -1.771827433786   -0.842283019580
              H      2.194726663174   -0.247108405179    3.313987880230
              H      5.534981854017   -0.214239309293    3.059713635630
              H      3.896174744985   -3.113113204161    3.268656352863
              H      1.497072510823   -4.183865093534   -2.548789180534
              H     -4.962138299258   -2.365571510386   -1.090956861416
              H     -8.698150713797    1.050946591760    1.367987641277
              H     -9.242345225925   -2.238778891113    0.944106069505
              H     -9.125134632334   -0.194402286203   -1.724031796137
              H      2.777435033194    5.912142913998   -0.416639555223
              H      4.189504648211    4.096039232799    2.033573574072
              H      0.914161585595    3.684291952715    1.269582545814
$End
$SCF_Energy
   &GeometryIndex 1
   &ListStatus       OUT
   &SCF_ENERGY [&Type "Double"]      -9.3315599094904144e+02
$End
$DFT_Energy
   &GeometryIndex 1
   &ListStatus       OUT
   &NALPHAEL [&Type "Integer"] 51
   &NBETAEL [&Type "Integer"] 51
   &NTOTALEL [&Type "Integer"] 102
   &EEXCHANGE [&Type "Double"]      -9.6306781917214479e+01
   &ECORR [&Type "Double"]      -3.4007455468770287e+00
   &ECNL [&Type "Double"]       0.0000000000000000e+00
   &EXC [&Type "Double"]      -9.9707527464091513e+01
   &EEMBED [&Type "Double"]       0.0000000000000000e+00
   &FINALEN [&Type "Double"]      -9.3315599094904144e+02  "No Van der Waals correction"
$End
$Solvation_Details
   &GeometryIndex 1
   &ListStatus       OUT
   &SOLVENT [&Type "String"] "WATER"
   &EPSILON [&Type "Double"]       7.8355000000000004e+01
   &REFRAC [&Type "Double"]       1.3328000000000000e+00
   &RSOLV [&Type "Double"]       1.3000000000000000e+00
   &SURFACETYPE [&Type "String"] "GAUSSIAN VDW"
   &NPOINTS [&Type "Integer"] 1998
   &SURFACEAREA [&Type "Double"]       8.1505260768300002e+02
   &CPCMDIELENERGY [&Type "Double"]      -2.8313163999999998e-02
$End
$Mulliken_Population_Analysis
   &GeometryIndex 1
   &ListStatus       OUT
   &NATOMS [&Type "Integer"] 26
   &ATNO [&Type "ArrayOfIntegers", &Dim (26,1)] 
                                                         0

0                                                        6
1                                                        6
2                                                        6
3                                                        6
4                                                        7
5                                                        8
6                                                        6
7                                                        8
8                                                        7
9                                                        6
10                                                      16
11                                                       6
12                                                       1
13                                                       1
14                                                       1
15                                                       1
16                                                       1
17                                                       1
18                                                       1
19                                                       1
20                                                       1
21                                                       1
22                                                       1
23                                                       1
24                                                       1
25                                                       1
   &ATOMICCHARGES [&Type "ArrayOfDoubles", &Dim (26,1)] 
                                                         0

0                                     -5.1691130452893219e-01
1                                      3.0722005858573009e-01
2                                     -6.0971498430125060e-01
3                                     -1.0951080455926920e-01
4                                     -3.6757143853462892e-01
5                                      5.0365953931782670e-02
6                                      3.3924108105309259e-01
7                                     -5.5804886100521855e-01
8                                     -1.7208724400051612e-01
9                                     -3.9806227987256904e-01
10                                    -2.1267203292979531e-01
11                                    -4.5211846953883139e-01
12                                     1.8254831193344834e-01
13                                     1.7540268390088676e-01
14                                     1.8523686195151967e-01
15                                     1.8902956833434859e-01
16                                     1.9258197845892489e-01
17                                     1.8261722394495750e-01
18                                     2.0210819425343196e-01
19                                     3.0460679879224384e-01
20                                     1.8405998678499302e-01
21                                     1.7273878014188360e-01
22                                     1.7229497463242338e-01
23                                     1.7990684622719133e-01
24                                     1.8456763190851366e-01
25                                     1.9217048443569684e-01
$End
$Loewdin_Population_Analysis
   &GeometryIndex 1
   &ListStatus       OUT
   &NATOMS [&Type "Integer"] 26
   &ATNO [&Type "ArrayOfIntegers", &Dim (26,1)] 
                                                         0

0                                                        6
1                                                        6
2                                                        6
3                                                        6
4                                                        7
5                                                        8
6                                                        6
7                                                        8
8                                                        7
9                                                        6
10                                                      16
11                                                       6
12                                                       1
13                                                       1
14                                                       1
15                                                       1
16                                                       1
17                                                       1
18                                                       1
19                                                       1
20                                                       1
21                                                       1
22                                                       1
23                                                       1
24                                                       1
25                                                       1
   &ATOMICCHARGES [&Type "ArrayOfDoubles", &Dim (26,1)] 
                                                         0

0                                      3.5520404260631093e-05
1                                      5.4631728044351264e-04
2                                      5.5409612665853147e-05
3                                      2.8010993652901554e-04
4                                      4.7546671092755740e-04
5                                      9.9771082624387519e-01
6                                      1.4309607842773371e-04
7                                      4.7643520157455586e-04
8                                      1.7431887290031691e-04
9                                      3.3612007847250881e-05
10                                     2.0995880039037846e-05
11                                     1.8197471374177378e-05
12                                     4.9475587518697159e-08
13                                     2.8916195099540339e-08
14                                     2.4219268861799722e-08
15                                     8.6130949792056819e-06
16                                     1.2335884224891419e-06
17                                     1.0053743917937949e-08
18                                     1.2840451635290805e-07
19                                     8.3895801658794786e-06
20                                     2.8763948907063185e-07
21                                     8.6566605798545413e-08
22                                     7.7620690947579309e-08
23                                     2.7163038643014247e-07
24                                     6.0774440101942240e-07
25                                     9.8857646809990780e-06
$End
$Mayer_Population_Analysis
   &GeometryIndex 1
   &ListStatus       OUT
   &NATOMS [&Type "Integer"] 26 "Total number of atoms"
   &BONDTHRESH [&Type "Double"]       1.0000000000000001e-01  "The threshold for printing"
   &NBONDORDERSPRINT [&Type "Integer"] 25 "The number of bond orders larger than threshold"
   &BONDORDERS [&Type "ArrayOfDoubles", &Dim (25,1)] "The bond orders"
                                                         0

0                                      8.8898931809374970e-01
1                                      9.6823801040453072e-01
2                                      9.5801876194618485e-01
3                                      9.7212898367310430e-01
4                                      9.0868432102171126e-01
5                                      8.6885100581438424e-01
6                                      7.7801016711226689e-01
7                                      9.5218087188103750e-01
8                                      9.6670727883250962e-01
9                                      9.5632794937240007e-01
10                                     1.8854720572176882e+00
11                                     9.3040147972448162e-01
12                                     9.9074126398337603e-01
13                                     9.9173835922640352e-01
14                                     1.8099186938529057e+00
15                                     1.3069689752449145e+00
16                                     9.0200807248852333e-01
17                                     8.6434481780505246e-01
18                                     9.5646996634773918e-01
19                                     9.5419041781073455e-01
20                                     9.5241361433528415e-01
21                                     9.8545314165321896e-01
22                                     9.3614861731921251e-01
23                                     9.4634498465379768e-01
24                                     9.3960207526457040e-01
   &COMPONENTS [&Type "ArrayOfIntegers", &Dim (25,4)] "The indices and atomic numbers of the bonding atoms"
                                                         0                           1                           2                           3

0                                                        0                           6                           1                           6
1                                                        0                           6                          12                           1
2                                                        0                           6                          13                           1
3                                                        0                           6                          14                           1
4                                                        1                           6                           2                           6
5                                                        1                           6                           3                           6
6                                                        1                           6                          10                          16
7                                                        2                           6                          15                           1
8                                                        2                           6                          16                           1
9                                                        2                           6                          17                           1
10                                                       3                           6                           4                           7
11                                                       3                           6                          18                           1
12                                                       4                           7                           5                           8
13                                                       5                           8                           6                           6
14                                                       6                           6                           7                           8
15                                                       6                           6                           8                           7
16                                                       8                           7                           9                           6
17                                                       8                           7                          19                           1
18                                                       9                           6                          20                           1
19                                                       9                           6                          21                           1
20                                                       9                           6                          22                           1
21                                                      10                          16                          11                           6
22                                                      11                           6                          23                           1
23                                                      11                           6                          24                           1
24                                                      11                           6                          25                           1
   &ATNO [&Type "ArrayOfIntegers", &Dim (26,1)] "Atomic number of the elements"
                                                         0

0                                                        6
1                                                        6
2                                                        6
3                                                        6
4                                                        7
5                                                        8
6                                                        6
7                                                        8
8                                                        7
9                                                        6
10                                                      16
11                                                       6
12                                                       1
13                                                       1
14                                                       1
15                                                       1
16                                                       1
17                                                       1
18                                                       1
19                                                       1
20                                                       1
21                                                       1
22                                                       1
23                                                       1
24                                                       1
25                                                       1
   &NA [&Type "ArrayOfDoubles", &Dim (26,1)] "Mulliken gross atomic population"
                                                         0

0                                      6.5169113045289500e+00
1                                      5.6927799414142575e+00
2                                      6.6097149843012577e+00
3                                      6.1095108045592763e+00
4                                      7.3675714385346218e+00
5                                      7.9496340460682129e+00
6                                      5.6607589189468870e+00
7                                      8.5580488610052132e+00
8                                      7.1720872440005294e+00
9                                      6.3980622798725664e+00
10                                     1.6212672032929767e+01
11                                     6.4521184695388332e+00
12                                     8.1745168806655177e-01
13                                     8.2459731609911358e-01
14                                     8.1476313804847966e-01
15                                     8.1097043166565064e-01
16                                     8.0741802154107589e-01
17                                     8.1738277605504073e-01
18                                     7.9789180574657048e-01
19                                     6.9539320120775661e-01
20                                     8.1594001321500642e-01
21                                     8.2726121985811429e-01
22                                     8.2770502536757706e-01
23                                     8.2009315377280900e-01
24                                     8.1543236809148867e-01
25                                     8.0782951556430316e-01
   &ZA [&Type "ArrayOfDoubles", &Dim (26,1)] "Total nuclear charge"
                                                         0

0                                      6.0000000000000000e+00
1                                      6.0000000000000000e+00
2                                      6.0000000000000000e+00
3                                      6.0000000000000000e+00
4                                      7.0000000000000000e+00
5                                      8.0000000000000000e+00
6                                      6.0000000000000000e+00
7                                      8.0000000000000000e+00
8                                      7.0000000000000000e+00
9                                      6.0000000000000000e+00
10                                     1.6000000000000000e+01
11                                     6.0000000000000000e+00
12                                     1.0000000000000000e+00
13                                     1.0000000000000000e+00
14                                     1.0000000000000000e+00
15                                     1.0000000000000000e+00
16                                     1.0000000000000000e+00
17                                     1.0000000000000000e+00
18                                     1.0000000000000000e+00
19                                     1.0000000000000000e+00
20                                     1.0000000000000000e+00
21                                     1.0000000000000000e+00
22                                     1.0000000000000000e+00
23                                     1.0000000000000000e+00
24                                     1.0000000000000000e+00
25                                     1.0000000000000000e+00
   &QA [&Type "ArrayOfDoubles", &Dim (26,1)] "Mulliken gross atomic charge"
                                                         0

0                                     -5.1691130452894996e-01
1                                      3.0722005858574253e-01
2                                     -6.0971498430125770e-01
3                                     -1.0951080455927631e-01
4                                     -3.6757143853462182e-01
5                                      5.0365953931787111e-02
6                                      3.3924108105311301e-01
7                                     -5.5804886100521323e-01
8                                     -1.7208724400052944e-01
9                                     -3.9806227987256637e-01
10                                    -2.1267203292976689e-01
11                                    -4.5211846953883317e-01
12                                     1.8254831193344823e-01
13                                     1.7540268390088642e-01
14                                     1.8523686195152034e-01
15                                     1.8902956833434936e-01
16                                     1.9258197845892411e-01
17                                     1.8261722394495927e-01
18                                     2.0210819425342952e-01
19                                     3.0460679879224339e-01
20                                     1.8405998678499358e-01
21                                     1.7273878014188571e-01
22                                     1.7229497463242294e-01
23                                     1.7990684622719100e-01
24                                     1.8456763190851133e-01
25                                     1.9217048443569684e-01
   &VA [&Type "ArrayOfDoubles", &Dim (26,1)] "Mayer's total valence"
                                                         0

0                                      3.7488156912270543e+00
1                                      3.3603351451601973e+00
2                                      3.7793883458393220e+00
3                                      3.8138518875732905e+00
4                                      3.0392542320795437e+00
5                                      2.1461551275263671e+00
6                                      4.1813532679196790e+00
7                                      1.9428670260451986e+00
8                                      3.1495478591230257e+00
9                                      3.7860166825583108e+00
10                                     1.9753715512158314e+00
11                                     3.8260437005787780e+00
12                                     9.5360491961021121e-01
13                                     9.5401976534983923e-01
14                                     9.5274308441347888e-01
15                                     9.5201603545854152e-01
16                                     9.4755117937936695e-01
17                                     9.5506324372004459e-01
18                                     9.4939519060267075e-01
19                                     9.1667974985716794e-01
20                                     9.5631949645754066e-01
21                                     9.5134341606717066e-01
22                                     9.5125234279068238e-01
23                                     9.5302018444187930e-01
24                                     9.4877464697948966e-01
25                                     9.5035995042891908e-01
   &BVA [&Type "ArrayOfDoubles", &Dim (26,1)] "Mayer's bonded valence"
                                                         0

0                                      3.7488156912270094e+00
1                                      3.3603351451601280e+00
2                                      3.7793883458392905e+00
3                                      3.8138518875732075e+00
4                                      3.0392542320795060e+00
5                                      2.1461551275264736e+00
6                                      4.1813532679197074e+00
7                                      1.9428670260450975e+00
8                                      3.1495478591230066e+00
9                                      3.7860166825583437e+00
10                                     1.9753715512159635e+00
11                                     3.8260437005788042e+00
12                                     9.5360491961020410e-01
13                                     9.5401976534983890e-01
14                                     9.5274308441349298e-01
15                                     9.5201603545854918e-01
16                                     9.4755117937937294e-01
17                                     9.5506324372004470e-01
18                                     9.4939519060264099e-01
19                                     9.1667974985717349e-01
20                                     9.5631949645754810e-01
21                                     9.5134341606716877e-01
22                                     9.5125234279068660e-01
23                                     9.5302018444188941e-01
24                                     9.4877464697949965e-01
25                                     9.5035995042892152e-01
   &FA [&Type "ArrayOfDoubles", &Dim (26,1)] "Mayer's free valence"
                                                         0

0                                      0.0000000000000000e+00
1                                      0.0000000000000000e+00
2                                      0.0000000000000000e+00
3                                      0.0000000000000000e+00
4                                      0.0000000000000000e+00
5                                      0.0000000000000000e+00
6                                      0.0000000000000000e+00
7                                      0.0000000000000000e+00
8                                      0.0000000000000000e+00
9                                      0.0000000000000000e+00
10                                     0.0000000000000000e+00
11                                     0.0000000000000000e+00
12                                     0.0000000000000000e+00
13                                     0.0000000000000000e+00
14                                     0.0000000000000000e+00
15                                     0.0000000000000000e+00
16                                     0.0000000000000000e+00
17                                     0.0000000000000000e+00
18                                     0.0000000000000000e+00
19                                     0.0000000000000000e+00
20                                     0.0000000000000000e+00
21                                     0.0000000000000000e+00
22                                     0.0000000000000000e+00
23                                     0.0000000000000000e+00
24                                     0.0000000000000000e+00
25                                     0.0000000000000000e+00
$End
$VdW_Correction
   &GeometryIndex 1
   &ListStatus       OUT
   &VDW [&Type "Double"]      -9.3606396655669371e-03
$End
$Calculation_Info
   &GeometryIndex 1
   &ListStatus       OUT
   &MULT [&Type "Integer"] 1
   &CHARGE [&Type "Integer"] 0
   &NUMOFATOMS [&Type "Integer"] 26
   &NUMOFELECTRONS [&Type "Integer"] 102
   &NUMOFFCELECTRONS [&Type "Integer"] 1
   &NUMOFCORRELECTRONS [&Type "Integer"] 0
   &NUMOFBASISFUNCTS [&Type "Integer"] 326
   &NUMOFAUXCBASISFUNCTS [&Type "Integer"] 0
   &NUMOFAUXJBASISFUNCTS [&Type "Integer"] 744
   &NUMOFAUXJKBASISFUNCTS [&Type "Integer"] 0
   &NUMOFCABSBASISFUNCTS [&Type "Integer"] 0
   &TOTALENERGY [&Type "Double"]      -9.3313784137880702e+02  "Hartrees"
$End
$SCF_Dipole_Moment
   &GeometryIndex 1
   &ListStatus       OUT
   &METHOD [&Type "String"] "SCF"
   &LEVEL [&Type "String"] "Relaxed density"
   &MULT [&Type "Integer"] 1
   &STATE [&Type "Integer"] -1
   &IRREP [&Type "Integer"] 0
   &NATOMS [&Type "Integer"] 26
   &DODIPOLEATOM [&Type "Boolean"] false
   &DIPOLEELECCONTRIB [&Type "ArrayOfDoubles", &Dim (3,1)] "Electronic contribution"
                                                         0

0                                     -3.7007690970821856e+00
1                                      1.4807728205924784e+00
2                                     -2.8112520145083111e+00
   &DIPOLENUCCONTRIB [&Type "ArrayOfDoubles", &Dim (3,1)] "Nuclear contribution"
                                                         0

0                                      4.1290963198397357e+00
1                                     -3.4813281019625300e+00
2                                      2.2265702961379947e+00
   &DIPOLETOTAL [&Type "ArrayOfDoubles", &Dim (3,1)] "Total"
                                                         0

0                                      4.2832722275755009e-01
1                                     -2.0005552813700516e+00
2                                     -5.8468171837031635e-01
   &DIPOLEMAGNITUDE [&Type "Double", &Units "a.u."]       2.1278012960258454e+00
$End
