*************************************************
******************* ORCA 6.0.0 ******************
*************************************************
$Calculation_Status
   &GeometryIndex 1
   &ListStatus       OUT
   &VERSION [&Type "String"] "6.0.0"
   &PROGNAME [&Type "String"] "LeanSCF"
   &STATUS [&Type "String"] "NORMAL TERMINATION"
$End
$Geometry
   &GeometryIndex 1
   &ListStatus       OUT
   &NATOMS [&Type "Integer"] 23
   &NCORELESSECP [&Type "Integer"] 0
   &NGHOSTATOMS [&Type "Integer"] 0
   &CartesianCoordinates [&Type "Coordinates", &Dim(23,4), &Units "Bohr"] 
              C     -7.539166053309   -1.494676615119    0.003150164773
              O     -5.861877287507    0.594940783658    0.003718107411
              C     -3.331891770744    0.126965455893    0.001098395567
              C     -2.206058165752   -2.219759994149   -0.020645989715
              C      0.426884411605   -2.441954269632   -0.016504848967
              C      1.950967829882   -0.266376412455    0.014752990638
              C      0.862939355735    2.131005058632    0.021365938522
              C     -1.804960198623    2.297619151070    0.014221345670
              O     -2.835860733158    4.614011474046    0.022573124112
              O      1.942987386783    4.447872454034    0.055472285729
              C      4.575932878287    4.882548116916   -0.165380364512
              Cl     5.208177176326   -0.703448153967    0.074442589518
              C      1.469798970932   -4.982638521169   -0.045237504610
              O      0.214400353644   -6.911109627810   -0.055289954558
              H     -9.421067985554   -0.671137784526    0.014230615155
              H     -7.270800650240   -2.657514846147    1.685978030245
              H     -7.285817272414   -2.645890789019   -1.689986511462
              H     -3.275684572600   -3.952794078603   -0.039908353135
              H     -4.673316286135    4.472908117498    0.020243064199
              H      5.606181198035    4.174583725926    1.473763047742
              H      4.736655306740    6.931789475182   -0.243833602196
              H      5.341838228221    4.063391259249   -1.894699863059
              H      3.546664109986   -5.113281502982   -0.062457520055
$End
$SCF_Energy
   &GeometryIndex 1
   &ListStatus       OUT
   &SCF_ENERGY [&Type "Double"]      -1.1092879365035133e+03
$End
$DFT_Energy
   &GeometryIndex 1
   &ListStatus       OUT
   &NALPHAEL [&Type "Integer"] 56
   &NBETAEL [&Type "Integer"] 56
   &NTOTALEL [&Type "Integer"] 112
   &EEXCHANGE [&Type "Double"]      -1.1078254279392375e+02
   &ECORR [&Type "Double"]      -3.8105871039865904e+00
   &ECNL [&Type "Double"]       0.0000000000000000e+00
   &EXC [&Type "Double"]      -1.1459312989791034e+02
   &EEMBED [&Type "Double"]       0.0000000000000000e+00
   &FINALEN [&Type "Double"]      -1.1092879365035133e+03  "No Van der Waals correction"
$End
$Mulliken_Population_Analysis
   &GeometryIndex 1
   &ListStatus       OUT
   &NATOMS [&Type "Integer"] 23
   &ATNO [&Type "ArrayOfIntegers", &Dim (23,1)] 
                                                         0

0                                                        6
1                                                        8
2                                                        6
3                                                        6
4                                                        6
5                                                        6
6                                                        6
7                                                        6
8                                                        8
9                                                        8
10                                                       6
11                                                      17
12                                                       6
13                                                       8
14                                                       1
15                                                       1
16                                                       1
17                                                       1
18                                                       1
19                                                       1
20                                                       1
21                                                       1
22                                                       1
   &ATOMICCHARGES [&Type "ArrayOfDoubles", &Dim (23,1)] 
                                                         0

0                                     -3.1152979914995793e-01
1                                     -2.0959221623155955e-01
2                                      2.8455081787099612e-01
3                                     -3.6922037387571915e-01
4                                      2.6400692623277600e-01
5                                     -2.3462390669039834e-01
6                                      2.0866052086995612e-01
7                                      9.0125960536601823e-02
8                                     -3.6119877280588319e-01
9                                     -1.6820759709962729e-01
10                                    -2.8755954698122288e-01
11                                    -1.3914321326927492e-01
12                                     1.0136318325824512e-02
13                                    -3.6685865786830796e-01
14                                     1.5634253490357697e-01
15                                     1.6045725817253365e-01
16                                     1.5998359024039877e-01
17                                     1.9194276091994689e-01
18                                     3.3247697233869011e-01
19                                     1.5936711887732646e-01
20                                     1.5267471523164433e-01
21                                     1.5840114643680381e-01
22                                     1.1880744301489399e-01
$End
$Loewdin_Population_Analysis
   &GeometryIndex 1
   &ListStatus       OUT
   &NATOMS [&Type "Integer"] 23
   &ATNO [&Type "ArrayOfIntegers", &Dim (23,1)] 
                                                         0

0                                                        6
1                                                        8
2                                                        6
3                                                        6
4                                                        6
5                                                        6
6                                                        6
7                                                        6
8                                                        8
9                                                        8
10                                                       6
11                                                      17
12                                                       6
13                                                       8
14                                                       1
15                                                       1
16                                                       1
17                                                       1
18                                                       1
19                                                       1
20                                                       1
21                                                       1
22                                                       1
   &ATOMICCHARGES [&Type "ArrayOfDoubles", &Dim (23,1)] 
                                                         0

0                                      8.1995919418611344e-05
1                                      1.9742760581998184e-01
2                                      1.8683240448536293e-04
3                                      2.1081825363819852e-05
4                                      5.9114076306970098e-05
5                                      3.6725319122832494e-05
6                                      1.9376660109613326e-04
7                                      2.4054812815053943e-04
8                                      4.2590521441116702e-01
9                                      3.7521218447274685e-01
10                                     1.0152533012551577e-04
11                                     2.5090792446184894e-06
12                                     1.2160116057376707e-05
13                                     3.8960845808728561e-04
14                                     6.4224043222358440e-07
15                                     5.2777882549490251e-07
16                                     5.1916227676580502e-07
17                                     3.0354231968751115e-07
18                                     1.2349243275570711e-04
19                                     9.1815496467850521e-07
20                                     1.5948150470756593e-06
21                                     1.1245790066310388e-06
22                                     5.3330205869559487e-09
$End
$Mayer_Population_Analysis
   &GeometryIndex 1
   &ListStatus       OUT
   &NATOMS [&Type "Integer"] 23 "Total number of atoms"
   &BONDTHRESH [&Type "Double"]       1.0000000000000001e-01  "The threshold for printing"
   &NBONDORDERSPRINT [&Type "Integer"] 26 "The number of bond orders larger than threshold"
   &BONDORDERS [&Type "ArrayOfDoubles", &Dim (26,1)] "The bond orders"
                                                         0

0                                      8.5103144334729897e-01
1                                      9.6759899087386425e-01
2                                      9.5725195782631123e-01
3                                      9.5711730049759736e-01
4                                      1.1306186245535559e+00
5                                      1.1527554141921790e+00
6                                      1.2315196787263587e+00
7                                      1.3495789912872316e+00
8                                      1.1640018690767215e-01
9                                      9.3921135837117009e-01
10                                     1.1527293776070247e+00
11                                     9.0940494389569138e-01
12                                    -1.2358320883648431e-01
13                                     1.1295823716800610e+00
14                                     1.1742929807843927e+00
15                                     1.3438149014139007e+00
16                                     1.4994961280726807e-01
17                                     1.0223433893207028e+00
18                                     1.0066640223258310e+00
19                                     8.4377667813138557e-01
20                                     8.3360608803693725e-01
21                                     9.5941320425830257e-01
22                                     9.6680978511513094e-01
23                                     9.5980419660117600e-01
24                                     1.9294319059263303e+00
25                                     1.0166852936382644e+00
   &COMPONENTS [&Type "ArrayOfIntegers", &Dim (26,4)] "The indices and atomic numbers of the bonding atoms"
                                                         0                           1                           2                           3

0                                                        0                           6                           1                           8
1                                                        0                           6                          14                           1
2                                                        0                           6                          15                           1
3                                                        0                           6                          16                           1
4                                                        1                           8                           2                           6
5                                                        2                           6                           3                           6
6                                                        2                           6                           7                           6
7                                                        3                           6                           4                           6
8                                                        3                           6                          13                           8
9                                                        3                           6                          17                           1
10                                                       4                           6                           5                           6
11                                                       4                           6                          12                           6
12                                                       4                           6                          13                           8
13                                                       5                           6                           6                           6
14                                                       5                           6                          11                          17
15                                                       6                           6                           7                           6
16                                                       6                           6                           8                           8
17                                                       6                           6                           9                           8
18                                                       7                           6                           8                           8
19                                                       8                           8                          18                           1
20                                                       9                           8                          10                           6
21                                                      10                           6                          19                           1
22                                                      10                           6                          20                           1
23                                                      10                           6                          21                           1
24                                                      12                           6                          13                           8
25                                                      12                           6                          22                           1
   &ATNO [&Type "ArrayOfIntegers", &Dim (23,1)] "Atomic number of the elements"
                                                         0

0                                                        6
1                                                        8
2                                                        6
3                                                        6
4                                                        6
5                                                        6
6                                                        6
7                                                        6
8                                                        8
9                                                        8
10                                                       6
11                                                      17
12                                                       6
13                                                       8
14                                                       1
15                                                       1
16                                                       1
17                                                       1
18                                                       1
19                                                       1
20                                                       1
21                                                       1
22                                                       1
   &NA [&Type "ArrayOfDoubles", &Dim (23,1)] "Mulliken gross atomic population"
                                                         0

0                                      6.3115297991499437e+00
1                                      8.2095922162315649e+00
2                                      5.7154491821290412e+00
3                                      6.3692203738757316e+00
4                                      5.7359930737672631e+00
5                                      6.2346239066903912e+00
6                                      5.7913394791300510e+00
7                                      5.9098740394633635e+00
8                                      8.3611987728059276e+00
9                                      8.1682075970996717e+00
10                                     6.2875595469812042e+00
11                                     1.7139143213269367e+01
12                                     5.9898636816741586e+00
13                                     8.3668586578682991e+00
14                                     8.4365746509642214e-01
15                                     8.3954274182746536e-01
16                                     8.4001640975960090e-01
17                                     8.0805723908005511e-01
18                                     6.6752302766130955e-01
19                                     8.4063288112267320e-01
20                                     8.4732528476835611e-01
21                                     8.4159885356319541e-01
22                                     8.8119255698510546e-01
   &ZA [&Type "ArrayOfDoubles", &Dim (23,1)] "Total nuclear charge"
                                                         0

0                                      6.0000000000000000e+00
1                                      8.0000000000000000e+00
2                                      6.0000000000000000e+00
3                                      6.0000000000000000e+00
4                                      6.0000000000000000e+00
5                                      6.0000000000000000e+00
6                                      6.0000000000000000e+00
7                                      6.0000000000000000e+00
8                                      8.0000000000000000e+00
9                                      8.0000000000000000e+00
10                                     6.0000000000000000e+00
11                                     1.7000000000000000e+01
12                                     6.0000000000000000e+00
13                                     8.0000000000000000e+00
14                                     1.0000000000000000e+00
15                                     1.0000000000000000e+00
16                                     1.0000000000000000e+00
17                                     1.0000000000000000e+00
18                                     1.0000000000000000e+00
19                                     1.0000000000000000e+00
20                                     1.0000000000000000e+00
21                                     1.0000000000000000e+00
22                                     1.0000000000000000e+00
   &QA [&Type "ArrayOfDoubles", &Dim (23,1)] "Mulliken gross atomic charge"
                                                         0

0                                     -3.1152979914994372e-01
1                                     -2.0959221623156488e-01
2                                      2.8455081787095882e-01
3                                     -3.6922037387573159e-01
4                                      2.6400692623273692e-01
5                                     -2.3462390669039124e-01
6                                      2.0866052086994902e-01
7                                      9.0125960536636462e-02
8                                     -3.6119877280592760e-01
9                                     -1.6820759709967170e-01
10                                    -2.8755954698120423e-01
11                                    -1.3914321326936729e-01
12                                     1.0136318325841387e-02
13                                    -3.6685865786829908e-01
14                                     1.5634253490357786e-01
15                                     1.6045725817253464e-01
16                                     1.5998359024039910e-01
17                                     1.9194276091994489e-01
18                                     3.3247697233869045e-01
19                                     1.5936711887732680e-01
20                                     1.5267471523164389e-01
21                                     1.5840114643680459e-01
22                                     1.1880744301489454e-01
   &VA [&Type "ArrayOfDoubles", &Dim (23,1)] "Mayer's total valence"
                                                         0

0                                      3.7540015746252160e+00
1                                      2.0189248162102871e+00
2                                      3.4815546097052703e+00
3                                      3.6967020343297530e+00
4                                      3.2427908427441281e+00
5                                      3.4836256898095161e+00
6                                      3.6025327498025925e+00
7                                      3.6870501453905788e+00
8                                      2.0569693246898173e+00
9                                      2.0042190030759017e+00
10                                     3.7660950979356422e+00
11                                     1.1675444280065979e+00
12                                     3.9251896100191681e+00
13                                     2.0109379423784000e+00
14                                     9.5726734565242588e-01
15                                     9.5218951066836055e-01
16                                     9.5226002640894669e-01
17                                     9.5304339688768835e-01
18                                     9.0434024918320677e-01
19                                     9.4961237935915843e-01
20                                     9.5418341725143285e-01
21                                     9.5063631817921457e-01
22                                     9.6232344542789239e-01
   &BVA [&Type "ArrayOfDoubles", &Dim (23,1)] "Mayer's bonded valence"
                                                         0

0                                      3.7540015746252520e+00
1                                      2.0189248162102467e+00
2                                      3.4815546097051291e+00
3                                      3.6967020343298209e+00
4                                      3.2427908427440788e+00
5                                      3.4836256898094295e+00
6                                      3.6025327498026329e+00
7                                      3.6870501453906201e+00
8                                      2.0569693246897733e+00
9                                      2.0042190030758347e+00
10                                     3.7660950979357333e+00
11                                     1.1675444280063982e+00
12                                     3.9251896100191450e+00
13                                     2.0109379423784493e+00
14                                     9.5726734565241733e-01
15                                     9.5218951066835977e-01
16                                     9.5226002640895768e-01
17                                     9.5304339688766759e-01
18                                     9.0434024918320255e-01
19                                     9.4961237935916454e-01
20                                     9.5418341725143729e-01
21                                     9.5063631817921290e-01
22                                     9.6232344542787462e-01
   &FA [&Type "ArrayOfDoubles", &Dim (23,1)] "Mayer's free valence"
                                                         0

0                                      0.0000000000000000e+00
1                                      0.0000000000000000e+00
2                                      0.0000000000000000e+00
3                                      0.0000000000000000e+00
4                                      0.0000000000000000e+00
5                                      0.0000000000000000e+00
6                                      0.0000000000000000e+00
7                                      0.0000000000000000e+00
8                                      0.0000000000000000e+00
9                                      0.0000000000000000e+00
10                                     0.0000000000000000e+00
11                                     0.0000000000000000e+00
12                                     0.0000000000000000e+00
13                                     0.0000000000000000e+00
14                                     0.0000000000000000e+00
15                                     0.0000000000000000e+00
16                                     0.0000000000000000e+00
17                                     0.0000000000000000e+00
18                                     0.0000000000000000e+00
19                                     0.0000000000000000e+00
20                                     0.0000000000000000e+00
21                                     0.0000000000000000e+00
22                                     0.0000000000000000e+00
$End
$VdW_Correction
   &GeometryIndex 1
   &ListStatus       OUT
   &VDW [&Type "Double"]      -9.3466658608792365e-03
$End
$Calculation_Info
   &GeometryIndex 1
   &ListStatus       OUT
   &MULT [&Type "Integer"] 1
   &CHARGE [&Type "Integer"] 0
   &NUMOFATOMS [&Type "Integer"] 23
   &NUMOFELECTRONS [&Type "Integer"] 112
   &NUMOFFCELECTRONS [&Type "Integer"] 1
   &NUMOFCORRELECTRONS [&Type "Integer"] 0
   &NUMOFBASISFUNCTS [&Type "Integer"] 339
   &NUMOFAUXCBASISFUNCTS [&Type "Integer"] 0
   &NUMOFAUXJBASISFUNCTS [&Type "Integer"] 787
   &NUMOFAUXJKBASISFUNCTS [&Type "Integer"] 0
   &NUMOFCABSBASISFUNCTS [&Type "Integer"] 0
   &TOTALENERGY [&Type "Double"]      -1.1092805257024743e+03  "Hartrees"
$End
$SCF_Dipole_Moment
   &GeometryIndex 1
   &ListStatus       OUT
   &METHOD [&Type "String"] "SCF"
   &LEVEL [&Type "String"] "Relaxed density"
   &MULT [&Type "Integer"] 1
   &STATE [&Type "Integer"] -1
   &IRREP [&Type "Integer"] 0
   &NATOMS [&Type "Integer"] 23
   &DODIPOLEATOM [&Type "Boolean"] false
   &DIPOLEELECCONTRIB [&Type "ArrayOfDoubles", &Dim (3,1)] "Electronic contribution"
                                                         0

0                                      9.3205358270324137e+00
1                                     -1.7094031570252468e+00
2                                      3.6945060519304468e-01
   &DIPOLENUCCONTRIB [&Type "ArrayOfDoubles", &Dim (3,1)] "Nuclear contribution"
                                                         0

0                                     -1.0053150862646980e+01
1                                      2.8058773588482273e+00
2                                     -4.1839424186743834e-01
   &DIPOLETOTAL [&Type "ArrayOfDoubles", &Dim (3,1)] "Total"
                                                         0

0                                     -7.3261503561456642e-01
1                                      1.0964742018229805e+00
2                                     -4.8943636674393665e-02
   &DIPOLEMAGNITUDE [&Type "Double", &Units "a.u."]       1.3196120434592848e+00
$End
