           1           2   1.01887235053311     
           2           3   1.00960145793184     
           3           4   1.00148598976062     
           4           5  0.997769617175370     
           5           6   1.00800329452591     
           5           7   1.01006759907724     
           1           8  0.987743881514017     
           1           9  0.987913955740470     
           1          10  0.987254972266617     
           2          11  0.977628440784163     
           2          12  0.978809102124614     
           3          13  0.975290186969300     
           3          14  0.980603218041277     
           4          15  0.979333314590878     
           4          16  0.976162767918301     
           5          17  0.969136047293308     
           6          18  0.986383824514507     
           6          19  0.986680867033938     
           6          20  0.986815562722576     
           7          21  0.986454852306349     
           7          22  0.983834542456426     
           7          23  0.986511450185748     
