           1           2   1.01941269723046     
           2           3   1.00868865236479     
           3           4   1.00220755542107     
           4           5  0.987811884427768     
           5           6   1.70336091016809     
           5           7   1.17220787093700     
           6           7  0.170267709187136     
           1           8  0.986954562295907     
           1           9  0.987232350458222     
           1          10  0.987842394066830     
           2          11  0.978564690479052     
           2          12  0.977754983428461     
           3          13  0.975427094574254     
           3          14  0.975688414389191     
           4          15  0.961757703661413     
           4          16  0.935561311862551     
           7          17  0.802963959505593     
