           1           2   1.02080873600999     
           2           3   1.00650194656437     
           3           4  0.986494068835505     
           4           5   1.02677790560673     
           5           6   1.97569203779005     
           1           7  0.987212583587803     
           1           8  0.987941849537331     
           1           9  0.982929577204518     
           2          10  0.977564353692356     
           2          11  0.979515937036664     
           3          12  0.978044856608056     
           3          13  0.977749346928593     
           4          14  0.970202117437551     
           4          15  0.973531924579981     
           5          16  0.965678590054250     
           6          17  0.977519021406836     
           6          18  0.975592033528942     
