*************************************************
******************* ORCA 6.0.0 ******************
*************************************************
$Calculation_Status
   &GeometryIndex 1
   &ListStatus       OUT
   &VERSION [&Type "String"] "6.0.0"
   &PROGNAME [&Type "String"] "LeanSCF"
   &STATUS [&Type "String"] "NORMAL TERMINATION"
$End
$Geometry
   &GeometryIndex 1
   &ListStatus       OUT
   &NATOMS [&Type "Integer"] 33
   &NCORELESSECP [&Type "Integer"] 0
   &NGHOSTATOMS [&Type "Integer"] 0
   &CartesianCoordinates [&Type "Coordinates", &Dim(33,4), &Units "Bohr"] 
              C     -8.398394470308    2.874280503475   -0.409887695460
              C     -6.093268850823    1.452833745183    0.432364320895
              C     -5.891588758359    0.695351670345    2.937884543997
              C     -3.801956663560   -0.630091673206    3.778353867551
              C     -1.891586512797   -1.240039614155    2.112065939859
              C     -2.051952335945   -0.478981557075   -0.400184148105
              C     -4.148423920509    0.888689864612   -1.256093870398
              C     -4.223599656304    1.719809375055   -3.966386586722
              N     -0.187705121918   -1.179104544023   -2.137676765661
              C      2.308354685993   -1.639157642081   -1.664366517276
              C      3.566008914976   -3.452576223888   -3.133829904594
              C      6.046375167742   -4.082707738946   -2.676014005118
              C      7.368125304614   -2.933859527487   -0.716524431803
              C      6.203191621282   -1.079174696194    0.690146180659
              C      3.707726424581   -0.358181367465    0.210963106969
              C      2.736357738180    1.902647854080    1.498901590165
              O      1.225485459745    3.394666418591    0.608101279218
              O      3.788790738439    2.301972135976    3.757159617262
              H     -9.765702192658    2.980667720303    1.118315317663
              H     -7.902415016199    4.793437850335   -0.964863306075
              H     -9.281203544231    1.944868016531   -2.017341590409
              H     -7.389247118865    1.150554455578    4.247961424154
              H     -3.671720714015   -1.212988638082    5.729791633961
              H     -0.271820278054   -2.311474938857    2.744468676506
              H     -4.849989953167    0.179956495114   -5.184432510829
              H     -5.505964631130    3.297380001315   -4.221525469467
              H     -2.345108163269    2.310475597254   -4.559091763514
              H     -0.839445399826   -1.821360748692   -3.813414888337
              H      2.537196973039   -4.380077008506   -4.632322007357
              H      6.959649458697   -5.495479429929   -3.828887609331
              H      9.298056104318   -3.456655797169   -0.327048431386
              H      7.226034507957   -0.102919084847    2.159049349783
              H      3.209662314551    3.886113561479    4.500548600819
$End
$SCF_Energy
   &GeometryIndex 1
   &ListStatus       OUT
   &SCF_ENERGY [&Type "Double"]      -7.8427790494410488e+02
$End
$DFT_Energy
   &GeometryIndex 1
   &ListStatus       OUT
   &NALPHAEL [&Type "Integer"] 63
   &NBETAEL [&Type "Integer"] 63
   &NTOTALEL [&Type "Integer"] 127
   &EEXCHANGE [&Type "Double"]      -1.0585522167400039e+02
   &ECORR [&Type "Double"]      -4.3152895359405603e+00
   &ECNL [&Type "Double"]       0.0000000000000000e+00
   &EXC [&Type "Double"]      -1.1017051120994095e+02
   &EEMBED [&Type "Double"]       0.0000000000000000e+00
   &FINALEN [&Type "Double"]      -7.8427790494410488e+02  "No Van der Waals correction"
$End
$Mulliken_Population_Analysis
   &GeometryIndex 1
   &ListStatus       OUT
   &NATOMS [&Type "Integer"] 33
   &ATNO [&Type "ArrayOfIntegers", &Dim (33,1)] 
                                                         0

0                                                        6
1                                                        6
2                                                        6
3                                                        6
4                                                        6
5                                                        6
6                                                        6
7                                                        6
8                                                        7
9                                                        6
10                                                       6
11                                                       6
12                                                       6
13                                                       6
14                                                       6
15                                                       6
16                                                       8
17                                                       8
18                                                       1
19                                                       1
20                                                       1
21                                                       1
22                                                       1
23                                                       1
24                                                       1
25                                                       1
26                                                       1
27                                                       1
28                                                       1
29                                                       1
30                                                       1
31                                                       1
32                                                       1
   &ATOMICCHARGES [&Type "ArrayOfDoubles", &Dim (33,1)] 
                                                         0

0                                     -2.3588585438692178e-01
1                                     -3.7608708972428850e-02
2                                     -1.2037412378667067e-01
3                                     -5.7283518603417072e-02
4                                     -1.1240874249390753e-01
5                                      1.2460952162676264e-01
6                                     -5.0307880203228628e-02
7                                     -2.3990374582316587e-01
8                                     -2.0130680268790435e-01
9                                      1.4792561585074360e-01
10                                    -1.4635444373332174e-01
11                                    -3.8839111744595201e-02
12                                    -4.0680287469969656e-02
13                                    -1.1860477970950978e-01
14                                    -2.3528968202975342e-02
15                                     1.1001138841611002e-01
16                                    -1.8111080843782190e-01
17                                    -2.9735762138038169e-01
18                                     9.9190849169925155e-02
19                                     1.2351248752946775e-01
20                                     1.1004159942395253e-01
21                                     2.6083535533027336e-02
22                                     4.2026741137037193e-02
23                                     5.4064377658652241e-02
24                                     1.0689452877735761e-01
25                                     1.0265559211312891e-01
26                                     1.2115141730059797e-01
27                                     2.3333368963102397e-01
28                                     2.3384730423520517e-02
29                                     5.4765388112911539e-02
30                                     4.9937491536269585e-02
31                                     5.7224162375699050e-02
32                                     3.1474228102001534e-01
$End
$Loewdin_Population_Analysis
   &GeometryIndex 1
   &ListStatus       OUT
   &NATOMS [&Type "Integer"] 33
   &ATNO [&Type "ArrayOfIntegers", &Dim (33,1)] 
                                                         0

0                                                        6
1                                                        6
2                                                        6
3                                                        6
4                                                        6
5                                                        6
6                                                        6
7                                                        6
8                                                        7
9                                                        6
10                                                       6
11                                                       6
12                                                       6
13                                                       6
14                                                       6
15                                                       6
16                                                       8
17                                                       8
18                                                       1
19                                                       1
20                                                       1
21                                                       1
22                                                       1
23                                                       1
24                                                       1
25                                                       1
26                                                       1
27                                                       1
28                                                       1
29                                                       1
30                                                       1
31                                                       1
32                                                       1
   &ATOMICCHARGES [&Type "ArrayOfDoubles", &Dim (33,1)] 
                                                         0

0                                      6.1374484616328838e-06
1                                      1.4300659016642180e-04
2                                      3.4807502045320776e-05
3                                      1.4009042741804624e-04
4                                      4.5879531277165077e-04
5                                      1.4137197097332643e-03
6                                      7.4899213896649237e-04
7                                      1.0362342589634794e-04
8                                      4.4426377940718388e-03
9                                      1.1697892205261795e-02
10                                     1.5999223953571218e-03
11                                     2.3539170521190916e-04
12                                     5.2882007119542742e-04
13                                     3.2702140011821495e-03
14                                     2.6332315126836505e-02
15                                     2.1836646198054757e-01
16                                     6.8720765614333756e-01
17                                     4.2458570966853418e-02
18                                     4.5465467990591483e-08
19                                     8.3628111485488930e-08
20                                     3.5406302532112702e-07
21                                     9.6539696207558209e-08
22                                     2.5847307215273301e-06
23                                     7.7336335573441033e-06
24                                     1.9653015411763604e-07
25                                     1.5327942059335813e-06
26                                     5.9687772232313854e-05
27                                     6.9139195074578740e-05
28                                     2.0239362661562901e-05
29                                     3.6004855529291170e-06
30                                     3.2725870739066815e-08
31                                     3.0527742519802595e-07
32                                     6.4531285092911915e-04
$End
$Mayer_Population_Analysis
   &GeometryIndex 1
   &ListStatus       OUT
   &NATOMS [&Type "Integer"] 33 "Total number of atoms"
   &BONDTHRESH [&Type "Double"]       1.0000000000000001e-01  "The threshold for printing"
   &NBONDORDERSPRINT [&Type "Integer"] 34 "The number of bond orders larger than threshold"
   &BONDORDERS [&Type "ArrayOfDoubles", &Dim (34,1)] "The bond orders"
                                                         0

0                                      1.1209243548700389e+00
1                                      9.3747489520434946e-01
2                                      9.2385978788678236e-01
3                                      9.2926124002916888e-01
4                                      1.3843003107230225e+00
5                                      1.4113342662198647e+00
6                                      1.3329895123628159e+00
7                                      9.6113267636531774e-01
8                                      1.3550878071351891e+00
9                                      9.6440390181286273e-01
10                                     1.3783782201580008e+00
11                                     9.4507266454345873e-01
12                                     1.3911265100832444e+00
13                                     1.0312078831547753e+00
14                                     1.1710292079773510e+00
15                                     9.2252466022119561e-01
16                                     9.1548834840032989e-01
17                                     9.1779009721844618e-01
18                                     1.1813369190693552e+00
19                                     8.3210347773094939e-01
20                                     1.3045207289634952e+00
21                                     1.3300935283633311e+00
22                                     1.3978105060265824e+00
23                                     9.5690497670581409e-01
24                                     1.3225902406280992e+00
25                                     9.6117327276579045e-01
26                                     1.3715283242240464e+00
27                                     9.6818426334341812e-01
28                                     1.3594156897428682e+00
29                                     9.5939076886761365e-01
30                                     9.5352281972086916e-01
31                                     2.0768940583714475e+00
32                                     1.2797847811644356e+00
33                                     8.2301120150534357e-01
   &COMPONENTS [&Type "ArrayOfIntegers", &Dim (34,4)] "The indices and atomic numbers of the bonding atoms"
                                                         0                           1                           2                           3

0                                                        0                           6                           1                           6
1                                                        0                           6                          18                           1
2                                                        0                           6                          19                           1
3                                                        0                           6                          20                           1
4                                                        1                           6                           2                           6
5                                                        1                           6                           6                           6
6                                                        2                           6                           3                           6
7                                                        2                           6                          21                           1
8                                                        3                           6                           4                           6
9                                                        3                           6                          22                           1
10                                                       4                           6                           5                           6
11                                                       4                           6                          23                           1
12                                                       5                           6                           6                           6
13                                                       5                           6                           8                           7
14                                                       6                           6                           7                           6
15                                                       7                           6                          24                           1
16                                                       7                           6                          25                           1
17                                                       7                           6                          26                           1
18                                                       8                           7                           9                           6
19                                                       8                           7                          27                           1
20                                                       9                           6                          10                           6
21                                                       9                           6                          14                           6
22                                                      10                           6                          11                           6
23                                                      10                           6                          28                           1
24                                                      11                           6                          12                           6
25                                                      11                           6                          29                           1
26                                                      12                           6                          13                           6
27                                                      12                           6                          30                           1
28                                                      13                           6                          14                           6
29                                                      13                           6                          31                           1
30                                                      14                           6                          15                           6
31                                                      15                           6                          16                           8
32                                                      15                           6                          17                           8
33                                                      17                           8                          32                           1
   &ATNO [&Type "ArrayOfIntegers", &Dim (33,1)] "Atomic number of the elements"
                                                         0

0                                                        6
1                                                        6
2                                                        6
3                                                        6
4                                                        6
5                                                        6
6                                                        6
7                                                        6
8                                                        7
9                                                        6
10                                                       6
11                                                       6
12                                                       6
13                                                       6
14                                                       6
15                                                       6
16                                                       8
17                                                       8
18                                                       1
19                                                       1
20                                                       1
21                                                       1
22                                                       1
23                                                       1
24                                                       1
25                                                       1
26                                                       1
27                                                       1
28                                                       1
29                                                       1
30                                                       1
31                                                       1
32                                                       1
   &NA [&Type "ArrayOfDoubles", &Dim (33,1)] "Mulliken gross atomic population"
                                                         0

0                                      6.2358858543869191e+00
1                                      6.0376087089724324e+00
2                                      6.1203741237866751e+00
3                                      6.0572835186034046e+00
4                                      6.1124087424939058e+00
5                                      5.8753904783732427e+00
6                                      6.0503078802032340e+00
7                                      6.2399037458231756e+00
8                                      7.2013068026879337e+00
9                                      5.8520743841492475e+00
10                                     6.1463544437333262e+00
11                                     6.0388391117445881e+00
12                                     6.0406802874699634e+00
13                                     6.1186047797095160e+00
14                                     6.0235289682029931e+00
15                                     5.8899886115838846e+00
16                                     8.1811108084378237e+00
17                                     8.2973576213803657e+00
18                                     9.0080915083007473e-01
19                                     8.7648751247053236e-01
20                                     8.8995840057604625e-01
21                                     9.7391646446697322e-01
22                                     9.5797325886296236e-01
23                                     9.4593562234134787e-01
24                                     8.9310547122264217e-01
25                                     8.9734440788687098e-01
26                                     8.7884858269940214e-01
27                                     7.6666631036897659e-01
28                                     9.7661526957647971e-01
29                                     9.4523461188708835e-01
30                                     9.5006250846373075e-01
31                                     9.4277583762430028e-01
32                                     6.8525771897998511e-01
   &ZA [&Type "ArrayOfDoubles", &Dim (33,1)] "Total nuclear charge"
                                                         0

0                                      6.0000000000000000e+00
1                                      6.0000000000000000e+00
2                                      6.0000000000000000e+00
3                                      6.0000000000000000e+00
4                                      6.0000000000000000e+00
5                                      6.0000000000000000e+00
6                                      6.0000000000000000e+00
7                                      6.0000000000000000e+00
8                                      7.0000000000000000e+00
9                                      6.0000000000000000e+00
10                                     6.0000000000000000e+00
11                                     6.0000000000000000e+00
12                                     6.0000000000000000e+00
13                                     6.0000000000000000e+00
14                                     6.0000000000000000e+00
15                                     6.0000000000000000e+00
16                                     8.0000000000000000e+00
17                                     8.0000000000000000e+00
18                                     1.0000000000000000e+00
19                                     1.0000000000000000e+00
20                                     1.0000000000000000e+00
21                                     1.0000000000000000e+00
22                                     1.0000000000000000e+00
23                                     1.0000000000000000e+00
24                                     1.0000000000000000e+00
25                                     1.0000000000000000e+00
26                                     1.0000000000000000e+00
27                                     1.0000000000000000e+00
28                                     1.0000000000000000e+00
29                                     1.0000000000000000e+00
30                                     1.0000000000000000e+00
31                                     1.0000000000000000e+00
32                                     1.0000000000000000e+00
   &QA [&Type "ArrayOfDoubles", &Dim (33,1)] "Mulliken gross atomic charge"
                                                         0

0                                     -2.3588585438691911e-01
1                                     -3.7608708972432403e-02
2                                     -1.2037412378667511e-01
3                                     -5.7283518603404637e-02
4                                     -1.1240874249390576e-01
5                                      1.2460952162675731e-01
6                                     -5.0307880203233957e-02
7                                     -2.3990374582317564e-01
8                                     -2.0130680268793366e-01
9                                      1.4792561585075248e-01
10                                    -1.4635444373332618e-01
11                                    -3.8839111744588095e-02
12                                    -4.0680287469963439e-02
13                                    -1.1860477970951600e-01
14                                    -2.3528968202993106e-02
15                                     1.1001138841611535e-01
16                                    -1.8111080843782368e-01
17                                    -2.9735762138036570e-01
18                                     9.9190849169925266e-02
19                                     1.2351248752946764e-01
20                                     1.1004159942395375e-01
21                                     2.6083535533026780e-02
22                                     4.2026741137037638e-02
23                                     5.4064377658652130e-02
24                                     1.0689452877735783e-01
25                                     1.0265559211312902e-01
26                                     1.2115141730059786e-01
27                                     2.3333368963102341e-01
28                                     2.3384730423520295e-02
29                                     5.4765388112911650e-02
30                                     4.9937491536269252e-02
31                                     5.7224162375699716e-02
32                                     3.1474228102001489e-01
   &VA [&Type "ArrayOfDoubles", &Dim (33,1)] "Mayer's total valence"
                                                         0

0                                      3.9408051294239712e+00
1                                      4.1075291384987489e+00
2                                      3.7945570314644024e+00
3                                      3.7869648976539731e+00
4                                      3.8158965464473975e+00
5                                      4.0442999432283084e+00
6                                      4.1458076412211291e+00
7                                      3.9476030547640004e+00
8                                      3.2177297026539566e+00
9                                      4.0597649020977720e+00
10                                     3.7989412172779984e+00
11                                     3.8152645154908913e+00
12                                     3.7648364644391688e+00
13                                     3.8672534998165760e+00
14                                     3.7657489953541092e+00
15                                     4.3616370343238851e+00
16                                     2.3249555302202518e+00
17                                     2.1929585756976637e+00
18                                     9.6733884408482407e-01
19                                     9.4825374094409276e-01
20                                     9.5106930292127512e-01
21                                     9.6061538349740594e-01
22                                     9.4990149946948188e-01
23                                     9.6005670412081956e-01
24                                     9.4779508663550538e-01
25                                     9.7693466604307000e-01
26                                     9.6913777529707335e-01
27                                     9.2124721576103896e-01
28                                     9.6578781273305103e-01
29                                     9.4927196889891463e-01
30                                     9.5089102367946521e-01
31                                     9.7441564514400114e-01
32                                     9.0663969147037937e-01
   &BVA [&Type "ArrayOfDoubles", &Dim (33,1)] "Mayer's bonded valence"
                                                         0

0                                      3.9408051294239881e+00
1                                      4.1075291384987507e+00
2                                      3.7945570314644184e+00
3                                      3.7869648976540198e+00
4                                      3.8158965464474428e+00
5                                      4.0442999432283226e+00
6                                      4.1458076412211469e+00
7                                      3.9476030547640200e+00
8                                      3.2177297026539282e+00
9                                      4.0597649020977569e+00
10                                     3.7989412172779953e+00
11                                     3.8152645154908531e+00
12                                     3.7648364644391301e+00
13                                     3.8672534998165031e+00
14                                     3.7657489953540058e+00
15                                     4.3616370343239446e+00
16                                     2.3249555302202412e+00
17                                     2.1929585756976908e+00
18                                     9.6733884408483040e-01
19                                     9.4825374094409720e-01
20                                     9.5106930292128222e-01
21                                     9.6061538349740383e-01
22                                     9.4990149946948532e-01
23                                     9.6005670412082655e-01
24                                     9.4779508663550660e-01
25                                     9.7693466604307344e-01
26                                     9.6913777529708411e-01
27                                     9.2124721576104041e-01
28                                     9.6578781273304670e-01
29                                     9.4927196889891852e-01
30                                     9.5089102367946754e-01
31                                     9.7441564514399981e-01
32                                     9.0663969147038181e-01
   &FA [&Type "ArrayOfDoubles", &Dim (33,1)] "Mayer's free valence"
                                                         0

0                                      0.0000000000000000e+00
1                                      0.0000000000000000e+00
2                                      0.0000000000000000e+00
3                                      0.0000000000000000e+00
4                                      0.0000000000000000e+00
5                                      0.0000000000000000e+00
6                                      0.0000000000000000e+00
7                                      0.0000000000000000e+00
8                                      0.0000000000000000e+00
9                                      0.0000000000000000e+00
10                                     0.0000000000000000e+00
11                                     0.0000000000000000e+00
12                                     0.0000000000000000e+00
13                                     0.0000000000000000e+00
14                                     0.0000000000000000e+00
15                                     0.0000000000000000e+00
16                                     0.0000000000000000e+00
17                                     0.0000000000000000e+00
18                                     0.0000000000000000e+00
19                                     0.0000000000000000e+00
20                                     0.0000000000000000e+00
21                                     0.0000000000000000e+00
22                                     0.0000000000000000e+00
23                                     0.0000000000000000e+00
24                                     0.0000000000000000e+00
25                                     0.0000000000000000e+00
26                                     0.0000000000000000e+00
27                                     0.0000000000000000e+00
28                                     0.0000000000000000e+00
29                                     0.0000000000000000e+00
30                                     0.0000000000000000e+00
31                                     0.0000000000000000e+00
32                                     0.0000000000000000e+00
$End
$VdW_Correction
   &GeometryIndex 1
   &ListStatus       OUT
   &VDW [&Type "Double"]      -4.5382522786674567e-02
$End
$Calculation_Info
   &GeometryIndex 1
   &ListStatus       OUT
   &MULT [&Type "Integer"] 1
   &CHARGE [&Type "Integer"] 0
   &NUMOFATOMS [&Type "Integer"] 33
   &NUMOFELECTRONS [&Type "Integer"] 128
   &NUMOFFCELECTRONS [&Type "Integer"] 1
   &NUMOFCORRELECTRONS [&Type "Integer"] 0
   &NUMOFBASISFUNCTS [&Type "Integer"] 282
   &NUMOFAUXCBASISFUNCTS [&Type "Integer"] 0
   &NUMOFAUXJBASISFUNCTS [&Type "Integer"] 1047
   &NUMOFAUXJKBASISFUNCTS [&Type "Integer"] 0
   &NUMOFCABSBASISFUNCTS [&Type "Integer"] 0
   &TOTALENERGY [&Type "Double"]      -7.8418453189339152e+02  "Hartrees"
$End
$SCF_Dipole_Moment
   &GeometryIndex 1
   &ListStatus       OUT
   &METHOD [&Type "String"] "SCF"
   &LEVEL [&Type "String"] "Relaxed density"
   &MULT [&Type "Integer"] 1
   &STATE [&Type "Integer"] -1
   &IRREP [&Type "Integer"] 0
   &NATOMS [&Type "Integer"] 33
   &DODIPOLEATOM [&Type "Boolean"] false
   &DIPOLEELECCONTRIB [&Type "ArrayOfDoubles", &Dim (3,1)] "Electronic contribution"
                                                         0

0                                      1.1108361052393903e+01
1                                     -1.1844890620890274e+00
2                                      4.2302489677049904e+00
   &DIPOLENUCCONTRIB [&Type "ArrayOfDoubles", &Dim (3,1)] "Nuclear contribution"
                                                         0

0                                     -1.1177239458139677e+01
1                                      9.1623545050843491e-01
2                                     -4.4643419202426671e+00
   &DIPOLETOTAL [&Type "ArrayOfDoubles", &Dim (3,1)] "Total"
                                                         0

0                                     -6.8878405745774529e-02
1                                     -2.6825361158059247e-01
2                                     -2.3409295253767670e-01
   &DIPOLEMAGNITUDE [&Type "Double", &Units "a.u."]       3.6263445138585204e-01
$End
