           1           2   1.02001451293981     
           2           3   1.00765090773052     
           3           4   1.00773363381665     
           4           5  0.990036288815187     
           5           6   1.70334606156433     
           5           7   1.16975774008553     
           6           7  0.169146603516446     
           1           8  0.986060879812560     
           1           9  0.986895829115443     
           1          10  0.987312147991803     
           2          11  0.977463365184091     
           2          12  0.977787582248183     
           3          13  0.976577600872740     
           3          14  0.975894532592560     
           4          15  0.946589362249234     
           4          16  0.941434562192608     
           7          17  0.802861000736115     
