$hessian                                                                        
        0.5252553102   0.0023992676   0.0012204715  -0.0703932839   0.0132112368
        0.0087460391   0.0019417452  -0.0072748892  -0.0050117717  -0.0007305785
        0.0002996129   0.0004749041   0.0001669033  -0.0005543000  -0.0001463122
       -0.0004210601  -0.0005374594  -0.0003990974  -0.0003030929  -0.0001035265
       -0.0000838998   0.0005673041   0.0000810566  -0.0000422312  -0.0764462208
       -0.0678971496   0.0438268949  -0.1050239174   0.0117062701  -0.1027080009
       -0.2707608833   0.0363875237   0.0451241702  -0.0067027018   0.0251253384
        0.0183998659   0.0023213296  -0.0119551044  -0.0096571567   0.0003955139
        0.0005271435  -0.0001891211   0.0003026539  -0.0013949736   0.0003633585
        0.0000162371   0.0000228659  -0.0000105904   0.0000847953  -0.0000767887
        0.0000233792   0.0000348623   0.0000464449   0.0000565049  -0.0001176040
       -0.0000464127   0.0000468319  -0.0001873122   0.0000338435  -0.0000342388
        0.0023992676   0.4770827975  -0.0296788003   0.0149331853  -0.1551129131
       -0.0636464287   0.0014066011  -0.0281840102  -0.0092029980   0.0003428541
        0.0000485378  -0.0002272148  -0.0018652611   0.0000858815  -0.0001481727
        0.0009091246  -0.0009330078   0.0008255325  -0.0000364612   0.0002917071
       -0.0002740154  -0.0002039542  -0.0000649653   0.0000373751  -0.0681036658
       -0.1876741902   0.0964283438   0.0115000982  -0.0449871239   0.0209566324
        0.0375056757  -0.0486780290  -0.0064490608   0.0039880132  -0.0074723658
       -0.0060090500  -0.0008573749  -0.0010231671  -0.0026103483   0.0001062289
        0.0010839587  -0.0015905863  -0.0016480311  -0.0042966454   0.0015114922
       -0.0002290142   0.0000204424   0.0000562607  -0.0000708411  -0.0001893667
        0.0000427919  -0.0000523438   0.0000574998   0.0000410173   0.0000122724
       -0.0000295682  -0.0000640792  -0.0000363738  -0.0000254721   0.0000013085
        0.0012204715  -0.0296788003   0.5048907506   0.0090487413  -0.0634883761
       -0.1100416368  -0.0021887832   0.0086877302   0.0061592312   0.0000934636
       -0.0001233621  -0.0003625535   0.0000093928   0.0001064496   0.0007604112
       -0.0003084845   0.0003767228  -0.0012208611   0.0000048564  -0.0000616372
        0.0009951521  -0.0001838537  -0.0000167021  -0.0000828689   0.0438945089
        0.0958884101  -0.1055314649  -0.1028272281   0.0212566970  -0.2196117767
        0.0451813635  -0.0060778897  -0.0535048270   0.0033075867  -0.0083466861
       -0.0049503768   0.0016766484  -0.0233395217  -0.0187393558   0.0003497258
        0.0014652303   0.0015148020   0.0004733870   0.0033138842  -0.0004776303
        0.0001200381  -0.0000379538   0.0000807285   0.0001383894   0.0001408457
        0.0000573760  -0.0000129742  -0.0000150247   0.0000631384  -0.0000655754
        0.0000053510   0.0000813436   0.0000683257  -0.0000553670  -0.0000795819
       -0.0703932839   0.0149331853   0.0090487413   0.5285775778  -0.0106184779
        0.0182749894  -0.0766292382  -0.0311488988   0.0176352032  -0.0149527639
       -0.0244158130   0.0128874053   0.0020676477  -0.0002748621  -0.0001193431
       -0.0001414156  -0.0002277645  -0.0004373312  -0.0001256622  -0.0000080919
        0.0000014945   0.0000864311  -0.0000917416  -0.0000051962   0.0011912122
       -0.0092884517  -0.0052855086   0.0016071831  -0.0123846929  -0.0093637418
       -0.0054656671   0.0258645814   0.0174801870  -0.2620023549   0.0244954402
        0.0446109376  -0.1046912186   0.0126284500  -0.0983149657   0.0027473949
        0.0044691150  -0.0027726455   0.0027219787   0.0085322706  -0.0047435497
       -0.0054994443  -0.0021231449  -0.0001233387   0.0009198211  -0.0003688356
        0.0011428261  -0.0000261064  -0.0000250143   0.0000334436  -0.0000402284
        0.0000529489   0.0000041561   0.0000481370  -0.0000002021   0.0000462364
        0.0132112368  -0.1551129131  -0.0634883761  -0.0106184779   0.4534034076
        0.0000623975  -0.0284134281  -0.1478291446   0.0491202072  -0.0081049271
       -0.0061314544   0.0031292006  -0.0005293315   0.0007753513  -0.0002849821
        0.0007712134  -0.0002891680   0.0003449067  -0.0001115696   0.0001071471
       -0.0000783384  -0.0002291526  -0.0000395533   0.0000531077   0.0014758872
       -0.0249363689  -0.0129919963  -0.0012828305  -0.0005831523  -0.0028392813
        0.0040818164  -0.0069635235  -0.0051196350   0.0239270157  -0.0424017711
       -0.0041238859   0.0127019955  -0.0439853574   0.0202474276  -0.0004493370
       -0.0022612944   0.0040174754  -0.0064600970  -0.0251816259   0.0117012807
       -0.0008061400   0.0007976208   0.0001867979   0.0008365699   0.0006063920
        0.0000344526  -0.0000169934   0.0000199964   0.0000277002   0.0000027928
        0.0000037676  -0.0000022769   0.0000137570   0.0000016442   0.0000038181
        0.0087460391  -0.0636464287  -0.1100416368   0.0182749894   0.0000623975
        0.4991566259   0.0164712932   0.0509508272  -0.0970576902   0.0045975424
        0.0000483388  -0.0005258140  -0.0010244732   0.0006420181   0.0003980808
        0.0006511141  -0.0005543486   0.0007219512   0.0001768448   0.0001786828
       -0.0001931119  -0.0003304939   0.0000979848  -0.0000739603  -0.0011705298
        0.0110984045   0.0071194550   0.0010986577  -0.0231835041  -0.0196971960
        0.0032625283  -0.0074303815  -0.0046966719   0.0447388971  -0.0043901089
       -0.0542648060  -0.0992984206   0.0209423434  -0.2090487306   0.0072580501
        0.0244099201  -0.0183363201  -0.0014972991  -0.0078097584   0.0050198789
       -0.0009424413  -0.0001597699   0.0005880969  -0.0010426704  -0.0012614728
        0.0009302655  -0.0000332297   0.0000172118   0.0000351309   0.0000396434
       -0.0000000660  -0.0000444398   0.0000239585  -0.0000122904   0.0000108926
        0.0019417452   0.0014066011  -0.0021887832  -0.0766292382  -0.0284134281
        0.0164712932   0.4567597384  -0.0204344429   0.0021101200  -0.1756696833
       -0.0281502085  -0.0206696836  -0.0274239251   0.0107688969   0.0057098408
       -0.0010164418  -0.0008540043   0.0018963866   0.0000588187  -0.0000919416
        0.0001145830   0.0000884710   0.0009439302  -0.0002048460   0.0008478952
        0.0009019995   0.0002334238  -0.0000114838  -0.0002523908   0.0002071264
        0.0003890538   0.0000980251  -0.0002815874  -0.0127610604  -0.0238252077
        0.0160933727   0.0039539354   0.0096845500  -0.0064697271  -0.0531443554
       -0.0030343154  -0.0508524366  -0.0918969697   0.0883785087   0.0433528919
       -0.0120836538  -0.0049759326  -0.0004670770  -0.0132753102  -0.0022842181
       -0.0050048875   0.0000549691  -0.0000237926  -0.0000222339  -0.0000008221
       -0.0000112516  -0.0001462508  -0.0001816828   0.0001686227   0.0001184745
       -0.0072748892  -0.0281840102   0.0086877302  -0.0311488988  -0.1478291446
        0.0509508272  -0.0204344429   0.4925898214   0.0311385998  -0.0263663554
       -0.0668828493  -0.0022730839   0.0268454888   0.0010776709  -0.0002896859
        0.0022433102  -0.0005160278  -0.0028947999   0.0001145376   0.0005343196
        0.0007513205  -0.0003647556  -0.0013978876   0.0003455880   0.0006442726
       -0.0047812722  -0.0025922528   0.0002473551   0.0010045746   0.0010566220
       -0.0003165627   0.0006682432   0.0004199782  -0.0021590751  -0.0025356641
        0.0012679345  -0.0017066218  -0.0055500113   0.0063774815  -0.0026606402
       -0.0436784135  -0.0166332118   0.0881736933  -0.1875148664  -0.0745144513
       -0.0250733506  -0.0076276801  -0.0019188400  -0.0008736854   0.0008494010
        0.0001461971  -0.0000821616   0.0000574337   0.0000530415  -0.0000085461
        0.0000189917   0.0000711313   0.0002013276  -0.0003026291  -0.0001501263
       -0.0050117717  -0.0092029980   0.0061592312   0.0176352032   0.0491202072
       -0.0970576902   0.0021101200   0.0311385998   0.5273090039  -0.0201407845
       -0.0014590039  -0.0681872188   0.0189347178  -0.0033892931   0.0031904285
       -0.0011396095   0.0012965162  -0.0040641659   0.0003391825   0.0008521360
        0.0019143070  -0.0000879937  -0.0010676618   0.0000672314   0.0000262997
       -0.0036287385  -0.0009081528  -0.0002822552  -0.0015189222   0.0011101473
       -0.0000894044   0.0002171925   0.0005985106   0.0033935462   0.0062013331
       -0.0030249824   0.0068053507   0.0235952371  -0.0174309940  -0.0490522008
       -0.0164293114  -0.2653083675   0.0423919306  -0.0747339014  -0.0805548127
        0.0119903762   0.0044960500   0.0015636108  -0.0279238727  -0.0053770491
       -0.0053398253  -0.0000295356   0.0000419801  -0.0000136412   0.0000227890
       -0.0000066134   0.0000833679   0.0001079123  -0.0001457591  -0.0001059878
       -0.0007305785   0.0003428541   0.0000934636  -0.0149527639  -0.0081049271
        0.0045975424  -0.1756696833  -0.0263663554  -0.0201407845   0.4273776803
        0.0276791467   0.0343224618  -0.0758162834   0.0315984096   0.0230291188
       -0.0215513941   0.0231708846   0.0032132060  -0.0018096792  -0.0002597325
        0.0012961929   0.0034379731   0.0035169352  -0.0021201449   0.0001995637
        0.0000086684  -0.0000879007  -0.0000264690  -0.0001411590   0.0000159003
        0.0005268916   0.0001846086  -0.0000653901  -0.0002809109  -0.0023432156
        0.0003222364   0.0009836239   0.0007029163  -0.0008337861  -0.0136366448
       -0.0017655477  -0.0049771859  -0.0183796228   0.0006469106  -0.0008106888
       -0.0511974388  -0.0495552038   0.0208731515  -0.0574140082  -0.0007461359
       -0.0592542581   0.0003260561   0.0001654158  -0.0001079700  -0.0000218086
        0.0001495545  -0.0002983153  -0.0013645033   0.0011159725   0.0009331510
        0.0002996129   0.0000485378  -0.0001233621  -0.0244158130  -0.0061314544
        0.0000483388  -0.0281502085  -0.0668828493  -0.0014590039   0.0276791467
        0.4590749290  -0.0565903988   0.0306981994  -0.1019703357  -0.0393153230
        0.0250335265  -0.0297772951   0.0018455308  -0.0011607554  -0.0014709165
       -0.0025887225   0.0040748695   0.0035149874   0.0014143866   0.0002136250
       -0.0001295807  -0.0001568322  -0.0001758914  -0.0001191816  -0.0000155816
        0.0000156318  -0.0007096338  -0.0000071709  -0.0024979419  -0.0032613063
        0.0021674220  -0.0005315529   0.0012108025  -0.0007986909  -0.0033611205
        0.0002167908  -0.0011091592   0.0217057520   0.0002816046   0.0011462656
       -0.0502268996  -0.2100061961   0.0896091759  -0.0004509498  -0.0424148718
        0.0062094172   0.0007458984  -0.0017805348  -0.0008210080   0.0001964327
        0.0000005431   0.0004376512   0.0003084384   0.0003059608   0.0001070652
        0.0004749041  -0.0002272148  -0.0003625535   0.0128874053   0.0031292006
       -0.0005258140  -0.0206696836  -0.0022730839  -0.0681872188   0.0343224618
       -0.0565903988   0.5064848960   0.0323469929  -0.0491574614  -0.1209851505
        0.0022413037   0.0009428225   0.0222057744  -0.0032230769   0.0041530829
       -0.0018898663  -0.0033774120   0.0026895310  -0.0000611837   0.0000075828
        0.0002050587   0.0001051998  -0.0001801160   0.0001923975   0.0000494921
       -0.0000025490  -0.0003876728   0.0001843017   0.0018451522   0.0028635065
       -0.0010915421   0.0018822795   0.0007305104   0.0010396076  -0.0310039380
       -0.0046283335  -0.0060709574   0.0117355198  -0.0000604839   0.0009708426
        0.0222305435   0.0873999801  -0.0856778600  -0.0613563542   0.0107740679
       -0.2470024739  -0.0004574740   0.0001594503   0.0003917966   0.0001620504
       -0.0001846646   0.0002190774   0.0001344077   0.0002697050   0.0002036320
        0.0001669033  -0.0018652611   0.0000093928   0.0020676477  -0.0005293315
       -0.0010244732  -0.0274239251   0.0268454888   0.0189347178  -0.0758162834
        0.0306981994   0.0323469929   0.2599143976  -0.1975871119   0.0478498825
       -0.1230388342   0.0708035270  -0.0565388379  -0.0044196724   0.0232420244
       -0.0496760976  -0.0218694981   0.0320323955  -0.0021784927  -0.0007535812
       -0.0000036480   0.0004080728  -0.0001005276   0.0002611925   0.0001330608
       -0.0011573638   0.0002412039  -0.0001466492  -0.0000818490   0.0004035045
        0.0000352089   0.0002107561   0.0001218254   0.0003171125   0.0030533915
       -0.0000558608   0.0003147944  -0.0090560499   0.0003768646  -0.0002532561
        0.0007773063   0.0096742107   0.0007099443   0.0007905292   0.0026307873
        0.0056159582  -0.0015835252   0.0016083136   0.0017006897  -0.0001480585
       -0.0010041776  -0.0001390800  -0.0015317633   0.0021058533   0.0015810592
       -0.0005543000   0.0000858815   0.0001064496  -0.0002748621   0.0007753513
        0.0006420181   0.0107688969   0.0010776709  -0.0033892931   0.0315984096
       -0.1019703357  -0.0491574614  -0.1975871119   0.2908135226  -0.0031941030
        0.0723864356  -0.1182900267   0.0474953652   0.0231042995   0.0044498290
        0.0378972227   0.0332844648  -0.0294985571   0.0026514750  -0.0000212497
       -0.0000422361  -0.0000257586   0.0000805666  -0.0001027757   0.0001080447
       -0.0021850492  -0.0011038004   0.0001699558   0.0002451713  -0.0001511643
       -0.0002031246  -0.0001523734  -0.0003098392  -0.0004304792  -0.0005600764
       -0.0000196151   0.0008966082   0.0008216783   0.0005547657   0.0003309927
        0.0203303836  -0.0333708988  -0.0172029860   0.0059745025  -0.0080166796
       -0.0132457924   0.0021154476  -0.0025188240  -0.0021038076  -0.0006759533
       -0.0000070605   0.0004350001   0.0013007195  -0.0023552079  -0.0017803262
       -0.0001463122  -0.0001481727   0.0007604112  -0.0001193431  -0.0002849821
        0.0003980808   0.0057098408  -0.0002896859   0.0031904285   0.0230291188
       -0.0393153230  -0.1209851505   0.0478498825  -0.0031941030   0.3444897595
       -0.0493364286   0.0409116311  -0.1329995874  -0.0515797762   0.0380009079
       -0.0833751560   0.0076160192  -0.0080044263   0.0094894041  -0.0000447358
       -0.0001220068   0.0000296127   0.0001123181   0.0000403363  -0.0000393683
        0.0002995446   0.0007300458  -0.0000621067  -0.0002932076  -0.0000218207
       -0.0001849249  -0.0001723310  -0.0001297938  -0.0002397001  -0.0001556649
        0.0007003424   0.0002816380  -0.0006924010   0.0004544343   0.0008204097
       -0.0043561777   0.0032908203   0.0067768326   0.0188635245  -0.0288356525
       -0.0278844682   0.0016754201  -0.0015965915  -0.0006692768   0.0004675161
       -0.0003202154   0.0008356769   0.0012731933  -0.0018657447  -0.0006325151
       -0.0004210601   0.0009091246  -0.0003084845  -0.0001414156   0.0007712134
        0.0006511141  -0.0010164418   0.0022433102  -0.0011396095  -0.0215513941
        0.0250335265   0.0022413037  -0.1230388342   0.0723864356  -0.0493364286
        0.3227134279  -0.1367051779   0.0510349455  -0.0720463432   0.0011119023
       -0.0432097955  -0.0925941276   0.0288614787   0.0353551177   0.0003443884
        0.0000453214  -0.0003352404  -0.0000329167  -0.0002615324  -0.0000893625
       -0.0004297004  -0.0029941456  -0.0002622896   0.0005945933  -0.0002260159
        0.0001342104  -0.0002791694  -0.0001761282   0.0005889455  -0.0004514952
        0.0002450267   0.0000447677  -0.0002421549  -0.0006943310  -0.0001841839
        0.0000834581  -0.0023857916  -0.0006051569   0.0008377142  -0.0000746023
       -0.0015128371  -0.0196619687   0.0201294285   0.0171712554   0.0041913842
       -0.0055854496  -0.0042396543   0.0031420559  -0.0026335935  -0.0059986173
       -0.0005374594  -0.0009330078   0.0003767228  -0.0002277645  -0.0002891680
       -0.0005543486  -0.0008540043  -0.0005160278   0.0012965162   0.0231708846
       -0.0297772951   0.0009428225   0.0708035270  -0.1182900267   0.0409116311
       -0.1367051779   0.3541052433   0.0613308091  -0.0008484040  -0.0723882748
       -0.0494733698   0.0297307029  -0.1120293192  -0.0457963060  -0.0002988180
       -0.0003305118   0.0002832533   0.0002326762   0.0001462198  -0.0000947061
       -0.0006889736   0.0009420007  -0.0003692866  -0.0004604435  -0.0001210882
        0.0001173658   0.0002753912   0.0003462602   0.0001416887   0.0000827734
       -0.0000606767  -0.0003325268  -0.0002025367   0.0004746892   0.0001696435
        0.0028400538  -0.0029893134  -0.0007505903   0.0012203455   0.0009129004
        0.0012419746   0.0016838291   0.0011777334   0.0041084360  -0.0039043741
        0.0040823694   0.0019021931   0.0146877720  -0.0244627068  -0.0154519225
       -0.0003990974   0.0008255325  -0.0012208611  -0.0004373312   0.0003449067
        0.0007219512   0.0018963866  -0.0028947999  -0.0040641659   0.0032132060
        0.0018455308   0.0222057744  -0.0565388379   0.0474953652  -0.1329995874
        0.0510349455   0.0613308091   0.8617247170  -0.0530606567  -0.0373654439
       -0.6205855702   0.0369308605  -0.0470994571  -0.1099615684   0.0004999863
        0.0003198848  -0.0001822637  -0.0003518811  -0.0000903264  -0.0002267739
       -0.0006263341  -0.0011388431   0.0016439701   0.0002020041  -0.0001231508
       -0.0000444420   0.0005584781  -0.0001120329  -0.0007979377  -0.0007952522
       -0.0000945044  -0.0002775259   0.0019928285  -0.0005686663  -0.0000819445
        0.0017362654  -0.0037512582  -0.0027729849   0.0018810120  -0.0030351193
       -0.0007615713   0.0021397754  -0.0016124321   0.0032285901   0.0105542553
       -0.0154054166  -0.0215238366  -0.0004306130   0.0011294219   0.0059760307
       -0.0003030929  -0.0000364612   0.0000048564  -0.0001256622  -0.0001115696
        0.0001768448   0.0000588187   0.0001145376   0.0003391825  -0.0018096792
       -0.0011607554  -0.0032230769  -0.0044196724   0.0231042995  -0.0515797762
       -0.0720463432  -0.0008484040  -0.0530606567   0.0686866496  -0.0312414654
        0.0888178747   0.0111682738   0.0069189770   0.0178483473   0.0000068513
       -0.0000166112   0.0000842036  -0.0000028422   0.0000918327  -0.0001410004
       -0.0000837251   0.0003278447   0.0002158008  -0.0002507213  -0.0000225934
       -0.0000978927   0.0001672455   0.0000002829  -0.0004506251   0.0000013609
       -0.0000535091  -0.0000832399  -0.0000860276   0.0000625044   0.0001094689
        0.0000130805  -0.0004038011  -0.0008112769  -0.0015143377  -0.0000690203
       -0.0007042683   0.0016489850  -0.0006029418  -0.0014622722  -0.0004639457
        0.0031326271   0.0026982987  -0.0006452156   0.0008142265   0.0013192075
       -0.0001035265   0.0002917071  -0.0000616372  -0.0000080919   0.0001071471
        0.0001786828  -0.0000919416   0.0005343196   0.0008521360  -0.0002597325
       -0.0014709165   0.0041530829   0.0232420244   0.0044498290   0.0380009079
        0.0011119023  -0.0723882748  -0.0373654439  -0.0312414654   0.0661050416
        0.0284539131   0.0040963138   0.0047284820  -0.0312014700   0.0001372127
        0.0000786958  -0.0000860035  -0.0000762177  -0.0000321370  -0.0000741186
        0.0001627086  -0.0003360219   0.0002036494   0.0000526796   0.0000095697
       -0.0000539367   0.0000042357  -0.0003232378  -0.0000602906   0.0002713202
        0.0000559743   0.0000425831  -0.0002559976   0.0000106118  -0.0000501917
       -0.0001791034   0.0005125117   0.0001821356   0.0000153901  -0.0010103888
        0.0013745123  -0.0000568317  -0.0004730128  -0.0011536115   0.0035770291
       -0.0028358448  -0.0043332417  -0.0003979081   0.0019859445   0.0009983424
       -0.0000838998  -0.0002740154   0.0009951521   0.0000014945  -0.0000783384
       -0.0001931119   0.0001145830   0.0007513205   0.0019143070   0.0012961929
       -0.0025887225  -0.0018898663  -0.0496760976   0.0378972227  -0.0833751560
       -0.0432097955  -0.0494733698  -0.6205855702   0.0888178747   0.0284539131
        0.7569772064   0.0019700303  -0.0134978093  -0.0487762244  -0.0001573082
       -0.0002693456   0.0000716784   0.0004181727   0.0000123389   0.0000571531
        0.0000326579   0.0004218478  -0.0010747214  -0.0001425760  -0.0000631228
       -0.0000908450  -0.0002813099   0.0000614863   0.0003220558   0.0006227293
        0.0000454875   0.0002722717  -0.0006105763   0.0002777251   0.0000897934
       -0.0002376760   0.0005641560   0.0012996938  -0.0002401966   0.0009338983
        0.0015527948  -0.0015382539   0.0021499189  -0.0007266748   0.0047383885
       -0.0065641912  -0.0056060648  -0.0018344340   0.0012395999  -0.0012338718
        0.0005673041  -0.0002039542  -0.0001838537   0.0000864311  -0.0002291526
       -0.0003304939   0.0000884710  -0.0003647556  -0.0000879937   0.0034379731
        0.0040748695  -0.0033774120  -0.0218694981   0.0332844648   0.0076160192
       -0.0925941276   0.0297307029   0.0369308605   0.0111682738   0.0040963138
        0.0019700303   0.4920677317   0.0011284621   0.0332148984  -0.0001369499
       -0.0000021827   0.0000965027  -0.0001082607   0.0000842976   0.0000459985
       -0.0006796102   0.0003521069   0.0001435196  -0.0001556699   0.0001253170
        0.0000927125   0.0000513579   0.0000635279  -0.0000157655   0.0000604133
       -0.0000459073   0.0000623050  -0.0000712066   0.0000700357   0.0000496050
       -0.0010639293   0.0017057086   0.0010878719   0.0001066374  -0.0001417243
        0.0000169830  -0.2812912082  -0.0287880434  -0.0291045449  -0.0611353890
        0.0119291262  -0.0631560056  -0.0485287437  -0.0568692127   0.0149287625
        0.0000810566  -0.0000649653  -0.0000167021  -0.0000917416  -0.0000395533
        0.0000979848   0.0009439302  -0.0013978876  -0.0010676618   0.0035169352
        0.0035149874   0.0026895310   0.0320323955  -0.0294985571  -0.0080044263
        0.0288614787  -0.1120293192  -0.0470994571   0.0069189770   0.0047284820
       -0.0134978093   0.0011284621   0.4782658975  -0.0311262672   0.0000030151
        0.0001095078  -0.0000506057  -0.0000230701  -0.0000389170   0.0000626837
        0.0000161178   0.0000047091  -0.0000508738   0.0001046223   0.0000905913
       -0.0000313722  -0.0000789599  -0.0000636959   0.0000389000  -0.0001130035
       -0.0000667408  -0.0000156530   0.0007312593   0.0000306379  -0.0000292870
        0.0000341752   0.0000104015  -0.0000137984  -0.0002490911   0.0002626993
       -0.0000739152  -0.0315508561  -0.0382610678  -0.0039488508   0.0117461856
       -0.0502313711   0.0416039424  -0.0540118884  -0.2553258387   0.0605336380
       -0.0000422312   0.0000373751  -0.0000828689  -0.0000051962   0.0000531077
       -0.0000739603  -0.0002048460   0.0003455880   0.0000672314  -0.0021201449
        0.0014143866  -0.0000611837  -0.0021784927   0.0026514750   0.0094894041
        0.0353551177  -0.0457963060  -0.1099615684   0.0178483473  -0.0312014700
       -0.0487762244   0.0332148984  -0.0311262672   0.5229731067  -0.0000176024
       -0.0000096159  -0.0000231988   0.0000288517  -0.0000018135   0.0000909337
        0.0001595795  -0.0001392999   0.0000426104   0.0000704869  -0.0000047632
        0.0000318157  -0.0000867364  -0.0000249320   0.0000735183   0.0000513854
        0.0000054082   0.0001078854  -0.0001560380  -0.0000234319   0.0000081698
       -0.0000623593  -0.0000374453   0.0000396752  -0.0004012604   0.0004564393
       -0.0002719959  -0.0308592144  -0.0032726738  -0.0464821248  -0.0647758985
        0.0434395977  -0.2673372699   0.0141813536   0.0632346411  -0.0598539558
       -0.0764462208  -0.0681036658   0.0438945089   0.0011912122   0.0014758872
       -0.0011705298   0.0008478952   0.0006442726   0.0000262997   0.0001995637
        0.0002136250   0.0000075828  -0.0007535812  -0.0000212497  -0.0000447358
        0.0003443884  -0.0002988180   0.0004999863   0.0000068513   0.0001372127
       -0.0001573082  -0.0001369499   0.0000030151  -0.0000176024   0.0853229804
        0.0790896267  -0.0521859472   0.0056239215   0.0122976438  -0.0093137059
       -0.0163662256  -0.0257548071   0.0189370731   0.0003904101   0.0006654223
       -0.0002094847  -0.0001453035  -0.0002724702  -0.0001109204  -0.0000906209
        0.0000603323  -0.0000691512   0.0000032235  -0.0000012056   0.0000025201
        0.0000421050  -0.0000062742  -0.0000088714  -0.0000044847  -0.0000164255
       -0.0000050940  -0.0000219046  -0.0000102455  -0.0000102802   0.0000473975
       -0.0000006873  -0.0001223684  -0.0000546577  -0.0001011886   0.0000580289
       -0.0678971496  -0.1876741902   0.0958884101  -0.0092884517  -0.0249363689
        0.0110984045   0.0009019995  -0.0047812722  -0.0036287385   0.0000086684
       -0.0001295807   0.0002050587  -0.0000036480  -0.0000422361  -0.0001220068
        0.0000453214  -0.0003305118   0.0003198848  -0.0000166112   0.0000786958
       -0.0002693456  -0.0000021827   0.0001095078  -0.0000096159   0.0790896267
        0.2205964495  -0.1097445709  -0.0015458585  -0.0045577937   0.0056944153
       -0.0006605287   0.0023585752  -0.0002497502   0.0000393855   0.0002433359
        0.0005984255  -0.0003321995   0.0004000297   0.0002647903   0.0000662286
        0.0002100529  -0.0004945121  -0.0003867918  -0.0015510412   0.0004563534
       -0.0001055765   0.0000308571  -0.0000189013   0.0000315473  -0.0000340453
        0.0000330146   0.0000397377  -0.0000102908  -0.0000172296   0.0000333342
       -0.0000200416  -0.0000127313  -0.0000168511   0.0000398686   0.0000086449
        0.0438268949   0.0964283438  -0.1055314649  -0.0052855086  -0.0129919963
        0.0071194550   0.0002334238  -0.0025922528  -0.0009081528  -0.0000879007
       -0.0001568322   0.0001051998   0.0004080728  -0.0000257586   0.0000296127
       -0.0003352404   0.0002832533  -0.0001822637   0.0000842036  -0.0000860035
        0.0000716784   0.0000965027  -0.0000506057  -0.0000231988  -0.0521859472
       -0.1097445709   0.1209935954   0.0093657183   0.0238548753  -0.0189975668
        0.0044282501   0.0061035404  -0.0040498602  -0.0003933870   0.0000750817
        0.0003651751  -0.0000949794  -0.0003231118   0.0004747115   0.0000596296
       -0.0001260568   0.0000543854  -0.0001009339  -0.0006726500   0.0003988585
       -0.0000658921  -0.0000017659   0.0000185396   0.0000539464  -0.0000271070
        0.0000596396   0.0000029723  -0.0000038871   0.0000080414  -0.0000329917
        0.0000288505   0.0000199626   0.0000231665   0.0000286537  -0.0000263479
       -0.1050239174   0.0115000982  -0.1028272281   0.0016071831  -0.0012828305
        0.0010986577  -0.0000114838   0.0002473551  -0.0002822552  -0.0000264690
       -0.0001758914  -0.0001801160  -0.0001005276   0.0000805666   0.0001123181
       -0.0000329167   0.0002326762  -0.0003518811  -0.0000028422  -0.0000762177
        0.0004181727  -0.0001082607  -0.0000230701   0.0000288517   0.0056239215
       -0.0015458585   0.0093657183   0.1181806282  -0.0139777421   0.1202023304
       -0.0216860908   0.0052593567  -0.0290424499   0.0005294357   0.0001131803
        0.0007268941   0.0009678164   0.0003226041   0.0003293742   0.0001056280
       -0.0005990062   0.0001804133  -0.0000117059   0.0000635058   0.0001708263
       -0.0000230097  -0.0000354001   0.0000272142   0.0000453194   0.0000532237
        0.0000773864   0.0000047173  -0.0000320174   0.0000239388  -0.0000998603
       -0.0000202574  -0.0000171763   0.0000624347  -0.0001042752  -0.0000609896
        0.0117062701  -0.0449871239   0.0212566970  -0.0123846929  -0.0005831523
       -0.0231835041  -0.0002523908   0.0010045746  -0.0015189222  -0.0001411590
       -0.0001191816   0.0001923975   0.0002611925  -0.0001027757   0.0000403363
       -0.0002615324   0.0001462198  -0.0000903264   0.0000918327  -0.0000321370
        0.0000123389   0.0000842976  -0.0000389170  -0.0000018135   0.0122976438
       -0.0045577937   0.0238548753  -0.0139777421   0.0532453554  -0.0215888673
        0.0027915858   0.0000356115   0.0043119315  -0.0004213344   0.0006537597
        0.0001972776   0.0002442883  -0.0042234427  -0.0040350613  -0.0002099643
       -0.0006274230   0.0004373630   0.0000149266   0.0001890886   0.0000021417
        0.0000116014  -0.0000024189  -0.0000102105   0.0001265397  -0.0000295649
        0.0000887370   0.0000142061   0.0000001563  -0.0000197862   0.0000119659
        0.0000126861   0.0000148459  -0.0000075345   0.0000164787   0.0000395498
       -0.1027080009   0.0209566324  -0.2196117767  -0.0093637418  -0.0028392813
       -0.0196971960   0.0002071264   0.0010566220   0.0011101473   0.0000159003
       -0.0000155816   0.0000494921   0.0001330608   0.0001080447  -0.0000393683
       -0.0000893625  -0.0000947061  -0.0002267739  -0.0001410004  -0.0000741186
        0.0000571531   0.0000459985   0.0000626837   0.0000909337  -0.0093137059
        0.0056944153  -0.0189975668   0.1202023304  -0.0215888673   0.2561248292
        0.0003382078   0.0002423034   0.0032800383  -0.0000846961   0.0004775432
        0.0000834321   0.0006576199  -0.0040504407  -0.0026941958  -0.0002074458
       -0.0003118882   0.0005095394   0.0000621113   0.0003116253  -0.0000238644
        0.0000473322   0.0000044745   0.0000136003   0.0001471599   0.0000456227
       -0.0000080631   0.0000521646  -0.0000067268  -0.0000159146   0.0000016428
       -0.0000002340   0.0000420645  -0.0000027016   0.0000218776  -0.0000465102
       -0.2707608833   0.0375056757   0.0451813635  -0.0054656671   0.0040818164
        0.0032625283   0.0003890538  -0.0003165627  -0.0000894044   0.0005268916
        0.0000156318  -0.0000025490  -0.0011573638  -0.0021850492   0.0002995446
       -0.0004297004  -0.0006889736  -0.0006263341  -0.0000837251   0.0001627086
        0.0000326579  -0.0006796102   0.0000161178   0.0001595795  -0.0163662256
       -0.0006605287   0.0044282501  -0.0216860908   0.0027915858   0.0003382078
        0.3150667950  -0.0421514838  -0.0539660237   0.0008256171   0.0013863199
        0.0010621806   0.0005369916  -0.0004183148  -0.0001045779  -0.0002363199
        0.0001854399  -0.0001475042  -0.0000710853  -0.0002291766  -0.0001493032
       -0.0001219895   0.0000215181   0.0001093030  -0.0000298656   0.0000773145
        0.0000181890  -0.0000817447  -0.0000053229  -0.0000437884   0.0000298792
       -0.0000171599   0.0002488709  -0.0002049573   0.0004284436  -0.0000111904
        0.0363875237  -0.0486780290  -0.0060778897   0.0258645814  -0.0069635235
       -0.0074303815   0.0000980251   0.0006682432   0.0002171925   0.0001846086
       -0.0007096338  -0.0003876728   0.0002412039  -0.0011038004   0.0007300458
       -0.0029941456   0.0009420007  -0.0011388431   0.0003278447  -0.0003360219
        0.0004218478   0.0003521069   0.0000047091  -0.0001392999  -0.0257548071
        0.0023585752   0.0061035404   0.0052593567   0.0000356115   0.0002423034
       -0.0421514838   0.0576184376   0.0104688659   0.0018522928  -0.0046886599
       -0.0039679786   0.0000279397   0.0007464781   0.0006350964   0.0001710880
       -0.0001131702   0.0001400930  -0.0001248892   0.0002278009   0.0001385060
        0.0000538369   0.0000899921  -0.0000733751  -0.0000125956   0.0000009541
        0.0000095735   0.0000678737  -0.0001255403  -0.0000451598  -0.0000932457
        0.0000454891   0.0001286731   0.0002428848  -0.0000199129   0.0000248626
        0.0451241702  -0.0064490608  -0.0535048270   0.0174801870  -0.0051196350
       -0.0046966719  -0.0002815874   0.0004199782   0.0005985106  -0.0000653901
       -0.0000071709   0.0001843017  -0.0001466492   0.0001699558  -0.0000621067
       -0.0002622896  -0.0003692866   0.0016439701   0.0002158008   0.0002036494
       -0.0010747214   0.0001435196  -0.0000508738   0.0000426104   0.0189370731
       -0.0002497502  -0.0040498602  -0.0290424499   0.0043119315   0.0032800383
       -0.0539660237   0.0104688659   0.0598375621   0.0011850392  -0.0037863171
       -0.0018461835   0.0006712258   0.0002211288   0.0002177874  -0.0001913220
        0.0000828577  -0.0000661649  -0.0000443650   0.0001232676  -0.0000697323
        0.0000551377   0.0000555333  -0.0000870511   0.0000196837  -0.0001520783
       -0.0001414597  -0.0000137140  -0.0000173197  -0.0001352302   0.0002594117
        0.0001128714  -0.0002697456  -0.0000774582   0.0000314527   0.0001989737
       -0.0067027018   0.0039880132   0.0033075867  -0.2620023549   0.0239270157
        0.0447388971  -0.0127610604  -0.0021590751   0.0033935462  -0.0002809109
       -0.0024979419   0.0018451522  -0.0000818490   0.0002451713  -0.0002932076
        0.0005945933  -0.0004604435   0.0002020041  -0.0002507213   0.0000526796
       -0.0001425760  -0.0001556699   0.0001046223   0.0000704869   0.0003904101
        0.0000393855  -0.0003933870   0.0005294357  -0.0004213344  -0.0000846961
        0.0008256171   0.0018522928   0.0011850392   0.3024441861  -0.0273581336
       -0.0537980189  -0.0225037677   0.0029669518   0.0000946117  -0.0002140060
       -0.0000299232   0.0001307953   0.0006877762   0.0001341197  -0.0005055156
       -0.0008293555  -0.0003983721   0.0000359667   0.0002456009   0.0000863821
        0.0002261032  -0.0000007633  -0.0000238263   0.0000044995   0.0000200570
       -0.0000043311  -0.0000243354   0.0000454844  -0.0000432527   0.0000070480
        0.0251253384  -0.0074723658  -0.0083466861   0.0244954402  -0.0424017711
       -0.0043901089  -0.0238252077  -0.0025356641   0.0062013331  -0.0023432156
       -0.0032613063   0.0028635065   0.0004035045  -0.0001511643  -0.0000218207
       -0.0002260159  -0.0001210882  -0.0001231508  -0.0000225934   0.0000095697
       -0.0000631228   0.0001253170   0.0000905913  -0.0000047632   0.0006654223
        0.0002433359   0.0000750817   0.0001131803   0.0006537597   0.0004775432
        0.0013863199  -0.0046886599  -0.0037863171  -0.0273581336   0.0595231872
        0.0066612125   0.0043591740   0.0007155729  -0.0001360651  -0.0000962625
       -0.0002362711   0.0001171682  -0.0018086146   0.0001792821   0.0003934951
       -0.0011699377  -0.0005330475  -0.0001030150   0.0002071572  -0.0000689938
        0.0001899854   0.0000314410   0.0000209962   0.0000001540  -0.0000185748
       -0.0000226501   0.0000227748  -0.0000437388   0.0000566870  -0.0000272049
        0.0183998659  -0.0060090500  -0.0049503768   0.0446109376  -0.0041238859
       -0.0542648060   0.0160933727   0.0012679345  -0.0030249824   0.0003222364
        0.0021674220  -0.0010915421   0.0000352089  -0.0002031246  -0.0001849249
        0.0001342104   0.0001173658  -0.0000444420  -0.0000978927  -0.0000539367
       -0.0000908450   0.0000927125  -0.0000313722   0.0000318157  -0.0002094847
        0.0005984255   0.0003651751   0.0007268941   0.0001972776   0.0000834321
        0.0010621806  -0.0039679786  -0.0018461835  -0.0537980189   0.0066612125
        0.0610073127  -0.0280223310   0.0033805169   0.0033661007   0.0001147659
        0.0002459920  -0.0004885125  -0.0000652615  -0.0006055461   0.0008951121
        0.0007605508   0.0002573570   0.0002153289  -0.0001090304   0.0000731834
       -0.0000334742  -0.0000043067   0.0000248687   0.0000310759  -0.0000075953
       -0.0000043045   0.0000387805  -0.0000390146   0.0000076427  -0.0000140442
        0.0023213296  -0.0008573749   0.0016766484  -0.1046912186   0.0127019955
       -0.0992984206   0.0039539354  -0.0017066218   0.0068053507   0.0009836239
       -0.0005315529   0.0018822795   0.0002107561  -0.0001523734  -0.0001723310
       -0.0002791694   0.0002753912   0.0005584781   0.0001672455   0.0000042357
       -0.0002813099   0.0000513579  -0.0000789599  -0.0000867364  -0.0001453035
       -0.0003321995  -0.0000949794   0.0009678164   0.0002442883   0.0006576199
        0.0005369916   0.0000279397   0.0006712258  -0.0225037677   0.0043591740
       -0.0280223310   0.1189436638  -0.0120750031   0.1141217007  -0.0002100238
       -0.0014656487   0.0016113797  -0.0001688112   0.0000408515  -0.0000343629
       -0.0000992635   0.0000216958   0.0000257152  -0.0000254678  -0.0004533590
        0.0000145971  -0.0000075670  -0.0000081927  -0.0000087114   0.0000148794
       -0.0000215381  -0.0000302701  -0.0000210069   0.0000072521   0.0000044574
       -0.0119551044  -0.0010231671  -0.0233395217   0.0126284500  -0.0439853574
        0.0209423434   0.0096845500  -0.0055500113   0.0235952371   0.0007029163
        0.0012108025   0.0007305104   0.0001218254  -0.0003098392  -0.0001297938
       -0.0001761282   0.0003462602  -0.0001120329   0.0000002829  -0.0003232378
        0.0000614863   0.0000635279  -0.0000636959  -0.0000249320  -0.0002724702
        0.0004000297  -0.0003231118   0.0003226041  -0.0042234427  -0.0040504407
       -0.0004183148   0.0007464781   0.0002211288   0.0029669518   0.0007155729
        0.0033805169  -0.0120750031   0.0567761067  -0.0233641236  -0.0012368889
       -0.0040196509   0.0026569641   0.0000456417  -0.0004456600   0.0002422583
        0.0003126044   0.0001149970  -0.0001668065  -0.0007445703  -0.0003030979
       -0.0002470893   0.0000032786  -0.0000055829  -0.0000069001  -0.0000045835
       -0.0000166898   0.0000047763   0.0000304303  -0.0000408145  -0.0000704690
       -0.0096571567  -0.0026103483  -0.0187393558  -0.0983149657   0.0202474276
       -0.2090487306  -0.0064697271   0.0063774815  -0.0174309940  -0.0008337861
       -0.0007986909   0.0010396076   0.0003171125  -0.0004304792  -0.0002397001
        0.0005889455   0.0001416887  -0.0007979377  -0.0004506251  -0.0000602906
        0.0003220558  -0.0000157655   0.0000389000   0.0000735183  -0.0001109204
        0.0002647903   0.0004747115   0.0003293742  -0.0040350613  -0.0026941958
       -0.0001045779   0.0006350964   0.0002177874   0.0000946117  -0.0001360651
        0.0033661007   0.1141217007  -0.0233641236   0.2452721498   0.0003977307
        0.0035382090  -0.0020142435  -0.0001372083   0.0001661573  -0.0003311352
       -0.0003326075  -0.0002392680   0.0002706415   0.0006148327   0.0003042287
        0.0002916017  -0.0000199836   0.0000177012   0.0000241101  -0.0000265928
       -0.0000067101  -0.0000249269   0.0000096086  -0.0000506434  -0.0000310648
        0.0003955139   0.0001062289   0.0003497258   0.0027473949  -0.0004493370
        0.0072580501  -0.0531443554  -0.0026606402  -0.0490522008  -0.0136366448
       -0.0033611205  -0.0310039380   0.0030533915  -0.0005600764  -0.0001556649
       -0.0004514952   0.0000827734  -0.0007952522   0.0000013609   0.0002713202
        0.0006227293   0.0000604133  -0.0001130035   0.0000513854  -0.0000906209
        0.0000662286   0.0000596296   0.0001056280  -0.0002099643  -0.0002074458
       -0.0002363199   0.0001710880  -0.0001913220  -0.0002140060  -0.0000962625
        0.0001147659  -0.0002100238  -0.0012368889   0.0003977307   0.0635542368
        0.0067542882   0.0595745660   0.0037855608   0.0023941520   0.0145083631
        0.0005408893   0.0002112551  -0.0004706208  -0.0062231342  -0.0013772523
       -0.0010693241   0.0000301601  -0.0000063506  -0.0000163747  -0.0000708467
        0.0000377359   0.0000449279   0.0000028976  -0.0000241739  -0.0000197305
        0.0005271435   0.0010839587   0.0014652303   0.0044691150  -0.0022612944
        0.0244099201  -0.0030343154  -0.0436784135  -0.0164293114  -0.0017655477
        0.0002167908  -0.0046283335  -0.0000558608  -0.0000196151   0.0007003424
        0.0002450267  -0.0000606767  -0.0000945044  -0.0000535091   0.0000559743
        0.0000454875  -0.0000459073  -0.0000667408   0.0000054082   0.0000603323
        0.0002100529  -0.0001260568  -0.0005990062  -0.0006274230  -0.0003118882
        0.0001854399  -0.0001131702   0.0000828577  -0.0000299232  -0.0002362711
        0.0002459920  -0.0014656487  -0.0040196509   0.0035382090   0.0067542882
        0.0526725375   0.0170333099  -0.0039618439  -0.0035603551  -0.0257398352
       -0.0002931748  -0.0000757456  -0.0004601738  -0.0009834450   0.0004958919
        0.0002595534  -0.0000319709   0.0000047822  -0.0000091455   0.0000461061
        0.0000058135  -0.0000097778   0.0000327013  -0.0000264450   0.0000227162
       -0.0001891211  -0.0015905863   0.0015148020  -0.0027726455   0.0040174754
       -0.0183363201  -0.0508524366  -0.0166332118  -0.2653083675  -0.0049771859
       -0.0011091592  -0.0060709574   0.0003147944   0.0008966082   0.0002816380
        0.0000447677  -0.0003325268  -0.0002775259  -0.0000832399   0.0000425831
        0.0002722717   0.0000623050  -0.0000156530   0.0001078854  -0.0000691512
       -0.0004945121   0.0000543854   0.0001804133   0.0004373630   0.0005095394
       -0.0001475042   0.0001400930  -0.0000661649   0.0001307953   0.0001171682
       -0.0004885125   0.0016113797   0.0026569641  -0.0020142435   0.0595745660
        0.0170333099   0.3059535382  -0.0019921126  -0.0044121306  -0.0169016703
        0.0002258826  -0.0001570047   0.0001885991  -0.0011015012  -0.0005595815
        0.0005122075   0.0000316588  -0.0000310431  -0.0000059599  -0.0000058280
       -0.0000116288   0.0000842843   0.0000141634   0.0000054730  -0.0000094290
        0.0003026539  -0.0016480311   0.0004733870   0.0027219787  -0.0064600970
       -0.0014972991  -0.0918969697   0.0881736933   0.0423919306  -0.0183796228
        0.0217057520   0.0117355198  -0.0090560499   0.0008216783  -0.0006924010
       -0.0002421549  -0.0002025367   0.0019928285  -0.0000860276  -0.0002559976
       -0.0006105763  -0.0000712066   0.0007312593  -0.0001560380   0.0000032235
       -0.0003867918  -0.0001009339  -0.0000117059   0.0000149266   0.0000621113
       -0.0000710853  -0.0001248892  -0.0000443650   0.0006877762  -0.0018086146
       -0.0000652615  -0.0001688112   0.0000456417  -0.0001372083   0.0037855608
       -0.0039618439  -0.0019921126   0.1122113817  -0.0977970109  -0.0520274475
       -0.0000035107   0.0006667197   0.0005575583   0.0002923116   0.0004312161
        0.0001501886   0.0000348921  -0.0000072511  -0.0000064630   0.0000199865
       -0.0000328100  -0.0001012347  -0.0000726206   0.0000949868   0.0000678168
       -0.0013949736  -0.0042966454   0.0033138842   0.0085322706  -0.0251816259
       -0.0078097584   0.0883785087  -0.1875148664  -0.0747339014   0.0006469106
        0.0002816046  -0.0000604839   0.0003768646   0.0005547657   0.0004544343
       -0.0006943310   0.0004746892  -0.0005686663   0.0000625044   0.0000106118
        0.0002777251   0.0000700357   0.0000306379  -0.0000234319  -0.0000012056
       -0.0015510412  -0.0006726500   0.0000635058   0.0001890886   0.0003116253
       -0.0002291766   0.0002278009   0.0001232676   0.0001341197   0.0001792821
       -0.0006055461   0.0000408515  -0.0004456600   0.0001661573   0.0023941520
       -0.0035603551  -0.0044121306  -0.0977970109   0.2199334565   0.0839804908
       -0.0005316177   0.0006313854   0.0000802664   0.0000098956  -0.0000222345
        0.0001783865   0.0000089230   0.0000256498  -0.0000006577  -0.0000309478
        0.0000002007   0.0000145239  -0.0000392789   0.0000332552  -0.0000135351
        0.0003633585   0.0015114922  -0.0004776303  -0.0047435497   0.0117012807
        0.0050198789   0.0433528919  -0.0745144513  -0.0805548127  -0.0008106888
        0.0011462656   0.0009708426  -0.0002532561   0.0003309927   0.0008204097
       -0.0001841839   0.0001696435  -0.0000819445   0.0001094689  -0.0000501917
        0.0000897934   0.0000496050  -0.0000292870   0.0000081698   0.0000025201
        0.0004563534   0.0003988585   0.0001708263   0.0000021417  -0.0000238644
       -0.0001493032   0.0001385060  -0.0000697323  -0.0005055156   0.0003934951
        0.0008951121  -0.0000343629   0.0002422583  -0.0003311352   0.0145083631
       -0.0257398352  -0.0169016703  -0.0520274475   0.0839804908   0.0900627618
        0.0004338432   0.0000299994  -0.0000528690  -0.0002623175   0.0002232654
        0.0001744469   0.0000113162  -0.0000035507   0.0000123214  -0.0000271142
       -0.0000058003   0.0000326780  -0.0000044538   0.0000169315   0.0000083855
        0.0000162371  -0.0002290142   0.0001200381  -0.0054994443  -0.0008061400
       -0.0009424413  -0.0120836538  -0.0250733506   0.0119903762  -0.0511974388
       -0.0502268996   0.0222305435   0.0007773063   0.0203303836  -0.0043561777
        0.0000834581   0.0028400538   0.0017362654   0.0000130805  -0.0001791034
       -0.0002376760  -0.0010639293   0.0000341752  -0.0000623593   0.0000421050
       -0.0001055765  -0.0000658921  -0.0000230097   0.0000116014   0.0000473322
       -0.0001219895   0.0000538369   0.0000551377  -0.0008293555  -0.0011699377
        0.0007605508  -0.0000992635   0.0003126044  -0.0003326075   0.0005408893
       -0.0002931748   0.0002258826  -0.0000035107  -0.0005316177   0.0004338432
        0.0664593948   0.0486196277  -0.0273341612   0.0030811077   0.0063093340
       -0.0042335172  -0.0001505646   0.0002101813   0.0000945096   0.0000268710
       -0.0000123096  -0.0000931759   0.0000317099  -0.0000946738  -0.0000364711
        0.0000228659   0.0000204424  -0.0000379538  -0.0021231449   0.0007976208
       -0.0001597699  -0.0049759326  -0.0076276801   0.0044960500  -0.0495552038
       -0.2100061961   0.0873999801   0.0096742107  -0.0333708988   0.0032908203
       -0.0023857916  -0.0029893134  -0.0037512582  -0.0004038011   0.0005125117
        0.0005641560   0.0017057086   0.0000104015  -0.0000374453  -0.0000062742
        0.0000308571  -0.0000017659  -0.0000354001  -0.0000024189   0.0000044745
        0.0000215181   0.0000899921   0.0000555333  -0.0003983721  -0.0005330475
        0.0002573570   0.0000216958   0.0001149970  -0.0002392680   0.0002112551
       -0.0000757456  -0.0001570047   0.0006667197   0.0006313854   0.0000299994
        0.0486196277   0.2552242564  -0.0959205383  -0.0010684369  -0.0027441925
        0.0042284370   0.0001825618  -0.0002457783  -0.0001711457  -0.0000454360
       -0.0000109188   0.0001213930  -0.0001283699   0.0001737254   0.0000279492
       -0.0000105904   0.0000562607   0.0000807285  -0.0001233387   0.0001867979
        0.0005880969  -0.0004670770  -0.0019188400   0.0015636108   0.0208731515
        0.0896091759  -0.0856778600   0.0007099443  -0.0172029860   0.0067768326
       -0.0006051569  -0.0007505903  -0.0027729849  -0.0008112769   0.0001821356
        0.0012996938   0.0010878719  -0.0000137984   0.0000396752  -0.0000088714
       -0.0000189013   0.0000185396   0.0000272142  -0.0000102105   0.0000136003
        0.0001093030  -0.0000733751  -0.0000870511   0.0000359667  -0.0001030150
        0.0002153289   0.0000257152  -0.0001668065   0.0002706415  -0.0004706208
       -0.0004601738   0.0001885991   0.0005575583   0.0000802664  -0.0000528690
       -0.0273341612  -0.0959205383   0.0933022087   0.0063033606   0.0266774780
       -0.0157221138   0.0001215224  -0.0001489878  -0.0001193461   0.0000051034
       -0.0000278019   0.0000742592  -0.0000256183   0.0000239105   0.0000004096
        0.0000847953  -0.0000708411   0.0001383894   0.0009198211   0.0008365699
       -0.0010426704  -0.0132753102  -0.0008736854  -0.0279238727  -0.0574140082
       -0.0004509498  -0.0613563542   0.0007905292   0.0059745025   0.0188635245
        0.0008377142   0.0012203455   0.0018810120  -0.0015143377   0.0000153901
       -0.0002401966   0.0001066374  -0.0002490911  -0.0004012604  -0.0000044847
        0.0000315473   0.0000539464   0.0000453194   0.0001265397   0.0001471599
       -0.0000298656  -0.0000125956   0.0000196837   0.0002456009   0.0002071572
       -0.0001090304  -0.0000254678  -0.0007445703   0.0006148327  -0.0062231342
       -0.0009834450  -0.0011015012   0.0002923116   0.0000098956  -0.0002623175
        0.0030811077  -0.0010684369   0.0063033606   0.0720139308  -0.0038300989
        0.0646563047  -0.0000114797   0.0000088832  -0.0000325722   0.0000475842
       -0.0000824730  -0.0001387150   0.0000327365  -0.0000646438  -0.0000697234
       -0.0000767887  -0.0001893667   0.0001408457  -0.0003688356   0.0006063920
       -0.0012614728  -0.0022842181   0.0008494010  -0.0053770491  -0.0007461359
       -0.0424148718   0.0107740679   0.0026307873  -0.0080166796  -0.0288356525
       -0.0000746023   0.0009129004  -0.0030351193  -0.0000690203  -0.0010103888
        0.0009338983  -0.0001417243   0.0002626993   0.0004564393  -0.0000164255
       -0.0000340453  -0.0000271070   0.0000532237  -0.0000295649   0.0000456227
        0.0000773145   0.0000009541  -0.0001520783   0.0000863821  -0.0000689938
        0.0000731834  -0.0004533590  -0.0003030979   0.0003042287  -0.0013772523
        0.0004958919  -0.0005595815   0.0004312161  -0.0000222345   0.0002232654
        0.0063093340  -0.0027441925   0.0266774780  -0.0038300989   0.0515537890
       -0.0006736787  -0.0000470833   0.0000566816   0.0000812390  -0.0000639755
        0.0000765826   0.0001659693  -0.0000387378   0.0000181439   0.0000455015
        0.0000233792   0.0000427919   0.0000573760   0.0011428261   0.0000344526
        0.0009302655  -0.0050048875   0.0001461971  -0.0053398253  -0.0592542581
        0.0062094172  -0.2470024739   0.0056159582  -0.0132457924  -0.0278844682
       -0.0015128371   0.0012419746  -0.0007615713  -0.0007042683   0.0013745123
        0.0015527948   0.0000169830  -0.0000739152  -0.0002719959  -0.0000050940
        0.0000330146   0.0000596396   0.0000773864   0.0000887370  -0.0000080631
        0.0000181890   0.0000095735  -0.0001414597   0.0002261032   0.0001899854
       -0.0000334742   0.0000145971  -0.0002470893   0.0002916017  -0.0010693241
        0.0002595534   0.0005122075   0.0001501886   0.0001783865   0.0001744469
       -0.0042335172   0.0042284370  -0.0157221138   0.0646563047  -0.0006736787
        0.2933579803  -0.0000389203   0.0000715736   0.0000416257  -0.0000524535
        0.0000535195   0.0001321275  -0.0000663555   0.0000783495   0.0000553799
        0.0000348623  -0.0000523438  -0.0000129742  -0.0000261064  -0.0000169934
       -0.0000332297   0.0000549691  -0.0000821616  -0.0000295356   0.0003260561
        0.0007458984  -0.0004574740  -0.0015835252   0.0021154476   0.0016754201
       -0.0196619687   0.0016838291   0.0021397754   0.0016489850  -0.0000568317
       -0.0015382539  -0.2812912082  -0.0315508561  -0.0308592144  -0.0000219046
        0.0000397377   0.0000029723   0.0000047173   0.0000142061   0.0000521646
       -0.0000817447   0.0000678737  -0.0000137140  -0.0000007633   0.0000314410
       -0.0000043067  -0.0000075670   0.0000032786  -0.0000199836   0.0000301601
       -0.0000319709   0.0000316588   0.0000348921   0.0000089230   0.0000113162
       -0.0001505646   0.0001825618   0.0001215224  -0.0000114797  -0.0000470833
       -0.0000389203   0.3224730559   0.0334347898   0.0336577373  -0.0103992996
       -0.0012443562  -0.0039846757  -0.0113715658  -0.0052453898  -0.0007002851
        0.0000464449   0.0000574998  -0.0000150247  -0.0000250143   0.0000199964
        0.0000172118  -0.0000237926   0.0000574337   0.0000419801   0.0001654158
       -0.0017805348   0.0001594503   0.0016083136  -0.0025188240  -0.0015965915
        0.0201294285   0.0011777334  -0.0016124321  -0.0006029418  -0.0004730128
        0.0021499189  -0.0287880434  -0.0382610678  -0.0032726738  -0.0000102455
       -0.0000102908  -0.0000038871  -0.0000320174   0.0000001563  -0.0000067268
       -0.0000053229  -0.0001255403  -0.0000173197  -0.0000238263   0.0000209962
        0.0000248687  -0.0000081927  -0.0000055829   0.0000177012  -0.0000063506
        0.0000047822  -0.0000310431  -0.0000072511   0.0000256498  -0.0000035507
        0.0002101813  -0.0002457783  -0.0001489878   0.0000088832   0.0000566816
        0.0000715736   0.0334347898   0.0471786992   0.0051209962   0.0050112297
        0.0012684160   0.0011318675  -0.0310816882  -0.0064474127  -0.0020273311
        0.0000565049   0.0000410173   0.0000631384   0.0000334436   0.0000277002
        0.0000351309  -0.0000222339   0.0000530415  -0.0000136412  -0.0001079700
       -0.0008210080   0.0003917966   0.0017006897  -0.0021038076  -0.0006692768
        0.0171712554   0.0041084360   0.0032285901  -0.0014622722  -0.0011536115
       -0.0007266748  -0.0291045449  -0.0039488508  -0.0464821248  -0.0000102802
       -0.0000172296   0.0000080414   0.0000239388  -0.0000197862  -0.0000159146
       -0.0000437884  -0.0000451598  -0.0001352302   0.0000044995   0.0000001540
        0.0000310759  -0.0000087114  -0.0000069001   0.0000241101  -0.0000163747
       -0.0000091455  -0.0000059599  -0.0000064630  -0.0000006577   0.0000123214
        0.0000945096  -0.0001711457  -0.0001193461  -0.0000325722   0.0000812390
        0.0000416257   0.0336577373   0.0051209962   0.0474642443  -0.0296750503
       -0.0032794053  -0.0053139814   0.0077476824   0.0021441236   0.0021820751
       -0.0001176040   0.0000122724  -0.0000655754  -0.0000402284   0.0000027928
        0.0000396434  -0.0000008221  -0.0000085461   0.0000227890  -0.0000218086
        0.0001964327   0.0001620504  -0.0001480585  -0.0006759533   0.0004675161
        0.0041913842  -0.0039043741   0.0105542553  -0.0004639457   0.0035770291
        0.0047383885  -0.0611353890   0.0117461856  -0.0647758985   0.0000473975
        0.0000333342  -0.0000329917  -0.0000998603   0.0000119659   0.0000016428
        0.0000298792  -0.0000932457   0.0002594117   0.0000200570  -0.0000185748
       -0.0000075953   0.0000148794  -0.0000045835  -0.0000265928  -0.0000708467
        0.0000461061  -0.0000058280   0.0000199865  -0.0000309478  -0.0000271142
        0.0000268710  -0.0000454360   0.0000051034   0.0000475842  -0.0000639755
       -0.0000524535  -0.0103992996   0.0050112297  -0.0296750503   0.0656923631
       -0.0142355857   0.0719725420   0.0024074607  -0.0015561261   0.0064457570
       -0.0000464127  -0.0000295682   0.0000053510   0.0000529489   0.0000037676
       -0.0000000660  -0.0000112516   0.0000189917  -0.0000066134   0.0001495545
        0.0000005431  -0.0001846646  -0.0010041776  -0.0000070605  -0.0003202154
       -0.0055854496   0.0040823694  -0.0154054166   0.0031326271  -0.0028358448
       -0.0065641912   0.0119291262  -0.0502313711   0.0434395977  -0.0000006873
       -0.0000200416   0.0000288505  -0.0000202574   0.0000126861  -0.0000002340
       -0.0000171599   0.0000454891   0.0001128714  -0.0000043311  -0.0000226501
       -0.0000043045  -0.0000215381  -0.0000166898  -0.0000067101   0.0000377359
        0.0000058135  -0.0000116288  -0.0000328100   0.0000002007  -0.0000058003
       -0.0000123096  -0.0000109188  -0.0000278019  -0.0000824730   0.0000765826
        0.0000535195  -0.0012443562   0.0012684160  -0.0032794053  -0.0142355857
        0.0544751641  -0.0462343483   0.0070168070  -0.0068158789   0.0284112101
        0.0000468319  -0.0000640792   0.0000813436   0.0000041561  -0.0000022769
       -0.0000444398  -0.0001462508   0.0000711313   0.0000833679  -0.0002983153
        0.0004376512   0.0002190774  -0.0001390800   0.0004350001   0.0008356769
       -0.0042396543   0.0019021931  -0.0215238366   0.0026982987  -0.0043332417
       -0.0056060648  -0.0631560056   0.0416039424  -0.2673372699  -0.0001223684
       -0.0000127313   0.0000199626  -0.0000171763   0.0000148459   0.0000420645
        0.0002488709   0.0001286731  -0.0002697456  -0.0000243354   0.0000227748
        0.0000387805  -0.0000302701   0.0000047763  -0.0000249269   0.0000449279
       -0.0000097778   0.0000842843  -0.0001012347   0.0000145239   0.0000326780
       -0.0000931759   0.0001213930   0.0000742592  -0.0001387150   0.0001659693
        0.0001321275  -0.0039846757   0.0011318675  -0.0053139814   0.0719725420
       -0.0462343483   0.3086199319  -0.0025243700   0.0046017133  -0.0101432893
       -0.0001873122  -0.0000363738   0.0000683257   0.0000481370   0.0000137570
        0.0000239585  -0.0001816828   0.0002013276   0.0001079123  -0.0013645033
        0.0003084384   0.0001344077  -0.0015317633   0.0013007195   0.0012731933
        0.0031420559   0.0146877720  -0.0004306130  -0.0006452156  -0.0003979081
       -0.0018344340  -0.0485287437  -0.0540118884   0.0141813536  -0.0000546577
       -0.0000168511   0.0000231665   0.0000624347  -0.0000075345  -0.0000027016
       -0.0002049573   0.0002428848  -0.0000774582   0.0000454844  -0.0000437388
       -0.0000390146  -0.0000210069   0.0000304303   0.0000096086   0.0000028976
        0.0000327013   0.0000141634  -0.0000726206  -0.0000392789  -0.0000044538
        0.0000317099  -0.0001283699  -0.0000256183   0.0000327365  -0.0000387378
       -0.0000663555  -0.0113715658  -0.0310816882   0.0077476824   0.0024074607
        0.0070168070  -0.0025243700   0.0583911122   0.0619675313  -0.0185787532
        0.0000338435  -0.0000254721  -0.0000553670  -0.0000002021   0.0000016442
       -0.0000122904   0.0001686227  -0.0003026291  -0.0001457591   0.0011159725
        0.0003059608   0.0002697050   0.0021058533  -0.0023552079  -0.0018657447
       -0.0026335935  -0.0244627068   0.0011294219   0.0008142265   0.0019859445
        0.0012395999  -0.0568692127  -0.2553258387   0.0632346411  -0.0001011886
        0.0000398686   0.0000286537  -0.0001042752   0.0000164787   0.0000218776
        0.0004284436  -0.0000199129   0.0000314527  -0.0000432527   0.0000566870
        0.0000076427   0.0000072521  -0.0000408145  -0.0000506434  -0.0000241739
       -0.0000264450   0.0000054730   0.0000949868   0.0000332552   0.0000169315
       -0.0000946738   0.0001737254   0.0000239105  -0.0000646438   0.0000181439
        0.0000783495  -0.0052453898  -0.0064474127   0.0021441236  -0.0015561261
       -0.0068158789   0.0046017133   0.0619675313   0.2931906104  -0.0707036914
       -0.0000342388   0.0000013085  -0.0000795819   0.0000462364   0.0000038181
        0.0000108926   0.0001184745  -0.0001501263  -0.0001059878   0.0009331510
        0.0001070652   0.0002036320   0.0015810592  -0.0017803262  -0.0006325151
       -0.0059986173  -0.0154519225   0.0059760307   0.0013192075   0.0009983424
       -0.0012338718   0.0149287625   0.0605336380  -0.0598539558   0.0000580289
        0.0000086449  -0.0000263479  -0.0000609896   0.0000395498  -0.0000465102
       -0.0000111904   0.0000248626   0.0001989737   0.0000070480  -0.0000272049
       -0.0000140442   0.0000044574  -0.0000704690  -0.0000310648  -0.0000197305
        0.0000227162  -0.0000094290   0.0000678168  -0.0000135351   0.0000083855
       -0.0000364711   0.0000279492   0.0000004096  -0.0000697234   0.0000455015
        0.0000553799  -0.0007002851  -0.0020273311   0.0021820751   0.0064457570
        0.0284112101  -0.0101432893  -0.0185787532  -0.0707036914   0.0635408187
