           1           2   1.01962919074788     
           2           3   1.00765558579679     
           3           4   1.00609725226040     
           4           5  0.923301181825135     
           5           6   1.16717888294280     
           5           7  0.169180810953920     
           6           7   1.68460694899413     
           6           8  0.999879562178613     
           1           9  0.987366765511002     
           1          10  0.987268580617004     
           1          11  0.986727826469210     
           2          12  0.977569732731660     
           2          13  0.977928936197029     
           3          14  0.971726370255579     
           3          15  0.973174120841970     
           4          16  0.967820310273802     
           4          17  0.967856396236903     
           8          18  0.978251812398118     
           8          19  0.962539761358343     
           8          20  0.946391644959997     
