*************************************************
******************* ORCA 6.0.0 ******************
*************************************************
$Calculation_Status
   &GeometryIndex 1
   &ListStatus       OUT
   &VERSION [&Type "String"] "6.0.0"
   &PROGNAME [&Type "String"] "LeanSCF"
   &STATUS [&Type "String"] "NORMAL TERMINATION"
$End
$Geometry
   &GeometryIndex 1
   &ListStatus       OUT
   &NATOMS [&Type "Integer"] 26
   &NCORELESSECP [&Type "Integer"] 0
   &NGHOSTATOMS [&Type "Integer"] 0
   &CartesianCoordinates [&Type "Coordinates", &Dim(26,4), &Units "Bohr"] 
              C      5.645404080605   -0.502393833540   -1.719847966854
              C      3.076126910547   -0.887748329353   -0.453155743745
              C      3.359088902771   -2.161819053914    2.124407280902
              C      1.556770966094   -2.624526610966   -2.107169298697
              N     -0.673825639516   -2.677268989062   -2.930184268860
              O     -2.383657172901   -0.729981156484   -2.293191535589
              C     -3.262681594974   -0.655817769089    0.137535716124
              O     -2.601135152479   -2.125299017720    1.776643805050
              N     -4.965955709321    1.182068689635    0.353432660490
              C     -6.138213804285    1.842125543221    2.730894117762
              S      1.474586656532    2.223676155820   -0.151855257444
              C      3.476827332588    3.914270067402    2.071085170166
              H      5.412575698794    0.452092514847   -3.525662298446
              H      6.869096347285    0.630273468450   -0.521974612224
              H      6.555318947776   -2.317659856591   -2.033730973897
              H      1.517349581021   -2.367553486147    3.018879250548
              H      4.591400574876   -1.057043044989    3.339109794574
              H      4.179860332620   -4.030675385382    1.882591612553
              H      2.622033918954   -4.240711709806   -2.784435930893
              H     -5.245988443112    2.308399635964   -1.158448626821
              H     -8.184254180397    1.847252029505    2.522008134265
              H     -5.498048125025    3.698184377568    3.352628521737
              H     -5.590393326091    0.428806210360    4.119842156286
              H      5.406498835033    4.000525603892    1.389156154063
              H      3.363037024246    3.038129915241    3.920995829858
              H      2.682377453594    5.802547383067    2.144392230999
$End
$SCF_Energy
   &GeometryIndex 1
   &ListStatus       OUT
   &SCF_ENERGY [&Type "Double"]      -9.3188565191005421e+02
$End
$DFT_Energy
   &GeometryIndex 1
   &ListStatus       OUT
   &NALPHAEL [&Type "Integer"] 50
   &NBETAEL [&Type "Integer"] 50
   &NTOTALEL [&Type "Integer"] 101
   &EEXCHANGE [&Type "Double"]      -9.5541639664351564e+01
   &ECORR [&Type "Double"]      -3.5090297300275370e+00
   &ECNL [&Type "Double"]       0.0000000000000000e+00
   &EXC [&Type "Double"]      -9.9050669394379099e+01
   &EEMBED [&Type "Double"]       0.0000000000000000e+00
   &FINALEN [&Type "Double"]      -9.3188565191005421e+02  "No Van der Waals correction"
$End
$Mulliken_Population_Analysis
   &GeometryIndex 1
   &ListStatus       OUT
   &NATOMS [&Type "Integer"] 26
   &ATNO [&Type "ArrayOfIntegers", &Dim (26,1)] 
                                                         0

0                                                        6
1                                                        6
2                                                        6
3                                                        6
4                                                        7
5                                                        8
6                                                        6
7                                                        8
8                                                        7
9                                                        6
10                                                      16
11                                                       6
12                                                       1
13                                                       1
14                                                       1
15                                                       1
16                                                       1
17                                                       1
18                                                       1
19                                                       1
20                                                       1
21                                                       1
22                                                       1
23                                                       1
24                                                       1
25                                                       1
   &ATOMICCHARGES [&Type "ArrayOfDoubles", &Dim (26,1)] 
                                                         0

0                                     -2.0638796818171556e-01
1                                     -3.0443264126709479e-01
2                                     -2.0418468124172406e-01
3                                     -6.6169531254200997e-02
4                                      7.3290330462898012e-02
5                                     -2.4420939006107645e-01
6                                      2.0654201274392570e-01
7                                     -2.3126855291846837e-01
8                                     -2.7369165591380007e-01
9                                     -1.6992146847023637e-01
10                                    -5.0987573267171626e-02
11                                    -3.6680758583202255e-01
12                                     1.2091555420415356e-01
13                                     1.1168836704992890e-01
14                                     1.0471681821352019e-01
15                                     1.5799149031859083e-01
16                                     1.0577673671502219e-01
17                                     9.6611049270565186e-02
18                                     1.0602255727019427e-01
19                                     2.3343221574612716e-01
20                                     1.1438415021281334e-01
21                                     1.1074611449126204e-01
22                                     1.3715006954569686e-01
23                                     1.4231393204551912e-01
24                                     1.5154562746819200e-01
25                                     1.4493402264920463e-01
$End
$Loewdin_Population_Analysis
   &GeometryIndex 1
   &ListStatus       OUT
   &NATOMS [&Type "Integer"] 26
   &ATNO [&Type "ArrayOfIntegers", &Dim (26,1)] 
                                                         0

0                                                        6
1                                                        6
2                                                        6
3                                                        6
4                                                        7
5                                                        8
6                                                        6
7                                                        8
8                                                        7
9                                                        6
10                                                      16
11                                                       6
12                                                       1
13                                                       1
14                                                       1
15                                                       1
16                                                       1
17                                                       1
18                                                       1
19                                                       1
20                                                       1
21                                                       1
22                                                       1
23                                                       1
24                                                       1
25                                                       1
   &ATOMICCHARGES [&Type "ArrayOfDoubles", &Dim (26,1)] 
                                                         0

0                                      3.4594311988215317e-04
1                                      3.8143729962039708e-03
2                                      2.2318421734586708e-04
3                                      1.3526524403691637e-02
4                                      1.3130985722241853e-01
5                                      3.1894452935225137e-01
6                                      1.7256864993150273e-01
7                                      2.9384047889171838e-01
8                                      5.8148739697154901e-02
9                                      6.1806895212739481e-03
10                                     2.8419671628938049e-05
11                                     2.5878445697647062e-05
12                                     2.2388526970301481e-06
13                                     7.8817742320067460e-06
14                                     1.0588211264846633e-06
15                                     1.3805396569181730e-04
16                                     4.3994471989090801e-07
17                                     1.6445972658602558e-06
18                                     5.5990099236765034e-07
19                                     7.2814344402117443e-04
20                                     7.0507379554180072e-05
21                                     4.4796052789143671e-05
22                                     4.4745636290344692e-05
23                                     1.9728211093680953e-06
24                                     2.3758652268111638e-07
25                                     4.5175221570457259e-07
$End
$Mayer_Population_Analysis
   &GeometryIndex 1
   &ListStatus       OUT
   &NATOMS [&Type "Integer"] 26 "Total number of atoms"
   &BONDTHRESH [&Type "Double"]       1.0000000000000001e-01  "The threshold for printing"
   &NBONDORDERSPRINT [&Type "Integer"] 25 "The number of bond orders larger than threshold"
   &BONDORDERS [&Type "ArrayOfDoubles", &Dim (25,1)] "The bond orders"
                                                         0

0                                      1.0268206790538037e+00
1                                      9.4663551496492593e-01
2                                      9.3643627668493568e-01
3                                      9.3406136595183054e-01
4                                      1.0351603789758466e+00
5                                      9.2313185139014553e-01
6                                      1.0054110481533078e+00
7                                      9.1586152000946952e-01
8                                      9.3354722943209456e-01
9                                      9.3421026503022409e-01
10                                     2.0628367940548280e+00
11                                     9.1687377742508192e-01
12                                     8.8693750623180512e-01
13                                     1.0247228027077100e+00
14                                     1.9853707595129813e+00
15                                     1.2533209970713941e+00
16                                     1.0257147353998430e+00
17                                     8.5571900858254080e-01
18                                     9.5908613113758556e-01
19                                     9.5785491087049790e-01
20                                     9.3910287378975210e-01
21                                     1.0410005659747552e+00
22                                     9.3413312191597198e-01
23                                     9.3427817974805949e-01
24                                     9.4597232982129242e-01
   &COMPONENTS [&Type "ArrayOfIntegers", &Dim (25,4)] "The indices and atomic numbers of the bonding atoms"
                                                         0                           1                           2                           3

0                                                        0                           6                           1                           6
1                                                        0                           6                          12                           1
2                                                        0                           6                          13                           1
3                                                        0                           6                          14                           1
4                                                        1                           6                           2                           6
5                                                        1                           6                           3                           6
6                                                        1                           6                          10                          16
7                                                        2                           6                          15                           1
8                                                        2                           6                          16                           1
9                                                        2                           6                          17                           1
10                                                       3                           6                           4                           7
11                                                       3                           6                          18                           1
12                                                       4                           7                           5                           8
13                                                       5                           8                           6                           6
14                                                       6                           6                           7                           8
15                                                       6                           6                           8                           7
16                                                       8                           7                           9                           6
17                                                       8                           7                          19                           1
18                                                       9                           6                          20                           1
19                                                       9                           6                          21                           1
20                                                       9                           6                          22                           1
21                                                      10                          16                          11                           6
22                                                      11                           6                          23                           1
23                                                      11                           6                          24                           1
24                                                      11                           6                          25                           1
   &ATNO [&Type "ArrayOfIntegers", &Dim (26,1)] "Atomic number of the elements"
                                                         0

0                                                        6
1                                                        6
2                                                        6
3                                                        6
4                                                        7
5                                                        8
6                                                        6
7                                                        8
8                                                        7
9                                                        6
10                                                      16
11                                                       6
12                                                       1
13                                                       1
14                                                       1
15                                                       1
16                                                       1
17                                                       1
18                                                       1
19                                                       1
20                                                       1
21                                                       1
22                                                       1
23                                                       1
24                                                       1
25                                                       1
   &NA [&Type "ArrayOfDoubles", &Dim (26,1)] "Mulliken gross atomic population"
                                                         0

0                                      6.2063879681817218e+00
1                                      6.3044326412670850e+00
2                                      6.2041846812417187e+00
3                                      6.0661695312541930e+00
4                                      6.9267096695370922e+00
5                                      8.2442093900610640e+00
6                                      5.7934579872560938e+00
7                                      8.2312685529184773e+00
8                                      7.2736916559138045e+00
9                                      6.1699214684702488e+00
10                                     1.6050987573267165e+01
11                                     6.3668075858320305e+00
12                                     8.7908444579584710e-01
13                                     8.8831163295007043e-01
14                                     8.9528318178647948e-01
15                                     8.4200850968141006e-01
16                                     8.9422326328497792e-01
17                                     9.0338895072943515e-01
18                                     8.9397744272980506e-01
19                                     7.6656778425387262e-01
20                                     8.8561584978718655e-01
21                                     8.8925388550873863e-01
22                                     8.6284993045430369e-01
23                                     8.5768606795448021e-01
24                                     8.4845437253180866e-01
25                                     8.5506597735079559e-01
   &ZA [&Type "ArrayOfDoubles", &Dim (26,1)] "Total nuclear charge"
                                                         0

0                                      6.0000000000000000e+00
1                                      6.0000000000000000e+00
2                                      6.0000000000000000e+00
3                                      6.0000000000000000e+00
4                                      7.0000000000000000e+00
5                                      8.0000000000000000e+00
6                                      6.0000000000000000e+00
7                                      8.0000000000000000e+00
8                                      7.0000000000000000e+00
9                                      6.0000000000000000e+00
10                                     1.6000000000000000e+01
11                                     6.0000000000000000e+00
12                                     1.0000000000000000e+00
13                                     1.0000000000000000e+00
14                                     1.0000000000000000e+00
15                                     1.0000000000000000e+00
16                                     1.0000000000000000e+00
17                                     1.0000000000000000e+00
18                                     1.0000000000000000e+00
19                                     1.0000000000000000e+00
20                                     1.0000000000000000e+00
21                                     1.0000000000000000e+00
22                                     1.0000000000000000e+00
23                                     1.0000000000000000e+00
24                                     1.0000000000000000e+00
25                                     1.0000000000000000e+00
   &QA [&Type "ArrayOfDoubles", &Dim (26,1)] "Mulliken gross atomic charge"
                                                         0

0                                     -2.0638796818172178e-01
1                                     -3.0443264126708502e-01
2                                     -2.0418468124171874e-01
3                                     -6.6169531254193004e-02
4                                      7.3290330462907782e-02
5                                     -2.4420939006106401e-01
6                                      2.0654201274390616e-01
7                                     -2.3126855291847725e-01
8                                     -2.7369165591380451e-01
9                                     -1.6992146847024880e-01
10                                    -5.0987573267164521e-02
11                                    -3.6680758583203055e-01
12                                     1.2091555420415290e-01
13                                     1.1168836704992957e-01
14                                     1.0471681821352052e-01
15                                     1.5799149031858994e-01
16                                     1.0577673671502208e-01
17                                     9.6611049270564853e-02
18                                     1.0602255727019494e-01
19                                     2.3343221574612738e-01
20                                     1.1438415021281345e-01
21                                     1.1074611449126137e-01
22                                     1.3715006954569631e-01
23                                     1.4231393204551979e-01
24                                     1.5154562746819134e-01
25                                     1.4493402264920441e-01
   &VA [&Type "ArrayOfDoubles", &Dim (26,1)] "Mayer's total valence"
                                                         0

0                                      3.8441853017593677e+00
1                                      4.0679064503048874e+00
2                                      3.8148573308509164e+00
3                                      4.0327028471534563e+00
4                                      3.0950091892175160e+00
5                                      2.1241833164252433e+00
6                                      4.4114729687410152e+00
7                                      2.2960565054322770e+00
8                                      3.2510611750315617e+00
9                                      3.9054683804528350e+00
10                                     2.1881427049744651e+00
11                                     3.8996866496574545e+00
12                                     9.6880630965222314e-01
13                                     9.7232212802185858e-01
14                                     9.6308488128665548e-01
15                                     1.0064266215401354e+00
16                                     9.6724754622344244e-01
17                                     9.6407232628092665e-01
18                                     9.6299915820433968e-01
19                                     9.2610234738844543e-01
20                                     9.5382719362853940e-01
21                                     9.5494787692371041e-01
22                                     9.9611124841296295e-01
23                                     9.4966024563573515e-01
24                                     9.4233409305645299e-01
25                                     9.5061923433541817e-01
   &BVA [&Type "ArrayOfDoubles", &Dim (26,1)] "Mayer's bonded valence"
                                                         0

0                                      3.8441853017593268e+00
1                                      4.0679064503048696e+00
2                                      3.8148573308509031e+00
3                                      4.0327028471535016e+00
4                                      3.0950091892175364e+00
5                                      2.1241833164252246e+00
6                                      4.4114729687409469e+00
7                                      2.2960565054322304e+00
8                                      3.2510611750315359e+00
9                                      3.9054683804528043e+00
10                                     2.1881427049744917e+00
11                                     3.8996866496573914e+00
12                                     9.6880630965221914e-01
13                                     9.7232212802185658e-01
14                                     9.6308488128665737e-01
15                                     1.0064266215401285e+00
16                                     9.6724754622343811e-01
17                                     9.6407232628092354e-01
18                                     9.6299915820434945e-01
19                                     9.2610234738844155e-01
20                                     9.5382719362854029e-01
21                                     9.5494787692370731e-01
22                                     9.9611124841295517e-01
23                                     9.4966024563573703e-01
24                                     9.4233409305644955e-01
25                                     9.5061923433541440e-01
   &FA [&Type "ArrayOfDoubles", &Dim (26,1)] "Mayer's free valence"
                                                         0

0                                      0.0000000000000000e+00
1                                      0.0000000000000000e+00
2                                      0.0000000000000000e+00
3                                      0.0000000000000000e+00
4                                      0.0000000000000000e+00
5                                      0.0000000000000000e+00
6                                      0.0000000000000000e+00
7                                      0.0000000000000000e+00
8                                      0.0000000000000000e+00
9                                      0.0000000000000000e+00
10                                     0.0000000000000000e+00
11                                     0.0000000000000000e+00
12                                     0.0000000000000000e+00
13                                     0.0000000000000000e+00
14                                     0.0000000000000000e+00
15                                     0.0000000000000000e+00
16                                     0.0000000000000000e+00
17                                     0.0000000000000000e+00
18                                     0.0000000000000000e+00
19                                     0.0000000000000000e+00
20                                     0.0000000000000000e+00
21                                     0.0000000000000000e+00
22                                     0.0000000000000000e+00
23                                     0.0000000000000000e+00
24                                     0.0000000000000000e+00
25                                     0.0000000000000000e+00
$End
$VdW_Correction
   &GeometryIndex 1
   &ListStatus       OUT
   &VDW [&Type "Double"]      -2.9824662416999253e-02
$End
$Calculation_Info
   &GeometryIndex 1
   &ListStatus       OUT
   &MULT [&Type "Integer"] 1
   &CHARGE [&Type "Integer"] 0
   &NUMOFATOMS [&Type "Integer"] 26
   &NUMOFELECTRONS [&Type "Integer"] 102
   &NUMOFFCELECTRONS [&Type "Integer"] 1
   &NUMOFCORRELECTRONS [&Type "Integer"] 0
   &NUMOFBASISFUNCTS [&Type "Integer"] 200
   &NUMOFAUXCBASISFUNCTS [&Type "Integer"] 0
   &NUMOFAUXJBASISFUNCTS [&Type "Integer"] 744
   &NUMOFAUXJKBASISFUNCTS [&Type "Integer"] 0
   &NUMOFCABSBASISFUNCTS [&Type "Integer"] 0
   &TOTALENERGY [&Type "Double"]      -9.3179781938527117e+02  "Hartrees"
$End
$SCF_Dipole_Moment
   &GeometryIndex 1
   &ListStatus       OUT
   &METHOD [&Type "String"] "SCF"
   &LEVEL [&Type "String"] "Relaxed density"
   &MULT [&Type "Integer"] 1
   &STATE [&Type "Integer"] -1
   &IRREP [&Type "Integer"] 0
   &NATOMS [&Type "Integer"] 26
   &DODIPOLEATOM [&Type "Boolean"] false
   &DIPOLEELECCONTRIB [&Type "ArrayOfDoubles", &Dim (3,1)] "Electronic contribution"
                                                         0

0                                     -8.6749087255130508e+00
1                                     -2.9244361626232198e+00
2                                     -7.3151768153050440e+00
   &DIPOLENUCCONTRIB [&Type "ArrayOfDoubles", &Dim (3,1)] "Nuclear contribution"
                                                         0

0                                      9.1962164729394775e+00
1                                      4.0064717176757068e+00
2                                      7.7679834994622992e+00
   &DIPOLETOTAL [&Type "ArrayOfDoubles", &Dim (3,1)] "Total"
                                                         0

0                                      5.2130774742642672e-01
1                                      1.0820355550524869e+00
2                                      4.5280668415725511e-01
   &DIPOLEMAGNITUDE [&Type "Double", &Units "a.u."]       1.2835873959890876e+00
$End
