           1           2   1.02061769564761     
           2           3   1.00914558592007     
           3           4  0.988040625818574     
           4           5   1.00314578690723     
           5           6   1.79286051925838     
           5           7   1.01964858416846     
           1           8  0.986276279523541     
           1           9  0.986424836034526     
           1          10  0.982805514721210     
           2          11  0.975811296304249     
           2          12  0.977155760337550     
           3          13  0.973171727171265     
           3          14  0.975838327485266     
           4          15  0.972397869223460     
           4          16  0.938795363621232     
           7          17  0.940532575578310     
           7          18  0.977834006265602     
           7          19  0.967489605394460     
