           1           2   1.02127483164601     
           2           3  0.989255620255568     
           3           4   1.01374514397266     
           4           5   1.42551257043947     
           5           6   1.42159462872869     
           6           7   1.40357335039924     
           7           8   1.28893388388537     
           4           9   1.38437861664521     
           8           9   1.41378256637204     
           8          10   1.02837033836564     
          10          11  0.972828360694966     
           7          12   1.06758354802442     
           1          13  0.987383000464559     
           1          14  0.986849129408261     
           1          15  0.986320985150407     
           2          16  0.977507079042367     
           2          17  0.978245197557674     
           3          18  0.974618941203814     
           3          19  0.969558048379265     
           5          20  0.968131526540376     
           6          21  0.967498658073504     
           9          22  0.962795721489967     
          11          23  0.977038910962205     
          11          24  0.977535696228885     
          11          25  0.977054100058853     
          12          26  0.840892669346937     
