           1           2   1.02043627758066     
           2           3   1.00439025118190     
           3           4  0.971432444859802     
           4           5  0.996740021384812     
           5           6   1.80323547055220     
           5           7   1.02363610483100     
           1           8  0.986585613505103     
           1           9  0.985443168959696     
           1          10  0.987008235829841     
           2          11  0.975508112681936     
           2          12  0.977680669018327     
           3          13  0.975872525451044     
           3          14  0.978210937622335     
           4          15  0.966719637173971     
           4          16  0.967274048316770     
           7          17  0.943671233249541     
           7          18  0.981225319558017     
           7          19  0.958304186636014     
