*************************************************
******************* ORCA 6.0.1 ******************
*************************************************
$Calculation_Status
   &GeometryIndex 1
   &ListStatus       OUT
   &VERSION [&Type "String"] "6.0.1"
   &PROGNAME [&Type "String"] "LeanSCF"
   &STATUS [&Type "String"] "NORMAL TERMINATION"
$End
$Geometry
   &GeometryIndex 1
   &ListStatus       OUT
   &NATOMS [&Type "Integer"] 23
   &NCORELESSECP [&Type "Integer"] 0
   &NGHOSTATOMS [&Type "Integer"] 0
   &CartesianCoordinates [&Type "Coordinates", &Dim(23,4), &Units "Bohr"] 
              C      5.434118475620   -0.415071807619   -1.591704651464
              C      4.404656996260   -0.330159353350    1.098001054820
              C      1.611856301106   -1.055896270353    1.267720942395
              C     -0.128998527581    0.845410291266   -0.033956608898
              C     -2.936965891809    0.427760127325    0.542864574464
              C     -4.493583980193    2.615732070069   -0.521130628218
              C     -3.890663871587   -2.071746946400   -0.539855296334
              H      7.454465120243   -0.038746984523   -1.593496010928
              H      5.118790948503   -2.269162301713   -2.421504588069
              H      4.519341869962    0.993084626203   -2.773440689018
              H      4.664834930118    1.566262719936    1.871413278137
              H      5.493956204652   -1.635551424220    2.269849627611
              H      1.360307260610   -2.924831149989    0.433111329825
              H      1.084916443292   -1.180211583576    3.261279406277
              H      0.391264237107    2.744184965496    0.591917805202
              H      0.146298105976    0.760281391356   -2.076201635799
              H     -3.183356396833    0.390080246583    2.599790309979
              H     -3.874793965498    4.405439204552    0.277760945095
              H     -4.286067864272    2.710728498320   -2.564376324444
              H     -6.485723917184    2.365281932722   -0.083034634733
              H     -5.906065169436   -2.275538980162   -0.191299764261
              H     -2.928435724922   -3.666445984953    0.323834606654
              H     -3.574731225816   -2.135859880532   -2.570423555976
$End
$SCF_Energy
   &GeometryIndex 1
   &ListStatus       OUT
   &SCF_ENERGY [&Type "Double"]      -2.7574088266901174e+02
$End
$DFT_Energy
   &GeometryIndex 1
   &ListStatus       OUT
   &NALPHAEL [&Type "Integer"] 29
   &NBETAEL [&Type "Integer"] 29
   &NTOTALEL [&Type "Integer"] 58
   &EEXCHANGE [&Type "Double"]      -4.1682086082298461e+01
   &ECORR [&Type "Double"]      -1.8871264900027318e+00
   &ECNL [&Type "Double"]       0.0000000000000000e+00
   &EXC [&Type "Double"]      -4.3569212572301190e+01
   &EEMBED [&Type "Double"]       0.0000000000000000e+00
   &FINALEN [&Type "Double"]      -2.7574088266901174e+02  "No Van der Waals correction"
$End
$Mulliken_Population_Analysis
   &GeometryIndex 1
   &ListStatus       OUT
   &NATOMS [&Type "Integer"] 23
   &ATNO [&Type "ArrayOfIntegers", &Dim (23,1)] 
                                                         0

0                                                        6
1                                                        6
2                                                        6
3                                                        6
4                                                        6
5                                                        6
6                                                        6
7                                                        1
8                                                        1
9                                                        1
10                                                       1
11                                                       1
12                                                       1
13                                                       1
14                                                       1
15                                                       1
16                                                       1
17                                                       1
18                                                       1
19                                                       1
20                                                       1
21                                                       1
22                                                       1
   &ATOMICCHARGES [&Type "ArrayOfDoubles", &Dim (23,1)] 
                                                         0

0                                     -2.9314123608432752e-01
1                                     -1.5860262569755079e-01
2                                     -1.5902019232199294e-01
3                                     -1.6468213412895683e-01
4                                     -1.6787542394221422e-01
5                                     -2.3131153311253527e-01
6                                     -2.5443538448641512e-01
7                                      1.0176697599959850e-01
8                                      9.6255976741129290e-02
9                                      1.0907251079179014e-01
10                                     8.1331040571665625e-02
11                                     8.1381775720545724e-02
12                                     8.5254802332025204e-02
13                                     7.6915462392816658e-02
14                                     7.3333960320439928e-02
15                                     8.1068692846692159e-02
16                                     6.7805460053286137e-02
17                                     9.5115878815598132e-02
18                                     8.9876162767094092e-02
19                                     9.5750845433731802e-02
20                                     9.6598366502624877e-02
21                                     1.0694520127143581e-01
22                                     9.0595417213547691e-02
$End
$Loewdin_Population_Analysis
   &GeometryIndex 1
   &ListStatus       OUT
   &NATOMS [&Type "Integer"] 23
   &ATNO [&Type "ArrayOfIntegers", &Dim (23,1)] 
                                                         0

0                                                        6
1                                                        6
2                                                        6
3                                                        6
4                                                        6
5                                                        6
6                                                        6
7                                                        1
8                                                        1
9                                                        1
10                                                       1
11                                                       1
12                                                       1
13                                                       1
14                                                       1
15                                                       1
16                                                       1
17                                                       1
18                                                       1
19                                                       1
20                                                       1
21                                                       1
22                                                       1
   &ATOMICCHARGES [&Type "ArrayOfDoubles", &Dim (23,1)] 
                                                         0

0                                      2.5766657542104721e-02
1                                      1.1883331340135447e-01
2                                      2.4311778363885272e-01
3                                      3.2572441222270632e-01
4                                      2.2167855196658254e-01
5                                      3.1949691075566361e-02
6                                      2.9881407636533640e-02
7                                      8.7625050993100256e-04
8                                      1.4184378107792772e-05
9                                      6.4262786768726275e-05
10                                     9.6403607574267283e-05
11                                     2.0905451285513653e-04
12                                     9.6097436327942539e-05
13                                     4.8175435118162277e-05
14                                     1.4800819384949934e-04
15                                     2.4375451321900360e-05
16                                     3.5098916665064941e-05
17                                     8.9773036162429004e-05
18                                     1.0010898842180476e-04
19                                     9.4667863868919412e-05
20                                     9.6381015080464888e-04
21                                     1.2485700450886382e-04
22                                     6.3054244010875385e-05
$End
$Mayer_Population_Analysis
   &GeometryIndex 1
   &ListStatus       OUT
   &NATOMS [&Type "Integer"] 23 "Total number of atoms"
   &BONDTHRESH [&Type "Double"]       1.0000000000000001e-01  "The threshold for printing"
   &NBONDORDERSPRINT [&Type "Integer"] 22 "The number of bond orders larger than threshold"
   &BONDORDERS [&Type "ArrayOfDoubles", &Dim (22,1)] "The bond orders"
                                                         0

0                                      1.1503642128272520e+00
1                                      9.5209107201803489e-01
2                                      9.5489451773564704e-01
3                                      9.5172283426994497e-01
4                                      1.1258304504401200e+00
5                                      9.2498816753990654e-01
6                                      9.2694701995508710e-01
7                                      1.1327545932721375e+00
8                                      9.1243171357467290e-01
9                                      9.1865512974736308e-01
10                                     1.0853803439392251e+00
11                                     9.2043281818477718e-01
12                                     9.0932803504759019e-01
13                                     1.1154346877975614e+00
14                                     1.1045480555885956e+00
15                                     9.0129269620740582e-01
16                                     9.4978092652911328e-01
17                                     9.4939122969171574e-01
18                                     9.5106235618622181e-01
19                                     9.5050346011514364e-01
20                                     9.4704278194643987e-01
21                                     9.4981892614864094e-01
   &COMPONENTS [&Type "ArrayOfIntegers", &Dim (22,4)] "The indices and atomic numbers of the bonding atoms"
                                                         0                           1                           2                           3

0                                                        0                           6                           1                           6
1                                                        0                           6                           7                           1
2                                                        0                           6                           8                           1
3                                                        0                           6                           9                           1
4                                                        1                           6                           2                           6
5                                                        1                           6                          10                           1
6                                                        1                           6                          11                           1
7                                                        2                           6                           3                           6
8                                                        2                           6                          12                           1
9                                                        2                           6                          13                           1
10                                                       3                           6                           4                           6
11                                                       3                           6                          14                           1
12                                                       3                           6                          15                           1
13                                                       4                           6                           5                           6
14                                                       4                           6                           6                           6
15                                                       4                           6                          16                           1
16                                                       5                           6                          17                           1
17                                                       5                           6                          18                           1
18                                                       5                           6                          19                           1
19                                                       6                           6                          20                           1
20                                                       6                           6                          21                           1
21                                                       6                           6                          22                           1
   &ATNO [&Type "ArrayOfIntegers", &Dim (23,1)] "Atomic number of the elements"
                                                         0

0                                                        6
1                                                        6
2                                                        6
3                                                        6
4                                                        6
5                                                        6
6                                                        6
7                                                        1
8                                                        1
9                                                        1
10                                                       1
11                                                       1
12                                                       1
13                                                       1
14                                                       1
15                                                       1
16                                                       1
17                                                       1
18                                                       1
19                                                       1
20                                                       1
21                                                       1
22                                                       1
   &NA [&Type "ArrayOfDoubles", &Dim (23,1)] "Mulliken gross atomic population"
                                                         0

0                                      6.2931412360843177e+00
1                                      6.1586026256975481e+00
2                                      6.1590201923220000e+00
3                                      6.1646821341289550e+00
4                                      6.1678754239422089e+00
5                                      6.2313115331125335e+00
6                                      6.2544353844864160e+00
7                                      8.9823302400040139e-01
8                                      9.0374402325887104e-01
9                                      8.9092748920820974e-01
10                                     9.1866895942833449e-01
11                                     9.1861822427945417e-01
12                                     9.1474519766797502e-01
13                                     9.2308453760718334e-01
14                                     9.2666603967955963e-01
15                                     9.1893130715330806e-01
16                                     9.3219453994671364e-01
17                                     9.0488412118440220e-01
18                                     9.1012383723290580e-01
19                                     9.0424915456626753e-01
20                                     9.0340163349737557e-01
21                                     8.9305479872856364e-01
22                                     9.0940458278645220e-01
   &ZA [&Type "ArrayOfDoubles", &Dim (23,1)] "Total nuclear charge"
                                                         0

0                                      6.0000000000000000e+00
1                                      6.0000000000000000e+00
2                                      6.0000000000000000e+00
3                                      6.0000000000000000e+00
4                                      6.0000000000000000e+00
5                                      6.0000000000000000e+00
6                                      6.0000000000000000e+00
7                                      1.0000000000000000e+00
8                                      1.0000000000000000e+00
9                                      1.0000000000000000e+00
10                                     1.0000000000000000e+00
11                                     1.0000000000000000e+00
12                                     1.0000000000000000e+00
13                                     1.0000000000000000e+00
14                                     1.0000000000000000e+00
15                                     1.0000000000000000e+00
16                                     1.0000000000000000e+00
17                                     1.0000000000000000e+00
18                                     1.0000000000000000e+00
19                                     1.0000000000000000e+00
20                                     1.0000000000000000e+00
21                                     1.0000000000000000e+00
22                                     1.0000000000000000e+00
   &QA [&Type "ArrayOfDoubles", &Dim (23,1)] "Mulliken gross atomic charge"
                                                         0

0                                     -2.9314123608431775e-01
1                                     -1.5860262569754813e-01
2                                     -1.5902019232200004e-01
3                                     -1.6468213412895505e-01
4                                     -1.6787542394220889e-01
5                                     -2.3131153311253350e-01
6                                     -2.5443538448641601e-01
7                                      1.0176697599959861e-01
8                                      9.6255976741128957e-02
9                                      1.0907251079179026e-01
10                                     8.1331040571665514e-02
11                                     8.1381775720545835e-02
12                                     8.5254802332024981e-02
13                                     7.6915462392816658e-02
14                                     7.3333960320440372e-02
15                                     8.1068692846691937e-02
16                                     6.7805460053286359e-02
17                                     9.5115878815597799e-02
18                                     8.9876162767094203e-02
19                                     9.5750845433732468e-02
20                                     9.6598366502624433e-02
21                                     1.0694520127143636e-01
22                                     9.0595417213547802e-02
   &VA [&Type "ArrayOfDoubles", &Dim (23,1)] "Mayer's total valence"
                                                         0

0                                      4.0184866563649866e+00
1                                      4.1466629249058435e+00
2                                      4.1068920561769504e+00
3                                      4.0517821890838510e+00
4                                      4.2521419669662279e+00
5                                      3.9595419869896111e+00
6                                      3.9529668758461436e+00
7                                      9.4921013369087326e-01
8                                      9.5814432699910357e-01
9                                      9.5701729640523636e-01
10                                     9.4982222593374843e-01
11                                     9.4287633395003634e-01
12                                     9.5630196956002200e-01
13                                     9.5168080592123350e-01
14                                     9.5910666712241022e-01
15                                     9.6289621827002192e-01
16                                     9.4401300634420970e-01
17                                     9.5833051877601361e-01
18                                     9.6455925293565625e-01
19                                     9.5623278436874215e-01
20                                     9.5683822576812660e-01
21                                     9.5886734785821248e-01
22                                     9.6566713172796281e-01
   &BVA [&Type "ArrayOfDoubles", &Dim (23,1)] "Mayer's bonded valence"
                                                         0

0                                      4.0184866563650017e+00
1                                      4.1466629249058258e+00
2                                      4.1068920561769264e+00
3                                      4.0517821890838617e+00
4                                      4.2521419669661942e+00
5                                      3.9595419869896125e+00
6                                      3.9529668758461400e+00
7                                      9.4921013369087459e-01
8                                      9.5814432699910634e-01
9                                      9.5701729640523059e-01
10                                     9.4982222593375376e-01
11                                     9.4287633395003101e-01
12                                     9.5630196956001812e-01
13                                     9.5168080592123305e-01
14                                     9.5910666712240467e-01
15                                     9.6289621827002203e-01
16                                     9.4401300634420571e-01
17                                     9.5833051877601150e-01
18                                     9.6455925293566269e-01
19                                     9.5623278436874126e-01
20                                     9.5683822576812627e-01
21                                     9.5886734785821459e-01
22                                     9.6566713172795937e-01
   &FA [&Type "ArrayOfDoubles", &Dim (23,1)] "Mayer's free valence"
                                                         0

0                                      0.0000000000000000e+00
1                                      0.0000000000000000e+00
2                                      0.0000000000000000e+00
3                                      0.0000000000000000e+00
4                                      0.0000000000000000e+00
5                                      0.0000000000000000e+00
6                                      0.0000000000000000e+00
7                                      0.0000000000000000e+00
8                                      0.0000000000000000e+00
9                                      0.0000000000000000e+00
10                                     0.0000000000000000e+00
11                                     0.0000000000000000e+00
12                                     0.0000000000000000e+00
13                                     0.0000000000000000e+00
14                                     0.0000000000000000e+00
15                                     0.0000000000000000e+00
16                                     0.0000000000000000e+00
17                                     0.0000000000000000e+00
18                                     0.0000000000000000e+00
19                                     0.0000000000000000e+00
20                                     0.0000000000000000e+00
21                                     0.0000000000000000e+00
22                                     0.0000000000000000e+00
$End
$VdW_Correction
   &GeometryIndex 1
   &ListStatus       OUT
   &VDW [&Type "Double"]      -1.7580246561051730e-02
$End
$Calculation_Info
   &GeometryIndex 1
   &ListStatus       OUT
   &MULT [&Type "Integer"] 1
   &CHARGE [&Type "Integer"] 0
   &NUMOFATOMS [&Type "Integer"] 23
   &NUMOFELECTRONS [&Type "Integer"] 58
   &NUMOFFCELECTRONS [&Type "Integer"] 1
   &NUMOFCORRELECTRONS [&Type "Integer"] 0
   &NUMOFBASISFUNCTS [&Type "Integer"] 130
   &NUMOFAUXCBASISFUNCTS [&Type "Integer"] 0
   &NUMOFAUXJBASISFUNCTS [&Type "Integer"] 519
   &NUMOFAUXJKBASISFUNCTS [&Type "Integer"] 0
   &NUMOFCABSBASISFUNCTS [&Type "Integer"] 0
   &TOTALENERGY [&Type "Double"]      -2.7566263126447279e+02  "Hartrees"
$End
$SCF_Dipole_Moment
   &GeometryIndex 1
   &ListStatus       OUT
   &METHOD [&Type "String"] "SCF"
   &LEVEL [&Type "String"] "Relaxed density"
   &MULT [&Type "Integer"] 1
   &STATE [&Type "Integer"] -1
   &IRREP [&Type "Integer"] 0
   &NATOMS [&Type "Integer"] 23
   &DODIPOLEATOM [&Type "Boolean"] false
   &DIPOLEELECCONTRIB [&Type "ArrayOfDoubles", &Dim (3,1)] "Electronic contribution"
                                                         0

0                                      1.7320978241649288e-02
1                                      8.7504360842637074e-02
2                                      1.3559783051337966e+00
   &DIPOLENUCCONTRIB [&Type "ArrayOfDoubles", &Dim (3,1)] "Nuclear contribution"
                                                         0

0                                     -2.4818430021271709e-03
1                                     -9.4824982574075456e-02
2                                     -1.3130304897619249e+00
   &DIPOLETOTAL [&Type "ArrayOfDoubles", &Dim (3,1)] "Total"
                                                         0

0                                      1.4839135239522117e-02
1                                     -7.3206217314383815e-03
2                                      4.2947815371871645e-02
   &DIPOLEMAGNITUDE [&Type "Double", &Units "a.u."]       4.6025061460122016e-02
$End
