*************************************************
******************* ORCA 6.0.1 ******************
*************************************************
$Calculation_Status
   &GeometryIndex 1
   &ListStatus       OUT
   &VERSION [&Type "String"] "6.0.1"
   &PROGNAME [&Type "String"] "LeanSCF"
   &STATUS [&Type "String"] "NORMAL TERMINATION"
$End
$Geometry
   &GeometryIndex 1
   &ListStatus       OUT
   &NATOMS [&Type "Integer"] 23
   &NCORELESSECP [&Type "Integer"] 0
   &NGHOSTATOMS [&Type "Integer"] 0
   &CartesianCoordinates [&Type "Coordinates", &Dim(23,4), &Units "Bohr"] 
              C      5.692239192948   -0.237937265485   -1.077272746745
              C      3.005249589091    0.654826751918   -0.538807918648
              C      1.616784589322   -1.186685474640    1.196216092400
              C     -0.864073613769   -0.210063741893    2.323083962269
              C     -3.120835039562    0.204401237815    0.532878748890
              C     -3.020391172618    2.730747554949   -0.863226009048
              C     -3.464280661273   -1.970867140424   -1.331784598328
              H      6.775541051207   -0.363445882369    0.665447132599
              H      5.668906016639   -2.095941530368   -1.956756940887
              H      6.648542390559    1.068540576448   -2.343195945425
              H      2.001445120251    0.835979314795   -2.329489521592
              H      3.067298793942    2.517901593080    0.347282741807
              H      1.280665536933   -2.954204558473    0.189944934369
              H      2.865425593954   -1.623869626511    2.784841002004
              H     -1.453052038031   -1.589538848247    3.744852947402
              H     -0.488674832635    1.561969868762    3.314993006285
              H     -4.802846538431    0.260480748487    1.746108974286
              H     -4.788041680857    3.045061558635   -1.865557957742
              H     -2.748753476124    4.277777656321    0.462053763399
              H     -1.495459940428    2.774815270705   -2.233486538653
              H     -5.240258103157   -1.756726663808   -2.344451369864
              H     -3.496406451903   -3.772774183933   -0.343797354736
              H     -1.943558776471   -2.000383571319   -2.711794459384
$End
$SCF_Energy
   &GeometryIndex 1
   &ListStatus       OUT
   &SCF_ENERGY [&Type "Double"]      -2.7573697923385288e+02
$End
$DFT_Energy
   &GeometryIndex 1
   &ListStatus       OUT
   &NALPHAEL [&Type "Integer"] 28
   &NBETAEL [&Type "Integer"] 28
   &NTOTALEL [&Type "Integer"] 57
   &EEXCHANGE [&Type "Double"]      -4.1681489570738009e+01
   &ECORR [&Type "Double"]      -1.8876385843487486e+00
   &ECNL [&Type "Double"]       0.0000000000000000e+00
   &EXC [&Type "Double"]      -4.3569128155086759e+01
   &EEMBED [&Type "Double"]       0.0000000000000000e+00
   &FINALEN [&Type "Double"]      -2.7573697923385288e+02  "No Van der Waals correction"
$End
$Mulliken_Population_Analysis
   &GeometryIndex 1
   &ListStatus       OUT
   &NATOMS [&Type "Integer"] 23
   &ATNO [&Type "ArrayOfIntegers", &Dim (23,1)] 
                                                         0

0                                                        6
1                                                        6
2                                                        6
3                                                        6
4                                                        6
5                                                        6
6                                                        6
7                                                        1
8                                                        1
9                                                        1
10                                                       1
11                                                       1
12                                                       1
13                                                       1
14                                                       1
15                                                       1
16                                                       1
17                                                       1
18                                                       1
19                                                       1
20                                                       1
21                                                       1
22                                                       1
   &ATOMICCHARGES [&Type "ArrayOfDoubles", &Dim (23,1)] 
                                                         0

0                                     -2.6200409238034350e-01
1                                     -2.0730709785044077e-01
2                                     -1.7838591841237239e-01
3                                     -1.1878081828774256e-01
4                                     -1.6504625779581517e-01
5                                     -2.5051452571916233e-01
6                                     -2.5774056430397074e-01
7                                      9.6695409563831269e-02
8                                      9.5863314636815966e-02
9                                      1.0011359322915636e-01
10                                     1.0411672862772448e-01
11                                     8.1489126655860611e-02
12                                     8.2590425043097215e-02
13                                     7.6371543285565391e-02
14                                     7.4721868243997847e-02
15                                     7.2278157053509040e-02
16                                     6.7566589858224502e-02
17                                     9.4248428173345999e-02
18                                     9.4122290074360127e-02
19                                     1.0086304711061089e-01
20                                     9.7107303433524805e-02
21                                     9.9360872332882155e-02
22                                     1.0227057742722434e-01
$End
$Loewdin_Population_Analysis
   &GeometryIndex 1
   &ListStatus       OUT
   &NATOMS [&Type "Integer"] 23
   &ATNO [&Type "ArrayOfIntegers", &Dim (23,1)] 
                                                         0

0                                                        6
1                                                        6
2                                                        6
3                                                        6
4                                                        6
5                                                        6
6                                                        6
7                                                        1
8                                                        1
9                                                        1
10                                                       1
11                                                       1
12                                                       1
13                                                       1
14                                                       1
15                                                       1
16                                                       1
17                                                       1
18                                                       1
19                                                       1
20                                                       1
21                                                       1
22                                                       1
   &ATOMICCHARGES [&Type "ArrayOfDoubles", &Dim (23,1)] 
                                                         0

0                                      6.9099103428752459e-02
1                                      1.8549533883776220e-01
2                                      3.2129298424111341e-01
3                                      2.7489224981976890e-01
4                                      1.0503163685787777e-01
5                                      3.7934027044676565e-03
6                                      3.3933800248677343e-02
7                                      3.4141625038497966e-04
8                                      3.3471157481423881e-04
9                                      2.4277040138851244e-04
10                                     2.9223557460827628e-04
11                                     2.4003339634818298e-06
12                                     2.6894273690028666e-04
13                                     8.9913003700498842e-04
14                                     5.6976208089788976e-04
15                                     3.1685896293564907e-04
16                                     6.1972829016368144e-04
17                                     5.0163111971113618e-04
18                                     5.3979226633893234e-04
19                                     2.4051676671940842e-05
20                                     1.3271677100719194e-03
21                                     1.3436605934376777e-04
22                                     4.6518786379150149e-05
$End
$Mayer_Population_Analysis
   &GeometryIndex 1
   &ListStatus       OUT
   &NATOMS [&Type "Integer"] 23 "Total number of atoms"
   &BONDTHRESH [&Type "Double"]       1.0000000000000001e-01  "The threshold for printing"
   &NBONDORDERSPRINT [&Type "Integer"] 22 "The number of bond orders larger than threshold"
   &BONDORDERS [&Type "ArrayOfDoubles", &Dim (22,1)] "The bond orders"
                                                         0

0                                      1.1498869463090979e+00
1                                      9.5378729649648752e-01
2                                      9.5469588343208600e-01
3                                      9.5348411123713550e-01
4                                      1.1418430497890542e+00
5                                      9.0868019157774294e-01
6                                      9.2571952287478609e-01
7                                      1.1389095438317383e+00
8                                      9.0836851808417618e-01
9                                      9.1852660686957899e-01
10                                     1.0827101166416719e+00
11                                     9.1383083487768846e-01
12                                     9.1870964049776060e-01
13                                     1.1202541296454767e+00
14                                     1.1138032237893694e+00
15                                     9.0114220038113468e-01
16                                     9.4914562105236600e-01
17                                     9.4861891845288826e-01
18                                     9.4080316066015357e-01
19                                     9.4871541077884303e-01
20                                     9.5015690596940428e-01
21                                     9.4011321878576481e-01
   &COMPONENTS [&Type "ArrayOfIntegers", &Dim (22,4)] "The indices and atomic numbers of the bonding atoms"
                                                         0                           1                           2                           3

0                                                        0                           6                           1                           6
1                                                        0                           6                           7                           1
2                                                        0                           6                           8                           1
3                                                        0                           6                           9                           1
4                                                        1                           6                           2                           6
5                                                        1                           6                          10                           1
6                                                        1                           6                          11                           1
7                                                        2                           6                           3                           6
8                                                        2                           6                          12                           1
9                                                        2                           6                          13                           1
10                                                       3                           6                           4                           6
11                                                       3                           6                          14                           1
12                                                       3                           6                          15                           1
13                                                       4                           6                           5                           6
14                                                       4                           6                           6                           6
15                                                       4                           6                          16                           1
16                                                       5                           6                          17                           1
17                                                       5                           6                          18                           1
18                                                       5                           6                          19                           1
19                                                       6                           6                          20                           1
20                                                       6                           6                          21                           1
21                                                       6                           6                          22                           1
   &ATNO [&Type "ArrayOfIntegers", &Dim (23,1)] "Atomic number of the elements"
                                                         0

0                                                        6
1                                                        6
2                                                        6
3                                                        6
4                                                        6
5                                                        6
6                                                        6
7                                                        1
8                                                        1
9                                                        1
10                                                       1
11                                                       1
12                                                       1
13                                                       1
14                                                       1
15                                                       1
16                                                       1
17                                                       1
18                                                       1
19                                                       1
20                                                       1
21                                                       1
22                                                       1
   &NA [&Type "ArrayOfDoubles", &Dim (23,1)] "Mulliken gross atomic population"
                                                         0

0                                      6.2620040923803453e+00
1                                      6.2073070978504363e+00
2                                      6.1783859184123768e+00
3                                      6.1187808182877399e+00
4                                      6.1650462577958072e+00
5                                      6.2505145257191739e+00
6                                      6.2577405643039690e+00
7                                      9.0330459043616829e-01
8                                      9.0413668536318403e-01
9                                      8.9988640677084331e-01
10                                     8.9588327137227575e-01
11                                     9.1851087334413994e-01
12                                     9.1740957495690256e-01
13                                     9.2362845671443450e-01
14                                     9.2527813175600182e-01
15                                     9.2772184294649118e-01
16                                     9.3243341014177550e-01
17                                     9.0575157182665389e-01
18                                     9.0587770992563876e-01
19                                     8.9913695288938922e-01
20                                     9.0289269656647519e-01
21                                     9.0063912766711751e-01
22                                     8.9772942257277477e-01
   &ZA [&Type "ArrayOfDoubles", &Dim (23,1)] "Total nuclear charge"
                                                         0

0                                      6.0000000000000000e+00
1                                      6.0000000000000000e+00
2                                      6.0000000000000000e+00
3                                      6.0000000000000000e+00
4                                      6.0000000000000000e+00
5                                      6.0000000000000000e+00
6                                      6.0000000000000000e+00
7                                      1.0000000000000000e+00
8                                      1.0000000000000000e+00
9                                      1.0000000000000000e+00
10                                     1.0000000000000000e+00
11                                     1.0000000000000000e+00
12                                     1.0000000000000000e+00
13                                     1.0000000000000000e+00
14                                     1.0000000000000000e+00
15                                     1.0000000000000000e+00
16                                     1.0000000000000000e+00
17                                     1.0000000000000000e+00
18                                     1.0000000000000000e+00
19                                     1.0000000000000000e+00
20                                     1.0000000000000000e+00
21                                     1.0000000000000000e+00
22                                     1.0000000000000000e+00
   &QA [&Type "ArrayOfDoubles", &Dim (23,1)] "Mulliken gross atomic charge"
                                                         0

0                                     -2.6200409238034528e-01
1                                     -2.0730709785043633e-01
2                                     -1.7838591841237683e-01
3                                     -1.1878081828773990e-01
4                                     -1.6504625779580717e-01
5                                     -2.5051452571917388e-01
6                                     -2.5774056430396897e-01
7                                      9.6695409563831713e-02
8                                      9.5863314636815966e-02
9                                      1.0011359322915669e-01
10                                     1.0411672862772425e-01
11                                     8.1489126655860056e-02
12                                     8.2590425043097437e-02
13                                     7.6371543285565502e-02
14                                     7.4721868243998180e-02
15                                     7.2278157053508818e-02
16                                     6.7566589858224502e-02
17                                     9.4248428173346110e-02
18                                     9.4122290074361237e-02
19                                     1.0086304711061078e-01
20                                     9.7107303433524805e-02
21                                     9.9360872332882488e-02
22                                     1.0227057742722523e-01
   &VA [&Type "ArrayOfDoubles", &Dim (23,1)] "Mayer's total valence"
                                                         0

0                                      4.0114602413225562e+00
1                                      4.1497111591566735e+00
2                                      4.1497113766405160e+00
3                                      4.0688918081198135e+00
4                                      4.2775877407168208e+00
5                                      3.9677924401165865e+00
6                                      3.9720519304753119e+00
7                                      9.5832601500239722e-01
8                                      9.5673674324949365e-01
9                                      9.5019086949291554e-01
10                                     9.4508454590064372e-01
11                                     9.5055910625834250e-01
12                                     9.6018226120010675e-01
13                                     9.5069177416629169e-01
14                                     9.4624463444246298e-01
15                                     9.5929198227263146e-01
16                                     9.3414591186876561e-01
17                                     9.5495619878522620e-01
18                                     9.5855818124060521e-01
19                                     9.7519563635882311e-01
20                                     9.5502095207068460e-01
21                                     9.5519275428194161e-01
22                                     9.6458579640793762e-01
   &BVA [&Type "ArrayOfDoubles", &Dim (23,1)] "Mayer's bonded valence"
                                                         0

0                                      4.0114602413225846e+00
1                                      4.1497111591567455e+00
2                                      4.1497113766405196e+00
3                                      4.0688918081198358e+00
4                                      4.2775877407168723e+00
5                                      3.9677924401165674e+00
6                                      3.9720519304753448e+00
7                                      9.5832601500240377e-01
8                                      9.5673674324950375e-01
9                                      9.5019086949292464e-01
10                                     9.4508454590065194e-01
11                                     9.5055910625834794e-01
12                                     9.6018226120011108e-01
13                                     9.5069177416628947e-01
14                                     9.4624463444246354e-01
15                                     9.5929198227263746e-01
16                                     9.3414591186877050e-01
17                                     9.5495619878522597e-01
18                                     9.5855818124060888e-01
19                                     9.7519563635882200e-01
20                                     9.5502095207068904e-01
21                                     9.5519275428194417e-01
22                                     9.6458579640793696e-01
   &FA [&Type "ArrayOfDoubles", &Dim (23,1)] "Mayer's free valence"
                                                         0

0                                      0.0000000000000000e+00
1                                      0.0000000000000000e+00
2                                      0.0000000000000000e+00
3                                      0.0000000000000000e+00
4                                      0.0000000000000000e+00
5                                      0.0000000000000000e+00
6                                      0.0000000000000000e+00
7                                      0.0000000000000000e+00
8                                      0.0000000000000000e+00
9                                      0.0000000000000000e+00
10                                     0.0000000000000000e+00
11                                     0.0000000000000000e+00
12                                     0.0000000000000000e+00
13                                     0.0000000000000000e+00
14                                     0.0000000000000000e+00
15                                     0.0000000000000000e+00
16                                     0.0000000000000000e+00
17                                     0.0000000000000000e+00
18                                     0.0000000000000000e+00
19                                     0.0000000000000000e+00
20                                     0.0000000000000000e+00
21                                     0.0000000000000000e+00
22                                     0.0000000000000000e+00
$End
$VdW_Correction
   &GeometryIndex 1
   &ListStatus       OUT
   &VDW [&Type "Double"]      -1.8363235953424466e-02
$End
$Calculation_Info
   &GeometryIndex 1
   &ListStatus       OUT
   &MULT [&Type "Integer"] 1
   &CHARGE [&Type "Integer"] 0
   &NUMOFATOMS [&Type "Integer"] 23
   &NUMOFELECTRONS [&Type "Integer"] 58
   &NUMOFFCELECTRONS [&Type "Integer"] 1
   &NUMOFCORRELECTRONS [&Type "Integer"] 0
   &NUMOFBASISFUNCTS [&Type "Integer"] 130
   &NUMOFAUXCBASISFUNCTS [&Type "Integer"] 0
   &NUMOFAUXJBASISFUNCTS [&Type "Integer"] 519
   &NUMOFAUXJKBASISFUNCTS [&Type "Integer"] 0
   &NUMOFCABSBASISFUNCTS [&Type "Integer"] 0
   &TOTALENERGY [&Type "Double"]      -2.7565919403050628e+02  "Hartrees"
$End
$SCF_Dipole_Moment
   &GeometryIndex 1
   &ListStatus       OUT
   &METHOD [&Type "String"] "SCF"
   &LEVEL [&Type "String"] "Relaxed density"
   &MULT [&Type "Integer"] 1
   &STATE [&Type "Integer"] -1
   &IRREP [&Type "Integer"] 0
   &NATOMS [&Type "Integer"] 23
   &DODIPOLEATOM [&Type "Boolean"] false
   &DIPOLEELECCONTRIB [&Type "ArrayOfDoubles", &Dim (3,1)] "Electronic contribution"
                                                         0

0                                     -9.4437143961201930e-01
1                                     -1.0186981139655849e-01
2                                      1.4432627726915421e+00
   &DIPOLENUCCONTRIB [&Type "ArrayOfDoubles", &Dim (3,1)] "Nuclear contribution"
                                                         0

0                                      9.1882284455324403e-01
1                                      9.2162510548190912e-02
2                                     -1.4263141091612377e+00
   &DIPOLETOTAL [&Type "ArrayOfDoubles", &Dim (3,1)] "Total"
                                                         0

0                                     -2.5548595058775270e-02
1                                     -9.7073008483675727e-03
2                                      1.6948663530304442e-02
   &DIPOLEMAGNITUDE [&Type "Double", &Units "a.u."]       3.2159284735538904e-02
$End
