*************************************************
******************* ORCA 6.0.0 ******************
*************************************************
$Calculation_Status
   &GeometryIndex 1
   &ListStatus       OUT
   &VERSION [&Type "String"] "6.0.0"
   &PROGNAME [&Type "String"] "LeanSCF"
   &STATUS [&Type "String"] "NORMAL TERMINATION"
$End
$Geometry
   &GeometryIndex 1
   &ListStatus       OUT
   &NATOMS [&Type "Integer"] 26
   &NCORELESSECP [&Type "Integer"] 0
   &NGHOSTATOMS [&Type "Integer"] 0
   &CartesianCoordinates [&Type "Coordinates", &Dim(26,4), &Units "Bohr"] 
              C      5.565692148310   -1.787657339852   -1.002454722879
              C      2.939701015275   -0.849013315489   -0.292831115304
              C      1.660666182739   -2.703838962559    1.499276492744
              C      1.493643127109   -0.099838759628   -2.591950307925
              N     -0.762204193744   -0.331700957348   -3.335436896404
              O     -2.512530801112   -1.735881430251   -1.849490807709
              C     -3.845471747238   -0.400812313670   -0.095719017761
              O     -3.358037349546    1.763355737103    0.504887669214
              N     -5.678520146689   -1.851766907059    0.849989296298
              C     -7.388578466485   -0.998357141830    2.802763300341
              S      3.077534650504    2.225840658149    1.468164105359
              C      5.525768289405    4.023710766078   -0.147723724631
              H      6.454590377338   -0.579707044046   -2.403708733198
              H      6.751009600880   -1.869846329132    0.673406407175
              H      5.403231061076   -3.681195269271   -1.787396250376
              H      0.020727646104   -1.847469491630    2.398214833698
              H      2.983784502686   -3.238594036591    2.976894994327
              H      1.065419966614   -4.385772539894    0.477539664476
              H      2.587997411112    0.951474454876   -3.971732966263
              H     -5.887922515615   -3.608676141088    0.141657902918
              H     -7.228781897068   -2.207465621682    4.460907796433
              H     -9.326818392379   -1.022906723135    2.111009974312
              H     -6.864192670106    0.926239790966    3.302270289406
              H      5.008894944692    4.334811744575   -2.106372037603
              H      7.331358324489    3.072899267381    0.025741625086
              H      5.581630874445    5.817993918314    0.843351709787
$End
$SCF_Energy
   &GeometryIndex 1
   &ListStatus       OUT
   &SCF_ENERGY [&Type "Double"]      -9.3188577644319662e+02
$End
$DFT_Energy
   &GeometryIndex 1
   &ListStatus       OUT
   &NALPHAEL [&Type "Integer"] 51
   &NBETAEL [&Type "Integer"] 51
   &NTOTALEL [&Type "Integer"] 101
   &EEXCHANGE [&Type "Double"]      -9.5535670252486142e+01
   &ECORR [&Type "Double"]      -3.5043526954195512e+00
   &ECNL [&Type "Double"]       0.0000000000000000e+00
   &EXC [&Type "Double"]      -9.9040022947905697e+01
   &EEMBED [&Type "Double"]       0.0000000000000000e+00
   &FINALEN [&Type "Double"]      -9.3188577644319662e+02  "No Van der Waals correction"
$End
$Mulliken_Population_Analysis
   &GeometryIndex 1
   &ListStatus       OUT
   &NATOMS [&Type "Integer"] 26
   &ATNO [&Type "ArrayOfIntegers", &Dim (26,1)] 
                                                         0

0                                                        6
1                                                        6
2                                                        6
3                                                        6
4                                                        7
5                                                        8
6                                                        6
7                                                        8
8                                                        7
9                                                        6
10                                                      16
11                                                       6
12                                                       1
13                                                       1
14                                                       1
15                                                       1
16                                                       1
17                                                       1
18                                                       1
19                                                       1
20                                                       1
21                                                       1
22                                                       1
23                                                       1
24                                                       1
25                                                       1
   &ATOMICCHARGES [&Type "ArrayOfDoubles", &Dim (26,1)] 
                                                         0

0                                     -2.0441898280503512e-01
1                                     -3.5734024719434210e-01
2                                     -1.9073105081547848e-01
3                                     -2.4346657579994435e-02
4                                      5.4217531949754871e-02
5                                     -2.5164045279112557e-01
6                                      1.8421338650814256e-01
7                                     -2.2724548230699071e-01
8                                     -2.9189834091452749e-01
9                                     -1.7173664103551189e-01
10                                     5.6009914081549539e-03
11                                    -3.8174158100188649e-01
12                                     1.1517696784292353e-01
13                                     1.1457686763166630e-01
14                                     1.1543561933449675e-01
15                                     1.4592597933024742e-01
16                                     1.0346949343861955e-01
17                                     1.1506140276574617e-01
18                                     1.0023148411436056e-01
19                                     2.3026889932394146e-01
20                                     1.1111668259813234e-01
21                                     1.1391101279499094e-01
22                                     1.4019379655683295e-01
23                                     1.5040286080896825e-01
24                                     1.4665994839443797e-01
25                                     1.5463651164348602e-01
$End
$Loewdin_Population_Analysis
   &GeometryIndex 1
   &ListStatus       OUT
   &NATOMS [&Type "Integer"] 26
   &ATNO [&Type "ArrayOfIntegers", &Dim (26,1)] 
                                                         0

0                                                        6
1                                                        6
2                                                        6
3                                                        6
4                                                        7
5                                                        8
6                                                        6
7                                                        8
8                                                        7
9                                                        6
10                                                      16
11                                                       6
12                                                       1
13                                                       1
14                                                       1
15                                                       1
16                                                       1
17                                                       1
18                                                       1
19                                                       1
20                                                       1
21                                                       1
22                                                       1
23                                                       1
24                                                       1
25                                                       1
   &ATOMICCHARGES [&Type "ArrayOfDoubles", &Dim (26,1)] 
                                                         0

0                                      1.5250773948357376e-04
1                                      2.9761682680953757e-03
2                                      8.8636340818326682e-05
3                                      1.1630065859488883e-02
4                                      1.2908302827049459e-01
5                                      3.2941930706048661e-01
6                                      1.7722842897279856e-01
7                                      2.8079378763908758e-01
8                                      6.1326002766867074e-02
9                                      6.2340742223300554e-03
10                                     3.5931371259843661e-05
11                                     8.2344046501921884e-06
12                                     8.5553436838139654e-07
13                                     5.2022983410418129e-06
14                                     2.9735465269692983e-06
15                                     1.7802200863187405e-08
16                                     1.8891284618794498e-07
17                                     8.8082835467443601e-06
18                                     3.1612533619986021e-06
19                                     8.3464059032303903e-04
20                                     5.1569986286772035e-05
21                                     6.6163934533676854e-05
22                                     4.9684863502128729e-05
23                                     2.2924391087516365e-07
24                                     1.4707327528035896e-07
25                                     1.8376111504699383e-07
$End
$Mayer_Population_Analysis
   &GeometryIndex 1
   &ListStatus       OUT
   &NATOMS [&Type "Integer"] 26 "Total number of atoms"
   &BONDTHRESH [&Type "Double"]       1.0000000000000001e-01  "The threshold for printing"
   &NBONDORDERSPRINT [&Type "Integer"] 25 "The number of bond orders larger than threshold"
   &BONDORDERS [&Type "ArrayOfDoubles", &Dim (25,1)] "The bond orders"
                                                         0

0                                      1.0518216347003970e+00
1                                      9.3589816810067983e-01
2                                      9.3564225847090132e-01
3                                      9.3754651451355286e-01
4                                      1.0845054213268916e+00
5                                      8.9264426277965503e-01
6                                      1.0038391461032332e+00
7                                      9.2181148462110241e-01
8                                      9.3554514043157189e-01
9                                      9.3558425582731997e-01
10                                     2.0251262073354455e+00
11                                     9.1576176721244651e-01
12                                     8.7275875360404465e-01
13                                     1.0496449333886790e+00
14                                     2.0376310434654989e+00
15                                     1.2196410974360958e+00
16                                     1.0236017009070641e+00
17                                     8.5800586909213128e-01
18                                     9.5936965222280646e-01
19                                     9.5891166541788708e-01
20                                     9.3717323013813403e-01
21                                     1.0500950545527952e+00
22                                     9.3794832403665884e-01
23                                     9.3283326821077994e-01
24                                     9.4360760533300747e-01
   &COMPONENTS [&Type "ArrayOfIntegers", &Dim (25,4)] "The indices and atomic numbers of the bonding atoms"
                                                         0                           1                           2                           3

0                                                        0                           6                           1                           6
1                                                        0                           6                          12                           1
2                                                        0                           6                          13                           1
3                                                        0                           6                          14                           1
4                                                        1                           6                           2                           6
5                                                        1                           6                           3                           6
6                                                        1                           6                          10                          16
7                                                        2                           6                          15                           1
8                                                        2                           6                          16                           1
9                                                        2                           6                          17                           1
10                                                       3                           6                           4                           7
11                                                       3                           6                          18                           1
12                                                       4                           7                           5                           8
13                                                       5                           8                           6                           6
14                                                       6                           6                           7                           8
15                                                       6                           6                           8                           7
16                                                       8                           7                           9                           6
17                                                       8                           7                          19                           1
18                                                       9                           6                          20                           1
19                                                       9                           6                          21                           1
20                                                       9                           6                          22                           1
21                                                      10                          16                          11                           6
22                                                      11                           6                          23                           1
23                                                      11                           6                          24                           1
24                                                      11                           6                          25                           1
   &ATNO [&Type "ArrayOfIntegers", &Dim (26,1)] "Atomic number of the elements"
                                                         0

0                                                        6
1                                                        6
2                                                        6
3                                                        6
4                                                        7
5                                                        8
6                                                        6
7                                                        8
8                                                        7
9                                                        6
10                                                      16
11                                                       6
12                                                       1
13                                                       1
14                                                       1
15                                                       1
16                                                       1
17                                                       1
18                                                       1
19                                                       1
20                                                       1
21                                                       1
22                                                       1
23                                                       1
24                                                       1
25                                                       1
   &NA [&Type "ArrayOfDoubles", &Dim (26,1)] "Mulliken gross atomic population"
                                                         0

0                                      6.2044189828050342e+00
1                                      6.3573402471943599e+00
2                                      6.1907310508154705e+00
3                                      6.0243466575799944e+00
4                                      6.9457824680502407e+00
5                                      8.2516404527911149e+00
6                                      5.8157866134918512e+00
7                                      8.2272454823069960e+00
8                                      7.2918983409145310e+00
9                                      6.1717366410355163e+00
10                                     1.5994399008591822e+01
11                                     6.3817415810018865e+00
12                                     8.8482303215707614e-01
13                                     8.8542313236833259e-01
14                                     8.8456438066550258e-01
15                                     8.5407402066975269e-01
16                                     8.9653050656138011e-01
17                                     8.8493859723425472e-01
18                                     8.9976851588564000e-01
19                                     7.6973110067605821e-01
20                                     8.8888331740186799e-01
21                                     8.8608898720500917e-01
22                                     8.5980620344316727e-01
23                                     8.4959713919103097e-01
24                                     8.5334005160556170e-01
25                                     8.4536348835651387e-01
   &ZA [&Type "ArrayOfDoubles", &Dim (26,1)] "Total nuclear charge"
                                                         0

0                                      6.0000000000000000e+00
1                                      6.0000000000000000e+00
2                                      6.0000000000000000e+00
3                                      6.0000000000000000e+00
4                                      7.0000000000000000e+00
5                                      8.0000000000000000e+00
6                                      6.0000000000000000e+00
7                                      8.0000000000000000e+00
8                                      7.0000000000000000e+00
9                                      6.0000000000000000e+00
10                                     1.6000000000000000e+01
11                                     6.0000000000000000e+00
12                                     1.0000000000000000e+00
13                                     1.0000000000000000e+00
14                                     1.0000000000000000e+00
15                                     1.0000000000000000e+00
16                                     1.0000000000000000e+00
17                                     1.0000000000000000e+00
18                                     1.0000000000000000e+00
19                                     1.0000000000000000e+00
20                                     1.0000000000000000e+00
21                                     1.0000000000000000e+00
22                                     1.0000000000000000e+00
23                                     1.0000000000000000e+00
24                                     1.0000000000000000e+00
25                                     1.0000000000000000e+00
   &QA [&Type "ArrayOfDoubles", &Dim (26,1)] "Mulliken gross atomic charge"
                                                         0

0                                     -2.0441898280503423e-01
1                                     -3.5734024719435986e-01
2                                     -1.9073105081547048e-01
3                                     -2.4346657579994435e-02
4                                      5.4217531949759312e-02
5                                     -2.5164045279111491e-01
6                                      1.8421338650814878e-01
7                                     -2.2724548230699604e-01
8                                     -2.9189834091453104e-01
9                                     -1.7173664103551634e-01
10                                     5.6009914081780465e-03
11                                    -3.8174158100188649e-01
12                                     1.1517696784292386e-01
13                                     1.1457686763166741e-01
14                                     1.1543561933449742e-01
15                                     1.4592597933024731e-01
16                                     1.0346949343861989e-01
17                                     1.1506140276574528e-01
18                                     1.0023148411436000e-01
19                                     2.3026889932394179e-01
20                                     1.1111668259813201e-01
21                                     1.1391101279499083e-01
22                                     1.4019379655683273e-01
23                                     1.5040286080896903e-01
24                                     1.4665994839443830e-01
25                                     1.5463651164348613e-01
   &VA [&Type "ArrayOfDoubles", &Dim (26,1)] "Mayer's total valence"
                                                         0

0                                      3.8697139690316122e+00
1                                      4.1156096881409603e+00
2                                      3.8922818396783305e+00
3                                      3.9375855487550222e+00
4                                      3.0780974584763383e+00
5                                      2.1218407324076378e+00
6                                      4.4395707226226486e+00
7                                      2.3018888239964364e+00
8                                      3.2158941141550859e+00
9                                      3.9017906994344953e+00
10                                     2.2193590202087670e+00
11                                     3.9105444150271289e+00
12                                     9.6403606147417475e-01
13                                     9.7087375436364398e-01
14                                     9.5779319204449431e-01
15                                     9.6604943484982819e-01
16                                     9.6716609367111317e-01
17                                     9.6755662093571126e-01
18                                     9.6793637971943569e-01
19                                     9.2538962075705611e-01
20                                     9.5315297730595283e-01
21                                     9.5308750638798889e-01
22                                     9.9736121133982580e-01
23                                     9.4396534833355905e-01
24                                     9.4273212645941473e-01
25                                     9.4738390390690119e-01
   &BVA [&Type "ArrayOfDoubles", &Dim (26,1)] "Mayer's bonded valence"
                                                         0

0                                      3.8697139690316429e+00
1                                      4.1156096881408839e+00
2                                      3.8922818396783501e+00
3                                      3.9375855487550329e+00
4                                      3.0780974584763148e+00
5                                      2.1218407324076880e+00
6                                      4.4395707226226433e+00
7                                      2.3018888239964386e+00
8                                      3.2158941141550614e+00
9                                      3.9017906994344704e+00
10                                     2.2193590202088180e+00
11                                     3.9105444150271049e+00
12                                     9.6403606147418042e-01
13                                     9.7087375436364332e-01
14                                     9.5779319204449975e-01
15                                     9.6604943484982420e-01
16                                     9.6716609367111384e-01
17                                     9.6755662093570849e-01
18                                     9.6793637971944135e-01
19                                     9.2538962075705766e-01
20                                     9.5315297730596305e-01
21                                     9.5308750638799056e-01
22                                     9.9736121133982580e-01
23                                     9.4396534833356582e-01
24                                     9.4273212645941740e-01
25                                     9.4738390390690319e-01
   &FA [&Type "ArrayOfDoubles", &Dim (26,1)] "Mayer's free valence"
                                                         0

0                                      0.0000000000000000e+00
1                                      0.0000000000000000e+00
2                                      0.0000000000000000e+00
3                                      0.0000000000000000e+00
4                                      0.0000000000000000e+00
5                                      0.0000000000000000e+00
6                                      0.0000000000000000e+00
7                                      0.0000000000000000e+00
8                                      0.0000000000000000e+00
9                                      0.0000000000000000e+00
10                                     0.0000000000000000e+00
11                                     0.0000000000000000e+00
12                                     0.0000000000000000e+00
13                                     0.0000000000000000e+00
14                                     0.0000000000000000e+00
15                                     0.0000000000000000e+00
16                                     0.0000000000000000e+00
17                                     0.0000000000000000e+00
18                                     0.0000000000000000e+00
19                                     0.0000000000000000e+00
20                                     0.0000000000000000e+00
21                                     0.0000000000000000e+00
22                                     0.0000000000000000e+00
23                                     0.0000000000000000e+00
24                                     0.0000000000000000e+00
25                                     0.0000000000000000e+00
$End
$VdW_Correction
   &GeometryIndex 1
   &ListStatus       OUT
   &VDW [&Type "Double"]      -2.8460412445059920e-02
$End
$Calculation_Info
   &GeometryIndex 1
   &ListStatus       OUT
   &MULT [&Type "Integer"] 1
   &CHARGE [&Type "Integer"] 0
   &NUMOFATOMS [&Type "Integer"] 26
   &NUMOFELECTRONS [&Type "Integer"] 102
   &NUMOFFCELECTRONS [&Type "Integer"] 1
   &NUMOFCORRELECTRONS [&Type "Integer"] 0
   &NUMOFBASISFUNCTS [&Type "Integer"] 200
   &NUMOFAUXCBASISFUNCTS [&Type "Integer"] 0
   &NUMOFAUXJBASISFUNCTS [&Type "Integer"] 744
   &NUMOFAUXJKBASISFUNCTS [&Type "Integer"] 0
   &NUMOFCABSBASISFUNCTS [&Type "Integer"] 0
   &TOTALENERGY [&Type "Double"]      -9.3179644054204164e+02  "Hartrees"
$End
$SCF_Dipole_Moment
   &GeometryIndex 1
   &ListStatus       OUT
   &METHOD [&Type "String"] "SCF"
   &LEVEL [&Type "String"] "Relaxed density"
   &MULT [&Type "Integer"] 1
   &STATE [&Type "Integer"] -1
   &IRREP [&Type "Integer"] 0
   &NATOMS [&Type "Integer"] 26
   &DODIPOLEATOM [&Type "Boolean"] false
   &DIPOLEELECCONTRIB [&Type "ArrayOfDoubles", &Dim (3,1)] "Electronic contribution"
                                                         0

0                                     -6.2426713280560229e+00
1                                      2.6772093495433973e+00
2                                     -3.1558042231670727e+00
   &DIPOLENUCCONTRIB [&Type "ArrayOfDoubles", &Dim (3,1)] "Nuclear contribution"
                                                         0

0                                      6.7794241605514305e+00
1                                     -3.6833360176039411e+00
2                                      3.5053465376970578e+00
   &DIPOLETOTAL [&Type "ArrayOfDoubles", &Dim (3,1)] "Total"
                                                         0

0                                      5.3675283249540762e-01
1                                     -1.0061266680605438e+00
2                                      3.4954231452998519e-01
   &DIPOLEMAGNITUDE [&Type "Double", &Units "a.u."]       1.1927171940663193e+00
$End
