*************************************************
******************* ORCA 6.0.0 ******************
*************************************************
$Calculation_Status
   &GeometryIndex 1
   &ListStatus       OUT
   &VERSION [&Type "String"] "6.0.0"
   &PROGNAME [&Type "String"] "LeanSCF"
   &STATUS [&Type "String"] "NORMAL TERMINATION"
$End
$Geometry
   &GeometryIndex 1
   &ListStatus       OUT
   &NATOMS [&Type "Integer"] 33
   &NCORELESSECP [&Type "Integer"] 0
   &NGHOSTATOMS [&Type "Integer"] 0
   &CartesianCoordinates [&Type "Coordinates", &Dim(33,4), &Units "Bohr"] 
              C     -8.075659075395   -0.310655126528   -3.229590587793
              C     -6.502138004306   -0.388005611125   -0.876491792967
              C     -7.596848915347   -1.082909279372    1.403377233093
              C     -6.195516011796   -1.122987349378    3.610312147300
              C     -3.656619034135   -0.531313493269    3.536423318782
              C     -2.514005403736    0.116193805847    1.257301897104
              C     -3.941213489901    0.262732912755   -0.963202168017
              C     -2.794110271208    1.160129257971   -3.392680416202
              N      0.080664533601    0.709005253468    1.291501904051
              C      1.915777924104   -0.462669889897   -0.046457915448
              C      1.375435481317   -2.616976080374   -1.510305913906
              C      3.216317433186   -3.791098565157   -2.906825238830
              C      5.691536432711   -2.882340362503   -2.904882281756
              C      6.287314021495   -0.823036414019   -1.445331742569
              C      4.450214665831    0.415391959730    0.012473999818
              C      5.197628968254    2.548382960468    1.573275166129
              O      3.806226264866    3.709105274404    3.031178499454
              O      7.619902755740    3.220945832636    1.347319494712
              H     -9.950155118765   -1.065105125012   -2.866239415852
              H     -8.274868055953    1.625371030554   -3.900432061560
              H     -7.196643005534   -1.408758829948   -4.729234593908
              H     -9.576330874075   -1.576785675975    1.455096750432
              H     -7.075584022465   -1.633786403760    5.377868713474
              H     -2.524923974130   -0.578620122706    5.233478880538
              H     -0.963332775872    2.029485718877   -3.068210794104
              H     -2.540323731853   -0.399652882972   -4.712406294880
              H     -4.026895220310    2.544172944683   -4.281632571967
              H      0.675617449301    2.000301881293    2.577636763650
              H     -0.523236941722   -3.356158302066   -1.475452728224
              H      2.747084977394   -5.444823212731   -4.005060839465
              H      7.126721728087   -3.807438795546   -4.015909903276
              H      8.199001333482   -0.118870404495   -1.382397493176
              H      8.014525549626    4.649396734988    2.442900216457
$End
$SCF_Energy
   &GeometryIndex 1
   &ListStatus       OUT
   &SCF_ENERGY [&Type "Double"]      -7.8429348990469612e+02
$End
$DFT_Energy
   &GeometryIndex 1
   &ListStatus       OUT
   &NALPHAEL [&Type "Integer"] 64
   &NBETAEL [&Type "Integer"] 64
   &NTOTALEL [&Type "Integer"] 128
   &EEXCHANGE [&Type "Double"]      -1.0586153707599642e+02
   &ECORR [&Type "Double"]      -4.3168993271136991e+00
   &ECNL [&Type "Double"]       0.0000000000000000e+00
   &EXC [&Type "Double"]      -1.1017843640311013e+02
   &EEMBED [&Type "Double"]       0.0000000000000000e+00
   &FINALEN [&Type "Double"]      -7.8429348990469612e+02  "No Van der Waals correction"
$End
$Mulliken_Population_Analysis
   &GeometryIndex 1
   &ListStatus       OUT
   &NATOMS [&Type "Integer"] 33
   &ATNO [&Type "ArrayOfIntegers", &Dim (33,1)] 
                                                         0

0                                                        6
1                                                        6
2                                                        6
3                                                        6
4                                                        6
5                                                        6
6                                                        6
7                                                        6
8                                                        7
9                                                        6
10                                                       6
11                                                       6
12                                                       6
13                                                       6
14                                                       6
15                                                       6
16                                                       8
17                                                       8
18                                                       1
19                                                       1
20                                                       1
21                                                       1
22                                                       1
23                                                       1
24                                                       1
25                                                       1
26                                                       1
27                                                       1
28                                                       1
29                                                       1
30                                                       1
31                                                       1
32                                                       1
   &ATOMICCHARGES [&Type "ArrayOfDoubles", &Dim (33,1)] 
                                                         0

0                                     -2.1320605232024725e-01
1                                     -4.9163058320500497e-02
2                                     -1.1876877681883702e-01
3                                     -4.4750737618137748e-02
4                                     -1.1098744594179877e-01
5                                      8.6717247595657909e-02
6                                     -6.4983738443726402e-02
7                                     -1.8756759110762555e-01
8                                     -2.1812137682064936e-01
9                                      8.8879444614652137e-02
10                                    -1.4281583704611034e-01
11                                    -4.1089973434065286e-02
12                                    -3.6261402672455034e-02
13                                    -1.1245567739217144e-01
14                                    -3.9336571937376164e-03
15                                     1.2128362449207231e-01
16                                    -2.3275604041884534e-01
17                                    -2.9436529796925370e-01
18                                     1.0228495530439563e-01
19                                     1.1720718328103441e-01
20                                     1.0864135504236305e-01
21                                     3.2998970864852595e-02
22                                     4.8926746982481339e-02
23                                     3.1851537040702427e-02
24                                     1.2522202123834369e-01
25                                     1.1181921115462157e-01
26                                     1.0587173919382564e-01
27                                     2.5232084770496233e-01
28                                     6.3074674048473001e-02
29                                     5.2831371969569441e-02
30                                     4.6153527934120753e-02
31                                     5.8505953081631312e-02
32                                     3.1663625197441003e-01
$End
$Loewdin_Population_Analysis
   &GeometryIndex 1
   &ListStatus       OUT
   &NATOMS [&Type "Integer"] 33
   &ATNO [&Type "ArrayOfIntegers", &Dim (33,1)] 
                                                         0

0                                                        6
1                                                        6
2                                                        6
3                                                        6
4                                                        6
5                                                        6
6                                                        6
7                                                        6
8                                                        7
9                                                        6
10                                                       6
11                                                       6
12                                                       6
13                                                       6
14                                                       6
15                                                       6
16                                                       8
17                                                       8
18                                                       1
19                                                       1
20                                                       1
21                                                       1
22                                                       1
23                                                       1
24                                                       1
25                                                       1
26                                                       1
27                                                       1
28                                                       1
29                                                       1
30                                                       1
31                                                       1
32                                                       1
   &ATOMICCHARGES [&Type "ArrayOfDoubles", &Dim (33,1)] 
                                                         0

0                                      3.6083848064600221e-05
1                                      3.4517631642368179e-04
2                                      2.1208860615907503e-04
3                                      2.5758863206041968e-04
4                                      5.1798523680939034e-04
5                                      2.2616531389135150e-03
6                                      6.9220015736035968e-04
7                                      9.5922271935155377e-05
8                                      9.3452706237817096e-03
9                                      2.0895849519545848e-02
10                                     2.8196920574931231e-03
11                                     3.6321584711981804e-04
12                                     9.4610430159539603e-04
13                                     6.2273118819523889e-03
14                                     4.7677866045242524e-02
15                                     2.2372299966557629e-01
16                                     6.0054138173717386e-01
17                                     8.0927890339365482e-02
18                                     3.3583507655984579e-07
19                                     9.9290681006841356e-09
20                                     3.8783763817125788e-08
21                                     5.4993540216397727e-06
22                                     9.2620108025235574e-06
23                                     5.2598008737901455e-05
24                                     3.5601890282423948e-06
25                                     7.1899239900816770e-07
26                                     4.7149012399398037e-07
27                                     9.9926177590517256e-04
28                                     3.3691677733982304e-05
29                                     1.5163034398664906e-06
30                                     2.8578700917080135e-06
31                                     8.5526566400883190e-06
32                                     9.9534489659609923e-04
$End
$Mayer_Population_Analysis
   &GeometryIndex 1
   &ListStatus       OUT
   &NATOMS [&Type "Integer"] 33 "Total number of atoms"
   &BONDTHRESH [&Type "Double"]       1.0000000000000001e-01  "The threshold for printing"
   &NBONDORDERSPRINT [&Type "Integer"] 35 "The number of bond orders larger than threshold"
   &BONDORDERS [&Type "ArrayOfDoubles", &Dim (35,1)] "The bond orders"
                                                         0

0                                      1.1399645268875802e+00
1                                      9.3625845426846832e-01
2                                      9.2196913067940989e-01
3                                      9.2355799200817190e-01
4                                      1.3997648284236959e+00
5                                      1.3794772463853182e+00
6                                      1.3393971931394637e+00
7                                      9.6102008781002479e-01
8                                      1.3366796942654309e+00
9                                      9.6150607868544224e-01
10                                     1.3717587227344024e+00
11                                     9.6974314703122777e-01
12                                     1.4011360150757626e+00
13                                     9.7478079666150685e-01
14                                     1.1886620017057041e+00
15                                     9.1597826717527997e-01
16                                     9.0872908639077932e-01
17                                     9.1184305853581715e-01
18                                     1.2910489292220440e+00
19                                     7.7517258993920557e-01
20                                     1.3042588265263637e+00
21                                     1.2786119893854486e+00
22                                     1.4033010597812858e+00
23                                     9.4283818793056817e-01
24                                     1.2917819559885810e+00
25                                     9.6301161973232463e-01
26                                     1.3866534640377792e+00
27                                     9.6876312698051215e-01
28                                     1.3339283857925277e+00
29                                     9.5536656065763381e-01
30                                     1.0151224100435623e+00
31                                     1.9433277885499940e+00
32                                     1.3055802869253206e+00
33                                     1.2197024967006256e-01
34                                     8.2171091457975454e-01
   &COMPONENTS [&Type "ArrayOfIntegers", &Dim (35,4)] "The indices and atomic numbers of the bonding atoms"
                                                         0                           1                           2                           3

0                                                        0                           6                           1                           6
1                                                        0                           6                          18                           1
2                                                        0                           6                          19                           1
3                                                        0                           6                          20                           1
4                                                        1                           6                           2                           6
5                                                        1                           6                           6                           6
6                                                        2                           6                           3                           6
7                                                        2                           6                          21                           1
8                                                        3                           6                           4                           6
9                                                        3                           6                          22                           1
10                                                       4                           6                           5                           6
11                                                       4                           6                          23                           1
12                                                       5                           6                           6                           6
13                                                       5                           6                           8                           7
14                                                       6                           6                           7                           6
15                                                       7                           6                          24                           1
16                                                       7                           6                          25                           1
17                                                       7                           6                          26                           1
18                                                       8                           7                           9                           6
19                                                       8                           7                          27                           1
20                                                       9                           6                          10                           6
21                                                       9                           6                          14                           6
22                                                      10                           6                          11                           6
23                                                      10                           6                          28                           1
24                                                      11                           6                          12                           6
25                                                      11                           6                          29                           1
26                                                      12                           6                          13                           6
27                                                      12                           6                          30                           1
28                                                      13                           6                          14                           6
29                                                      13                           6                          31                           1
30                                                      14                           6                          15                           6
31                                                      15                           6                          16                           8
32                                                      15                           6                          17                           8
33                                                      16                           8                          27                           1
34                                                      17                           8                          32                           1
   &ATNO [&Type "ArrayOfIntegers", &Dim (33,1)] "Atomic number of the elements"
                                                         0

0                                                        6
1                                                        6
2                                                        6
3                                                        6
4                                                        6
5                                                        6
6                                                        6
7                                                        6
8                                                        7
9                                                        6
10                                                       6
11                                                       6
12                                                       6
13                                                       6
14                                                       6
15                                                       6
16                                                       8
17                                                       8
18                                                       1
19                                                       1
20                                                       1
21                                                       1
22                                                       1
23                                                       1
24                                                       1
25                                                       1
26                                                       1
27                                                       1
28                                                       1
29                                                       1
30                                                       1
31                                                       1
32                                                       1
   &NA [&Type "ArrayOfDoubles", &Dim (33,1)] "Mulliken gross atomic population"
                                                         0

0                                      6.2132060523202384e+00
1                                      6.0491630583204792e+00
2                                      6.1187687768188459e+00
3                                      6.0447507376181449e+00
4                                      6.1109874459418103e+00
5                                      5.9132827524043314e+00
6                                      6.0649837384437317e+00
7                                      6.1875675911076264e+00
8                                      7.2181213768206609e+00
9                                      5.9111205553853665e+00
10                                     6.1428158370461095e+00
11                                     6.0410899734340493e+00
12                                     6.0362614026724701e+00
13                                     6.1124556773921830e+00
14                                     6.0039336571937207e+00
15                                     5.8787163755079108e+00
16                                     8.2327560404188418e+00
17                                     8.2943652979692537e+00
18                                     8.9771504469560293e-01
19                                     8.8279281671896570e-01
20                                     8.9135864495763661e-01
21                                     9.6700102913514763e-01
22                                     9.5107325301751833e-01
23                                     9.6814846295929713e-01
24                                     8.7477797876165586e-01
25                                     8.8818078884537766e-01
26                                     8.9412826080617447e-01
27                                     7.4767915229503845e-01
28                                     9.3692532595152611e-01
29                                     9.4716862803043034e-01
30                                     9.5384647206587847e-01
31                                     9.4149404691836958e-01
32                                     6.8336374802559041e-01
   &ZA [&Type "ArrayOfDoubles", &Dim (33,1)] "Total nuclear charge"
                                                         0

0                                      6.0000000000000000e+00
1                                      6.0000000000000000e+00
2                                      6.0000000000000000e+00
3                                      6.0000000000000000e+00
4                                      6.0000000000000000e+00
5                                      6.0000000000000000e+00
6                                      6.0000000000000000e+00
7                                      6.0000000000000000e+00
8                                      7.0000000000000000e+00
9                                      6.0000000000000000e+00
10                                     6.0000000000000000e+00
11                                     6.0000000000000000e+00
12                                     6.0000000000000000e+00
13                                     6.0000000000000000e+00
14                                     6.0000000000000000e+00
15                                     6.0000000000000000e+00
16                                     8.0000000000000000e+00
17                                     8.0000000000000000e+00
18                                     1.0000000000000000e+00
19                                     1.0000000000000000e+00
20                                     1.0000000000000000e+00
21                                     1.0000000000000000e+00
22                                     1.0000000000000000e+00
23                                     1.0000000000000000e+00
24                                     1.0000000000000000e+00
25                                     1.0000000000000000e+00
26                                     1.0000000000000000e+00
27                                     1.0000000000000000e+00
28                                     1.0000000000000000e+00
29                                     1.0000000000000000e+00
30                                     1.0000000000000000e+00
31                                     1.0000000000000000e+00
32                                     1.0000000000000000e+00
   &QA [&Type "ArrayOfDoubles", &Dim (33,1)] "Mulliken gross atomic charge"
                                                         0

0                                     -2.1320605232023837e-01
1                                     -4.9163058320479180e-02
2                                     -1.1876877681884590e-01
3                                     -4.4750737618144854e-02
4                                     -1.1098744594181031e-01
5                                      8.6717247595668567e-02
6                                     -6.4983738443731731e-02
7                                     -1.8756759110762644e-01
8                                     -2.1812137682066091e-01
9                                      8.8879444614633485e-02
10                                    -1.4281583704610945e-01
11                                    -4.1089973434049298e-02
12                                    -3.6261402672470133e-02
13                                    -1.1245567739218298e-01
14                                    -3.9336571937207410e-03
15                                     1.2128362449208918e-01
16                                    -2.3275604041884179e-01
17                                    -2.9436529796925370e-01
18                                     1.0228495530439707e-01
19                                     1.1720718328103430e-01
20                                     1.0864135504236339e-01
21                                     3.2998970864852373e-02
22                                     4.8926746982481673e-02
23                                     3.1851537040702871e-02
24                                     1.2522202123834414e-01
25                                     1.1181921115462234e-01
26                                     1.0587173919382553e-01
27                                     2.5232084770496155e-01
28                                     6.3074674048473889e-02
29                                     5.2831371969569663e-02
30                                     4.6153527934121530e-02
31                                     5.8505953081630424e-02
32                                     3.1663625197440959e-01
   &VA [&Type "ArrayOfDoubles", &Dim (33,1)] "Mayer's total valence"
                                                         0

0                                      3.9397211959738998e+00
1                                      4.1081459228051740e+00
2                                      3.8042002753367066e+00
3                                      3.7610944858645903e+00
4                                      3.8059816754602100e+00
5                                      3.9876457772130469e+00
6                                      4.1604803645215096e+00
7                                      3.9528882201570146e+00
8                                      3.2064451308660384e+00
9                                      4.1148891820667028e+00
10                                     3.8243420204065597e+00
11                                     3.7907670732034502e+00
12                                     3.7430327724388475e+00
13                                     3.8452202821388060e+00
14                                     3.6838698419718541e+00
15                                     4.3170136028571919e+00
16                                     2.2786249449347675e+00
17                                     2.2190012133015995e+00
18                                     9.6583037093337065e-01
19                                     9.5416947224226256e-01
20                                     9.5684255263155404e-01
21                                     9.6114098327929176e-01
22                                     9.4962621579726303e-01
23                                     9.6632647923588832e-01
24                                     9.6394395884683282e-01
25                                     9.6070419257468542e-01
26                                     9.6009856862958864e-01
27                                     9.6067117081283859e-01
28                                     9.6079737871336524e-01
29                                     9.4986343190452227e-01
30                                     9.5117392198561568e-01
31                                     9.7570227253731145e-01
32                                     9.0520156861058132e-01
   &BVA [&Type "ArrayOfDoubles", &Dim (33,1)] "Mayer's bonded valence"
                                                         0

0                                      3.9397211959739336e+00
1                                      4.1081459228051784e+00
2                                      3.8042002753366364e+00
3                                      3.7610944858645499e+00
4                                      3.8059816754600861e+00
5                                      3.9876457772130736e+00
6                                      4.1604803645214279e+00
7                                      3.9528882201570372e+00
8                                      3.2064451308660455e+00
9                                      4.1148891820666815e+00
10                                     3.8243420204066108e+00
11                                     3.7907670732035217e+00
12                                     3.7430327724388266e+00
13                                     3.8452202821387691e+00
14                                     3.6838698419719060e+00
15                                     4.3170136028572195e+00
16                                     2.2786249449347928e+00
17                                     2.2190012133016239e+00
18                                     9.6583037093337665e-01
19                                     9.5416947224226023e-01
20                                     9.5684255263154805e-01
21                                     9.6114098327928754e-01
22                                     9.4962621579726769e-01
23                                     9.6632647923586545e-01
24                                     9.6394395884683093e-01
25                                     9.6070419257469253e-01
26                                     9.6009856862958509e-01
27                                     9.6067117081283060e-01
28                                     9.6079737871338344e-01
29                                     9.4986343190454314e-01
30                                     9.5117392198562134e-01
31                                     9.7570227253730291e-01
32                                     9.0520156861057421e-01
   &FA [&Type "ArrayOfDoubles", &Dim (33,1)] "Mayer's free valence"
                                                         0

0                                      0.0000000000000000e+00
1                                      0.0000000000000000e+00
2                                      0.0000000000000000e+00
3                                      0.0000000000000000e+00
4                                      0.0000000000000000e+00
5                                      0.0000000000000000e+00
6                                      0.0000000000000000e+00
7                                      0.0000000000000000e+00
8                                      0.0000000000000000e+00
9                                      0.0000000000000000e+00
10                                     0.0000000000000000e+00
11                                     0.0000000000000000e+00
12                                     0.0000000000000000e+00
13                                     0.0000000000000000e+00
14                                     0.0000000000000000e+00
15                                     0.0000000000000000e+00
16                                     0.0000000000000000e+00
17                                     0.0000000000000000e+00
18                                     0.0000000000000000e+00
19                                     0.0000000000000000e+00
20                                     0.0000000000000000e+00
21                                     0.0000000000000000e+00
22                                     0.0000000000000000e+00
23                                     0.0000000000000000e+00
24                                     0.0000000000000000e+00
25                                     0.0000000000000000e+00
26                                     0.0000000000000000e+00
27                                     0.0000000000000000e+00
28                                     0.0000000000000000e+00
29                                     0.0000000000000000e+00
30                                     0.0000000000000000e+00
31                                     0.0000000000000000e+00
32                                     0.0000000000000000e+00
$End
$VdW_Correction
   &GeometryIndex 1
   &ListStatus       OUT
   &VDW [&Type "Double"]      -4.4253262606605177e-02
$End
$Calculation_Info
   &GeometryIndex 1
   &ListStatus       OUT
   &MULT [&Type "Integer"] 1
   &CHARGE [&Type "Integer"] 0
   &NUMOFATOMS [&Type "Integer"] 33
   &NUMOFELECTRONS [&Type "Integer"] 128
   &NUMOFFCELECTRONS [&Type "Integer"] 1
   &NUMOFCORRELECTRONS [&Type "Integer"] 0
   &NUMOFBASISFUNCTS [&Type "Integer"] 282
   &NUMOFAUXCBASISFUNCTS [&Type "Integer"] 0
   &NUMOFAUXJBASISFUNCTS [&Type "Integer"] 1047
   &NUMOFAUXJKBASISFUNCTS [&Type "Integer"] 0
   &NUMOFCABSBASISFUNCTS [&Type "Integer"] 0
   &TOTALENERGY [&Type "Double"]      -7.8419708851430278e+02  "Hartrees"
$End
$SCF_Dipole_Moment
   &GeometryIndex 1
   &ListStatus       OUT
   &METHOD [&Type "String"] "SCF"
   &LEVEL [&Type "String"] "Relaxed density"
   &MULT [&Type "Integer"] 1
   &STATE [&Type "Integer"] -1
   &IRREP [&Type "Integer"] 0
   &NATOMS [&Type "Integer"] 33
   &DODIPOLEATOM [&Type "Boolean"] false
   &DIPOLEELECCONTRIB [&Type "ArrayOfDoubles", &Dim (3,1)] "Electronic contribution"
                                                         0

0                                      1.2609225682004555e+01
1                                      3.1449449338160957e+00
2                                      8.2751477983836565e+00
   &DIPOLENUCCONTRIB [&Type "ArrayOfDoubles", &Dim (3,1)] "Nuclear contribution"
                                                         0

0                                     -1.2763185368281064e+01
1                                     -3.1910887903430094e+00
2                                     -8.5754799264217780e+00
   &DIPOLETOTAL [&Type "ArrayOfDoubles", &Dim (3,1)] "Total"
                                                         0

0                                     -1.5395968627650980e-01
1                                     -4.6143856526913662e-02
2                                     -3.0033212803812148e-01
   &DIPOLEMAGNITUDE [&Type "Double", &Units "a.u."]       3.4063503581611260e-01
$End
