           1           2   1.02036538542084     
           2           3   1.00821127171224     
           3           4   1.00777114839701     
           4           5   1.01763580481490     
           5           6  0.944540124145172     
           1           7  0.987197614080818     
           1           8  0.984461249824790     
           1           9  0.987121120393521     
           2          10  0.975158558899789     
           2          11  0.977625728828127     
           3          12  0.976554587125131     
           3          13  0.975059225201096     
           4          14  0.964002127434448     
           4          15  0.970050016934412     
           5          16  0.976884077858037     
           5          17  0.974557576301012     
