$hessian                                                                        
        0.4645945706  -0.0137113384   0.0152574207  -0.1865604100  -0.0283380520
        0.0332026858  -0.0089642450  -0.0076282885   0.0021170925   0.0003761405
       -0.0010028187   0.0000342601   0.0001688228   0.0000353299  -0.0000318784
       -0.0000393893   0.0001906778   0.0000350302  -0.0001573584  -0.0000814261
       -0.0000200027  -0.1411013676   0.0668865471  -0.0963002931  -0.0503382108
        0.0138872889   0.0389891283  -0.0443581715  -0.0252950867  -0.0021385755
       -0.0252975692  -0.0044636574   0.0036651068  -0.0097498712  -0.0020241734
        0.0053720354   0.0005018803   0.0007022534  -0.0000828595   0.0012306835
        0.0010149571   0.0000385407  -0.0002906727  -0.0000690695   0.0000860464
        0.0000751861  -0.0000990116  -0.0003131149  -0.0000861689   0.0000287445
        0.0001262731   0.0000886383   0.0000046458  -0.0000294485  -0.0000924875
       -0.0000375225  -0.0000074473
       -0.0137113384   0.5197599591   0.0041004499  -0.0291666273  -0.0710040131
        0.0083182241  -0.0276615445  -0.0132791283   0.0073255859  -0.0007863824
       -0.0055779591  -0.0001874670   0.0000216044  -0.0000138927   0.0000290251
        0.0000316567  -0.0001626269  -0.0000057049   0.0001540614   0.0001232404
        0.0000034932   0.0671704372  -0.0891325181   0.0640010256   0.0141144391
       -0.0671153688  -0.0683716218  -0.0250567852  -0.2800180880  -0.0113831622
        0.0112068206   0.0032490538  -0.0025449290   0.0071871807   0.0024642199
       -0.0022854375  -0.0006032924   0.0006414543   0.0007263769  -0.0013453956
        0.0009072771  -0.0002071231  -0.0014917625  -0.0008316457   0.0005591301
        0.0000165147  -0.0000910013  -0.0000313994  -0.0000051422  -0.0000413861
        0.0000299399  -0.0000818338   0.0000961965  -0.0000805995   0.0000073893
        0.0000262270   0.0000041937
        0.0152574207   0.0041004499   0.5153019579   0.0327167088   0.0079024485
       -0.0772340716   0.0002723200   0.0013214561  -0.0000351897  -0.0000440275
        0.0000225944   0.0001492663   0.0000198338   0.0000155477  -0.0001117002
        0.0000105534   0.0000420526  -0.0000670893  -0.0001584398  -0.0000196213
        0.0000878229  -0.0962206672   0.0640798474  -0.1378346041   0.0389552988
       -0.0683057037  -0.2511200449  -0.0021419942  -0.0113309954  -0.0449231744
       -0.0170299786  -0.0033940563   0.0044612780   0.0286123755   0.0059536622
       -0.0103770021  -0.0008352532  -0.0004229318   0.0008007396   0.0006880131
        0.0000323343   0.0003079866   0.0000087654   0.0000090246   0.0001865260
       -0.0001361453  -0.0000345497   0.0002413706   0.0000081493   0.0000639558
        0.0000980994   0.0000267437  -0.0000295958   0.0000554261  -0.0000096768
       -0.0000059198   0.0000124028
       -0.1865604100  -0.0291666273   0.0327167088   0.4879787561  -0.0260359522
        0.0146303852  -0.0643922842  -0.0115898162  -0.0028320974  -0.0064587570
       -0.0263195543   0.0008119829   0.0007863008   0.0004435431   0.0000500432
       -0.0014267404   0.0000312152   0.0003254533  -0.0003060479  -0.0004062367
       -0.0001915905  -0.0257159155  -0.0031199021   0.0029046995  -0.0092148585
       -0.0009990538   0.0062915402  -0.0067993709  -0.0038773373   0.0018132639
       -0.1355403047   0.0677839425  -0.0921943984  -0.0497485537   0.0141710742
        0.0345477632   0.0007064256   0.0027607649   0.0004633715   0.0007127071
        0.0200858494  -0.0001995091  -0.0046197436  -0.0032403512   0.0018536284
        0.0007369585  -0.0004014356  -0.0008633929  -0.0001097962  -0.0001229470
       -0.0000522877   0.0000532935   0.0000431832  -0.0000810091  -0.0000816589
       -0.0000403590   0.0000054449
       -0.0283380520  -0.0710040131   0.0079024485  -0.0260359522   0.4727676336
       -0.0014219434  -0.0100097791  -0.1940736697  -0.0072957883  -0.0076134582
       -0.0122597173   0.0017116313   0.0005166958   0.0002756861  -0.0000794781
        0.0004264761   0.0001588156  -0.0001945227  -0.0004847188   0.0000442405
        0.0001405514   0.0114469412   0.0028383445  -0.0028282428   0.0075987161
        0.0021897896  -0.0021882111  -0.0293177487  -0.0103415596   0.0079016550
        0.0681681604  -0.0899976785   0.0638761274   0.0139768331  -0.0654718784
       -0.0651675865  -0.0012348344  -0.0154794247  -0.0046053575   0.0012411046
       -0.0212843937   0.0022868705  -0.0014105811   0.0003367465   0.0002257415
        0.0009855150   0.0009936177  -0.0004378812  -0.0001146493   0.0001890299
        0.0000852735   0.0002270927   0.0000814173   0.0000839358  -0.0000277613
        0.0000370135   0.0000047768
        0.0332026858   0.0083182241  -0.0772340716   0.0146303852  -0.0014219434
        0.5338020734  -0.0026798981  -0.0075557403  -0.0693213351   0.0018251361
        0.0079604148  -0.0002517287  -0.0000824604  -0.0000887653  -0.0000846602
       -0.0001460376  -0.0000270363   0.0002420094   0.0006389595  -0.0000232738
       -0.0001265948  -0.0177355218  -0.0038913913   0.0047708922   0.0287159017
        0.0058427084  -0.0107373286  -0.0003235419   0.0002452532   0.0004855642
       -0.0926876071   0.0637400162  -0.1362578266   0.0343635491  -0.0650666577
       -0.2421494009  -0.0022897184  -0.0297919621  -0.0043213320   0.0001500751
        0.0194521826   0.0005103505   0.0020737740   0.0011946412   0.0000001642
        0.0003082543   0.0012145488   0.0005922067  -0.0000050828  -0.0001821151
        0.0000319360   0.0000508059   0.0000558011   0.0000241667  -0.0000096587
        0.0000250950   0.0000249153
       -0.0089642450  -0.0276615445   0.0002723200  -0.0643922842  -0.0100097791
       -0.0026798981   0.4789061712  -0.0152691106   0.0156648224  -0.1682156755
       -0.0342958424   0.0391016473  -0.0266392042  -0.0039869592   0.0009470193
       -0.0001773667  -0.0008778297  -0.0000489341   0.0000744524   0.0002753061
        0.0000843583   0.0007879832  -0.0012674534   0.0003337810   0.0007318171
       -0.0004874373  -0.0006353883  -0.0054574872  -0.0031569568   0.0015334346
        0.0018069450   0.0189717020  -0.0000294452   0.0007680014   0.0034574080
        0.0002735434  -0.0477462383   0.0109459385   0.0274826099  -0.1451720914
        0.0678685700  -0.0900151193  -0.0057213803  -0.0039040860   0.0021264136
       -0.0088122101  -0.0015863052   0.0061988237   0.0011732880  -0.0003218176
        0.0013686775  -0.0030422667   0.0013176218  -0.0019474690   0.0000917914
       -0.0000114247  -0.0000311971
       -0.0076282885  -0.0132791283   0.0013214561  -0.0115898162  -0.1940736697
       -0.0075557403  -0.0152691106   0.4706906796   0.0008725293  -0.0297600419
       -0.0750214941   0.0108675838   0.0065297231   0.0029123782  -0.0028371691
        0.0002958652   0.0001723363  -0.0000641507  -0.0000630969  -0.0001743763
       -0.0000438046   0.0010688894   0.0010396339  -0.0002212210   0.0009225447
        0.0008184796  -0.0002664479  -0.0013691618   0.0003003300   0.0004236591
        0.0003024213  -0.0201958715   0.0019284988  -0.0015849877  -0.0156833028
       -0.0046184861   0.0105823535  -0.0637150332  -0.0641975196   0.0673078209
       -0.0847032602   0.0562721925  -0.0284528254  -0.0133089212   0.0109967296
        0.0078430115   0.0032466645  -0.0035023779  -0.0003026823   0.0004493445
       -0.0000909742   0.0012323897   0.0005020326   0.0006939428  -0.0000650079
        0.0000231779   0.0000212993
        0.0021170925   0.0073255859  -0.0000351897  -0.0028320974  -0.0072957883
       -0.0693213351   0.0156648224   0.0008725293   0.5296369750   0.0383573565
        0.0112405988  -0.0805324705  -0.0142614930  -0.0043849950   0.0037135092
        0.0000152531  -0.0006268261   0.0000478921  -0.0001486228   0.0001976639
        0.0000469887  -0.0003426007  -0.0005499562   0.0002724263   0.0003040201
        0.0011092283   0.0005979795   0.0017409992   0.0009744689   0.0001600893
        0.0010771201   0.0197396793   0.0003090600  -0.0025370436  -0.0298214591
       -0.0043971411   0.0274425181  -0.0641087782  -0.2433263082  -0.0900983096
        0.0566371264  -0.1242578891   0.0020038260   0.0010095181   0.0001308443
        0.0269192780   0.0072186400  -0.0126669174  -0.0017501891  -0.0001488025
        0.0012672876  -0.0037058124   0.0006121772  -0.0016313064   0.0000338826
       -0.0000006107  -0.0000144944
        0.0003761405  -0.0007863824  -0.0000440275  -0.0064587570  -0.0076134582
        0.0018251361  -0.1682156755  -0.0297600419   0.0383573565   0.4459906433
       -0.0036246752  -0.0132497155  -0.1235249455   0.0193303310  -0.0540703102
       -0.0087590386   0.0149337640  -0.0030363866   0.0004408913  -0.0022165662
       -0.0011499800   0.0002934057  -0.0000933484   0.0001478274   0.0000362565
       -0.0001243456  -0.0002403839  -0.0002087616  -0.0000586613   0.0001403569
        0.0004194334   0.0003232656  -0.0001042766   0.0006130990   0.0007160599
        0.0000289951  -0.0087354489  -0.0018302590   0.0058562354  -0.0258141131
       -0.0051477799   0.0056743710  -0.0391233016  -0.0013680580   0.0009350655
       -0.0477304356   0.0131250305   0.0345368068   0.0031374016  -0.0013583054
        0.0003659165  -0.0230491981   0.0053917173  -0.0163755958   0.0003124045
        0.0001617135   0.0004026090
       -0.0010028187  -0.0055779591   0.0000225944  -0.0263195543  -0.0122597173
        0.0079604148  -0.0342958424  -0.0750214941   0.0112405988  -0.0036246752
        0.5159882912   0.0260421979   0.0274792899  -0.0694567813   0.0238134968
        0.0233601640  -0.0189129737   0.0148426008   0.0009366144   0.0003915105
        0.0012792049   0.0001680145  -0.0000903084   0.0000235208   0.0000159620
       -0.0001126446  -0.0000792738  -0.0016403754  -0.0006368340   0.0004040636
       -0.0002313412   0.0005866289   0.0001868402  -0.0006392165   0.0007207525
        0.0007056193   0.0071952240   0.0026143561  -0.0028024971   0.0102502864
        0.0026815456  -0.0027393027  -0.0019885096  -0.2714943525   0.0053323781
        0.0135603164  -0.0743866059  -0.0757837760  -0.0014583860   0.0020955593
       -0.0008669171  -0.0104109871   0.0033734214  -0.0078416996  -0.0013541653
       -0.0005023947  -0.0017400641
        0.0000342601  -0.0001874670   0.0001492663   0.0008119829   0.0017116313
       -0.0002517287   0.0391016473   0.0108675838  -0.0805324705  -0.0132497155
        0.0260421979   0.4983552854  -0.0532541724   0.0167583430  -0.1111895599
       -0.0000306765   0.0075841272   0.0033920033   0.0007303294  -0.0022315154
       -0.0004312465  -0.0000304552   0.0000649146  -0.0000395686  -0.0001399801
       -0.0000029419   0.0001921391  -0.0000844056  -0.0001495498   0.0002376125
        0.0000998400   0.0000650903   0.0000773826  -0.0010750195  -0.0007448439
        0.0007235723   0.0276665683   0.0067818126  -0.0132137700  -0.0158577108
       -0.0030915606   0.0045715116   0.0010715708   0.0055790919  -0.0448732543
        0.0349283242  -0.0765407163  -0.2356089879  -0.0208928870   0.0075340383
       -0.0232749342   0.0005294599   0.0000171180   0.0018127886  -0.0003589604
       -0.0000573540  -0.0000960408
        0.0001688228   0.0000216044   0.0000198338   0.0007863008   0.0005166958
       -0.0000824604  -0.0266392042   0.0065297231  -0.0142614930  -0.1235249455
        0.0274792899  -0.0532541724   0.4639161787   0.0043749339  -0.0356558506
       -0.0670604627   0.0538263897   0.0111993612  -0.0061340080   0.0070692623
        0.0014339480   0.0000175179   0.0000045881   0.0000471472  -0.0000059975
        0.0000115716  -0.0000732628   0.0000086239  -0.0000630344   0.0000272800
       -0.0003496137  -0.0003424875  -0.0000518922  -0.0001296309  -0.0001224191
       -0.0000496566   0.0010364733   0.0000794318  -0.0012177186  -0.0053836070
       -0.0015031395   0.0010635072  -0.0049820845   0.0035684886  -0.0039532655
        0.0014160518  -0.0003046828  -0.0010014378  -0.0591945095   0.0056668088
        0.0640118191  -0.1830672655  -0.1093507476   0.0315804291   0.0091213597
        0.0025377230   0.0002178845
        0.0000353299  -0.0000138927   0.0000155477   0.0004435431   0.0002756861
       -0.0000887653  -0.0039869592   0.0029123782  -0.0043849950   0.0193303310
       -0.0694567813   0.0167583430   0.0043749339   0.5046461286   0.0117145107
        0.0580208426  -0.2503675775  -0.0355564474   0.0059212781  -0.0246834120
       -0.0042207919  -0.0000319788   0.0000111134   0.0000190462   0.0000100474
       -0.0000139970  -0.0000000713   0.0000224053   0.0000804346  -0.0000157832
       -0.0006573197  -0.0001500363   0.0000326036  -0.0001277320   0.0000228314
       -0.0001296522   0.0000461041   0.0001267380   0.0000500441  -0.0016629884
        0.0006739721   0.0001060729   0.0219110871  -0.0126119831   0.0194692243
       -0.0052924186   0.0029427543  -0.0045840442   0.0047205298  -0.0413528005
       -0.0196216961  -0.1054458759  -0.1152072091   0.0213264045   0.0023688404
        0.0021656525  -0.0008895504
       -0.0000318784   0.0000290251  -0.0001117002   0.0000500432  -0.0000794781
       -0.0000846602   0.0009470193  -0.0028371691   0.0037135092  -0.0540703102
        0.0238134968  -0.1111895599  -0.0356558506   0.0117145107   0.4763464500
        0.0124571408  -0.0378832928  -0.0576855102   0.0010240440  -0.0038822385
       -0.0048991046   0.0001037588  -0.0000046304   0.0000217097  -0.0000002539
       -0.0000202284   0.0000600397   0.0000070200   0.0000244886   0.0000121264
        0.0001111665  -0.0000194499   0.0003316410  -0.0000972414   0.0000879385
       -0.0000613320   0.0015027525  -0.0002019377   0.0013659327   0.0021511883
        0.0000674463   0.0003782871  -0.0039738964   0.0022025741  -0.0015760108
       -0.0215409532   0.0082530682  -0.0221372945   0.0645411007  -0.0220181575
       -0.2466651111   0.0320281982   0.0223688203  -0.0475420673   0.0004469519
       -0.0016147860   0.0097226548
       -0.0000393893   0.0000316567   0.0000105534  -0.0014267404   0.0004264761
       -0.0001460376  -0.0001773667   0.0002958652   0.0000152531  -0.0087590386
        0.0233601640  -0.0000306765  -0.0670604627   0.0580208426   0.0124571408
        0.1996738318  -0.4013286916  -0.0713231024  -0.1144808512   0.3228059745
        0.0593801045  -0.0000182571   0.0000256072  -0.0000099043  -0.0000246201
        0.0000064736   0.0000475145   0.0000352356  -0.0000047113  -0.0000158565
       -0.0010312955  -0.0007135005   0.0003636385  -0.0000634163  -0.0002443639
       -0.0002356555  -0.0001242904   0.0001165958   0.0001248239  -0.0000721471
       -0.0001127208  -0.0000403704  -0.0027657948   0.0023325616  -0.0025481575
        0.0008945353   0.0000184096   0.0006902105  -0.0030180398   0.0121840171
        0.0046783366   0.0065070067  -0.0191447560  -0.0040270631  -0.0080488995
        0.0019241001   0.0006092480
        0.0001906778  -0.0001626269   0.0000420526   0.0000312152   0.0001588156
       -0.0000270363  -0.0008778297   0.0001723363  -0.0006268261   0.0149337640
       -0.0189129737   0.0075841272   0.0538263897  -0.2503675775  -0.0378832928
       -0.4013286916   1.3230023991   0.2258693255   0.3227688926  -0.9940106323
       -0.1813098372   0.0000354384  -0.0000461462   0.0000026181   0.0000358868
        0.0000656655  -0.0000440866  -0.0000400053  -0.0001471453   0.0000136156
       -0.0011973293   0.0003060195   0.0003586641  -0.0000518112   0.0000677682
       -0.0001726808   0.0002316248  -0.0000292888  -0.0001573321  -0.0002568787
       -0.0001708866   0.0001233534   0.0023368991  -0.0010094890   0.0013802561
       -0.0004558058   0.0009684314  -0.0005922117   0.0058298733  -0.0127816963
       -0.0088673786   0.0009984536  -0.0330297719  -0.0040552608   0.0029892364
       -0.0140732011  -0.0016380698
        0.0000350302  -0.0000057049  -0.0000670893   0.0003254533  -0.0001945227
        0.0002420094  -0.0000489341  -0.0000641507   0.0000478921  -0.0030363866
        0.0148426008   0.0033920033   0.0111993612  -0.0355564474  -0.0576855102
       -0.0713231024   0.2258693255   0.1114399207   0.0591691890  -0.1806254202
       -0.0428390661  -0.0000253169   0.0000061437  -0.0000098004   0.0000510753
        0.0000111331  -0.0000359406   0.0000040296  -0.0000096588  -0.0000054230
       -0.0000785320   0.0002027328   0.0002442433  -0.0002075001  -0.0000462419
       -0.0001892985   0.0000617229  -0.0000333296  -0.0000853044  -0.0001093931
       -0.0000519468  -0.0000005770  -0.0032119105   0.0022536850  -0.0021276755
       -0.0004692425   0.0012931314   0.0002404200   0.0083461121  -0.0294635499
       -0.0070738293  -0.0012961778   0.0025986632   0.0020345396   0.0006145224
       -0.0010264424  -0.0075215143
       -0.0001573584   0.0001540614  -0.0001584398  -0.0003060479  -0.0004847188
        0.0006389595   0.0000744524  -0.0000630969  -0.0001486228   0.0004408913
        0.0009366144   0.0007303294  -0.0061340080   0.0059212781   0.0010240440
       -0.1144808512   0.3227688926   0.0591691890   0.1708526986  -0.4298504605
       -0.0778808842  -0.0001329656   0.0000124040   0.0000024321   0.0000094138
        0.0000073259  -0.0000081986   0.0000224206   0.0000185492  -0.0000026010
       -0.0015652052   0.0005426460  -0.0002735356  -0.0000283517   0.0000895471
        0.0001037576   0.0000445526  -0.0000172980  -0.0000695222  -0.0001154398
        0.0000668522  -0.0000158942  -0.0003231992   0.0002427744  -0.0002188871
        0.0000101616  -0.0000764845   0.0001421043   0.0002079487   0.0005292735
       -0.0002004669  -0.0000664287  -0.0017938370  -0.0001484540  -0.0483526839
        0.1009956768   0.0173146907
       -0.0000814261   0.0001232404  -0.0000196213  -0.0004062367   0.0000442405
       -0.0000232738   0.0002753061  -0.0001743763   0.0001976639  -0.0022165662
        0.0003915105  -0.0022315154   0.0070692623  -0.0246834120  -0.0038822385
        0.3228059745  -0.9940106323  -0.1806254202  -0.4298504605   1.3607546452
        0.2423958993  -0.0000987391   0.0000001352  -0.0000217719  -0.0000277503
       -0.0000377597   0.0000241692   0.0000192488   0.0000681764   0.0000012851
        0.0009933825   0.0001841635  -0.0003111673   0.0000705748   0.0000452608
        0.0001449484  -0.0001262652  -0.0000386143   0.0001112644   0.0000996485
        0.0001155280  -0.0000820500   0.0005025357   0.0000607359   0.0004428399
       -0.0001890988   0.0000197074  -0.0000035938  -0.0002978499  -0.0002516718
        0.0013041294   0.0013151558  -0.0001562914  -0.0005862974   0.1001433037
       -0.3424545859  -0.0568352500
       -0.0000200027   0.0000034932   0.0000878229  -0.0001915905   0.0001405514
       -0.0001265948   0.0000843583  -0.0000438046   0.0000469887  -0.0011499800
        0.0012792049  -0.0004312465   0.0014339480  -0.0042207919  -0.0048991046
        0.0593801045  -0.1813098372  -0.0428390661  -0.0778808842   0.2423958993
        0.0753210730   0.0000325052  -0.0000143169   0.0000106865  -0.0000492987
        0.0000063613   0.0000263807  -0.0000072634   0.0000070966  -0.0000106529
        0.0003096688  -0.0001082297  -0.0000462103   0.0001363915   0.0000525526
        0.0001702677  -0.0001043786   0.0000242124   0.0000371739   0.0000529984
       -0.0000267384   0.0000259841  -0.0000843078   0.0002109124   0.0000559852
        0.0001508981  -0.0000062417   0.0002969351   0.0003608340  -0.0017060764
       -0.0003201876   0.0002612775   0.0005055708   0.0002647030   0.0172847217
       -0.0571898180  -0.0276709382
       -0.1411013676   0.0671704372  -0.0962206672  -0.0257159155   0.0114469412
       -0.0177355218   0.0007879832   0.0010688894  -0.0003426007   0.0002934057
        0.0001680145  -0.0000304552   0.0000175179  -0.0000319788   0.0001037588
       -0.0000182571   0.0000354384  -0.0000253169  -0.0001329656  -0.0000987391
        0.0000325052   0.1677495175  -0.0776392492   0.1117338141   0.0028795927
       -0.0013935829   0.0008100410   0.0013663870   0.0010697530   0.0002180859
       -0.0068665876  -0.0014290900   0.0015408288   0.0007726388   0.0003838341
       -0.0004393406  -0.0000707423   0.0000066819  -0.0000493685  -0.0000406149
       -0.0008368494   0.0003823234   0.0000665230  -0.0000266704  -0.0000337848
       -0.0000303027   0.0000798418  -0.0000080659   0.0000255640   0.0000780898
        0.0000270909   0.0000110159  -0.0000253614   0.0000404865   0.0000066077
       -0.0000264002  -0.0000038131
        0.0668865471  -0.0891325181   0.0640798474  -0.0031199021   0.0028383445
       -0.0038913913  -0.0012674534   0.0010396339  -0.0005499562  -0.0000933484
       -0.0000903084   0.0000649146   0.0000045881   0.0000111134  -0.0000046304
        0.0000256072  -0.0000461462   0.0000061437   0.0000124040   0.0000001352
       -0.0000143169  -0.0776392492   0.1007054578  -0.0757344861  -0.0056676910
        0.0042986217  -0.0062940375   0.0216921918  -0.0197011748   0.0223287727
       -0.0012492916   0.0003724748   0.0000155060   0.0003550259  -0.0000531554
       -0.0001755251   0.0000871483  -0.0000707272  -0.0000305352  -0.0000810621
       -0.0001681255   0.0002342444   0.0000059669  -0.0000009563  -0.0000016992
        0.0000463268   0.0000011707  -0.0000481041  -0.0000058054  -0.0000103951
        0.0000016334   0.0000236066   0.0000085267   0.0000089987  -0.0000156095
       -0.0000019718   0.0000046209
       -0.0963002931   0.0640010256  -0.1378346041   0.0029046995  -0.0028282428
        0.0047708922   0.0003337810  -0.0002212210   0.0002724263   0.0001478274
        0.0000235208  -0.0000395686   0.0000471472   0.0000190462   0.0000217097
       -0.0000099043   0.0000026181  -0.0000098004   0.0000024321  -0.0000217719
        0.0000106865   0.1117338141  -0.0757344861   0.1570075882  -0.0204328929
        0.0137705113  -0.0257587562  -0.0002128747   0.0011494206   0.0000319718
        0.0014684669   0.0003265169   0.0008886441   0.0005149633  -0.0002529364
        0.0007271615  -0.0001030030   0.0000484647  -0.0003363539  -0.0001460752
       -0.0002503417   0.0002587257  -0.0000102569  -0.0000528746   0.0000048530
        0.0000362973   0.0000097286   0.0000089789   0.0000183099   0.0000273300
       -0.0000330457  -0.0000075759  -0.0000190480   0.0000094563   0.0000151372
        0.0000027396  -0.0000009653
       -0.0503382108   0.0141144391   0.0389552988  -0.0092148585   0.0075987161
        0.0287159017   0.0007318171   0.0009225447   0.0003040201   0.0000362565
        0.0000159620  -0.0001399801  -0.0000059975   0.0000100474  -0.0000002539
       -0.0000246201   0.0000358868   0.0000510753   0.0000094138  -0.0000277503
       -0.0000492987   0.0028795927  -0.0056676910  -0.0204328929   0.0602736149
       -0.0150690836  -0.0480996853   0.0012108591  -0.0003318155  -0.0022615665
        0.0007712130   0.0003337631   0.0005323141  -0.0062082246  -0.0014527905
        0.0029396161  -0.0001690697  -0.0004553639  -0.0002321002  -0.0000827400
       -0.0000223166  -0.0001025513   0.0000599028   0.0000032245  -0.0000617920
        0.0000831263   0.0000365944  -0.0000711657  -0.0000570823  -0.0000375169
       -0.0000268112   0.0000335141   0.0000147182  -0.0000142221   0.0000114932
       -0.0000215678  -0.0000059062
        0.0138872889  -0.0671153688  -0.0683057037  -0.0009990538   0.0021897896
        0.0058427084  -0.0004874373   0.0008184796   0.0011092283  -0.0001243456
       -0.0001126446  -0.0000029419   0.0000115716  -0.0000139970  -0.0000202284
        0.0000064736   0.0000656655   0.0000111331   0.0000073259  -0.0000377597
        0.0000063613  -0.0013935829   0.0042986217   0.0137705113  -0.0150690836
        0.0747148860   0.0801894765   0.0051122847  -0.0148532476  -0.0327981223
        0.0004038022  -0.0000698459  -0.0002026052  -0.0012479749   0.0003441590
        0.0006099869  -0.0002695590  -0.0001063525  -0.0001864218   0.0001040009
       -0.0000559012   0.0000563606   0.0000060095  -0.0000050330   0.0000005009
        0.0000515181  -0.0000650242  -0.0000818824  -0.0000202923   0.0000203997
        0.0000064434   0.0000289637  -0.0000100196   0.0000043554  -0.0000079097
       -0.0000068071  -0.0000091605
        0.0389891283  -0.0683716218  -0.2511200449   0.0062915402  -0.0021882111
       -0.0107373286  -0.0006353883  -0.0002664479   0.0005979795  -0.0002403839
       -0.0000792738   0.0001921391  -0.0000732628  -0.0000000713   0.0000600397
        0.0000475145  -0.0000440866  -0.0000359406  -0.0000081986   0.0000241692
        0.0000263807   0.0008100410  -0.0062940375  -0.0257587562  -0.0480996853
        0.0801894765   0.2908128296   0.0002905925  -0.0038063388  -0.0046726813
       -0.0004778408  -0.0001039282   0.0006881498   0.0029644995   0.0003889893
       -0.0000309872   0.0003487380   0.0004792137   0.0003290144  -0.0000502066
        0.0000532530  -0.0003938939  -0.0000350685   0.0000624354   0.0000111333
       -0.0001183627  -0.0000676842  -0.0000004757   0.0000315269   0.0000153528
        0.0000508962  -0.0000137743   0.0000070360  -0.0000151270  -0.0000214090
        0.0000017753  -0.0000033267
       -0.0443581715  -0.0250567852  -0.0021419942  -0.0067993709  -0.0293177487
       -0.0003235419  -0.0054574872  -0.0013691618   0.0017409992  -0.0002087616
       -0.0016403754  -0.0000844056   0.0000086239   0.0000224053   0.0000070200
        0.0000352356  -0.0000400053   0.0000040296   0.0000224206   0.0000192488
       -0.0000072634   0.0013663870   0.0216921918  -0.0002128747   0.0012108591
        0.0051122847   0.0002905925   0.0534268826   0.0311718041   0.0008670372
        0.0005423155  -0.0004416735  -0.0001730686   0.0006567754  -0.0001465528
       -0.0002044317  -0.0000495820   0.0001103790  -0.0000001478  -0.0000762020
        0.0001024987   0.0000743961  -0.0004269522  -0.0002571361   0.0001576659
        0.0000889537   0.0000096520  -0.0000296945   0.0000319699  -0.0000046372
        0.0000251380   0.0000056936   0.0000269398   0.0000043912  -0.0000195895
        0.0000066717   0.0000061528
       -0.0252950867  -0.2800180880  -0.0113309954  -0.0038773373  -0.0103415596
        0.0002452532  -0.0031569568   0.0003003300   0.0009744689  -0.0000586613
       -0.0006368340  -0.0001495498  -0.0000630344   0.0000804346   0.0000244886
       -0.0000047113  -0.0001471453  -0.0000096588   0.0000185492   0.0000681764
        0.0000070966   0.0010697530  -0.0197011748   0.0011494206  -0.0003318155
       -0.0148532476  -0.0038063388   0.0311718041   0.3241027480   0.0128498734
        0.0002138678   0.0004041745  -0.0003536477   0.0003271338   0.0002756685
        0.0002754278   0.0001491478   0.0002476127   0.0001840308  -0.0000167450
        0.0003469058  -0.0002003651  -0.0001732854  -0.0001143946   0.0000891341
        0.0000018519  -0.0000068105   0.0000607181   0.0000560578  -0.0000244080
       -0.0000078932  -0.0000426562   0.0000003705  -0.0000064628   0.0000121245
        0.0000172413   0.0000049996
       -0.0021385755  -0.0113831622  -0.0449231744   0.0018132639   0.0079016550
        0.0004855642   0.0015334346   0.0004236591   0.0001600893   0.0001403569
        0.0004040636   0.0002376125   0.0000272800  -0.0000157832   0.0000121264
       -0.0000158565   0.0000136156  -0.0000054230  -0.0000026010   0.0000012851
       -0.0000106529   0.0002180859   0.0223287727   0.0000319718  -0.0022615665
       -0.0327981223  -0.0046726813   0.0008670372   0.0128498734   0.0486275005
       -0.0003860120  -0.0003158425   0.0000710090   0.0000608994   0.0005305409
        0.0000385683   0.0001042673   0.0001200740   0.0000223772  -0.0000138768
       -0.0001145340  -0.0000369205   0.0000900779   0.0000607985  -0.0000541169
       -0.0000622086  -0.0000009024   0.0000177191   0.0000168215  -0.0000064974
       -0.0000134651   0.0000058476  -0.0000004387   0.0000020959   0.0000033246
        0.0000009448   0.0000097998
       -0.0252975692   0.0112068206  -0.0170299786  -0.1355403047   0.0681681604
       -0.0926876071   0.0018069450   0.0003024213   0.0010771201   0.0004194334
       -0.0002313412   0.0000998400  -0.0003496137  -0.0006573197   0.0001111665
       -0.0010312955  -0.0011973293  -0.0000785320  -0.0015652052   0.0009933825
        0.0003096688  -0.0068665876  -0.0012492916   0.0014684669   0.0007712130
        0.0004038022  -0.0004778408   0.0005423155   0.0002138678  -0.0003860120
        0.1638933035  -0.0765563659   0.1066796083   0.0027684587  -0.0012346708
        0.0009352433   0.0000536714   0.0001151254   0.0000740952   0.0003670542
       -0.0004708038   0.0001037356  -0.0000925214   0.0000554421  -0.0000835773
       -0.0000243899   0.0000747222   0.0000052405   0.0000779596  -0.0001394544
       -0.0001237745  -0.0000376022   0.0001023754   0.0000403668   0.0001047351
        0.0001004568  -0.0000372297
       -0.0044636574   0.0032490538  -0.0033940563   0.0677839425  -0.0899976785
        0.0637400162   0.0189717020  -0.0201958715   0.0197396793   0.0003232656
        0.0005866289   0.0000650903  -0.0003424875  -0.0001500363  -0.0000194499
       -0.0007135005   0.0003060195   0.0002027328   0.0005426460   0.0001841635
       -0.0001082297  -0.0014290900   0.0003724748   0.0003265169   0.0003337631
       -0.0000698459  -0.0001039282  -0.0004416735   0.0004041745  -0.0003158425
       -0.0765563659   0.1079364582  -0.0749490731  -0.0047999641   0.0045588894
       -0.0053757723   0.0004436409   0.0009024807   0.0004145758   0.0000103416
       -0.0076258848   0.0003769839   0.0001012229   0.0002521772  -0.0000547532
        0.0000712397  -0.0000919345   0.0000517112  -0.0001425472  -0.0004605835
       -0.0004537173   0.0001849333  -0.0000371124  -0.0001078185   0.0001225884
       -0.0001235731  -0.0000346652
        0.0036651068  -0.0025449290   0.0044612780  -0.0921943984   0.0638761274
       -0.1362578266  -0.0000294452   0.0019284988   0.0003090600  -0.0001042766
        0.0001868402   0.0000773826  -0.0000518922   0.0000326036   0.0003316410
        0.0003636385   0.0003586641   0.0002442433  -0.0002735356  -0.0003111673
       -0.0000462103   0.0015408288   0.0000155060   0.0008886441   0.0005323141
       -0.0002026052   0.0006881498  -0.0001730686  -0.0003536477   0.0000710090
        0.1066796083  -0.0749490731   0.1542137844  -0.0203327476   0.0129588625
       -0.0263393671   0.0004120478  -0.0006362323   0.0006751864   0.0001821333
        0.0001322275   0.0011533635  -0.0000287056  -0.0001495332  -0.0000846040
       -0.0001386365   0.0000446787  -0.0002933652  -0.0000367045  -0.0001917797
       -0.0000051368   0.0000138589  -0.0001389380  -0.0000285554  -0.0000261255
       -0.0000561035  -0.0000586768
       -0.0097498712   0.0071871807   0.0286123755  -0.0497485537   0.0139768331
        0.0343635491   0.0007680014  -0.0015849877  -0.0025370436   0.0006130990
       -0.0006392165  -0.0010750195  -0.0001296309  -0.0001277320  -0.0000972414
       -0.0000634163  -0.0000518112  -0.0002075001  -0.0000283517   0.0000705748
        0.0001363915   0.0007726388   0.0003550259   0.0005149633  -0.0062082246
       -0.0012479749   0.0029644995   0.0006567754   0.0003271338   0.0000608994
        0.0027684587  -0.0047999641  -0.0203327476   0.0602209326  -0.0131063883
       -0.0437115420   0.0003384686  -0.0007990917   0.0002881422  -0.0000434880
        0.0004218595   0.0003720222  -0.0000657478   0.0001036487   0.0000914193
       -0.0001050878  -0.0002685218   0.0003387233   0.0000192276   0.0001080341
        0.0001389880  -0.0000277932   0.0000385045   0.0000488155   0.0000125630
        0.0000368931   0.0000303053
       -0.0020241734   0.0024642199   0.0059536622   0.0141710742  -0.0654718784
       -0.0650666577   0.0034574080  -0.0156833028  -0.0298214591   0.0007160599
        0.0007207525  -0.0007448439  -0.0001224191   0.0000228314   0.0000879385
       -0.0002443639   0.0000677682  -0.0000462419   0.0000895471   0.0000452608
        0.0000525526   0.0003838341  -0.0000531554  -0.0002529364  -0.0014527905
        0.0003441590   0.0003889893  -0.0001465528   0.0002756685   0.0005305409
       -0.0012346708   0.0045588894   0.0129588625  -0.0131063883   0.0793216914
        0.0772321625  -0.0005531103  -0.0073200364  -0.0015002051   0.0001664066
        0.0007795296  -0.0004838560   0.0002014273   0.0002576239   0.0001089708
       -0.0005641998  -0.0001308291   0.0005207459   0.0001412938  -0.0001202622
        0.0000793926   0.0000634752  -0.0000403742  -0.0000038909   0.0000581427
       -0.0000385561   0.0000062734
        0.0053720354  -0.0022854375  -0.0103770021   0.0345477632  -0.0651675865
       -0.2421494009   0.0002735434  -0.0046184861  -0.0043971411   0.0000289951
        0.0007056193   0.0007235723  -0.0000496566  -0.0001296522  -0.0000613320
       -0.0002356555  -0.0001726808  -0.0001892985   0.0001037576   0.0001449484
        0.0001702677  -0.0004393406  -0.0001755251   0.0007271615   0.0029396161
        0.0006099869  -0.0000309872  -0.0002044317   0.0002754278   0.0000385683
        0.0009352433  -0.0053757723  -0.0263393671  -0.0437115420   0.0772321625
        0.2803395186   0.0003852842  -0.0015630508   0.0005753092   0.0001466233
        0.0003439157   0.0005606430   0.0000565217   0.0001665671   0.0000606549
       -0.0003068812  -0.0001494638   0.0002994159   0.0001251474   0.0000833001
        0.0000113753  -0.0000114088   0.0000497001   0.0000241692   0.0000443858
        0.0000260273   0.0000138730
        0.0005018803  -0.0006032924  -0.0008352532   0.0007064256  -0.0012348344
       -0.0022897184  -0.0477462383   0.0105823535   0.0274425181  -0.0087354489
        0.0071952240   0.0276665683   0.0010364733   0.0000461041   0.0015027525
       -0.0001242904   0.0002316248   0.0000617229   0.0000445526  -0.0001262652
       -0.0001043786  -0.0000707423   0.0000871483  -0.0001030030  -0.0001690697
       -0.0002695590   0.0003487380  -0.0000495820   0.0001491478   0.0001042673
        0.0000536714   0.0004436409   0.0004120478   0.0003384686  -0.0005531103
        0.0003852842   0.0575766938  -0.0097550984  -0.0347801624   0.0018974654
       -0.0049876369  -0.0221709238   0.0005131698   0.0002998661  -0.0000265933
       -0.0054858202  -0.0015456001   0.0031354492  -0.0005913681   0.0000796147
       -0.0007460632   0.0002846867  -0.0000047494  -0.0000033706   0.0000190724
       -0.0000345782   0.0000001182
        0.0007022534   0.0006414543  -0.0004229318   0.0027607649  -0.0154794247
       -0.0297919621   0.0109459385  -0.0637150332  -0.0641087782  -0.0018302590
        0.0026143561   0.0067818126   0.0000794318   0.0001267380  -0.0002019377
        0.0001165958  -0.0000292888  -0.0000333296  -0.0000172980  -0.0000386143
        0.0000242124   0.0000066819  -0.0000707272   0.0000484647  -0.0004553639
       -0.0001063525   0.0004792137   0.0001103790   0.0002476127   0.0001200740
        0.0001151254   0.0009024807  -0.0006362323  -0.0007990917  -0.0073200364
       -0.0015630508  -0.0097550984   0.0774597568   0.0756214696  -0.0006261079
        0.0042720412   0.0126401356  -0.0000860674   0.0001724869   0.0004830147
       -0.0015608100   0.0001931356   0.0004222029   0.0003125491   0.0001945574
        0.0000110909   0.0000155107  -0.0000851526   0.0001291750  -0.0000351343
        0.0000200100  -0.0000026437
       -0.0000828595   0.0007263769   0.0008007396   0.0004633715  -0.0046053575
       -0.0043213320   0.0274826099  -0.0641975196  -0.2433263082   0.0058562354
       -0.0028024971  -0.0132137700  -0.0012177186   0.0000500441   0.0013659327
        0.0001248239  -0.0001573321  -0.0000853044  -0.0000695222   0.0001112644
        0.0000371739  -0.0000493685  -0.0000305352  -0.0003363539  -0.0002321002
       -0.0001864218   0.0003290144  -0.0000001478   0.0001840308   0.0000223772
        0.0000740952   0.0004145758   0.0006751864   0.0002881422  -0.0015002051
        0.0005753092  -0.0347801624   0.0756214696   0.2830985076  -0.0004523959
       -0.0048407412  -0.0250082047  -0.0001889670   0.0001838232  -0.0000555402
        0.0028439431   0.0011298469  -0.0008980844   0.0002311369  -0.0001491059
        0.0004087378  -0.0002579645   0.0000191890  -0.0000644508  -0.0000331516
        0.0000290948  -0.0000036302
        0.0012306835  -0.0013453956   0.0006880131   0.0007127071   0.0012411046
        0.0001500751  -0.1451720914   0.0673078209  -0.0900983096  -0.0258141131
        0.0102502864  -0.0158577108  -0.0053836070  -0.0016629884   0.0021511883
       -0.0000721471  -0.0002568787  -0.0001093931  -0.0001154398   0.0000996485
        0.0000529984  -0.0000406149  -0.0000810621  -0.0001460752  -0.0000827400
        0.0001040009  -0.0000502066  -0.0000762020  -0.0000167450  -0.0000138768
        0.0003670542   0.0000103416   0.0001821333  -0.0000434880   0.0001664066
        0.0001466233   0.0018974654  -0.0006261079  -0.0004523959   0.1732172479
       -0.0757727463   0.1044455152   0.0002787706   0.0000306913  -0.0005955393
        0.0003030569   0.0004175411  -0.0001582563   0.0001779859  -0.0000885856
        0.0004568760  -0.0014410974   0.0002301819  -0.0007955717   0.0000565690
       -0.0000075141   0.0000039125
        0.0010149571   0.0009072771   0.0000323343   0.0200858494  -0.0212843937
        0.0194521826   0.0678685700  -0.0847032602   0.0566371264  -0.0051477799
        0.0026815456  -0.0030915606  -0.0015031395   0.0006739721   0.0000674463
       -0.0001127208  -0.0001708866  -0.0000519468   0.0000668522   0.0001155280
       -0.0000267384  -0.0008368494  -0.0001681255  -0.0002503417  -0.0000223166
       -0.0000559012   0.0000532530   0.0001024987   0.0003469058  -0.0001145340
       -0.0004708038  -0.0076258848   0.0001322275   0.0004218595   0.0007795296
        0.0003439157  -0.0049876369   0.0042720412  -0.0048407412  -0.0757727463
        0.1038977013  -0.0678853234  -0.0008509453   0.0004672151  -0.0003583906
        0.0003121485  -0.0000970891  -0.0001378109  -0.0000095262  -0.0000929078
        0.0000674614  -0.0001468609   0.0000167021  -0.0000420291  -0.0000114098
        0.0000400308   0.0000134696
        0.0000385407  -0.0002071231   0.0003079866  -0.0001995091   0.0022868705
        0.0005103505  -0.0900151193   0.0562721925  -0.1242578891   0.0056743710
       -0.0027393027   0.0045715116   0.0010635072   0.0001060729   0.0003782871
       -0.0000403704   0.0001233534  -0.0000005770  -0.0000158942  -0.0000820500
        0.0000259841   0.0003823234   0.0002342444   0.0002587257  -0.0001025513
        0.0000563606  -0.0003938939   0.0000743961  -0.0002003651  -0.0000369205
        0.0001037356   0.0003769839   0.0011533635   0.0003720222  -0.0004838560
        0.0005606430  -0.0221709238   0.0126401356  -0.0250082047   0.1044455152
       -0.0678853234   0.1408555128  -0.0001451922  -0.0004401966   0.0002623008
        0.0002651443  -0.0000831623   0.0003471014   0.0001132861   0.0000551017
        0.0001875343   0.0001403320  -0.0000314965   0.0002796538   0.0000163862
        0.0000015603  -0.0000014698
       -0.0002906727  -0.0014917625   0.0000087654  -0.0046197436  -0.0014105811
        0.0020737740  -0.0057213803  -0.0284528254   0.0020038260  -0.0391233016
       -0.0019885096   0.0010715708  -0.0049820845   0.0219110871  -0.0039738964
       -0.0027657948   0.0023368991  -0.0032119105  -0.0003231992   0.0005025357
       -0.0000843078   0.0000665230   0.0000059669  -0.0000102569   0.0000599028
        0.0000060095  -0.0000350685  -0.0004269522  -0.0001732854   0.0000900779
       -0.0000925214   0.0001012229  -0.0000287056  -0.0000657478   0.0002014273
        0.0000565217   0.0005131698  -0.0000860674  -0.0001889670   0.0002787706
       -0.0008509453  -0.0001451922   0.0560482550   0.0023545728   0.0013209573
        0.0012138394   0.0056134799   0.0007529375   0.0000237890  -0.0001129612
        0.0001091764   0.0000053890   0.0014611296  -0.0002281872   0.0002017595
        0.0000726068   0.0004188849
       -0.0000690695  -0.0008316457   0.0000090246  -0.0032403512   0.0003367465
        0.0011946412  -0.0039040860  -0.0133089212   0.0010095181  -0.0013680580
       -0.2714943525   0.0055790919   0.0035684886  -0.0126119831   0.0022025741
        0.0023325616  -0.0010094890   0.0022536850   0.0002427744   0.0000607359
        0.0002109124  -0.0000266704  -0.0000009563  -0.0000528746   0.0000032245
       -0.0000050330   0.0000624354  -0.0002571361  -0.0001143946   0.0000607985
        0.0000554421   0.0002521772  -0.0001495332   0.0001036487   0.0002576239
        0.0001665671   0.0002998661   0.0001724869   0.0001838232   0.0000306913
        0.0004672151  -0.0004401966   0.0023545728   0.3140650850  -0.0079729221
        0.0004302860  -0.0171073104  -0.0035990031  -0.0000941533  -0.0000845698
        0.0000366132  -0.0002250970   0.0009275609  -0.0004932183  -0.0002369347
        0.0000290241  -0.0002619368
        0.0000860464   0.0005591301   0.0001865260   0.0018536284   0.0002257415
        0.0000001642   0.0021264136   0.0109967296   0.0001308443   0.0009350655
        0.0053323781  -0.0448732543  -0.0039532655   0.0194692243  -0.0015760108
       -0.0025481575   0.0013802561  -0.0021276755  -0.0002188871   0.0004428399
        0.0000559852  -0.0000337848  -0.0000016992   0.0000048530  -0.0000617920
        0.0000005009   0.0000111333   0.0001576659   0.0000891341  -0.0000541169
       -0.0000835773  -0.0000547532  -0.0000846040   0.0000914193   0.0001089708
        0.0000606549  -0.0000265933   0.0004830147  -0.0000555402  -0.0005955393
       -0.0003583906   0.0002623008   0.0013209573  -0.0079729221   0.0493953765
        0.0003129881  -0.0312162848  -0.0022261039  -0.0000280861   0.0001793926
       -0.0002160194   0.0004633990   0.0002599300   0.0008180215   0.0002020994
        0.0000768071   0.0002874654
        0.0000751861   0.0000165147  -0.0001361453   0.0007369585   0.0009855150
        0.0003082543  -0.0088122101   0.0078430115   0.0269192780  -0.0477304356
        0.0135603164   0.0349283242   0.0014160518  -0.0052924186  -0.0215409532
        0.0008945353  -0.0004558058  -0.0004692425   0.0000101616  -0.0001890988
        0.0001508981  -0.0000303027   0.0000463268   0.0000362973   0.0000831263
        0.0000515181  -0.0001183627   0.0000889537   0.0000018519  -0.0000622086
       -0.0000243899   0.0000712397  -0.0001386365  -0.0001050878  -0.0005641998
       -0.0003068812  -0.0054858202  -0.0015608100   0.0028439431   0.0003030569
        0.0003121485   0.0002651443   0.0012138394   0.0004302860   0.0003129881
        0.0604499404  -0.0162284181  -0.0396804932  -0.0028713537   0.0011225287
       -0.0031552863  -0.0001292284  -0.0000891419  -0.0001703748  -0.0000829817
       -0.0000613643   0.0000134570
       -0.0000990116  -0.0000910013  -0.0000345497  -0.0004014356   0.0009936177
        0.0012145488  -0.0015863052   0.0032466645   0.0072186400   0.0131250305
       -0.0743866059  -0.0765407163  -0.0003046828   0.0029427543   0.0082530682
        0.0000184096   0.0009684314   0.0012931314  -0.0000764845   0.0000197074
       -0.0000062417   0.0000798418   0.0000011707   0.0000097286   0.0000365944
       -0.0000650242  -0.0000676842   0.0000096520  -0.0000068105  -0.0000009024
        0.0000747222  -0.0000919345   0.0000446787  -0.0002685218  -0.0001308291
       -0.0001494638  -0.0015456001   0.0001931356   0.0011298469   0.0004175411
       -0.0000970891  -0.0000831623   0.0056134799  -0.0171073104  -0.0312162848
       -0.0162284181   0.0838196102   0.0871616417   0.0012619302  -0.0000494046
        0.0019825285  -0.0001056359  -0.0001812347  -0.0000939514  -0.0000211061
        0.0000221525  -0.0001148561
       -0.0003131149  -0.0000313994   0.0002413706  -0.0008633929  -0.0004378812
        0.0005922067   0.0061988237  -0.0035023779  -0.0126669174   0.0345368068
       -0.0757837760  -0.2356089879  -0.0010014378  -0.0045840442  -0.0221372945
        0.0006902105  -0.0005922117   0.0002404200   0.0001421043  -0.0000035938
        0.0002969351  -0.0000080659  -0.0000481041   0.0000089789  -0.0000711657
       -0.0000818824  -0.0000004757  -0.0000296945   0.0000607181   0.0000177191
        0.0000052405   0.0000517112  -0.0002933652   0.0003387233   0.0005207459
        0.0002994159   0.0031354492   0.0004222029  -0.0008980844  -0.0001582563
       -0.0001378109   0.0003471014   0.0007529375  -0.0035990031  -0.0022261039
       -0.0396804932   0.0871616417   0.2752587249  -0.0036054205   0.0008314354
       -0.0031189404  -0.0000387808  -0.0001520321  -0.0002469844  -0.0000304733
       -0.0000943385  -0.0001057190
       -0.0000861689  -0.0000051422   0.0000081493  -0.0001097962  -0.0001146493
       -0.0000050828   0.0011732880  -0.0003026823  -0.0017501891   0.0031374016
       -0.0014583860  -0.0208928870  -0.0591945095   0.0047205298   0.0645411007
       -0.0030180398   0.0058298733   0.0083461121   0.0002079487  -0.0002978499
        0.0003608340   0.0000255640  -0.0000058054   0.0000183099  -0.0000570823
       -0.0000202923   0.0000315269   0.0000319699   0.0000560578   0.0000168215
        0.0000779596  -0.0001425472  -0.0000367045   0.0000192276   0.0001412938
        0.0001251474  -0.0005913681   0.0003125491   0.0002311369   0.0001779859
       -0.0000095262   0.0001132861   0.0000237890  -0.0000941533  -0.0000280861
       -0.0028713537   0.0012619302  -0.0036054205   0.0709193343  -0.0095935564
       -0.0725059554  -0.0101304388  -0.0004476581   0.0256164890   0.0002642889
        0.0001700145  -0.0005845884
        0.0000287445  -0.0000413861   0.0000639558  -0.0001229470   0.0001890299
       -0.0001821151  -0.0003218176   0.0004493445  -0.0001488025  -0.0013583054
        0.0020955593   0.0075340383   0.0056668088  -0.0413528005  -0.0220181575
        0.0121840171  -0.0127816963  -0.0294635499   0.0005292735  -0.0002516718
       -0.0017060764   0.0000780898  -0.0000103951   0.0000273300  -0.0000375169
        0.0000203997   0.0000153528  -0.0000046372  -0.0000244080  -0.0000064974
       -0.0001394544  -0.0004605835  -0.0001917797   0.0001080341  -0.0001202622
        0.0000833001   0.0000796147   0.0001945574  -0.0001491059  -0.0000885856
       -0.0000929078   0.0000551017  -0.0001129612  -0.0000845698   0.0001793926
        0.0011225287  -0.0000494046   0.0008314354  -0.0095935564   0.0514293791
        0.0253974088  -0.0076160308   0.0016715736   0.0175097962  -0.0004012988
       -0.0007797578   0.0021689728
        0.0001262731   0.0000299399   0.0000980994  -0.0000522877   0.0000852735
        0.0000319360   0.0013686775  -0.0000909742   0.0012672876   0.0003659165
       -0.0008669171  -0.0232749342   0.0640118191  -0.0196216961  -0.2466651111
        0.0046783366  -0.0088673786  -0.0070738293  -0.0002004669   0.0013041294
       -0.0003201876   0.0000270909   0.0000016334  -0.0000330457  -0.0000268112
        0.0000064434   0.0000508962   0.0000251380  -0.0000078932  -0.0000134651
       -0.0001237745  -0.0004537173  -0.0000051368   0.0001389880   0.0000793926
        0.0000113753  -0.0007460632   0.0000110909   0.0004087378   0.0004568760
        0.0000674614   0.0001875343   0.0001091764   0.0000366132  -0.0002160194
       -0.0031552863   0.0019825285  -0.0031189404  -0.0725059554   0.0253974088
        0.2871472735   0.0056552923   0.0009626369  -0.0090130437  -0.0001529392
       -0.0000559753   0.0005305730
        0.0000886383  -0.0000818338   0.0000267437   0.0000532935   0.0002270927
        0.0000508059  -0.0030422667   0.0012323897  -0.0037058124  -0.0230491981
       -0.0104109871   0.0005294599  -0.1830672655  -0.1054458759   0.0320281982
        0.0065070067   0.0009984536  -0.0012961778  -0.0000664287   0.0013151558
        0.0002612775   0.0000110159   0.0000236066  -0.0000075759   0.0000335141
        0.0000289637  -0.0000137743   0.0000056936  -0.0000426562   0.0000058476
       -0.0000376022   0.0001849333   0.0000138589  -0.0000277932   0.0000634752
       -0.0000114088   0.0002846867   0.0000155107  -0.0002579645  -0.0014410974
       -0.0001468609   0.0001403320   0.0000053890  -0.0002250970   0.0004633990
       -0.0001292284  -0.0001056359  -0.0000387808  -0.0101304388  -0.0076160308
        0.0056552923   0.2144848236   0.1200148633  -0.0339650125  -0.0004827424
       -0.0000294673   0.0001212918
        0.0000046458   0.0000961965  -0.0000295958   0.0000431832   0.0000814173
        0.0000558011   0.0013176218   0.0005020326   0.0006121772   0.0053917173
        0.0033734214   0.0000171180  -0.1093507476  -0.1152072091   0.0223688203
       -0.0191447560  -0.0330297719   0.0025986632  -0.0017938370  -0.0001562914
        0.0005055708  -0.0000253614   0.0000085267  -0.0000190480   0.0000147182
       -0.0000100196   0.0000070360   0.0000269398   0.0000003705  -0.0000004387
        0.0001023754  -0.0000371124  -0.0001389380   0.0000385045  -0.0000403742
        0.0000497001  -0.0000047494  -0.0000851526   0.0000191890   0.0002301819
        0.0000167021  -0.0000314965   0.0014611296   0.0009275609   0.0002599300
       -0.0000891419  -0.0001812347  -0.0001520321  -0.0004476581   0.0016715736
        0.0009626369   0.1200148633   0.1413339692  -0.0264968625   0.0022103703
        0.0007353949  -0.0005882311
       -0.0000294485  -0.0000805995   0.0000554261  -0.0000810091   0.0000839358
        0.0000241667  -0.0019474690   0.0006939428  -0.0016313064  -0.0163755958
       -0.0078416996   0.0018127886   0.0315804291   0.0213264045  -0.0475420673
       -0.0040270631  -0.0040552608   0.0020345396  -0.0001484540  -0.0005862974
        0.0002647030   0.0000404865   0.0000089987   0.0000094563  -0.0000142221
        0.0000043554  -0.0000151270   0.0000043912  -0.0000064628   0.0000020959
        0.0000403668  -0.0001078185  -0.0000285554   0.0000488155  -0.0000038909
        0.0000241692  -0.0000033706   0.0001291750  -0.0000644508  -0.0007955717
       -0.0000420291   0.0002796538  -0.0002281872  -0.0004932183   0.0008180215
       -0.0001703748  -0.0000939514  -0.0002469844   0.0256164890   0.0175097962
       -0.0090130437  -0.0339650125  -0.0264968625   0.0532434541   0.0004548003
        0.0000514823  -0.0000269399
       -0.0000924875   0.0000073893  -0.0000096768  -0.0000816589  -0.0000277613
       -0.0000096587   0.0000917914  -0.0000650079   0.0000338826   0.0003124045
       -0.0013541653  -0.0003589604   0.0091213597   0.0023688404   0.0004469519
       -0.0080488995   0.0029892364   0.0006145224  -0.0483526839   0.1001433037
        0.0172847217   0.0000066077  -0.0000156095   0.0000151372   0.0000114932
       -0.0000079097  -0.0000214090  -0.0000195895   0.0000121245   0.0000033246
        0.0001047351   0.0001225884  -0.0000261255   0.0000125630   0.0000581427
        0.0000443858   0.0000190724  -0.0000351343  -0.0000331516   0.0000565690
       -0.0000114098   0.0000163862   0.0002017595  -0.0002369347   0.0002020994
       -0.0000829817  -0.0000211061  -0.0000304733   0.0002642889  -0.0004012988
       -0.0001529392  -0.0004827424   0.0022103703   0.0004548003   0.0469583992
       -0.1057356582  -0.0184738176
       -0.0000375225   0.0000262270  -0.0000059198  -0.0000403590   0.0000370135
        0.0000250950  -0.0000114247   0.0000231779  -0.0000006107   0.0001617135
       -0.0005023947  -0.0000573540   0.0025377230   0.0021656525  -0.0016147860
        0.0019241001  -0.0140732011  -0.0010264424   0.1009956768  -0.3424545859
       -0.0571898180  -0.0000264002  -0.0000019718   0.0000027396  -0.0000215678
       -0.0000068071   0.0000017753   0.0000066717   0.0000172413   0.0000009448
        0.0001004568  -0.0001235731  -0.0000561035   0.0000368931  -0.0000385561
        0.0000260273  -0.0000345782   0.0000200100   0.0000290948  -0.0000075141
        0.0000400308   0.0000015603   0.0000726068   0.0000290241   0.0000768071
       -0.0000613643   0.0000221525  -0.0000943385   0.0001700145  -0.0007797578
       -0.0000559753  -0.0000294673   0.0007353949   0.0000514823  -0.1057356582
        0.3548649231   0.0598858216
       -0.0000074473   0.0000041937   0.0000124028   0.0000054449   0.0000047768
        0.0000249153  -0.0000311971   0.0000212993  -0.0000144944   0.0004026090
       -0.0017400641  -0.0000960408   0.0002178845  -0.0008895504   0.0097226548
        0.0006092480  -0.0016380698  -0.0075215143   0.0173146907  -0.0568352500
       -0.0276709382  -0.0000038131   0.0000046209  -0.0000009653  -0.0000059062
       -0.0000091605  -0.0000033267   0.0000061528   0.0000049996   0.0000097998
       -0.0000372297  -0.0000346652  -0.0000586768   0.0000303053   0.0000062734
        0.0000138730   0.0000001182  -0.0000026437  -0.0000036302   0.0000039125
        0.0000134696  -0.0000014698   0.0004188849  -0.0002619368   0.0002874654
        0.0000134570  -0.0001148561  -0.0001057190  -0.0005845884   0.0021689728
        0.0005305730   0.0001212918  -0.0005882311  -0.0000269399  -0.0184738176
        0.0598858216   0.0249020314
