$hessian                                                                        
        0.5190348581  -0.0136774054   0.0075897911  -0.0704048112  -0.0207563548
        0.0135790786  -0.0081224187  -0.0231340509   0.0097225862   0.0006761837
        0.0005126756  -0.0000333528   0.0002545390  -0.0002167025   0.0001680516
       -0.0000971163   0.0000695912   0.0000043640  -0.0450823561   0.0025574720
        0.0097400501  -0.1624924888   0.1158541954   0.0338175329  -0.2326913515
       -0.0724077256  -0.0671408400   0.0000104843  -0.0035080137   0.0029010220
        0.0031490663   0.0191803481  -0.0101847410  -0.0039263568  -0.0035076598
       -0.0011465605   0.0007297955   0.0003331058   0.0009265256  -0.0007695786
       -0.0009907675  -0.0000059054  -0.0001547197  -0.0002028760   0.0000989361
        0.0000087005  -0.0000222184   0.0000444141  -0.0001224295  -0.0000836136
       -0.0000809527
       -0.0136774054   0.4792020083   0.0268300888  -0.0193443459  -0.1659782152
        0.0562799677  -0.0090003538  -0.0159311606   0.0047231765  -0.0000224607
       -0.0000996250   0.0000215088   0.0001689631  -0.0001299658   0.0000030380
        0.0000200920   0.0000510406  -0.0000190499   0.0025636492  -0.0495263496
       -0.0391016479   0.1160308464  -0.1546504348  -0.0343621585  -0.0729050492
       -0.0703396969  -0.0274288154  -0.0003083886   0.0011295122   0.0013867278
       -0.0014819886  -0.0238075508   0.0113617783  -0.0026992791  -0.0007869911
       -0.0006239683   0.0006275835   0.0005945652   0.0006843411   0.0001951510
        0.0001978735   0.0002479737  -0.0001221652   0.0000360306  -0.0000355303
       -0.0000389769   0.0000126816   0.0000239522  -0.0000058718   0.0000262776
        0.0000086175
        0.0075897911   0.0268300888   0.5079956357   0.0129444327   0.0561209324
       -0.0995878220  -0.0001333976  -0.0056042825   0.0036589657  -0.0000205054
       -0.0001218301  -0.0000613890   0.0000430698  -0.0000071716   0.0000518242
       -0.0000672385   0.0000062952   0.0000188087   0.0096788221  -0.0392353034
       -0.2752705962   0.0335726471  -0.0338538539  -0.0542322736  -0.0669525750
       -0.0271799566  -0.0676822044   0.0063692090   0.0268982011  -0.0188642927
       -0.0005136681  -0.0009715862   0.0020931336  -0.0020027719  -0.0017695273
        0.0002162248  -0.0006109906  -0.0010986194   0.0013676434   0.0002206378
       -0.0000554143   0.0001735576  -0.0001196933   0.0000504992   0.0000782034
        0.0000356161   0.0000319438   0.0000586716  -0.0000333853  -0.0000404152
       -0.0000140909
       -0.0704048112  -0.0193443459   0.0129444327   0.4851257962  -0.0308344878
       -0.0165380826  -0.1496594869  -0.0480902104  -0.0371133152  -0.0284800255
       -0.0070134096  -0.0065936797  -0.0032374560   0.0022662443   0.0006594185
       -0.0016797014   0.0001470979  -0.0000125007  -0.0003192800  -0.0022158099
        0.0021834654   0.0040172855   0.0187729233  -0.0099276328  -0.0077909164
       -0.0243472435   0.0120982892  -0.0460665799   0.0060097061   0.0216619081
       -0.1755218379   0.1118765624   0.0262994753  -0.0060104532  -0.0051560362
       -0.0017179565  -0.0012689486  -0.0013903372  -0.0031942082   0.0005606301
       -0.0002428781  -0.0002117169   0.0008345954  -0.0006060530  -0.0006030376
       -0.0001220596   0.0000157406   0.0000879656   0.0000232496   0.0001525370
       -0.0000228245
       -0.0207563548  -0.1659782152   0.0561209324  -0.0308344878   0.4839299298
        0.0160938873  -0.0440294381  -0.0887802860  -0.0198401718   0.0104274866
        0.0067167917   0.0040129815   0.0014275366  -0.0010998114  -0.0003313847
        0.0013356655  -0.0000383413  -0.0000483489  -0.0002505108   0.0019231867
        0.0019454737  -0.0014396525  -0.0233485519   0.0107698848  -0.0051351220
       -0.0130377165   0.0059729426   0.0059388371  -0.0504166701  -0.0411928062
        0.1117550383  -0.1323709038  -0.0221612962  -0.0239733858  -0.0161240531
       -0.0081989138  -0.0051608902  -0.0021234808  -0.0037727034   0.0000772695
        0.0002700667   0.0003313109   0.0004637511   0.0004865214   0.0003040579
        0.0000363249   0.0000024137   0.0000201293   0.0001179324  -0.0000108800
       -0.0000259756
        0.0135790786   0.0562799677  -0.0995878220  -0.0165380826   0.0160938873
        0.5168544113  -0.0367773744  -0.0204700837  -0.0828521887   0.0023376304
        0.0022702033   0.0014012557   0.0002567586  -0.0003792544  -0.0000187125
        0.0008985583  -0.0001858200   0.0000848618   0.0066520383   0.0269023752
       -0.0197548431  -0.0018076577  -0.0026492655   0.0025000438  -0.0017726290
       -0.0064245284   0.0039896994   0.0220508757  -0.0417560402  -0.2620992138
        0.0259206813  -0.0222041203  -0.0507407393   0.0092701232   0.0065008689
        0.0042025160  -0.0254986902  -0.0145035798  -0.0149746043  -0.0000951561
        0.0001146162   0.0001004372   0.0014131885   0.0003423511   0.0008059898
        0.0001300282   0.0000490359   0.0000772405  -0.0000193712   0.0000193867
        0.0000116682
       -0.0081224187  -0.0090003538  -0.0001333976  -0.1496594869  -0.0440294381
       -0.0367773744   0.4470593421   0.0031120248  -0.0070422953  -0.1392409952
        0.0582801850   0.0259061776  -0.0312074024   0.0077292502   0.0022324969
       -0.0030665708  -0.0009744624  -0.0006231311   0.0004726687   0.0005067699
       -0.0003645374   0.0003699168   0.0003682669   0.0000269325   0.0003338900
       -0.0014396989   0.0006875779  -0.0012592096  -0.0013853137  -0.0028030183
       -0.0264845050  -0.0091518455  -0.0093616786  -0.0413742348  -0.0143252649
        0.0080549372  -0.0422914320   0.0015648475   0.0158791046  -0.0023976188
        0.0043185654  -0.0003507347  -0.0049657269   0.0035733176   0.0042718754
        0.0009548144   0.0003546736   0.0002791263   0.0008789691   0.0004984764
        0.0001179391
       -0.0231340509  -0.0159311606  -0.0056042825  -0.0480902104  -0.0887802860
       -0.0204700837   0.0031120248   0.4973266605  -0.0199402212   0.0558361552
       -0.1043944354  -0.0148800442  -0.0029235458   0.0047477238   0.0021860208
       -0.0062534511   0.0016749151   0.0003501192   0.0002075679   0.0009472226
       -0.0008332702  -0.0001137549   0.0005071051  -0.0004638201  -0.0017413780
       -0.0047436673   0.0021957467  -0.0061613133  -0.0030066399  -0.0047749695
        0.0136663130   0.0058713108   0.0053449858  -0.0136615817  -0.2265584791
        0.0887769292   0.0022555517  -0.0477880283  -0.0241329849   0.0231106757
       -0.0178280328  -0.0042175741   0.0059044600  -0.0032132649  -0.0037322329
       -0.0006385509   0.0003646226   0.0003269780  -0.0013749113   0.0008044340
       -0.0001312965
        0.0097225862   0.0047231765   0.0036589657  -0.0371133152  -0.0198401718
       -0.0828521887  -0.0070422953  -0.0199402212   0.5276661690   0.0244461378
       -0.0145133612  -0.0741366449  -0.0030164441   0.0023465555   0.0013868040
       -0.0033056815   0.0006501846   0.0005349897   0.0012022265   0.0008863601
        0.0010616273   0.0000126424  -0.0002362921   0.0003140569   0.0014050872
        0.0031067431  -0.0006780513  -0.0256479198  -0.0143176249  -0.0148079975
        0.0025508350   0.0009348254   0.0017134596   0.0081016785   0.0886216814
       -0.0893016079   0.0156248524  -0.0235950231  -0.2684020113  -0.0107530347
        0.0076772785   0.0032541441   0.0246470299  -0.0167696531  -0.0100512968
       -0.0009048970   0.0001879513   0.0005302280   0.0000705118   0.0000775909
        0.0001093538
        0.0006761837  -0.0000224607  -0.0000205054  -0.0284800255   0.0104274866
        0.0023376304  -0.1392409952   0.0558361552   0.0244461378   0.4341549695
        0.0024442481  -0.0010230624  -0.1363601271  -0.0640598557  -0.0330186524
       -0.0289545949  -0.0000610788  -0.0014213973  -0.0001431588  -0.0000467593
       -0.0000305266  -0.0007499896   0.0001599425   0.0000835463  -0.0001329831
        0.0002475960   0.0000146975   0.0011320234   0.0005294603   0.0010670967
       -0.0048351905  -0.0020476571  -0.0014653938  -0.0024931791   0.0037972891
       -0.0006902466  -0.0056672625   0.0040001002   0.0039169020  -0.0398956133
       -0.0043328779   0.0020407373  -0.0410823250   0.0007613155   0.0076968039
       -0.0029951355  -0.0021104250  -0.0038902117  -0.0049325965  -0.0055224791
       -0.0000435556
        0.0005126756  -0.0000996250  -0.0001218301  -0.0070134096   0.0067167917
        0.0022702033   0.0582801850  -0.1043944354  -0.0145133612   0.0024442481
        0.5116418247  -0.0161248589  -0.0631670243  -0.1026932047  -0.0193787473
        0.0134369823   0.0034741536   0.0016840438  -0.0001635141   0.0000508541
        0.0001430044  -0.0010285114   0.0000071202  -0.0002536572  -0.0002518619
       -0.0000036422   0.0001328503  -0.0005653063   0.0004001082   0.0004138099
       -0.0030618020   0.0001037677  -0.0009307132   0.0237980197  -0.0203074560
       -0.0048108030   0.0049577725  -0.0030272727  -0.0032756192  -0.0029625210
       -0.2201570925   0.0998405071   0.0013297067  -0.0521639668  -0.0355806455
       -0.0051870195  -0.0028041394  -0.0035913960  -0.0213586198  -0.0167437854
       -0.0059027873
       -0.0000333528   0.0000215088  -0.0000613890  -0.0065936797   0.0040129815
        0.0014012557   0.0259061776  -0.0148800442  -0.0741366449  -0.0010230624
       -0.0161248589   0.5324153530  -0.0329683176  -0.0194829152  -0.0788531137
        0.0051071958   0.0010035867   0.0020393874  -0.0000371431  -0.0001081646
        0.0000796414   0.0002878087   0.0002475146   0.0002322365  -0.0001089551
       -0.0000055590   0.0000501821  -0.0013654371   0.0005234814   0.0008445534
       -0.0024483671  -0.0006454603  -0.0000676169  -0.0099850052   0.0078420909
        0.0032828748   0.0250950635  -0.0175571975  -0.0101949271   0.0017160283
        0.0989366011  -0.1027810923   0.0092979144  -0.0352139073  -0.2675861479
       -0.0234606991  -0.0163963305  -0.0111603343   0.0106138309   0.0078266727
        0.0044957818
        0.0002545390   0.0001689631   0.0000430698  -0.0032374560   0.0014275366
        0.0002567586  -0.0312074024  -0.0029235458  -0.0030164441  -0.1363601271
       -0.0631670243  -0.0329683176   0.2987225630   0.0772685823   0.0259775995
       -0.0469752100   0.0226945667   0.0095172897  -0.0001038772  -0.0000566475
       -0.0001575904  -0.0000675767   0.0000692026  -0.0000357654   0.0001890927
        0.0000381309   0.0000534113  -0.0000978072   0.0001033447   0.0004145022
       -0.0006300500  -0.0002855892  -0.0001452990   0.0002684682  -0.0010588452
       -0.0001238103   0.0002773276  -0.0006370986  -0.0006119243  -0.0057699609
       -0.0047328902   0.0000712188  -0.0037852536  -0.0016643875  -0.0032432204
       -0.0349474839  -0.0046713417  -0.0054048111  -0.0365297853  -0.0225729568
        0.0093733328
       -0.0002167025  -0.0001299658  -0.0000071716   0.0022662443  -0.0010998114
       -0.0003792544   0.0077292502   0.0047477238   0.0023465555  -0.0640598557
       -0.1026932047  -0.0194829152   0.0772685823   0.4256134571  -0.0374914809
        0.0258389113  -0.0387841284  -0.0067674081  -0.0000050071   0.0000057355
       -0.0000285909  -0.0000017544   0.0001621357   0.0000678280   0.0000200469
        0.0001920113   0.0000146089   0.0000020066   0.0000038153   0.0001003219
        0.0008119975   0.0002017347   0.0002125549   0.0017694317   0.0008398711
       -0.0000358557   0.0006945458   0.0002882752   0.0004125730  -0.0248134450
       -0.0191904187  -0.0060273911  -0.0065315030  -0.0037086358  -0.0045348684
       -0.0025596940  -0.0468245266  -0.0344772885  -0.0182130548  -0.2196240683
        0.1060777827
        0.0001680516   0.0000030380   0.0000518242   0.0006594185  -0.0003313847
       -0.0000187125   0.0022324969   0.0021860208   0.0013868040  -0.0330186524
       -0.0193787473  -0.0788531137   0.0259775995  -0.0374914809   0.4964290288
        0.0110075564  -0.0068876420  -0.0245593978  -0.0000071068  -0.0000041259
        0.0000274612  -0.0001009226  -0.0000199207  -0.0000629684   0.0000612742
        0.0000107409   0.0000133660   0.0000543177   0.0000389409   0.0001377756
        0.0002310915   0.0000771276   0.0002148007  -0.0002911737   0.0000779770
        0.0002039716   0.0012728429   0.0000881742   0.0004297998   0.0110237576
        0.0079649579   0.0042897054  -0.0262607542  -0.0175259832  -0.0126617602
       -0.0017170955  -0.0368797759  -0.2809040505   0.0087072983   0.1080720833
       -0.1061245342
       -0.0000971163   0.0000200920  -0.0000672385  -0.0016797014   0.0013356655
        0.0008985583  -0.0030665708  -0.0062534511  -0.0033056815  -0.0289545949
        0.0134369823   0.0051071958  -0.0469752100   0.0258389113   0.0110075564
        0.0993467986  -0.0514518283  -0.0203513980   0.0000154340   0.0000663884
        0.0001325363   0.0000402571  -0.0002147996  -0.0000179417   0.0000842832
        0.0000066722   0.0000009260   0.0001095140   0.0000612384  -0.0002034295
       -0.0006495590  -0.0001608840  -0.0002932793   0.0004551359   0.0003330850
       -0.0001058969   0.0002314280   0.0001740805   0.0004066229   0.0005399013
       -0.0009062111   0.0003392681   0.0006356696  -0.0003164181  -0.0009444596
       -0.0106508719   0.0085917548   0.0055327157  -0.0093847973   0.0094387219
        0.0018639454
        0.0000695912   0.0000510406   0.0000062952   0.0001470979  -0.0000383413
       -0.0001858200  -0.0009744624   0.0016749151   0.0006501846  -0.0000610788
        0.0034741536   0.0010035867   0.0226945667  -0.0387841284  -0.0068876420
       -0.0514518283   0.0518441394   0.0140357552   0.0000169855  -0.0000326719
       -0.0000638455   0.0000286808   0.0001317051   0.0000113008  -0.0000483962
       -0.0000252999  -0.0000119387  -0.0000023574  -0.0000286376   0.0000996240
       -0.0000277124  -0.0000048080   0.0000565577  -0.0003450119  -0.0000913426
       -0.0000494643  -0.0001812141  -0.0001359328  -0.0001671638  -0.0005223782
        0.0012108651  -0.0000790089  -0.0002085223   0.0004446405   0.0008639224
        0.0096763193  -0.0057434743  -0.0038355389   0.0211897208  -0.0139468227
       -0.0054468046
        0.0000043640  -0.0000190499   0.0000188087  -0.0000125007  -0.0000483489
        0.0000848618  -0.0006231311   0.0003501192   0.0005349897  -0.0014213973
        0.0016840438   0.0020393874   0.0095172897  -0.0067674081  -0.0245593978
       -0.0203513980   0.0140357552   0.0224131290  -0.0000164744  -0.0000042303
       -0.0000094555   0.0000044780   0.0000490393  -0.0000241181  -0.0000242365
       -0.0000151647  -0.0000094916   0.0000393291   0.0000125196   0.0000485895
       -0.0000340081   0.0000034983   0.0000047874  -0.0000441177  -0.0001309673
       -0.0000348491  -0.0002279778  -0.0000043932   0.0000507774   0.0002013959
        0.0002354992  -0.0001430194  -0.0004393352   0.0004870982   0.0004587837
        0.0189990504  -0.0128275178  -0.0038615443  -0.0055713301   0.0029595073
        0.0029877612
       -0.0450823561   0.0025636492   0.0096788221  -0.0003192800  -0.0002505108
        0.0066520383   0.0004726687   0.0002075679   0.0012022265  -0.0001431588
       -0.0001635141  -0.0000371431  -0.0001038772  -0.0000050071  -0.0000071068
        0.0000154340   0.0000169855  -0.0000164744   0.0483953233  -0.0012644805
       -0.0117139838  -0.0023079303   0.0065953029   0.0244861504  -0.0012303145
       -0.0064491041  -0.0303071809   0.0004233272  -0.0013674649   0.0009670535
        0.0000500344   0.0002385669  -0.0005777961  -0.0000156028   0.0000782953
       -0.0001454432  -0.0000790138  -0.0004363478  -0.0001911987  -0.0001818196
        0.0001579781   0.0002217360   0.0000945212   0.0000988390  -0.0001655024
       -0.0000402796  -0.0000443707  -0.0000307584   0.0000523240   0.0000236154
       -0.0000154391
        0.0025574720  -0.0495263496  -0.0392353034  -0.0022158099   0.0019231867
        0.0269023752   0.0005067699   0.0009472226   0.0008863601  -0.0000467593
        0.0000508541  -0.0001081646  -0.0000566475   0.0000057355  -0.0000041259
        0.0000663884  -0.0000326719  -0.0000042303  -0.0012644805   0.0577291954
        0.0429016904   0.0024762690  -0.0053188323  -0.0230951571  -0.0006168910
       -0.0018361848  -0.0119227687  -0.0013942407  -0.0044426447   0.0039000804
       -0.0000789414   0.0006583433   0.0003240778   0.0001966499   0.0001486051
       -0.0000767448  -0.0002833741  -0.0002004978  -0.0003181718   0.0000670523
        0.0000148316  -0.0001552834   0.0000801948  -0.0001337940   0.0000049288
       -0.0000056030   0.0000190643  -0.0000044263   0.0000119512  -0.0000060636
        0.0000048636
        0.0097400501  -0.0391016479  -0.2752705962   0.0021834654   0.0019454737
       -0.0197548431  -0.0003645374  -0.0008332702   0.0010616273  -0.0000305266
        0.0001430044   0.0000796414  -0.0001575904  -0.0000285909   0.0000274612
        0.0001325363  -0.0000638455  -0.0000094555  -0.0117139838   0.0429016904
        0.3204476559   0.0021207542  -0.0043303739  -0.0105597866  -0.0023884834
       -0.0042118771  -0.0148811089   0.0004864005   0.0040110627  -0.0019296638
       -0.0002580898  -0.0003574373   0.0002925101  -0.0002782437  -0.0002224628
        0.0001211428   0.0004350374   0.0003371766   0.0004207119   0.0002987607
       -0.0001166780  -0.0001442933  -0.0002080174  -0.0000794169   0.0000521575
        0.0000399107   0.0000244569   0.0000535358  -0.0000374429  -0.0000172641
       -0.0000066967
       -0.1624924888   0.1160308464   0.0335726471   0.0040172855  -0.0014396525
       -0.0018076577   0.0003699168  -0.0001137549   0.0000126424  -0.0007499896
       -0.0010285114   0.0002878087  -0.0000675767  -0.0000017544  -0.0001009226
        0.0000402571   0.0000286808   0.0000044780  -0.0023079303   0.0024762690
        0.0021207542   0.1890015871  -0.1344911281  -0.0393956736  -0.0274183364
        0.0200949285   0.0055766641   0.0002620149  -0.0000666579  -0.0003204212
        0.0008883829  -0.0008630133   0.0001194687  -0.0001748236   0.0000895507
        0.0000697228  -0.0001069941   0.0000605733  -0.0000049889  -0.0013965528
       -0.0008227850  -0.0002532414   0.0000417618  -0.0000142784   0.0000987766
        0.0000417540   0.0000160556  -0.0000016264   0.0000517323   0.0000446314
        0.0000215692
        0.1158541954  -0.1546504348  -0.0338538539   0.0187729233  -0.0233485519
       -0.0026492655   0.0003682669   0.0005071051  -0.0002362921   0.0001599425
        0.0000071202   0.0002475146   0.0000692026   0.0001621357  -0.0000199207
       -0.0002147996   0.0001317051   0.0000490393   0.0065953029  -0.0053188323
       -0.0043303739  -0.1344911281   0.1806629407   0.0367837248  -0.0054977138
        0.0065405878   0.0016076718   0.0002234597   0.0009437326  -0.0005443516
       -0.0007302089  -0.0058881572   0.0033211615   0.0001178402   0.0002362146
       -0.0000919363   0.0001478650  -0.0001650416  -0.0000693531  -0.0014281662
        0.0002429307  -0.0004356923  -0.0001496545  -0.0000542241   0.0002657903
        0.0000672635  -0.0000379513  -0.0000236240   0.0001354091   0.0000287208
       -0.0000202388
        0.0338175329  -0.0343621585  -0.0542322736  -0.0099276328   0.0107698848
        0.0025000438   0.0000269325  -0.0004638201   0.0003140569   0.0000835463
       -0.0002536572   0.0002322365  -0.0000357654   0.0000678280  -0.0000629684
       -0.0000179417   0.0000113008  -0.0000241181   0.0244861504  -0.0230951571
       -0.0105597866  -0.0393956736   0.0367837248   0.0596965725  -0.0083835593
        0.0063575915   0.0024834761  -0.0006874956   0.0004748009   0.0005025347
        0.0002018773   0.0036148703  -0.0007296104  -0.0000188851  -0.0000166433
       -0.0000753256   0.0001138540  -0.0000747376  -0.0001974266  -0.0003703673
       -0.0000191027   0.0004780616   0.0001220442   0.0002308726  -0.0002574885
       -0.0000476573  -0.0000611414  -0.0000535134   0.0000330405   0.0000355439
       -0.0000144710
       -0.2326913515  -0.0729050492  -0.0669525750  -0.0077909164  -0.0051351220
       -0.0017726290   0.0003338900  -0.0017413780   0.0014050872  -0.0001329831
       -0.0002518619  -0.0001089551   0.0001890927   0.0000200469   0.0000612742
        0.0000842832  -0.0000483962  -0.0000242365  -0.0012303145  -0.0006168910
       -0.0023884834  -0.0274183364  -0.0054977138  -0.0083835593   0.2681262818
        0.0859075094   0.0780176210  -0.0001536333   0.0001958618   0.0001858611
        0.0007956163   0.0003715447  -0.0002510058  -0.0004939162  -0.0003904317
       -0.0000902730   0.0001006194   0.0001643745   0.0002038437   0.0003176591
       -0.0000819014   0.0000944339   0.0000218236  -0.0000439892  -0.0000424530
        0.0000035368   0.0000407006   0.0000413274  -0.0000613515   0.0000126965
        0.0000047216
       -0.0724077256  -0.0703396969  -0.0271799566  -0.0243472435  -0.0130377165
       -0.0064245284  -0.0014396989  -0.0047436673   0.0031067431   0.0002475960
       -0.0000036422  -0.0000055590   0.0000381309   0.0001920113   0.0000107409
        0.0000066722  -0.0000252999  -0.0000151647  -0.0064491041  -0.0018361848
       -0.0042118771   0.0200949285   0.0065405878   0.0063575915   0.0859075094
        0.0836630028   0.0293248678  -0.0000132651   0.0004568552  -0.0002249073
       -0.0005450227   0.0002188491  -0.0005596511  -0.0013173322  -0.0010758989
       -0.0002988832   0.0002439128   0.0000549804   0.0002196246  -0.0001168204
       -0.0000722726  -0.0001265419   0.0000158593  -0.0000445088   0.0000217223
        0.0000238194   0.0000022935   0.0000239407   0.0000577839   0.0000503079
       -0.0000181616
       -0.0671408400  -0.0274288154  -0.0676822044   0.0120982892   0.0059729426
        0.0039896994   0.0006875779   0.0021957467  -0.0006780513   0.0000146975
        0.0001328503   0.0000501821   0.0000534113   0.0000146089   0.0000133660
        0.0000009260  -0.0000119387  -0.0000094916  -0.0303071809  -0.0119227687
       -0.0148811089   0.0055766641   0.0016076718   0.0024834761   0.0780176210
        0.0293248678   0.0758640827   0.0003804766   0.0001179466   0.0002456100
        0.0001095756  -0.0004347429   0.0003013269   0.0005046487   0.0004136346
        0.0003166823   0.0000263165   0.0001471360   0.0000140449   0.0000233151
       -0.0001035660  -0.0000737883  -0.0000216739  -0.0000112797   0.0000372540
        0.0000073159   0.0000111651  -0.0000091429  -0.0000311406  -0.0000254590
        0.0000180628
        0.0000104843  -0.0003083886   0.0063692090  -0.0460665799   0.0059388371
        0.0220508757  -0.0012592096  -0.0061613133  -0.0256479198   0.0011320234
       -0.0005653063  -0.0013654371  -0.0000978072   0.0000020066   0.0000543177
        0.0001095140  -0.0000023574   0.0000393291   0.0004233272  -0.0013942407
        0.0004864005   0.0002620149   0.0002234597  -0.0006874956  -0.0001536333
       -0.0000132651   0.0003804766   0.0543190814  -0.0028744570  -0.0243891219
       -0.0043636451   0.0073703894   0.0252655150   0.0004084952   0.0003109388
       -0.0000573442  -0.0041679746  -0.0026479944  -0.0029841032  -0.0000221819
        0.0000159384   0.0000471628  -0.0006796439   0.0000541427   0.0003259614
        0.0000943318   0.0000399638   0.0001347950   0.0000514033   0.0000116463
       -0.0000226210
       -0.0035080137   0.0011295122   0.0268982011   0.0060097061  -0.0504166701
       -0.0417560402  -0.0013853137  -0.0030066399  -0.0143176249   0.0005294603
        0.0004001082   0.0005234814   0.0001033447   0.0000038153   0.0000389409
        0.0000612384  -0.0000286376   0.0000125196  -0.0013674649  -0.0044426447
        0.0040110627  -0.0000666579   0.0009437326   0.0004748009   0.0001958618
        0.0004568552   0.0001179466  -0.0028744570   0.0610513528   0.0466682976
        0.0048958559  -0.0050895050  -0.0213180212   0.0001182982  -0.0001493295
       -0.0003935107  -0.0027475883  -0.0009267727  -0.0012305620   0.0000644649
       -0.0001571591   0.0001452809  -0.0000610737   0.0002938893   0.0001171247
        0.0000752771  -0.0000256715   0.0000471150  -0.0000429380  -0.0000362355
       -0.0000390124
        0.0029010220   0.0013867278  -0.0188642927   0.0216619081  -0.0411928062
       -0.2620992138  -0.0028030183  -0.0047749695  -0.0148079975   0.0010670967
        0.0004138099   0.0008445534   0.0004145022   0.0001003219   0.0001377756
       -0.0002034295   0.0000996240   0.0000485895   0.0009670535   0.0039000804
       -0.0019296638  -0.0003204212  -0.0005443516   0.0005025347   0.0001858611
       -0.0002249073   0.0002456100  -0.0243891219   0.0466682976   0.3055562321
        0.0034065414  -0.0038952362  -0.0089881718   0.0002585861  -0.0000876046
        0.0002551811  -0.0026584224  -0.0019189862  -0.0010583203  -0.0000441730
        0.0000379331  -0.0002592160  -0.0006143063   0.0000641232   0.0003783241
        0.0001471742  -0.0000067861   0.0000436140   0.0000231472  -0.0000252701
       -0.0000055385
        0.0031490663  -0.0014819886  -0.0005136681  -0.1755218379   0.1117550383
        0.0259206813  -0.0264845050   0.0136663130   0.0025508350  -0.0048351905
       -0.0030618020  -0.0024483671  -0.0006300500   0.0008119975   0.0002310915
       -0.0006495590  -0.0000277124  -0.0000340081   0.0000500344  -0.0000789414
       -0.0002580898   0.0008883829  -0.0007302089   0.0002018773   0.0007956163
       -0.0005450227   0.0001095756  -0.0043636451   0.0048958559   0.0034065414
        0.2067500127  -0.1255917692  -0.0295429728   0.0001131235   0.0002806718
        0.0005119295   0.0003662277   0.0003813883  -0.0000106799   0.0002048205
       -0.0001982648   0.0000806473   0.0002592750  -0.0002025465  -0.0002612385
       -0.0000443957   0.0000427126   0.0000356143  -0.0000473762   0.0000842790
        0.0000202313
        0.0191803481  -0.0238075508  -0.0009715862   0.1118765624  -0.1323709038
       -0.0222041203  -0.0091518455   0.0058713108   0.0009348254  -0.0020476571
        0.0001037677  -0.0006454603  -0.0002855892   0.0002017347   0.0000771276
       -0.0001608840  -0.0000048080   0.0000034983   0.0002385669   0.0006583433
       -0.0003574373  -0.0008630133  -0.0058881572   0.0036148703   0.0003715447
        0.0002188491  -0.0004347429   0.0073703894  -0.0050895050  -0.0038952362
       -0.1255917692   0.1593079224   0.0236337106  -0.0007536049   0.0007610448
       -0.0000389138   0.0000679002   0.0001084843   0.0002826728  -0.0002001647
       -0.0000382745  -0.0000681943  -0.0000945358  -0.0000945039   0.0000464332
        0.0000225051   0.0000092899   0.0000476271   0.0000212471   0.0000529560
       -0.0000250739
       -0.0101847410   0.0113617783   0.0020931336   0.0262994753  -0.0221612962
       -0.0507407393  -0.0093616786   0.0053449858   0.0017134596  -0.0014653938
       -0.0009307132  -0.0000676169  -0.0001452990   0.0002125549   0.0002148007
       -0.0002932793   0.0000565577   0.0000047874  -0.0005777961   0.0003240778
        0.0002925101   0.0001194687   0.0033211615  -0.0007296104  -0.0002510058
       -0.0005596511   0.0003013269   0.0252655150  -0.0213180212  -0.0089881718
       -0.0295429728   0.0236337106   0.0555790153   0.0005514666   0.0002818040
        0.0002276890  -0.0003707052   0.0002984458   0.0000519204   0.0000552069
        0.0000830171  -0.0000952855  -0.0001617018  -0.0000258956   0.0000968043
        0.0000379290   0.0000463225   0.0000460946   0.0000255121   0.0000311613
       -0.0000001179
       -0.0039263568  -0.0026992791  -0.0020027719  -0.0060104532  -0.0239733858
        0.0092701232  -0.0413742348  -0.0136615817   0.0081016785  -0.0024931791
        0.0237980197  -0.0099850052   0.0002684682   0.0017694317  -0.0002911737
        0.0004551359  -0.0003450119  -0.0000441177  -0.0000156028   0.0001966499
       -0.0002782437  -0.0001748236   0.0001178402  -0.0000188851  -0.0004939162
       -0.0013173322   0.0005046487   0.0004084952   0.0001182982   0.0002585861
        0.0001131235  -0.0007536049   0.0005514666   0.0564380615   0.0160621735
       -0.0083167975   0.0010372254  -0.0021062378   0.0014623797  -0.0041899878
        0.0033486963   0.0009124033   0.0006450383  -0.0002060502  -0.0003587876
       -0.0000090469  -0.0000879876  -0.0000242150  -0.0006779469  -0.0002606383
        0.0002587115
       -0.0035076598  -0.0007869911  -0.0017695273  -0.0051560362  -0.0161240531
        0.0065008689  -0.0143252649  -0.2265584791   0.0886216814   0.0037972891
       -0.0203074560   0.0078420909  -0.0010588452   0.0008398711   0.0000779770
        0.0003330850  -0.0000913426  -0.0001309673   0.0000782953   0.0001486051
       -0.0002224628   0.0000895507   0.0002362146  -0.0000166433  -0.0003904317
       -0.0010758989   0.0004136346   0.0003109388  -0.0001493295  -0.0000876046
        0.0002806718   0.0007610448   0.0002818040   0.0160621735   0.2647244705
       -0.1027012541  -0.0002523802   0.0004261308   0.0021624039   0.0037016332
       -0.0024448488  -0.0011251609  -0.0004487645   0.0000884532   0.0001156743
        0.0000023109  -0.0000791980   0.0001142594   0.0004834341   0.0003928069
       -0.0000767743
       -0.0011465605  -0.0006239683   0.0002162248  -0.0017179565  -0.0081989138
        0.0042025160   0.0080549372   0.0887769292  -0.0893016079  -0.0006902466
       -0.0048108030   0.0032828748  -0.0001238103  -0.0000358557   0.0002039716
       -0.0001058969  -0.0000494643  -0.0000348491  -0.0001454432  -0.0000767448
        0.0001211428   0.0000697228  -0.0000919363  -0.0000753256  -0.0000902730
       -0.0002988832   0.0003166823  -0.0000573442  -0.0003935107   0.0002551811
        0.0005119295  -0.0000389138   0.0002276890  -0.0083167975  -0.1027012541
        0.0991035901   0.0029532333   0.0299487515  -0.0197492875   0.0009673204
       -0.0008811278   0.0008407039   0.0000595331  -0.0006195653   0.0004548359
        0.0000077867   0.0001504159  -0.0002989516  -0.0002301343  -0.0000551555
        0.0002346093
        0.0007297955   0.0006275835  -0.0006109906  -0.0012689486  -0.0051608902
       -0.0254986902  -0.0422914320   0.0022555517   0.0156248524  -0.0056672625
        0.0049577725   0.0250950635   0.0002773276   0.0006945458   0.0012728429
        0.0002314280  -0.0001812141  -0.0002279778  -0.0000790138  -0.0002833741
        0.0004350374  -0.0001069941   0.0001478650   0.0001138540   0.0001006194
        0.0002439128   0.0000263165  -0.0041679746  -0.0027475883  -0.0026584224
        0.0003662277   0.0000679002  -0.0003707052   0.0010372254  -0.0002523802
        0.0029532333   0.0548135588  -0.0026635382  -0.0174693508   0.0008528752
       -0.0005120687   0.0000897287  -0.0042366157   0.0028533930   0.0016649946
       -0.0006029475  -0.0000210391  -0.0003794926   0.0000121315  -0.0000264316
       -0.0000602939
        0.0003331058   0.0005945652  -0.0010986194  -0.0013903372  -0.0021234808
       -0.0145035798   0.0015648475  -0.0477880283  -0.0235950231   0.0040001002
       -0.0030272727  -0.0175571975  -0.0006370986   0.0002882752   0.0000881742
        0.0001740805  -0.0001359328  -0.0000043932  -0.0004363478  -0.0002004978
        0.0003371766   0.0000605733  -0.0001650416  -0.0000747376   0.0001643745
        0.0000549804   0.0001471360  -0.0026479944  -0.0009267727  -0.0019189862
        0.0003813883   0.0001084843   0.0002984458  -0.0021062378   0.0004261308
        0.0299487515  -0.0026635382   0.0540994224   0.0304804166  -0.0001534512
        0.0002648069  -0.0008505808   0.0033287142  -0.0015464369  -0.0018415422
       -0.0000124710   0.0001946227   0.0000150666   0.0000402920  -0.0001178242
        0.0001294926
        0.0009265256   0.0006843411   0.0013676434  -0.0031942082  -0.0037727034
       -0.0149746043   0.0158791046  -0.0241329849  -0.2684020113   0.0039169020
       -0.0032756192  -0.0101949271  -0.0006119243   0.0004125730   0.0004297998
        0.0004066229  -0.0001671638   0.0000507774  -0.0001911987  -0.0003181718
        0.0004207119  -0.0000049889  -0.0000693531  -0.0001974266   0.0002038437
        0.0002196246   0.0000140449  -0.0029841032  -0.0012305620  -0.0010583203
       -0.0000106799   0.0002826728   0.0000519204   0.0014623797   0.0021624039
       -0.0197492875  -0.0174693508   0.0304804166   0.3116065379  -0.0004280445
        0.0001951511   0.0006126153   0.0017564647  -0.0015745698  -0.0000789898
        0.0004000698   0.0000325282   0.0003456087  -0.0000574145   0.0000714166
       -0.0002440928
       -0.0007695786   0.0001951510   0.0002206378   0.0005606301   0.0000772695
       -0.0000951561  -0.0023976188   0.0231106757  -0.0107530347  -0.0398956133
       -0.0029625210   0.0017160283  -0.0057699609  -0.0248134450   0.0110237576
        0.0005399013  -0.0005223782   0.0002013959  -0.0001818196   0.0000670523
        0.0002987607  -0.0013965528  -0.0014281662  -0.0003703673   0.0003176591
       -0.0001168204   0.0000233151  -0.0000221819   0.0000644649  -0.0000441730
        0.0002048205  -0.0002001647   0.0000552069  -0.0041899878   0.0037016332
        0.0009673204   0.0008528752  -0.0001534512  -0.0004280445   0.0537315391
        0.0071778932  -0.0024981998   0.0014205488  -0.0008004042   0.0007796078
        0.0006416686   0.0002259616   0.0005288375  -0.0036463289  -0.0036227504
       -0.0016258926
       -0.0009907675   0.0001978735  -0.0000554143  -0.0002428781   0.0002700667
        0.0001146162   0.0043185654  -0.0178280328   0.0076772785  -0.0043328779
       -0.2201570925   0.0989366011  -0.0047328902  -0.0191904187   0.0079649579
       -0.0009062111   0.0012108651   0.0002354992   0.0001579781   0.0000148316
       -0.0001166780  -0.0008227850   0.0002429307  -0.0000191027  -0.0000819014
       -0.0000722726  -0.0001035660   0.0000159384  -0.0001571591   0.0000379331
       -0.0001982648  -0.0000382745   0.0000830171   0.0033486963  -0.0024448488
       -0.0008811278  -0.0005120687   0.0002648069   0.0001951511   0.0071778932
        0.2573583147  -0.1139324748   0.0000746009   0.0022499717   0.0008086867
        0.0006672657   0.0000629078   0.0003133517  -0.0029402935  -0.0019844697
       -0.0012587290
       -0.0000059054   0.0002479737   0.0001735576  -0.0002117169   0.0003313109
        0.0001004372  -0.0003507347  -0.0042175741   0.0032541441   0.0020407373
        0.0998405071  -0.1027810923   0.0000712188  -0.0060273911   0.0042897054
        0.0003392681  -0.0000790089  -0.0001430194   0.0002217360  -0.0001552834
       -0.0001442933  -0.0002532414  -0.0004356923   0.0004780616   0.0000944339
       -0.0001265419  -0.0000737883   0.0000471628   0.0001452809  -0.0002592160
        0.0000806473  -0.0000681943  -0.0000952855   0.0009124033  -0.0011251609
        0.0008407039   0.0000897287  -0.0008505808   0.0006126153  -0.0024981998
       -0.1139324748   0.1136735904   0.0010198854   0.0282751589  -0.0212970465
       -0.0001904036  -0.0007246994   0.0007231536  -0.0014070199  -0.0010976294
        0.0006477720
       -0.0001547197  -0.0001221652  -0.0001196933   0.0008345954   0.0004637511
        0.0014131885  -0.0049657269   0.0059044600   0.0246470299  -0.0410823250
        0.0013297067   0.0092979144  -0.0037852536  -0.0065315030  -0.0262607542
        0.0006356696  -0.0002085223  -0.0004393352   0.0000945212   0.0000801948
       -0.0002080174   0.0000417618  -0.0001496545   0.0001220442   0.0000218236
        0.0000158593  -0.0000216739  -0.0006796439  -0.0000610737  -0.0006143063
        0.0002592750  -0.0000945358  -0.0001617018   0.0006450383  -0.0004487645
        0.0000595331  -0.0042366157   0.0033287142   0.0017564647   0.0014205488
        0.0000746009   0.0010198854   0.0539259875  -0.0007692667  -0.0081985776
       -0.0036422817  -0.0033434185  -0.0021057072   0.0006673453   0.0005316171
       -0.0001862936
       -0.0002028760   0.0000360306   0.0000504992  -0.0006060530   0.0004865214
        0.0003423511   0.0035733176  -0.0032132649  -0.0167696531   0.0007613155
       -0.0521639668  -0.0352139073  -0.0016643875  -0.0037086358  -0.0175259832
       -0.0003164181   0.0004446405   0.0004870982   0.0000988390  -0.0001337940
       -0.0000794169  -0.0000142784  -0.0000542241   0.0002308726  -0.0000439892
       -0.0000445088  -0.0000112797   0.0000541427   0.0002938893   0.0000641232
       -0.0002025465  -0.0000945039  -0.0000258956  -0.0002060502   0.0000884532
       -0.0006195653   0.0028533930  -0.0015464369  -0.0015745698  -0.0008004042
        0.0022499717   0.0282751589  -0.0007692667   0.0584110282   0.0448128935
       -0.0028419505  -0.0013032901  -0.0015884105   0.0003272124   0.0002520904
       -0.0008543152
        0.0000989361  -0.0000355303   0.0000782034  -0.0006030376   0.0003040579
        0.0008059898   0.0042718754  -0.0037322329  -0.0100512968   0.0076968039
       -0.0355806455  -0.2675861479  -0.0032432204  -0.0045348684  -0.0126617602
       -0.0009444596   0.0008639224   0.0004587837  -0.0001655024   0.0000049288
        0.0000521575   0.0000987766   0.0002657903  -0.0002574885  -0.0000424530
        0.0000217223   0.0000372540   0.0003259614   0.0001171247   0.0003783241
       -0.0002612385   0.0000464332   0.0000968043  -0.0003587876   0.0001156743
        0.0004548359   0.0016649946  -0.0018415422  -0.0000789898   0.0007796078
        0.0008086867  -0.0212970465  -0.0081985776   0.0448128935   0.3090053744
       -0.0017558932  -0.0017812384  -0.0000235761   0.0006362141   0.0001448235
        0.0005885788
        0.0000087005  -0.0000389769   0.0000356161  -0.0001220596   0.0000363249
        0.0001300282   0.0009548144  -0.0006385509  -0.0009048970  -0.0029951355
       -0.0051870195  -0.0234606991  -0.0349474839  -0.0025596940  -0.0017170955
       -0.0106508719   0.0096763193   0.0189990504  -0.0000402796  -0.0000056030
        0.0000399107   0.0000417540   0.0000672635  -0.0000476573   0.0000035368
        0.0000238194   0.0000073159   0.0000943318   0.0000752771   0.0001471742
       -0.0000443957   0.0000225051   0.0000379290  -0.0000090469   0.0000023109
        0.0000077867  -0.0006029475  -0.0000124710   0.0004000698   0.0006416686
        0.0006672657  -0.0001904036  -0.0036422817  -0.0028419505  -0.0017558932
        0.0497741055   0.0013758498   0.0056387588   0.0015355908  -0.0006626697
        0.0026330059
       -0.0000222184   0.0000126816   0.0000319438   0.0000157406   0.0000024137
        0.0000490359   0.0003546736   0.0003646226   0.0001879513  -0.0021104250
       -0.0028041394  -0.0163963305  -0.0046713417  -0.0468245266  -0.0368797759
        0.0085917548  -0.0057434743  -0.0128275178  -0.0000443707   0.0000190643
        0.0000244569   0.0000160556  -0.0000379513  -0.0000611414   0.0000407006
        0.0000022935   0.0000111651   0.0000399638  -0.0000256715  -0.0000067861
        0.0000427126   0.0000092899   0.0000463225  -0.0000879876  -0.0000791980
        0.0001504159  -0.0000210391   0.0001946227   0.0000325282   0.0002259616
        0.0000629078  -0.0007246994  -0.0033434185  -0.0013032901  -0.0017812384
        0.0013758498   0.0532342396   0.0417116166  -0.0004026122   0.0029161154
        0.0264320532
        0.0000444141   0.0000239522   0.0000586716   0.0000879656   0.0000201293
        0.0000772405   0.0002791263   0.0003269780   0.0005302280  -0.0038902117
       -0.0035913960  -0.0111603343  -0.0054048111  -0.0344772885  -0.2809040505
        0.0055327157  -0.0038355389  -0.0038615443  -0.0000307584  -0.0000044263
        0.0000535358  -0.0000016264  -0.0000236240  -0.0000535134   0.0000413274
        0.0000239407  -0.0000091429   0.0001347950   0.0000471150   0.0000436140
        0.0000356143   0.0000476271   0.0000460946  -0.0000242150   0.0001142594
       -0.0002989516  -0.0003794926   0.0000150666   0.0003456087   0.0005288375
        0.0003133517   0.0007231536  -0.0021057072  -0.0015884105  -0.0000235761
        0.0056387588   0.0417116166   0.3140925334  -0.0004867324   0.0008766476
       -0.0196595671
       -0.0001224295  -0.0000058718  -0.0000333853   0.0000232496   0.0001179324
       -0.0000193712   0.0008789691  -0.0013749113   0.0000705118  -0.0049325965
       -0.0213586198   0.0106138309  -0.0365297853  -0.0182130548   0.0087072983
       -0.0093847973   0.0211897208  -0.0055713301   0.0000523240   0.0000119512
       -0.0000374429   0.0000517323   0.0001354091   0.0000330405  -0.0000613515
        0.0000577839  -0.0000311406   0.0000514033  -0.0000429380   0.0000231472
       -0.0000473762   0.0000212471   0.0000255121  -0.0006779469   0.0004834341
       -0.0002301343   0.0000121315   0.0000402920  -0.0000574145  -0.0036463289
       -0.0029402935  -0.0014070199   0.0006673453   0.0003272124   0.0006362141
        0.0015355908  -0.0004026122  -0.0004867324   0.0521298661   0.0219533183
       -0.0122355838
       -0.0000836136   0.0000262776  -0.0000404152   0.0001525370  -0.0000108800
        0.0000193867   0.0004984764   0.0008044340   0.0000775909  -0.0055224791
       -0.0167437854   0.0078266727  -0.0225729568  -0.2196240683   0.1080720833
        0.0094387219  -0.0139468227   0.0029595073   0.0000236154  -0.0000060636
       -0.0000172641   0.0000446314   0.0000287208   0.0000355439   0.0000126965
        0.0000503079  -0.0000254590   0.0000116463  -0.0000362355  -0.0000252701
        0.0000842790   0.0000529560   0.0000311613  -0.0002606383   0.0003928069
       -0.0000551555  -0.0000264316  -0.0001178242   0.0000714166  -0.0036227504
       -0.0019844697  -0.0010976294   0.0005316171   0.0002520904   0.0001448235
       -0.0006626697   0.0029161154   0.0008766476   0.0219533183   0.2479464404
       -0.1188536404
       -0.0000809527   0.0000086175  -0.0000140909  -0.0000228245  -0.0000259756
        0.0000116682   0.0001179391  -0.0001312965   0.0001093538  -0.0000435556
       -0.0059027873   0.0044957818   0.0093733328   0.1060777827  -0.1061245342
        0.0018639454  -0.0054468046   0.0029877612  -0.0000154391   0.0000048636
       -0.0000066967   0.0000215692  -0.0000202388  -0.0000144710   0.0000047216
       -0.0000181616   0.0000180628  -0.0000226210  -0.0000390124  -0.0000055385
        0.0000202313  -0.0000250739  -0.0000001179   0.0002587115  -0.0000767743
        0.0002346093  -0.0000602939   0.0001294926  -0.0002440928  -0.0016258926
       -0.0012587290   0.0006477720  -0.0001862936  -0.0008543152   0.0005885788
        0.0026330059   0.0264320532  -0.0196595671  -0.0122355838  -0.1188536404
        0.1169755210
