$hessian                                                                        
        0.4966313561  -0.0022070329   0.0324840002  -0.1127449761  -0.0039849796
        0.0658008348  -0.0227029572   0.0024696502   0.0205666784   0.0004554770
       -0.0000939839   0.0000416317  -0.0004357418  -0.0001282034   0.0004324320
        0.0004859031   0.0002461475  -0.0002953308  -0.0001373594  -0.0001221221
        0.0001099057  -0.0001330308   0.0000114317   0.0000028671  -0.2399314999
        0.0719302883  -0.0618473520  -0.0448381653  -0.0182178115   0.0050385015
       -0.0730905911  -0.0500992025  -0.0633341745   0.0055067495   0.0008244914
       -0.0063571770  -0.0040061978  -0.0020397275   0.0067195422   0.0010713937
       -0.0010166385   0.0003501976  -0.0051661216   0.0021388369  -0.0001921184
       -0.0002148050  -0.0000019123   0.0001337192  -0.0007369811   0.0002969231
        0.0003573721   0.0000046474  -0.0000057285   0.0000088742  -0.0000365599
        0.0000110410  -0.0000132957   0.0000194603  -0.0000114675  -0.0000071083
       -0.0022070329   0.5258520092   0.0031720171  -0.0042096657  -0.0679749948
        0.0033467899   0.0079169188  -0.0004852347  -0.0080663878   0.0000690826
       -0.0001072896  -0.0001412987   0.0001921078   0.0000905429  -0.0002670468
       -0.0001855514  -0.0002310491   0.0003229237   0.0000163480   0.0001948334
       -0.0001646737   0.0000296213  -0.0000150778  -0.0000088303   0.0719192335
       -0.0709372340   0.0221043752  -0.0179945038  -0.2566683005   0.0739827617
       -0.0502381903  -0.1282068348  -0.1027986116   0.0085612333   0.0005850897
       -0.0143228474  -0.0172339727  -0.0029134630   0.0238596537   0.0007241898
        0.0009076700  -0.0010483677   0.0029334161  -0.0003906771   0.0000339087
        0.0001111042   0.0000583919   0.0001281375  -0.0003795848   0.0002157113
       -0.0001235684  -0.0000145959   0.0000154089  -0.0000073070   0.0000052681
        0.0000014080   0.0000014403  -0.0000154261   0.0000090900  -0.0000030685
        0.0324840002   0.0031720171   0.4865047070   0.0643060545   0.0034670162
       -0.1551728726   0.0022646921  -0.0013711179   0.0030846676   0.0006278462
       -0.0000362596   0.0000311876  -0.0005851846  -0.0002575983   0.0004161328
        0.0003413038   0.0004970179  -0.0007358018   0.0000314129  -0.0002669196
        0.0004069637  -0.0000850342   0.0000147597   0.0000153501  -0.0611921624
        0.0218767168  -0.0606217429   0.0049556046   0.0740828348  -0.0696505365
       -0.0636321801  -0.1033893735  -0.1710070487   0.0146453825  -0.0015916366
       -0.0245887340   0.0084277974   0.0029761268  -0.0107071067  -0.0008061020
       -0.0001260256   0.0006810454  -0.0012940612   0.0006908804   0.0010885481
       -0.0000620110  -0.0000655813   0.0000889756  -0.0004402009   0.0003315919
        0.0001595665   0.0000278352  -0.0000118697   0.0000074434  -0.0000073479
       -0.0000033812   0.0000026419  -0.0000076453   0.0000108017  -0.0000033866
       -0.1127449761  -0.0042096657   0.0643060545   0.4640685330   0.0240374401
        0.0125297425  -0.1636061767   0.0489342070  -0.0197243408  -0.0205035380
        0.0037638047  -0.0082180277  -0.0020274556  -0.0017361664  -0.0025814786
       -0.0002044711   0.0000941469  -0.0001364214   0.0001036477  -0.0001189379
       -0.0000919812   0.0001026256   0.0000468737   0.0001306295  -0.0210998653
        0.0003657094   0.0225073818  -0.0035222362  -0.0025048818   0.0051784315
        0.0062648076   0.0009306810  -0.0059923019  -0.0822646771  -0.0519816467
       -0.0738274578  -0.0460251716  -0.0293697620   0.0071339250  -0.0000554628
        0.0024719169  -0.0010820626  -0.0195079931   0.0085465084  -0.0009296696
        0.0006319664   0.0005532042   0.0004341357   0.0004515609   0.0002002329
        0.0003393485  -0.0000062626  -0.0000293533   0.0000610784  -0.0000311429
        0.0000427433  -0.0000162266  -0.0000237121  -0.0000370548  -0.0000207594
       -0.0039849796  -0.0679749948   0.0034670162   0.0240374401   0.5279025363
        0.0079301182   0.0468733733  -0.0898686278   0.0103097277  -0.0081778800
        0.0050662282  -0.0000533219  -0.0053114099  -0.0005002639  -0.0023336255
        0.0005994028   0.0004139969  -0.0011893874   0.0000493908  -0.0003617795
        0.0002946589  -0.0003206606   0.0002693539   0.0002391903   0.0071822044
        0.0003616985  -0.0077653994  -0.0176684701  -0.0032206013   0.0240805925
        0.0103010774   0.0002638965  -0.0148465729  -0.0515899460  -0.1070030293
       -0.0879939882  -0.0292379661  -0.2506636579   0.0610727385   0.0255609923
       -0.0154478532   0.0071442457   0.0029787672  -0.0004382224   0.0001427645
       -0.0011794992   0.0008505812  -0.0005839170  -0.0000498831   0.0003283970
        0.0000814585   0.0000018432  -0.0000221755  -0.0000022423   0.0000183202
       -0.0000142082  -0.0000078699  -0.0000821170   0.0000587252   0.0000138134
        0.0658008348   0.0033467899  -0.1551728726   0.0125297425   0.0079301182
        0.4945817376  -0.0234323944   0.0117472668  -0.0687768962  -0.0178096572
        0.0062473457  -0.0046149558  -0.0039298466  -0.0017113139  -0.0029001876
       -0.0003164374   0.0003899886  -0.0008731757   0.0002311110  -0.0004016226
        0.0004002743  -0.0000187259   0.0001986724   0.0001934793  -0.0021312762
       -0.0005391777   0.0039460273   0.0086590628   0.0041127889  -0.0113716811
        0.0139530185  -0.0017037679  -0.0234206191  -0.0739264662  -0.0881393480
       -0.1707345284   0.0072973589   0.0615342897  -0.0625688348  -0.0096607475
        0.0064718123  -0.0021078077   0.0223782840  -0.0102038020   0.0026952127
        0.0003259806   0.0004317018   0.0004764955   0.0000896524   0.0002894523
        0.0001915714   0.0000290895  -0.0000346352   0.0000528921   0.0000238513
        0.0000035983   0.0000137850  -0.0000924350   0.0000298424  -0.0000099161
       -0.0227029572   0.0079169188   0.0022646921  -0.1636061767   0.0468733733
       -0.0234323944   0.4702260973   0.0042430512  -0.0322731276  -0.0833661602
       -0.0361932785  -0.0308070639  -0.0369222671  -0.0083931647  -0.0230479275
        0.0016761085   0.0002890035  -0.0035625612  -0.0004963369  -0.0009032156
        0.0001271598  -0.0003855631   0.0010961946   0.0008661853  -0.0023530236
        0.0003105195   0.0034377728   0.0007232869   0.0003578191  -0.0008144589
        0.0005708779  -0.0000542062  -0.0004117650  -0.0181630717   0.0061878954
       -0.0065672563  -0.0005300696   0.0028715866  -0.0009815283  -0.0455987925
       -0.0262390345   0.0122634738  -0.1013627084   0.0033040304   0.1015098141
       -0.0038350107  -0.0069994394  -0.0045764759   0.0062700232   0.0053400968
        0.0058914283   0.0000181650  -0.0000807113   0.0001714542   0.0000644325
       -0.0000129693  -0.0000083356  -0.0002268536   0.0000855302  -0.0000490859
        0.0024696502  -0.0004852347  -0.0013711179   0.0489342070  -0.0898686278
        0.0117472668   0.0042430512   0.5067017370  -0.0261339527  -0.0405746213
       -0.1083367912  -0.0475016314   0.0112206472   0.0085729663   0.0067607703
       -0.0011966313  -0.0012700421   0.0031561832  -0.0000258221   0.0015897908
       -0.0011930692   0.0003093406  -0.0006926261  -0.0005068403  -0.0005488919
        0.0005675660   0.0001484100  -0.0013844215   0.0009522539   0.0001057777
        0.0000847153   0.0000564312   0.0000072711  -0.0119366975   0.0054790925
       -0.0039405973   0.0266968865  -0.0165427702   0.0075353203  -0.0257175844
       -0.2393814379   0.0787931424   0.0040561424  -0.0463144272  -0.0069866041
       -0.0158875893  -0.0204234251  -0.0177054023  -0.0008329518  -0.0005989778
       -0.0029242635   0.0000064695   0.0000417208  -0.0000075449  -0.0000213231
       -0.0000029950   0.0000292666   0.0001054244  -0.0000442031  -0.0000123850
        0.0205666784  -0.0080663878   0.0030846676  -0.0197243408   0.0103097277
       -0.0687768962  -0.0322731276  -0.0261339527   0.5016541257  -0.0350762292
       -0.0468986144  -0.1195540532  -0.0129313494   0.0005828348  -0.0029114320
        0.0015261439   0.0000885785   0.0007474427  -0.0005685331  -0.0003760728
       -0.0003992681   0.0000077651   0.0001608086  -0.0000062983   0.0040397605
       -0.0004053309  -0.0032362654   0.0003846495  -0.0007662680   0.0007890871
        0.0000166782  -0.0002305220   0.0005814689  -0.0212129896   0.0080167442
       -0.0063965495  -0.0088337340   0.0056082421  -0.0017565535   0.0117812349
        0.0773718690  -0.0757462982   0.1018536962  -0.0061129556  -0.2113807747
        0.0029292786   0.0032358458   0.0055206887  -0.0125373786  -0.0162784923
       -0.0222870791   0.0000332959  -0.0000525244   0.0000471524   0.0000155059
       -0.0000040579   0.0000146335   0.0000029953  -0.0000494722   0.0000122014
        0.0004554770   0.0000690826   0.0006278462  -0.0205035380  -0.0081778800
       -0.0178096572  -0.0833661602  -0.0405746213  -0.0350762292   0.4066129616
        0.0308645012  -0.0532810308  -0.1322708324   0.0463507907  -0.0173661192
       -0.0447135917   0.0071067709   0.0129481002   0.0009508259   0.0004375378
       -0.0021915333   0.0000620937  -0.0011318387   0.0023539179   0.0000395117
       -0.0002651599  -0.0002462283  -0.0002887270   0.0000752748  -0.0000654313
       -0.0012302073  -0.0000793023  -0.0005166183  -0.0038240115   0.0014505130
       -0.0011855045   0.0006127404  -0.0009679141   0.0002166306  -0.0040624325
       -0.0060037046  -0.0042435711   0.0059513095   0.0072232439   0.0073609933
       -0.0454239773  -0.0341786612   0.0147840919  -0.0768354174  -0.0032379185
        0.0931993290  -0.0000387092  -0.0001999429   0.0005277984  -0.0007969523
        0.0010996835   0.0001538516  -0.0013303628   0.0001395451  -0.0001906360
       -0.0000939839  -0.0001072896  -0.0000362596   0.0037638047   0.0050662282
        0.0062473457  -0.0361932785  -0.1083367912  -0.0468986144   0.0308645012
        0.4802334117  -0.0256068814   0.0523913026  -0.0940114067   0.0255531597
        0.0061464341   0.0078809474  -0.0135158371  -0.0030952470  -0.0024641865
        0.0004486383  -0.0007741358   0.0046189957   0.0031345147   0.0002624262
        0.0001033102  -0.0000368301   0.0001387444   0.0000769407  -0.0000427687
        0.0001138886   0.0001221346   0.0001882784   0.0026831260  -0.0001045827
        0.0011956977   0.0014015947   0.0011065558   0.0007946015  -0.0171875150
       -0.0214811824  -0.0193280399  -0.0017470546  -0.0016284307  -0.0050925887
       -0.0372886450  -0.2289146432   0.0732077201  -0.0009843065  -0.0423803934
       -0.0000035958   0.0000666453   0.0000266944  -0.0000831093   0.0003995935
       -0.0003795267  -0.0000117261  -0.0008678948   0.0005732146  -0.0001137050
        0.0000416317  -0.0001412987   0.0000311876  -0.0082180277  -0.0000533219
       -0.0046149558  -0.0308070639  -0.0475016314  -0.1195540532  -0.0532810308
       -0.0256068814   0.5178851819  -0.0285098190   0.0267248098  -0.0722560063
        0.0186783548  -0.0109606648   0.0043458407   0.0026059940  -0.0042972479
        0.0001918221   0.0044412797   0.0035759289   0.0001372493   0.0002665881
       -0.0000020946  -0.0001224990  -0.0000128149   0.0001736248   0.0000667940
        0.0004590119  -0.0003426190   0.0002750853  -0.0007692587   0.0003814058
        0.0008839405   0.0000983872  -0.0004057067   0.0002072129   0.0030148030
        0.0037084576   0.0057777794  -0.0138335664  -0.0179373318  -0.0251700397
        0.0161623329   0.0714777833  -0.0715579781   0.0891156569   0.0016754222
       -0.2368940442  -0.0002234928   0.0000350327   0.0001735436   0.0013423307
       -0.0006334055   0.0002477568  -0.0005712966   0.0001297387  -0.0000538179
       -0.0004357418   0.0001921078  -0.0005851846  -0.0020274556  -0.0053114099
       -0.0039298466  -0.0369222671   0.0112206472  -0.0129313494  -0.1322708324
        0.0523913026  -0.0285098190   0.4327073885  -0.0489841887  -0.0918736460
       -0.1635909976  -0.0246376533   0.0763283579  -0.0038509570  -0.0229306431
        0.0439989651  -0.0518630198   0.0078487275   0.0201115836  -0.0002128250
        0.0001094256  -0.0000518640   0.0002159286  -0.0001379462   0.0000555989
        0.0005925421  -0.0000915392   0.0000734513  -0.0023269532   0.0003624111
       -0.0010140140   0.0005199116   0.0001194871   0.0002351709   0.0016519657
        0.0003137229   0.0014111574   0.0020007522   0.0002482297   0.0009796481
       -0.0095201656   0.0140234989  -0.0055670477  -0.0265190591   0.0127843511
        0.0027324850   0.0004014789  -0.0014246350  -0.0001417653  -0.0057404321
        0.0028580411  -0.0014212567  -0.0028092613   0.0010460629   0.0000993751
       -0.0001282034   0.0000905429  -0.0002575983  -0.0017361664  -0.0005002639
       -0.0017113139  -0.0083931647   0.0085729663   0.0005828348   0.0463507907
       -0.0940114067   0.0267248098  -0.0489841887   0.1907405570  -0.1234530337
       -0.0176680299  -0.0770885670   0.0375717976  -0.0258414787  -0.0124841657
        0.0575417357   0.0156692031   0.0072731340  -0.0058114156  -0.0001183271
        0.0000449929   0.0000773546   0.0000879188   0.0000636717   0.0000120451
       -0.0000494041  -0.0000265961   0.0001967621  -0.0004207014   0.0003377373
       -0.0001076918  -0.0003096756   0.0001411794  -0.0001939818   0.0004255836
        0.0011312164   0.0001975817  -0.0002134541   0.0001219115   0.0008557917
        0.0341103482  -0.0217622369   0.0088051169   0.0038564452  -0.0004145254
       -0.0006693020   0.0004669511  -0.0005852581  -0.0008861404   0.0027278199
       -0.0010482486   0.0003391506   0.0001677336  -0.0005966410   0.0001854967
        0.0004324320  -0.0002670468   0.0004161328  -0.0025814786  -0.0023336255
       -0.0029001876  -0.0230479275   0.0067607703  -0.0029114320  -0.0173661192
        0.0255531597  -0.0722560063  -0.0918736460  -0.1234530337   0.2683968362
        0.0684832241   0.0402087961  -0.1323258881   0.0452370965   0.0576017373
       -0.0675099097   0.0084379099  -0.0036696545   0.0048891130   0.0001065374
        0.0000103418   0.0001416022  -0.0001018321   0.0000073621  -0.0001070679
       -0.0002428451   0.0002580620  -0.0000700275  -0.0010756367   0.0003852915
       -0.0003350749   0.0001162794  -0.0003284517  -0.0001155164   0.0007070409
        0.0008618569   0.0004501911   0.0003547339   0.0014454535   0.0012946370
       -0.0119428725   0.0087159065  -0.0025322682   0.0253212448  -0.0123455850
        0.0035706643   0.0003111813  -0.0000193053   0.0006324765  -0.0008315379
        0.0001014710   0.0009768693  -0.0004437845   0.0005064939   0.0002948562
        0.0004859031  -0.0001855514   0.0003413038  -0.0002044711   0.0005994028
       -0.0003164374   0.0016761085  -0.0011966313   0.0015261439  -0.0447135917
        0.0061464341   0.0186783548  -0.1635909976  -0.0176680299   0.0684832241
        0.4633146685  -0.1003565874  -0.0026673583  -0.0805127072   0.0525508322
       -0.0570382527  -0.1457356645   0.0426590157  -0.0280415516   0.0003897308
       -0.0001607947   0.0000271178  -0.0002270710   0.0001229997  -0.0001030923
       -0.0003642371   0.0000987750  -0.0000673507   0.0004277334   0.0001887068
        0.0003120513  -0.0001574454  -0.0002680415  -0.0000786871  -0.0006399999
       -0.0001075135  -0.0001239652  -0.0003069707   0.0000508956  -0.0007132242
        0.0006396472  -0.0016380715   0.0007435858  -0.0044910401   0.0011929157
       -0.0004452377   0.0036402821   0.0020087226  -0.0012348982  -0.0256458598
        0.0102129016  -0.0018689498  -0.0039840175   0.0057496195   0.0025872237
        0.0002461475  -0.0002310491   0.0004970179   0.0000941469   0.0004139969
        0.0003899886   0.0002890035  -0.0012700421   0.0000885785   0.0071067709
        0.0078809474  -0.0109606648  -0.0246376533  -0.0770885670   0.0402087961
       -0.1003565874   0.4922444604  -0.3201290809   0.0429685086  -0.3078075753
        0.2780592416   0.0518811648  -0.0965618949   0.0127079601   0.0001740852
       -0.0000513788  -0.0000136899  -0.0001643984  -0.0000275001  -0.0000586464
       -0.0001408713   0.0001243037  -0.0001599828   0.0002506842  -0.0000472646
        0.0000018932   0.0002041336  -0.0002486579  -0.0001052978  -0.0007514866
       -0.0005426436   0.0002381730   0.0003345375   0.0010493803  -0.0000501211
        0.0025018174  -0.0003560843  -0.0012962088   0.0047228166  -0.0025795809
        0.0002152556   0.0055480948  -0.0068143384   0.0050972519  -0.0133203754
        0.0084848140  -0.0067479743   0.0230494609  -0.0165713258   0.0020175103
       -0.0002953308   0.0003229237  -0.0007358018  -0.0001364214  -0.0011893874
       -0.0008731757  -0.0035625612   0.0031561832   0.0007474427   0.0129481002
       -0.0135158371   0.0043458407   0.0763283579   0.0375717976  -0.1323258881
       -0.0026673583  -0.3201290809   0.5864999509  -0.0448239215   0.2742766354
       -0.3806429591  -0.0293520647   0.0110768544  -0.0743247601  -0.0002826813
        0.0001005692  -0.0000449884   0.0002164942  -0.0000992992   0.0001691653
        0.0003950817  -0.0001840606   0.0001342746  -0.0007672973  -0.0000808785
       -0.0003614955  -0.0000016057   0.0003492572   0.0002598661   0.0005236782
       -0.0001756743  -0.0000433054  -0.0008336473  -0.0010351201  -0.0009797080
       -0.0012796496   0.0024902941   0.0018928439   0.0006269684   0.0017241183
       -0.0007573459  -0.0222130656   0.0155810607  -0.0102290967   0.0011742725
       -0.0002333794   0.0019563906   0.0140026516  -0.0100069761   0.0053127498
       -0.0001373594   0.0000163480   0.0000314129   0.0001036477   0.0000493908
        0.0002311110  -0.0004963369  -0.0000258221  -0.0005685331   0.0009508259
       -0.0030952470   0.0026059940  -0.0038509570  -0.0258414787   0.0452370965
       -0.0805127072   0.0429685086  -0.0448239215   0.0903119633  -0.0461894407
        0.0264098267  -0.0031894771   0.0285674312  -0.0270156722  -0.0000883931
        0.0000333474  -0.0000316861   0.0000563932  -0.0000255081   0.0000158743
        0.0000871274  -0.0000411152  -0.0000356979  -0.0000133422  -0.0000658223
       -0.0000590965   0.0001522756  -0.0000904391   0.0000047257   0.0001057537
        0.0000652967   0.0002051270  -0.0002050225   0.0004080840   0.0005026326
       -0.0000655424  -0.0007618995   0.0001307324   0.0007352478  -0.0010935183
        0.0000949145  -0.0055227993   0.0044920309  -0.0021271410   0.0025835949
       -0.0002132801   0.0002570212  -0.0010048922   0.0008431335  -0.0010647203
       -0.0001221221   0.0001948334  -0.0002669196  -0.0001189379  -0.0003617795
       -0.0004016226  -0.0009032156   0.0015897908  -0.0003760728   0.0004375378
       -0.0024641865  -0.0042972479  -0.0229306431  -0.0124841657   0.0576017373
        0.0525508322  -0.3078075753   0.2742766354  -0.0461894407   0.3390350436
       -0.3632033426   0.0134925700  -0.0181454328   0.0334534690  -0.0001432427
        0.0000278294  -0.0000137946   0.0001071477  -0.0000025049   0.0000629446
        0.0001188749  -0.0001125316   0.0000887070  -0.0002219371   0.0000231520
       -0.0000610643  -0.0001153094   0.0000865411   0.0000683709   0.0004220712
        0.0002518148   0.0001228287  -0.0004432353  -0.0004995108  -0.0000655401
       -0.0007073866   0.0007954896  -0.0002537504   0.0001169095   0.0007931283
       -0.0005149355   0.0068114627  -0.0026709255   0.0021545357  -0.0005912183
        0.0002869575   0.0011480818  -0.0015707170   0.0014640322   0.0004769802
        0.0001099057  -0.0001646737   0.0004069637  -0.0000919812   0.0002946589
        0.0004002743   0.0001271598  -0.0011930692  -0.0003992681  -0.0021915333
        0.0004486383   0.0001918221   0.0439989651   0.0575417357  -0.0675099097
       -0.0570382527   0.2780592416  -0.3806429591   0.0264098267  -0.3632033426
        0.4611194086  -0.0090154594   0.0272479947  -0.0108475879   0.0001640201
       -0.0000551876   0.0000443071  -0.0001354489   0.0000225348  -0.0000987942
       -0.0002137043   0.0001461608  -0.0000378969   0.0003259151   0.0000848411
        0.0001005375   0.0000547564  -0.0001612457  -0.0002129733  -0.0003668096
       -0.0001467434  -0.0000263416   0.0005595722   0.0005964229   0.0006204157
        0.0001400884  -0.0016063118  -0.0008445895  -0.0006137324  -0.0004935144
        0.0008011227  -0.0037852965   0.0025972512  -0.0002127457   0.0021102755
       -0.0015915563  -0.0008224428  -0.0005482666   0.0015761648  -0.0020293430
       -0.0001330308   0.0000296213  -0.0000850342   0.0001026256  -0.0003206606
       -0.0000187259  -0.0003855631   0.0003093406   0.0000077651   0.0000620937
       -0.0007741358   0.0044412797  -0.0518630198   0.0156692031   0.0084379099
       -0.1457356645   0.0518811648  -0.0293520647  -0.0031894771   0.0134925700
       -0.0090154594   0.4825220031   0.0319206980  -0.0232904860  -0.0001115112
        0.0000408548  -0.0000223672   0.0000611064  -0.0000088111   0.0000099027
        0.0001082749  -0.0000539079  -0.0000252013  -0.0001839618  -0.0000098213
       -0.0001056341   0.0000505918   0.0000449167   0.0000234987   0.0000477108
        0.0000542178   0.0000404079   0.0000466362   0.0000970598   0.0000827198
       -0.0000811228   0.0000055287  -0.0001210847  -0.0015455488   0.0008648477
       -0.0001990654  -0.0448581060  -0.0076072942   0.0155095968  -0.1979725528
       -0.1195464481   0.0228424168  -0.0369414837   0.0139110559   0.0108396256
        0.0000114317  -0.0000150778   0.0000147597   0.0000468737   0.0002693539
        0.0001986724   0.0010961946  -0.0006926261   0.0001608086  -0.0011318387
        0.0046189957   0.0035759289   0.0078487275   0.0072731340  -0.0036696545
        0.0426590157  -0.0965618949   0.0110768544   0.0285674312  -0.0181454328
        0.0272479947   0.0319206980   0.4849051114  -0.0213504633   0.0000292778
       -0.0000094299  -0.0000007699   0.0000054810   0.0000345800  -0.0000247806
       -0.0000337664   0.0000032502   0.0000071150   0.0001525447  -0.0000162845
        0.0000836722  -0.0000809286   0.0000350943  -0.0000066768   0.0000948040
        0.0001323528  -0.0001158117  -0.0000037160  -0.0002322729  -0.0000194896
       -0.0006709465   0.0001349977   0.0002923389  -0.0007539343   0.0003748301
       -0.0000715341  -0.0077216969  -0.0672995929   0.0788605226  -0.1197713297
       -0.1276439978   0.0221592023   0.0177356772  -0.1871650905  -0.1184186890
        0.0000028671  -0.0000088303   0.0000153501   0.0001306295   0.0002391903
        0.0001934793   0.0008661853  -0.0005068403  -0.0000062983   0.0023539179
        0.0031345147   0.0001372493   0.0201115836  -0.0058114156   0.0048891130
       -0.0280415516   0.0127079601  -0.0743247601  -0.0270156722   0.0334534690
       -0.0108475879  -0.0232904860  -0.0213504633   0.5273085919   0.0000127557
       -0.0000077857   0.0000140392  -0.0000216734  -0.0000091737   0.0000071960
       -0.0000461963   0.0000152053   0.0000169749   0.0001238722  -0.0000151645
        0.0000630430   0.0000020723  -0.0000225421  -0.0000143966  -0.0000275022
       -0.0000513200  -0.0000024941   0.0000580768   0.0000503917   0.0000199568
       -0.0002510823   0.0000857325  -0.0000974503   0.0002880868  -0.0001256187
        0.0001064481   0.0172943331   0.0784339768  -0.2650117627   0.0229326729
        0.0211891066  -0.0468101656   0.0145171107  -0.1214003928  -0.1356565260
       -0.2399314999   0.0719192335  -0.0611921624  -0.0210998653   0.0071822044
       -0.0021312762  -0.0023530236  -0.0005488919   0.0040397605   0.0000395117
        0.0002624262   0.0002665881  -0.0002128250  -0.0001183271   0.0001065374
        0.0003897308   0.0001740852  -0.0002826813  -0.0000883931  -0.0001432427
        0.0001640201  -0.0001115112   0.0000292778   0.0000127557   0.2784961043
       -0.0843057778   0.0685429926  -0.0000729842   0.0018576492  -0.0012761184
       -0.0148449668   0.0034200142  -0.0077894527   0.0006795600   0.0002555606
       -0.0004145010  -0.0000389023  -0.0002203411  -0.0003241238   0.0002036744
       -0.0003129042   0.0001045397  -0.0012690272   0.0004794944   0.0000077578
        0.0000031675   0.0000695692   0.0000121188   0.0001684900   0.0000237739
        0.0001517338   0.0000227066  -0.0000101975   0.0000061303   0.0000021219
       -0.0000120840  -0.0000011127   0.0000179314  -0.0000015224  -0.0000035062
        0.0719302883  -0.0709372340   0.0218767168   0.0003657094   0.0003616985
       -0.0005391777   0.0003105195   0.0005675660  -0.0004053309  -0.0002651599
        0.0001033102  -0.0000020946   0.0001094256   0.0000449929   0.0000103418
       -0.0001607947  -0.0000513788   0.0001005692   0.0000333474   0.0000278294
       -0.0000551876   0.0000408548  -0.0000094299  -0.0000077857  -0.0843057778
        0.0784432829  -0.0252458556   0.0291978559  -0.0144664561   0.0112470774
       -0.0173585306   0.0057310106  -0.0067883811   0.0003923132  -0.0000807003
       -0.0001376391  -0.0004071236   0.0001552460   0.0000333972  -0.0001589716
        0.0001402888  -0.0000027003   0.0001707855   0.0000919142  -0.0000780977
        0.0000188561   0.0000292128  -0.0000272391   0.0000974025  -0.0001547518
        0.0000156372  -0.0000072357  -0.0000000993  -0.0000005051   0.0000027965
        0.0000060189   0.0000014051  -0.0000065607  -0.0000023211   0.0000048496
       -0.0618473520   0.0221043752  -0.0606217429   0.0225073818  -0.0077653994
        0.0039460273   0.0034377728   0.0001484100  -0.0032362654  -0.0002462283
       -0.0000368301  -0.0001224990  -0.0000518640   0.0000773546   0.0001416022
        0.0000271178  -0.0000136899  -0.0000449884  -0.0000316861  -0.0000137946
        0.0000443071  -0.0000223672  -0.0000007699   0.0000140392   0.0685429926
       -0.0252458556   0.0712044842  -0.0104655520   0.0052638763  -0.0032951089
       -0.0237991256   0.0065022134  -0.0091496277   0.0006150339  -0.0002103014
        0.0007616533  -0.0000126629  -0.0002048457   0.0003717510  -0.0000578193
        0.0000119102  -0.0001746144   0.0012206004  -0.0005649987   0.0000100163
       -0.0000285910  -0.0000076141  -0.0000065627   0.0002138951  -0.0000448962
        0.0001558899   0.0000084252  -0.0000044602   0.0000041387  -0.0000074834
        0.0000015720  -0.0000009808  -0.0000024880   0.0000037441  -0.0000015191
       -0.0448381653  -0.0179945038   0.0049556046  -0.0035222362  -0.0176684701
        0.0086590628   0.0007232869  -0.0013844215   0.0003846495  -0.0002887270
        0.0001387444  -0.0000128149   0.0002159286   0.0000879188  -0.0001018321
       -0.0002270710  -0.0001643984   0.0002164942   0.0000563932   0.0001071477
       -0.0001354489   0.0000611064   0.0000054810  -0.0000216734  -0.0000729842
        0.0291978559  -0.0104655520   0.0507169562   0.0211768791  -0.0092433289
       -0.0008269029  -0.0133839405   0.0025749466   0.0003119471   0.0000889651
       -0.0005708824  -0.0021592440  -0.0007165116   0.0039549364  -0.0004122743
        0.0005201218   0.0001341466   0.0001848309   0.0000816334  -0.0001660939
        0.0001870218   0.0001293941  -0.0000489385  -0.0001146783  -0.0002213073
       -0.0001141359  -0.0000120557  -0.0000012363  -0.0000059345   0.0000246691
        0.0000053632   0.0000027828  -0.0000078013  -0.0000047148   0.0000040117
       -0.0182178115  -0.2566683005   0.0740828348  -0.0025048818  -0.0032206013
        0.0041127889   0.0003578191   0.0009522539  -0.0007662680   0.0000752748
        0.0000769407   0.0001736248  -0.0001379462   0.0000636717   0.0000073621
        0.0001229997  -0.0000275001  -0.0000992992  -0.0000255081  -0.0000025049
        0.0000225348  -0.0000088111   0.0000345800  -0.0000091737   0.0018576492
       -0.0144664561   0.0052638763   0.0211768791   0.2958465682  -0.0877527438
       -0.0025227887  -0.0238642471   0.0042404136   0.0002951838   0.0004200126
       -0.0001359114  -0.0003581880   0.0008418679   0.0012014582  -0.0002877044
        0.0002745380  -0.0000315093   0.0002052083   0.0000169233  -0.0000888249
        0.0002302043  -0.0000034387  -0.0000969908  -0.0002681755  -0.0002727077
       -0.0001154733  -0.0000027678   0.0000001116  -0.0000167218   0.0000129477
       -0.0000075614   0.0000000318   0.0000004173   0.0000058500   0.0000079908
        0.0050385015   0.0739827617  -0.0696505365   0.0051784315   0.0240805925
       -0.0113716811  -0.0008144589   0.0001057777   0.0007890871  -0.0000654313
       -0.0000427687   0.0000667940   0.0000555989   0.0000120451  -0.0001070679
       -0.0001030923  -0.0000586464   0.0001691653   0.0000158743   0.0000629446
       -0.0000987942   0.0000099027  -0.0000247806   0.0000071960  -0.0012761184
        0.0112470774  -0.0032951089  -0.0092433289  -0.0877527438   0.0810094189
       -0.0022441343  -0.0226714156   0.0065959110  -0.0002143910   0.0005808057
        0.0002200331   0.0037394919   0.0009138527  -0.0045655615   0.0003691878
       -0.0003070361   0.0002461790  -0.0003467511   0.0000121813   0.0000391333
       -0.0000762659  -0.0000176324  -0.0001397720  -0.0000166990  -0.0001232956
        0.0000795939  -0.0000055804   0.0000015771   0.0000116836  -0.0000045489
        0.0000045428  -0.0000016318   0.0000038118  -0.0000058392  -0.0000040414
       -0.0730905911  -0.0502381903  -0.0636321801   0.0062648076   0.0103010774
        0.0139530185   0.0005708779   0.0000847153   0.0000166782  -0.0012302073
        0.0001138886   0.0004590119   0.0005925421  -0.0000494041  -0.0002428451
       -0.0003642371  -0.0001408713   0.0003950817   0.0000871274   0.0001188749
       -0.0002137043   0.0001082749  -0.0000337664  -0.0000461963  -0.0148449668
       -0.0173585306  -0.0237991256  -0.0008269029  -0.0025227887  -0.0022441343
        0.0853822591   0.0587111793   0.0724074755  -0.0013701991   0.0004050763
        0.0038457123   0.0005777086   0.0004304796  -0.0003296553  -0.0000605928
        0.0000042908  -0.0000178605  -0.0000241402  -0.0001292875  -0.0001749879
       -0.0000519200  -0.0001514827   0.0001058848  -0.0017328089   0.0004561782
       -0.0004854648  -0.0000125585   0.0000114236  -0.0000025352   0.0000162582
       -0.0000009813   0.0000064487   0.0000092690  -0.0000118809  -0.0000006222
       -0.0500992025  -0.1282068348  -0.1033893735   0.0009306810   0.0002638965
       -0.0017037679  -0.0000542062   0.0000564312  -0.0002305220  -0.0000793023
        0.0001221346  -0.0003426190  -0.0000915392  -0.0000265961   0.0002580620
        0.0000987750   0.0001243037  -0.0001840606  -0.0000411152  -0.0001125316
        0.0001461608  -0.0000539079   0.0000032502   0.0000152053   0.0034200142
        0.0057310106   0.0065022134  -0.0133839405  -0.0238642471  -0.0226714156
        0.0587111793   0.1441182024   0.1202563551   0.0001778759   0.0010436658
        0.0000354625   0.0001236882   0.0006860025   0.0007950957  -0.0001249021
       -0.0002672221  -0.0001065557  -0.0001025863  -0.0000633426   0.0000977532
       -0.0001301852  -0.0000009560   0.0001606584   0.0007052389   0.0004014684
        0.0003522636   0.0000123492  -0.0000078909   0.0000124260  -0.0000166585
        0.0000065789  -0.0000015696  -0.0000022558  -0.0000073234  -0.0000017720
       -0.0633341745  -0.1027986116  -0.1710070487  -0.0059923019  -0.0148465729
       -0.0234206191  -0.0004117650   0.0000072711   0.0005814689  -0.0005166183
        0.0001882784   0.0002750853   0.0000734513   0.0001967621  -0.0000700275
       -0.0000673507  -0.0001599828   0.0001342746  -0.0000356979   0.0000887070
       -0.0000378969  -0.0000252013   0.0000071150   0.0000169749  -0.0077894527
       -0.0067883811  -0.0091496277   0.0025749466   0.0042404136   0.0065959110
        0.0724074755   0.1202563551   0.2004035781   0.0038063914  -0.0002031942
       -0.0053128079  -0.0006300914  -0.0002559064   0.0004857912  -0.0000368128
       -0.0000249711  -0.0001517247  -0.0002273566  -0.0000145752   0.0000604872
        0.0002113086   0.0001899984  -0.0001676987   0.0000066351  -0.0000748849
        0.0007551677  -0.0000037358  -0.0000076914   0.0000185473  -0.0000047778
        0.0000065021  -0.0000029782  -0.0000048719  -0.0000066315  -0.0000068569
        0.0055067495   0.0085612333   0.0146453825  -0.0822646771  -0.0515899460
       -0.0739264662  -0.0181630717  -0.0119366975  -0.0212129896  -0.0038240115
        0.0026831260  -0.0007692587  -0.0023269532  -0.0004207014  -0.0010756367
        0.0004277334   0.0002506842  -0.0007672973  -0.0000133422  -0.0002219371
        0.0003259151  -0.0001839618   0.0001525447   0.0001238722   0.0006795600
        0.0003923132   0.0006150339   0.0003119471   0.0002951838  -0.0002143910
       -0.0013701991   0.0001778759   0.0038063914   0.1022739794   0.0571668394
        0.0827491790  -0.0016044998  -0.0048742360  -0.0041552795   0.0004837340
       -0.0002320417  -0.0000327163  -0.0000285279  -0.0006642117  -0.0003964508
        0.0001172051   0.0003011452   0.0000670500  -0.0000349901  -0.0000136390
        0.0002048705   0.0000261588  -0.0000294921   0.0000262710   0.0000189068
       -0.0000097109  -0.0000036500  -0.0000317397   0.0000116675  -0.0000098294
        0.0008244914   0.0005850897  -0.0015916366  -0.0519816467  -0.1070030293
       -0.0881393480   0.0061878954   0.0054790925   0.0080167442   0.0014505130
       -0.0001045827   0.0003814058   0.0003624111   0.0003377373   0.0003852915
        0.0001887068  -0.0000472646  -0.0000808785  -0.0000658223   0.0000231520
        0.0000848411  -0.0000098213  -0.0000162845  -0.0000151645   0.0002555606
       -0.0000807003  -0.0002103014   0.0000889651   0.0004200126   0.0005808057
        0.0004050763   0.0010436658  -0.0002031942   0.0571668394   0.1206490456
        0.1030251741  -0.0150773482  -0.0220201822  -0.0229515668   0.0002073898
        0.0003170990   0.0002616962  -0.0003064487   0.0003563561   0.0003143040
        0.0002540785   0.0001051781   0.0000093421   0.0000452356  -0.0000479017
        0.0001416707   0.0000029125  -0.0000026017  -0.0000088878  -0.0000061542
       -0.0000053595  -0.0000027119   0.0000071659   0.0000114778   0.0000024144
       -0.0063571770  -0.0143228474  -0.0245887340  -0.0738274578  -0.0879939882
       -0.1707345284  -0.0065672563  -0.0039405973  -0.0063965495  -0.0011855045
        0.0011956977   0.0008839405  -0.0010140140  -0.0001076918  -0.0003350749
        0.0003120513   0.0000018932  -0.0003614955  -0.0000590965  -0.0000610643
        0.0001005375  -0.0001056341   0.0000836722   0.0000630430  -0.0004145010
       -0.0001376391   0.0007616533  -0.0005708824  -0.0001359114   0.0002200331
        0.0038457123   0.0000354625  -0.0053128079   0.0827491790   0.1030251741
        0.1998149942   0.0022091139   0.0023631948   0.0052487002   0.0000593670
        0.0000108851  -0.0002723003   0.0006016940  -0.0000586780   0.0007850653
        0.0001033669   0.0000808267  -0.0000217277   0.0002053302  -0.0000225707
        0.0001467864   0.0000109258  -0.0000136566  -0.0000020379   0.0000148353
       -0.0000099690  -0.0000039394  -0.0000100521   0.0000078074   0.0000044419
       -0.0040061978  -0.0172339727   0.0084277974  -0.0460251716  -0.0292379661
        0.0072973589  -0.0005300696   0.0266968865  -0.0088337340   0.0006127404
        0.0014015947   0.0000983872   0.0005199116  -0.0003096756   0.0001162794
       -0.0001574454   0.0002041336  -0.0000016057   0.0001522756  -0.0001153094
        0.0000547564   0.0000505918  -0.0000809286   0.0000020723  -0.0000389023
       -0.0004071236  -0.0000126629  -0.0021592440  -0.0003581880   0.0037394919
        0.0005777086   0.0001236882  -0.0006300914  -0.0016044998  -0.0150773482
        0.0022091139   0.0573677215   0.0314962300  -0.0108214379  -0.0047992661
        0.0031759157  -0.0015071342   0.0004748695   0.0001832557  -0.0001456272
       -0.0004680898  -0.0003364750  -0.0001490736  -0.0000141039  -0.0000983418
        0.0001325710   0.0000212768  -0.0000037951   0.0000205407  -0.0000011391
       -0.0000082665   0.0000081042   0.0000270335  -0.0000143137  -0.0000051066
       -0.0020397275  -0.0029134630   0.0029761268  -0.0293697620  -0.2506636579
        0.0615342897   0.0028715866  -0.0165427702   0.0056082421  -0.0009679141
        0.0011065558  -0.0004057067   0.0001194871   0.0001411794  -0.0003284517
       -0.0002680415  -0.0002486579   0.0003492572  -0.0000904391   0.0000865411
       -0.0001612457   0.0000449167   0.0000350943  -0.0000225421  -0.0002203411
        0.0001552460  -0.0002048457  -0.0007165116   0.0008418679   0.0009138527
        0.0004304796   0.0006860025  -0.0002559064  -0.0048742360  -0.0220201822
        0.0023631948   0.0314962300   0.2905427891  -0.0728654003   0.0033598122
       -0.0013583803   0.0004934013  -0.0001194115  -0.0000921127  -0.0002383203
        0.0004149439   0.0003809108   0.0001891080  -0.0000359644  -0.0001311852
        0.0000449279  -0.0000181127  -0.0000108639  -0.0000008469   0.0000046645
        0.0000203420   0.0000027203  -0.0000216592  -0.0000152557   0.0000081449
        0.0067195422   0.0238596537  -0.0107071067   0.0071339250   0.0610727385
       -0.0625688348  -0.0009815283   0.0075353203  -0.0017565535   0.0002166306
        0.0007946015   0.0002072129   0.0002351709  -0.0001939818  -0.0001155164
       -0.0000786871  -0.0001052978   0.0002598661   0.0000047257   0.0000683709
       -0.0002129733   0.0000234987  -0.0000066768  -0.0000143966  -0.0003241238
        0.0000333972   0.0003717510   0.0039549364   0.0012014582  -0.0045655615
       -0.0003296553   0.0007950957   0.0004857912  -0.0041552795  -0.0229515668
        0.0052487002  -0.0108214379  -0.0728654003   0.0732336631  -0.0013521364
        0.0012295716   0.0002065845   0.0002224160  -0.0004205566   0.0001213396
       -0.0005123817  -0.0001428441   0.0000557286   0.0000251121   0.0000940545
       -0.0002465333  -0.0000048322   0.0000128113  -0.0000050455   0.0000107089
       -0.0000057708   0.0000048870   0.0000133955  -0.0000049783  -0.0000030028
        0.0010713937   0.0007241898  -0.0008061020  -0.0000554628   0.0255609923
       -0.0096607475  -0.0455987925  -0.0257175844   0.0117812349  -0.0040624325
       -0.0171875150   0.0030148030   0.0016519657   0.0004255836   0.0007070409
       -0.0006399999  -0.0007514866   0.0005236782   0.0001057537   0.0004220712
       -0.0003668096   0.0000477108   0.0000948040  -0.0000275022   0.0002036744
       -0.0001589716  -0.0000578193  -0.0004122743  -0.0002877044   0.0003691878
       -0.0000605928  -0.0001249021  -0.0000368128   0.0004837340   0.0002073898
        0.0000593670  -0.0047992661   0.0033598122  -0.0013521364   0.0550969155
        0.0304738164  -0.0108354274  -0.0021908122  -0.0155382160   0.0087481585
       -0.0013866912  -0.0019763330  -0.0025743470   0.0005821740   0.0004542767
        0.0005212713  -0.0000381389  -0.0000162241  -0.0000562205   0.0000751470
        0.0000243307   0.0000034812  -0.0000740054   0.0000116706   0.0000457018
       -0.0010166385   0.0009076700  -0.0001260256   0.0024719169  -0.0154478532
        0.0064718123  -0.0262390345  -0.2393814379   0.0773718690  -0.0060037046
       -0.0214811824   0.0037084576   0.0003137229   0.0011312164   0.0008618569
       -0.0001075135  -0.0005426436  -0.0001756743   0.0000652967   0.0002518148
       -0.0001467434   0.0000542178   0.0001323528  -0.0000513200  -0.0003129042
        0.0001402888   0.0000119102   0.0005201218   0.0002745380  -0.0003070361
        0.0000042908  -0.0002672221  -0.0000249711  -0.0002320417   0.0003170990
        0.0000108851   0.0031759157  -0.0013583803   0.0012295716   0.0304738164
        0.2791490846  -0.0893643357  -0.0014143609  -0.0017302240   0.0029255302
       -0.0021428847  -0.0023607447  -0.0030324779   0.0003524435   0.0002498803
        0.0006570033  -0.0000167708  -0.0000037692  -0.0000440134   0.0000716793
       -0.0000069703  -0.0000005814  -0.0000175684   0.0000264831   0.0000242825
        0.0003501976  -0.0010483677   0.0006810454  -0.0010820626   0.0071442457
       -0.0021078077   0.0122634738   0.0787931424  -0.0757462982  -0.0042435711
       -0.0193280399   0.0057777794   0.0014111574   0.0001975817   0.0004501911
       -0.0001239652   0.0002381730  -0.0000433054   0.0002051270   0.0001228287
       -0.0000263416   0.0000404079  -0.0001158117  -0.0000024941   0.0001045397
       -0.0000027003  -0.0001746144   0.0001341466  -0.0000315093   0.0002461790
       -0.0000178605  -0.0001065557  -0.0001517247  -0.0000327163   0.0002616962
       -0.0002723003  -0.0015071342   0.0004934013   0.0002065845  -0.0108354274
       -0.0893643357   0.0859845053   0.0060913480   0.0264065464  -0.0137518330
       -0.0027267625  -0.0029142519  -0.0019781977  -0.0000575455  -0.0007227580
        0.0008976853  -0.0000107351  -0.0000103580   0.0000158159  -0.0000147721
       -0.0000040913  -0.0000095961   0.0000521543  -0.0000088362   0.0000047272
       -0.0051661216   0.0029334161  -0.0012940612  -0.0195079931   0.0029787672
        0.0223782840  -0.1013627084   0.0040561424   0.1018536962   0.0059513095
       -0.0017470546  -0.0138335664   0.0020007522  -0.0002134541   0.0003547339
       -0.0003069707   0.0003345375  -0.0008336473  -0.0002050225  -0.0004432353
        0.0005595722   0.0000466362  -0.0000037160   0.0000580768  -0.0012690272
        0.0001707855   0.0012206004   0.0001848309   0.0002052083  -0.0003467511
       -0.0000241402  -0.0001025863  -0.0002273566  -0.0000285279  -0.0003064487
        0.0006016940   0.0004748695  -0.0001194115   0.0002224160  -0.0021908122
       -0.0014143609   0.0060913480   0.1221349553  -0.0051844837  -0.1143860069
        0.0004578765   0.0004449920  -0.0000033485  -0.0012137694  -0.0016003043
       -0.0024950975   0.0000643032  -0.0000214356   0.0000354636   0.0000279983
       -0.0000375641   0.0000348405  -0.0000684383   0.0000702061   0.0000091098
        0.0021388369  -0.0003906771   0.0006908804   0.0085465084  -0.0004382224
       -0.0102038020   0.0033040304  -0.0463144272  -0.0061129556   0.0072232439
       -0.0016284307  -0.0179373318   0.0002482297   0.0001219115   0.0014454535
        0.0000508956   0.0010493803  -0.0010351201   0.0004080840  -0.0004995108
        0.0005964229   0.0000970598  -0.0002322729   0.0000503917   0.0004794944
        0.0000919142  -0.0005649987   0.0000816334   0.0000169233   0.0000121813
       -0.0001292875  -0.0000633426  -0.0000145752  -0.0006642117   0.0003563561
       -0.0000586780   0.0001832557  -0.0000921127  -0.0004205566  -0.0155382160
       -0.0017302240   0.0264065464  -0.0051844837   0.0509006668   0.0108973247
        0.0005526815   0.0003952948  -0.0006604129  -0.0018893534  -0.0014696359
       -0.0031288559   0.0000285634  -0.0000272491   0.0000228310  -0.0000401450
       -0.0000165167  -0.0000071467   0.0001031801  -0.0000298248   0.0000224018
       -0.0001921184   0.0000339087   0.0010885481  -0.0009296696   0.0001427645
        0.0026952127   0.1015098141  -0.0069866041  -0.2113807747   0.0073609933
       -0.0050925887  -0.0251700397   0.0009796481   0.0008557917   0.0012946370
       -0.0007132242  -0.0000501211  -0.0009797080   0.0005026326  -0.0000655401
        0.0006204157   0.0000827198  -0.0000194896   0.0000199568   0.0000077578
       -0.0000780977   0.0000100163  -0.0001660939  -0.0000888249   0.0000391333
       -0.0001749879   0.0000977532   0.0000604872  -0.0003964508   0.0003143040
        0.0007850653  -0.0001456272  -0.0002383203   0.0001213396   0.0087481585
        0.0029255302  -0.0137518330  -0.1143860069   0.0108973247   0.2468265871
        0.0006274795   0.0005303226   0.0006256591  -0.0027353552  -0.0032114407
       -0.0029212672   0.0000254515  -0.0000066997  -0.0000379732   0.0000551122
       -0.0000080044   0.0000117939  -0.0000602334   0.0000480318   0.0000427435
       -0.0002148050   0.0001111042  -0.0000620110   0.0006319664  -0.0011794992
        0.0003259806  -0.0038350107  -0.0158875893   0.0029292786  -0.0454239773
       -0.0372886450   0.0161623329  -0.0095201656   0.0341103482  -0.0119428725
        0.0006396472   0.0025018174  -0.0012796496  -0.0000655424  -0.0007073866
        0.0001400884  -0.0000811228  -0.0006709465  -0.0002510823   0.0000031675
        0.0000188561  -0.0000285910   0.0001870218   0.0002302043  -0.0000762659
       -0.0000519200  -0.0001301852   0.0002113086   0.0001172051   0.0002540785
        0.0001033669  -0.0004680898   0.0004149439  -0.0005123817  -0.0013866912
       -0.0021428847  -0.0027267625   0.0004578765   0.0005526815   0.0006274795
        0.0599069574   0.0324321565  -0.0099935644  -0.0011850303  -0.0123472006
        0.0062364618   0.0001257958  -0.0000720033   0.0001117425  -0.0000298678
       -0.0000473873   0.0000340007   0.0001925854  -0.0001524630  -0.0000088597
       -0.0000019123   0.0000583919  -0.0000655813   0.0005532042   0.0008505812
        0.0004317018  -0.0069994394  -0.0204234251   0.0032358458  -0.0341786612
       -0.2289146432   0.0714777833   0.0140234989  -0.0217622369   0.0087159065
       -0.0016380715  -0.0003560843   0.0024902941  -0.0007618995   0.0007954896
       -0.0016063118   0.0000055287   0.0001349977   0.0000857325   0.0000695692
        0.0000292128  -0.0000076141   0.0001293941  -0.0000034387  -0.0000176324
       -0.0001514827  -0.0000009560   0.0001899984   0.0003011452   0.0001051781
        0.0000808267  -0.0003364750   0.0003809108  -0.0001428441  -0.0019763330
       -0.0023607447  -0.0029142519   0.0004449920   0.0003952948   0.0005303226
        0.0324321565   0.2723396843  -0.0846950589  -0.0016340797  -0.0014408102
        0.0022853825  -0.0001269431   0.0000372102  -0.0000913180  -0.0000326182
        0.0000908403  -0.0000233926  -0.0001215732   0.0000445475   0.0000402110
        0.0001337192   0.0001281375   0.0000889756   0.0004341357  -0.0005839170
        0.0004764955  -0.0045764759  -0.0177054023   0.0055206887   0.0147840919
        0.0732077201  -0.0715579781  -0.0055670477   0.0088051169  -0.0025322682
        0.0007435858  -0.0012962088   0.0018928439   0.0001307324  -0.0002537504
       -0.0008445895  -0.0001210847   0.0002923389  -0.0000974503   0.0000121188
       -0.0000272391  -0.0000065627  -0.0000489385  -0.0000969908  -0.0001397720
        0.0001058848   0.0001606584  -0.0001676987   0.0000670500   0.0000093421
       -0.0000217277  -0.0001490736   0.0001891080   0.0000557286  -0.0025743470
       -0.0030324779  -0.0019781977  -0.0000033485  -0.0006604129   0.0006256591
       -0.0099935644  -0.0846950589   0.0810839694   0.0065373086   0.0255917872
       -0.0123838717   0.0000288660   0.0000270277   0.0000028742   0.0000180737
       -0.0000272386   0.0000250243   0.0000383132  -0.0000325401  -0.0000421429
       -0.0007369811  -0.0003795848  -0.0004402009   0.0004515609  -0.0000498831
        0.0000896524   0.0062700232  -0.0008329518  -0.0125373786  -0.0768354174
       -0.0009843065   0.0891156569  -0.0265190591   0.0038564452   0.0253212448
       -0.0044910401   0.0047228166   0.0006269684   0.0007352478   0.0001169095
       -0.0006137324  -0.0015455488  -0.0007539343   0.0002880868   0.0001684900
        0.0000974025   0.0002138951  -0.0001146783  -0.0002681755  -0.0000166990
       -0.0017328089   0.0007052389   0.0000066351  -0.0000349901   0.0000452356
        0.0002053302  -0.0000141039  -0.0000359644   0.0000251121   0.0005821740
        0.0003524435  -0.0000575455  -0.0012137694  -0.0018893534  -0.0027353552
       -0.0011850303  -0.0016340797   0.0065373086   0.1063935024  -0.0031457002
       -0.1060086327   0.0000539148  -0.0000384077   0.0001012334  -0.0003406444
        0.0001971794  -0.0000701081   0.0001091589  -0.0000813298  -0.0000514715
        0.0002969231   0.0002157113   0.0003315919   0.0002002329   0.0003283970
        0.0002894523   0.0053400968  -0.0005989778  -0.0162784923  -0.0032379185
       -0.0423803934   0.0016754222   0.0127843511  -0.0004145254  -0.0123455850
        0.0011929157  -0.0025795809   0.0017241183  -0.0010935183   0.0007931283
       -0.0004935144   0.0008648477   0.0003748301  -0.0001256187   0.0000237739
       -0.0001547518  -0.0000448962  -0.0002213073  -0.0002727077  -0.0001232956
        0.0004561782   0.0004014684  -0.0000748849  -0.0000136390  -0.0000479017
       -0.0000225707  -0.0000983418  -0.0001311852   0.0000940545   0.0004542767
        0.0002498803  -0.0007227580  -0.0016003043  -0.0014696359  -0.0032114407
       -0.0123472006  -0.0014408102   0.0255917872  -0.0031457002   0.0471258507
        0.0037388255  -0.0000181030   0.0000742114  -0.0000545144   0.0001975362
       -0.0000915093   0.0000546810  -0.0000350994   0.0000185018  -0.0000023621
        0.0003573721  -0.0001235684   0.0001595665   0.0003393485   0.0000814585
        0.0001915714   0.0058914283  -0.0029242635  -0.0222870791   0.0931993290
       -0.0000035958  -0.2368940442   0.0027324850  -0.0006693020   0.0035706643
       -0.0004452377   0.0002152556  -0.0007573459   0.0000949145  -0.0005149355
        0.0008011227  -0.0001990654  -0.0000715341   0.0001064481   0.0001517338
        0.0000156372   0.0001558899  -0.0001141359  -0.0001154733   0.0000795939
       -0.0004854648   0.0003522636   0.0007551677   0.0002048705   0.0001416707
        0.0001467864   0.0001325710   0.0000449279  -0.0002465333   0.0005212713
        0.0006570033   0.0008976853  -0.0024950975  -0.0031288559  -0.0029212672
        0.0062364618   0.0022853825  -0.0123838717  -0.1060086327   0.0037388255
        0.2685869958   0.0000090061  -0.0000126600   0.0000419225  -0.0000776885
        0.0000066343  -0.0000016488  -0.0000454694   0.0000251296  -0.0000016242
        0.0000046474  -0.0000145959   0.0000278352  -0.0000062626   0.0000018432
        0.0000290895   0.0000181650   0.0000064695   0.0000332959  -0.0000387092
        0.0000666453  -0.0002234928   0.0004014789   0.0004669511   0.0003111813
        0.0036402821   0.0055480948  -0.0222130656  -0.0055227993   0.0068114627
       -0.0037852965  -0.0448581060  -0.0077216969   0.0172943331   0.0000227066
       -0.0000072357   0.0000084252  -0.0000120557  -0.0000027678  -0.0000055804
       -0.0000125585   0.0000123492  -0.0000037358   0.0000261588   0.0000029125
        0.0000109258   0.0000212768  -0.0000181127  -0.0000048322  -0.0000381389
       -0.0000167708  -0.0000107351   0.0000643032   0.0000285634   0.0000254515
        0.0001257958  -0.0001269431   0.0000288660   0.0000539148  -0.0000181030
        0.0000090061   0.0472230252   0.0047219094  -0.0171818602  -0.0022342677
       -0.0088929960   0.0231033768   0.0011211431  -0.0008479792   0.0025468121
       -0.0000057285   0.0000154089  -0.0000118697  -0.0000293533  -0.0000221755
       -0.0000346352  -0.0000807113   0.0000417208  -0.0000525244  -0.0001999429
        0.0000266944   0.0000350327  -0.0014246350  -0.0005852581  -0.0000193053
        0.0020087226  -0.0068143384   0.0155810607   0.0044920309  -0.0026709255
        0.0025972512  -0.0076072942  -0.0672995929   0.0784339768  -0.0000101975
       -0.0000000993  -0.0000044602  -0.0000012363   0.0000001116   0.0000015771
        0.0000114236  -0.0000078909  -0.0000076914  -0.0000294921  -0.0000026017
       -0.0000136566  -0.0000037951  -0.0000108639   0.0000128113  -0.0000162241
       -0.0000037692  -0.0000103580  -0.0000214356  -0.0000272491  -0.0000066997
       -0.0000720033   0.0000372102   0.0000270277  -0.0000384077   0.0000742114
       -0.0000126600   0.0047219094   0.0769367975  -0.0917835758  -0.0030010755
       -0.0068337491   0.0180580137   0.0013074459   0.0071463589  -0.0227893149
        0.0000088742  -0.0000073070   0.0000074434   0.0000610784  -0.0000022423
        0.0000528921   0.0001714542  -0.0000075449   0.0000471524   0.0005277984
       -0.0000831093   0.0001735436  -0.0001417653  -0.0008861404   0.0006324765
       -0.0012348982   0.0050972519  -0.0102290967  -0.0021271410   0.0021545357
       -0.0002127457   0.0155095968   0.0788605226  -0.2650117627   0.0000061303
       -0.0000005051   0.0000041387  -0.0000059345  -0.0000167218   0.0000116836
       -0.0000025352   0.0000124260   0.0000185473   0.0000262710  -0.0000088878
       -0.0000020379   0.0000205407  -0.0000008469  -0.0000050455  -0.0000562205
       -0.0000440134   0.0000158159   0.0000354636   0.0000228310  -0.0000379732
        0.0001117425  -0.0000913180   0.0000028742   0.0001012334  -0.0000545144
        0.0000419225  -0.0171818602  -0.0917835758   0.3025928072   0.0020814050
        0.0027545889  -0.0050766515   0.0020887664   0.0040845709  -0.0230259844
       -0.0000365599   0.0000052681  -0.0000073479  -0.0000311429   0.0000183202
        0.0000238513   0.0000644325  -0.0000213231   0.0000155059  -0.0007969523
        0.0003995935   0.0013423307  -0.0057404321   0.0027278199  -0.0008315379
       -0.0256458598  -0.0133203754   0.0011742725   0.0025835949  -0.0005912183
        0.0021102755  -0.1979725528  -0.1197713297   0.0229326729   0.0000021219
        0.0000027965  -0.0000074834   0.0000246691   0.0000129477  -0.0000045489
        0.0000162582  -0.0000166585  -0.0000047778   0.0000189068  -0.0000061542
        0.0000148353  -0.0000011391   0.0000046645   0.0000107089   0.0000751470
        0.0000716793  -0.0000147721   0.0000279983  -0.0000401450   0.0000551122
       -0.0000298678  -0.0000326182   0.0000180737  -0.0003406444   0.0001975362
       -0.0000776885  -0.0022342677  -0.0030010755   0.0020814050   0.2289569153
        0.1356283975  -0.0280740433   0.0010593749  -0.0022681256  -0.0007568445
        0.0000110410   0.0000014080  -0.0000033812   0.0000427433  -0.0000142082
        0.0000035983  -0.0000129693  -0.0000029950  -0.0000040579   0.0010996835
       -0.0003795267  -0.0006334055   0.0028580411  -0.0010482486   0.0001014710
        0.0102129016   0.0084848140  -0.0002333794  -0.0002132801   0.0002869575
       -0.0015915563  -0.1195464481  -0.1276439978   0.0211891066  -0.0000120840
        0.0000060189   0.0000015720   0.0000053632  -0.0000075614   0.0000045428
       -0.0000009813   0.0000065789   0.0000065021  -0.0000097109  -0.0000053595
       -0.0000099690  -0.0000082665   0.0000203420  -0.0000057708   0.0000243307
       -0.0000069703  -0.0000040913  -0.0000375641  -0.0000165167  -0.0000080044
       -0.0000473873   0.0000908403  -0.0000272386   0.0001971794  -0.0000915093
        0.0000066343  -0.0088929960  -0.0068337491   0.0027545889   0.1356283975
        0.1455015191  -0.0216795647  -0.0212979936  -0.0183478360   0.0001324031
       -0.0000132957   0.0000014403   0.0000026419  -0.0000162266  -0.0000078699
        0.0000137850  -0.0000083356   0.0000292666   0.0000146335   0.0001538516
       -0.0000117261   0.0002477568  -0.0014212567   0.0003391506   0.0009768693
       -0.0018689498  -0.0067479743   0.0019563906   0.0002570212   0.0011480818
       -0.0008224428   0.0228424168   0.0221592023  -0.0468101656  -0.0000011127
        0.0000014051  -0.0000009808   0.0000027828   0.0000000318  -0.0000016318
        0.0000064487  -0.0000015696  -0.0000029782  -0.0000036500  -0.0000027119
       -0.0000039394   0.0000081042   0.0000027203   0.0000048870   0.0000034812
       -0.0000005814  -0.0000095961   0.0000348405  -0.0000071467   0.0000117939
        0.0000340007  -0.0000233926   0.0000250243  -0.0000701081   0.0000546810
       -0.0000016488   0.0231033768   0.0180580137  -0.0050766515  -0.0280740433
       -0.0216795647   0.0475081535  -0.0149693460  -0.0133114565   0.0019680992
        0.0000194603  -0.0000154261  -0.0000076453  -0.0000237121  -0.0000821170
       -0.0000924350  -0.0002268536   0.0001054244   0.0000029953  -0.0013303628
       -0.0008678948  -0.0005712966  -0.0028092613   0.0001677336  -0.0004437845
       -0.0039840175   0.0230494609   0.0140026516  -0.0010048922  -0.0015707170
       -0.0005482666  -0.0369414837   0.0177356772   0.0145171107   0.0000179314
       -0.0000065607  -0.0000024880  -0.0000078013   0.0000004173   0.0000038118
        0.0000092690  -0.0000022558  -0.0000048719  -0.0000317397   0.0000071659
       -0.0000100521   0.0000270335  -0.0000216592   0.0000133955  -0.0000740054
       -0.0000175684   0.0000521543  -0.0000684383   0.0001031801  -0.0000602334
        0.0001925854  -0.0001215732   0.0000383132   0.0001091589  -0.0000350994
       -0.0000454694   0.0011211431   0.0013074459   0.0020887664   0.0010593749
       -0.0212979936  -0.0149693460   0.0439466116  -0.0184376399  -0.0139633099
       -0.0000114675   0.0000090900   0.0000108017  -0.0000370548   0.0000587252
        0.0000298424   0.0000855302  -0.0000442031  -0.0000494722   0.0001395451
        0.0005732146   0.0001297387   0.0010460629  -0.0005966410   0.0005064939
        0.0057496195  -0.0165713258  -0.0100069761   0.0008431335   0.0014640322
        0.0015761648   0.0139110559  -0.1871650905  -0.1214003928  -0.0000015224
       -0.0000023211   0.0000037441  -0.0000047148   0.0000058500  -0.0000058392
       -0.0000118809  -0.0000073234  -0.0000066315   0.0000116675   0.0000114778
        0.0000078074  -0.0000143137  -0.0000152557  -0.0000049783   0.0000116706
        0.0000264831  -0.0000088362   0.0000702061  -0.0000298248   0.0000480318
       -0.0001524630   0.0000445475  -0.0000325401  -0.0000813298   0.0000185018
        0.0000251296  -0.0008479792   0.0071463589   0.0040845709  -0.0022681256
       -0.0183478360  -0.0133114565  -0.0184376399   0.2134215405   0.1384047976
       -0.0000071083  -0.0000030685  -0.0000033866  -0.0000207594   0.0000138134
       -0.0000099161  -0.0000490859  -0.0000123850   0.0000122014  -0.0001906360
       -0.0001137050  -0.0000538179   0.0000993751   0.0001854967   0.0002948562
        0.0025872237   0.0020175103   0.0053127498  -0.0010647203   0.0004769802
       -0.0020293430   0.0108396256  -0.1184186890  -0.1356565260  -0.0000035062
        0.0000048496  -0.0000015191   0.0000040117   0.0000079908  -0.0000040414
       -0.0000006222  -0.0000017720  -0.0000068569  -0.0000098294   0.0000024144
        0.0000044419  -0.0000051066   0.0000081449  -0.0000030028   0.0000457018
        0.0000242825   0.0000047272   0.0000091098   0.0000224018   0.0000427435
       -0.0000088597   0.0000402110  -0.0000421429  -0.0000514715  -0.0000023621
       -0.0000016242   0.0025468121  -0.0227893149  -0.0230259844  -0.0007568445
        0.0001324031   0.0019680992  -0.0139633099   0.1384047976   0.1531983421
