*************************************************
******************* ORCA 6.0.1 ******************
*************************************************
$Calculation_Status
   &GeometryIndex 1
   &ListStatus       OUT
   &VERSION [&Type "String"] "6.0.1"
   &PROGNAME [&Type "String"] "LeanSCF"
   &STATUS [&Type "String"] "NORMAL TERMINATION"
$End
$Geometry
   &GeometryIndex 1
   &ListStatus       OUT
   &NATOMS [&Type "Integer"] 23
   &NCORELESSECP [&Type "Integer"] 0
   &NGHOSTATOMS [&Type "Integer"] 0
   &CartesianCoordinates [&Type "Coordinates", &Dim(23,4), &Units "Bohr"] 
              C      5.390260444254   -1.703146728098    0.566918310340
              C      4.240536691308    0.648507072144   -0.637914007265
              C      1.402614396762    0.404547926181   -1.138084295495
              C     -0.159557845417    0.416961902250    1.289959260515
              C     -3.030529719622    0.214218128487    0.910539416745
              C     -4.095811798401    2.431666220346   -0.600210194087
              C     -3.785151262343   -2.289949771255   -0.312155616510
              H      5.016461880564   -3.357806770266   -0.594326800110
              H      7.425614286230   -1.486491380320    0.750742000163
              H      4.612216425459   -2.032543789547    2.438615219551
              H      5.194858594215    1.001875572085   -2.434686199617
              H      4.581520809614    2.280716122445    0.579386984721
              H      0.816824768566    1.984074810540   -2.327279345905
              H      1.062544436308   -1.340449034226   -2.182049227157
              H      0.434128242669   -1.156874498179    2.484418609455
              H      0.240968584058    2.162969089272    2.319763895054
              H     -3.878318015988    0.274325755386    2.802110372749
              H     -6.150364806065    2.373287680954   -0.587784687476
              H     -3.493048910852    4.219910926576    0.213858052133
              H     -3.469225021043    2.354978260125   -2.554873150420
              H     -3.142829871004   -2.375057001109   -2.261293525933
              H     -5.830367574808   -2.493966982327   -0.305705147279
              H     -2.972444139371   -3.872395383737    0.717041160973
$End
$SCF_Energy
   &GeometryIndex 1
   &ListStatus       OUT
   &SCF_ENERGY [&Type "Double"]      -2.7573925934351541e+02
$End
$DFT_Energy
   &GeometryIndex 1
   &ListStatus       OUT
   &NALPHAEL [&Type "Integer"] 28
   &NBETAEL [&Type "Integer"] 28
   &NTOTALEL [&Type "Integer"] 57
   &EEXCHANGE [&Type "Double"]      -4.1682732172810638e+01
   &ECORR [&Type "Double"]      -1.8875786168597557e+00
   &ECNL [&Type "Double"]       0.0000000000000000e+00
   &EXC [&Type "Double"]      -4.3570310789670394e+01
   &EEMBED [&Type "Double"]       0.0000000000000000e+00
   &FINALEN [&Type "Double"]      -2.7573925934351541e+02  "No Van der Waals correction"
$End
$Mulliken_Population_Analysis
   &GeometryIndex 1
   &ListStatus       OUT
   &NATOMS [&Type "Integer"] 23
   &ATNO [&Type "ArrayOfIntegers", &Dim (23,1)] 
                                                         0

0                                                        6
1                                                        6
2                                                        6
3                                                        6
4                                                        6
5                                                        6
6                                                        6
7                                                        1
8                                                        1
9                                                        1
10                                                       1
11                                                       1
12                                                       1
13                                                       1
14                                                       1
15                                                       1
16                                                       1
17                                                       1
18                                                       1
19                                                       1
20                                                       1
21                                                       1
22                                                       1
   &ATOMICCHARGES [&Type "ArrayOfDoubles", &Dim (23,1)] 
                                                         0

0                                     -2.9367090607725110e-01
1                                     -1.5544406048933990e-01
2                                     -1.8844961721258979e-01
3                                     -1.5687994852422094e-01
4                                     -1.4050509514323561e-01
5                                     -2.5815244261489845e-01
6                                     -2.5922435358350615e-01
7                                      9.6411672699528994e-02
8                                      1.0166886112444118e-01
9                                      1.0884459544319236e-01
10                                     8.1625051981180530e-02
11                                     7.9376992812218550e-02
12                                     8.5239299910528699e-02
13                                     8.3703386633779964e-02
14                                     8.2981712481464909e-02
15                                     7.3760500963803377e-02
16                                     6.6949690423615982e-02
17                                     9.6552993389862340e-02
18                                     9.5618837619644959e-02
19                                     1.0386150012690654e-01
20                                     1.0337524626401806e-01
21                                     9.6692751989431169e-02
22                                     9.5663329781433770e-02
$End
$Loewdin_Population_Analysis
   &GeometryIndex 1
   &ListStatus       OUT
   &NATOMS [&Type "Integer"] 23
   &ATNO [&Type "ArrayOfIntegers", &Dim (23,1)] 
                                                         0

0                                                        6
1                                                        6
2                                                        6
3                                                        6
4                                                        6
5                                                        6
6                                                        6
7                                                        1
8                                                        1
9                                                        1
10                                                       1
11                                                       1
12                                                       1
13                                                       1
14                                                       1
15                                                       1
16                                                       1
17                                                       1
18                                                       1
19                                                       1
20                                                       1
21                                                       1
22                                                       1
   &ATOMICCHARGES [&Type "ArrayOfDoubles", &Dim (23,1)] 
                                                         0

0                                      3.0441756290086330e-02
1                                      1.4713846609870224e-01
2                                      2.4592537709756110e-01
3                                      2.9978779652914495e-01
4                                      2.2183025148584201e-01
5                                      2.2657616376553689e-02
6                                      2.7689371849625343e-02
7                                      2.0477189225412863e-05
8                                      8.0777111158806517e-04
9                                      9.0503813606635606e-05
10                                     2.4038034774209212e-04
11                                     1.7291712392949760e-04
12                                     3.0667691790163781e-04
13                                     1.0211754490880364e-04
14                                     2.9990271164553016e-04
15                                     4.0349807454007297e-04
16                                     2.3558987753894242e-04
17                                     8.1918405452916692e-04
18                                     2.2111266158879898e-05
19                                     3.9750816250962048e-05
20                                     6.3598211984478118e-05
21                                     8.9609495131091400e-04
22                                     8.7902596242393067e-06
$End
$Mayer_Population_Analysis
   &GeometryIndex 1
   &ListStatus       OUT
   &NATOMS [&Type "Integer"] 23 "Total number of atoms"
   &BONDTHRESH [&Type "Double"]       1.0000000000000001e-01  "The threshold for printing"
   &NBONDORDERSPRINT [&Type "Integer"] 22 "The number of bond orders larger than threshold"
   &BONDORDERS [&Type "ArrayOfDoubles", &Dim (22,1)] "The bond orders"
                                                         0

0                                      1.1539004389352514e+00
1                                      9.5451121792019589e-01
2                                      9.5173527899823274e-01
3                                      9.5060504366261001e-01
4                                      1.1227244904919689e+00
5                                      9.2755862205166728e-01
6                                      9.2490183148175853e-01
7                                      1.1286954371345326e+00
8                                      9.1459524510759160e-01
9                                      9.1678026501443555e-01
10                                     1.0856726384532973e+00
11                                     9.1493242972222688e-01
12                                     9.1674634216971240e-01
13                                     1.1099666958580747e+00
14                                     1.1084902752227352e+00
15                                     9.0207376236198622e-01
16                                     9.5064140184503698e-01
17                                     9.5156728248559430e-01
18                                     9.4423946171581630e-01
19                                     9.4484970621199571e-01
20                                     9.5064678770254363e-01
21                                     9.5148633068796529e-01
   &COMPONENTS [&Type "ArrayOfIntegers", &Dim (22,4)] "The indices and atomic numbers of the bonding atoms"
                                                         0                           1                           2                           3

0                                                        0                           6                           1                           6
1                                                        0                           6                           7                           1
2                                                        0                           6                           8                           1
3                                                        0                           6                           9                           1
4                                                        1                           6                           2                           6
5                                                        1                           6                          10                           1
6                                                        1                           6                          11                           1
7                                                        2                           6                           3                           6
8                                                        2                           6                          12                           1
9                                                        2                           6                          13                           1
10                                                       3                           6                           4                           6
11                                                       3                           6                          14                           1
12                                                       3                           6                          15                           1
13                                                       4                           6                           5                           6
14                                                       4                           6                           6                           6
15                                                       4                           6                          16                           1
16                                                       5                           6                          17                           1
17                                                       5                           6                          18                           1
18                                                       5                           6                          19                           1
19                                                       6                           6                          20                           1
20                                                       6                           6                          21                           1
21                                                       6                           6                          22                           1
   &ATNO [&Type "ArrayOfIntegers", &Dim (23,1)] "Atomic number of the elements"
                                                         0

0                                                        6
1                                                        6
2                                                        6
3                                                        6
4                                                        6
5                                                        6
6                                                        6
7                                                        1
8                                                        1
9                                                        1
10                                                       1
11                                                       1
12                                                       1
13                                                       1
14                                                       1
15                                                       1
16                                                       1
17                                                       1
18                                                       1
19                                                       1
20                                                       1
21                                                       1
22                                                       1
   &NA [&Type "ArrayOfDoubles", &Dim (23,1)] "Mulliken gross atomic population"
                                                         0

0                                      6.2936709060772484e+00
1                                      6.1554440604893452e+00
2                                      6.1884496172126058e+00
3                                      6.1568799485242183e+00
4                                      6.1405050951432356e+00
5                                      6.2581524426148913e+00
6                                      6.2592243535835239e+00
7                                      9.0358832730047067e-01
8                                      8.9833113887555915e-01
9                                      8.9115540455680797e-01
10                                     9.1837494801882014e-01
11                                     9.2062300718778078e-01
12                                     9.1476070008947119e-01
13                                     9.1629661336622004e-01
14                                     9.1701828751853476e-01
15                                     9.2623949903619684e-01
16                                     9.3305030957638413e-01
17                                     9.0344700661013722e-01
18                                     9.0438116238035549e-01
19                                     8.9613849987309346e-01
20                                     8.9662475373598183e-01
21                                     9.0330724801056961e-01
22                                     9.0433667021856601e-01
   &ZA [&Type "ArrayOfDoubles", &Dim (23,1)] "Total nuclear charge"
                                                         0

0                                      6.0000000000000000e+00
1                                      6.0000000000000000e+00
2                                      6.0000000000000000e+00
3                                      6.0000000000000000e+00
4                                      6.0000000000000000e+00
5                                      6.0000000000000000e+00
6                                      6.0000000000000000e+00
7                                      1.0000000000000000e+00
8                                      1.0000000000000000e+00
9                                      1.0000000000000000e+00
10                                     1.0000000000000000e+00
11                                     1.0000000000000000e+00
12                                     1.0000000000000000e+00
13                                     1.0000000000000000e+00
14                                     1.0000000000000000e+00
15                                     1.0000000000000000e+00
16                                     1.0000000000000000e+00
17                                     1.0000000000000000e+00
18                                     1.0000000000000000e+00
19                                     1.0000000000000000e+00
20                                     1.0000000000000000e+00
21                                     1.0000000000000000e+00
22                                     1.0000000000000000e+00
   &QA [&Type "ArrayOfDoubles", &Dim (23,1)] "Mulliken gross atomic charge"
                                                         0

0                                     -2.9367090607724844e-01
1                                     -1.5544406048934523e-01
2                                     -1.8844961721260578e-01
3                                     -1.5687994852421827e-01
4                                     -1.4050509514323561e-01
5                                     -2.5815244261489134e-01
6                                     -2.5922435358352391e-01
7                                      9.6411672699529327e-02
8                                      1.0166886112444085e-01
9                                      1.0884459544319203e-01
10                                     8.1625051981179864e-02
11                                     7.9376992812219216e-02
12                                     8.5239299910528810e-02
13                                     8.3703386633779964e-02
14                                     8.2981712481465242e-02
15                                     7.3760500963803155e-02
16                                     6.6949690423615871e-02
17                                     9.6552993389862785e-02
18                                     9.5618837619644514e-02
19                                     1.0386150012690654e-01
20                                     1.0337524626401817e-01
21                                     9.6692751989430392e-02
22                                     9.5663329781433992e-02
   &VA [&Type "ArrayOfDoubles", &Dim (23,1)] "Mayer's total valence"
                                                         0

0                                      4.0221840613090505e+00
1                                      4.1467707750119853e+00
2                                      4.1061324917887072e+00
3                                      4.0578379727050473e+00
4                                      4.2547858783789465e+00
5                                      3.9619885418279117e+00
6                                      3.9611612037589983e+00
7                                      9.5814665279051570e-01
8                                      9.4954066038728957e-01
9                                      9.5809098740557264e-01
10                                     9.4255569010223228e-01
11                                     9.5069615204059177e-01
12                                     9.5358672918751419e-01
13                                     9.6048720337802884e-01
14                                     9.5961221634158811e-01
15                                     9.5513612166557438e-01
16                                     9.3634767625486237e-01
17                                     9.5494655716696464e-01
18                                     9.5765141609779625e-01
19                                     9.6392909403243521e-01
20                                     9.6441658294109678e-01
21                                     9.5487652729351125e-01
22                                     9.5835145646992792e-01
   &BVA [&Type "ArrayOfDoubles", &Dim (23,1)] "Mayer's bonded valence"
                                                         0

0                                      4.0221840613090301e+00
1                                      4.1467707750119640e+00
2                                      4.1061324917886814e+00
3                                      4.0578379727050766e+00
4                                      4.2547858783789740e+00
5                                      3.9619885418279042e+00
6                                      3.9611612037589681e+00
7                                      9.5814665279051914e-01
8                                      9.4954066038728469e-01
9                                      9.5809098740557219e-01
10                                     9.4255569010222595e-01
11                                     9.5069615204059177e-01
12                                     9.5358672918751697e-01
13                                     9.6048720337802906e-01
14                                     9.5961221634158844e-01
15                                     9.5513612166557393e-01
16                                     9.3634767625486215e-01
17                                     9.5494655716695931e-01
18                                     9.5765141609778848e-01
19                                     9.6392909403243343e-01
20                                     9.6441658294108645e-01
21                                     9.5487652729350769e-01
22                                     9.5835145646992859e-01
   &FA [&Type "ArrayOfDoubles", &Dim (23,1)] "Mayer's free valence"
                                                         0

0                                      0.0000000000000000e+00
1                                      0.0000000000000000e+00
2                                      0.0000000000000000e+00
3                                      0.0000000000000000e+00
4                                      0.0000000000000000e+00
5                                      0.0000000000000000e+00
6                                      0.0000000000000000e+00
7                                      0.0000000000000000e+00
8                                      0.0000000000000000e+00
9                                      0.0000000000000000e+00
10                                     0.0000000000000000e+00
11                                     0.0000000000000000e+00
12                                     0.0000000000000000e+00
13                                     0.0000000000000000e+00
14                                     0.0000000000000000e+00
15                                     0.0000000000000000e+00
16                                     0.0000000000000000e+00
17                                     0.0000000000000000e+00
18                                     0.0000000000000000e+00
19                                     0.0000000000000000e+00
20                                     0.0000000000000000e+00
21                                     0.0000000000000000e+00
22                                     0.0000000000000000e+00
$End
$VdW_Correction
   &GeometryIndex 1
   &ListStatus       OUT
   &VDW [&Type "Double"]      -1.7949131025207253e-02
$End
$Calculation_Info
   &GeometryIndex 1
   &ListStatus       OUT
   &MULT [&Type "Integer"] 1
   &CHARGE [&Type "Integer"] 0
   &NUMOFATOMS [&Type "Integer"] 23
   &NUMOFELECTRONS [&Type "Integer"] 58
   &NUMOFFCELECTRONS [&Type "Integer"] 1
   &NUMOFCORRELECTRONS [&Type "Integer"] 0
   &NUMOFBASISFUNCTS [&Type "Integer"] 130
   &NUMOFAUXCBASISFUNCTS [&Type "Integer"] 0
   &NUMOFAUXJBASISFUNCTS [&Type "Integer"] 519
   &NUMOFAUXJKBASISFUNCTS [&Type "Integer"] 0
   &NUMOFCABSBASISFUNCTS [&Type "Integer"] 0
   &TOTALENERGY [&Type "Double"]      -2.7566121694214064e+02  "Hartrees"
$End
$SCF_Dipole_Moment
   &GeometryIndex 1
   &ListStatus       OUT
   &METHOD [&Type "String"] "SCF"
   &LEVEL [&Type "String"] "Relaxed density"
   &MULT [&Type "Integer"] 1
   &STATE [&Type "Integer"] -1
   &IRREP [&Type "Integer"] 0
   &NATOMS [&Type "Integer"] 23
   &DODIPOLEATOM [&Type "Boolean"] false
   &DIPOLEELECCONTRIB [&Type "ArrayOfDoubles", &Dim (3,1)] "Electronic contribution"
                                                         0

0                                     -2.3093529931316983e-01
1                                      7.3767189622389506e-01
2                                      4.8048578859813046e-01
   &DIPOLENUCCONTRIB [&Type "ArrayOfDoubles", &Dim (3,1)] "Nuclear contribution"
                                                         0

0                                      2.2267916539761634e-01
1                                     -7.2653341705334062e-01
2                                     -4.6769001311753955e-01
   &DIPOLETOTAL [&Type "ArrayOfDoubles", &Dim (3,1)] "Total"
                                                         0

0                                     -8.2561339155534930e-03
1                                      1.1138479170554438e-02
2                                      1.2795775480590910e-02
   &DIPOLEMAGNITUDE [&Type "Double", &Units "a.u."]       1.8866937632115055e-02
$End
