*************************************************
******************* ORCA 6.0.0 ******************
*************************************************
$Calculation_Status
   &GeometryIndex 1
   &ListStatus       OUT
   &VERSION [&Type "String"] "6.0.0"
   &PROGNAME [&Type "String"] "LeanSCF"
   &STATUS [&Type "String"] "NORMAL TERMINATION"
$End
$Geometry
   &GeometryIndex 1
   &ListStatus       OUT
   &NATOMS [&Type "Integer"] 26
   &NCORELESSECP [&Type "Integer"] 0
   &NGHOSTATOMS [&Type "Integer"] 0
   &CartesianCoordinates [&Type "Coordinates", &Dim(26,4), &Units "Bohr"] 
              C      5.949968742068   -2.758172560547   -1.413568864394
              C      3.656948783597   -1.361098913942   -0.363705926826
              C      3.775228937992   -1.231926619618    2.507054962102
              C      1.277920558356   -2.547340257398   -1.324277053714
              N     -1.019184814540   -2.056541210450   -0.892399839020
              O     -1.515324696572   -0.048647724989    0.801932078223
              C     -4.017342150713    0.510350557364    1.161175103845
              O     -4.476114957047    2.272258895395    2.571758343622
              N     -5.665879828483   -0.925233424306   -0.058298466215
              C     -8.367444585954   -0.570435563296    0.111038548483
              S      3.747218674951    1.862941553486   -1.863925689409
              C      2.803427346703    4.094382995935    0.558934132954
              H      5.928417408940   -2.723343249475   -3.467457990103
              H      7.674354734677   -1.846797793011   -0.772844814148
              H      5.943783874979   -4.708610612321   -0.766555893825
              H      5.495931971528   -0.276773440736    3.096357376509
              H      3.805031674302   -3.149164738318    3.252230342514
              H      2.152526466624   -0.255622374279    3.300844363671
              H      1.485784155606   -4.062252181090   -2.683752575555
              H     -4.968079289064   -2.308377112885   -1.181599922659
              H     -9.139347172069   -0.134419525793   -1.746106102847
              H     -8.726381037715    0.998702194484    1.390832718900
              H     -9.254671921213   -2.275742164272    0.845066570302
              H      0.912952069784    3.674254211829    1.235288303893
              H      2.818409931318    5.916860860956   -0.383351577540
              H      4.164715494607    4.082988466644    2.090957947820
$End
$SCF_Energy
   &GeometryIndex 1
   &ListStatus       OUT
   &SCF_ENERGY [&Type "Double"]      -9.3315590346075760e+02
$End
$DFT_Energy
   &GeometryIndex 1
   &ListStatus       OUT
   &NALPHAEL [&Type "Integer"] 51
   &NBETAEL [&Type "Integer"] 51
   &NTOTALEL [&Type "Integer"] 102
   &EEXCHANGE [&Type "Double"]      -9.6306842229436882e+01
   &ECORR [&Type "Double"]      -3.4006885105492053e+00
   &ECNL [&Type "Double"]       0.0000000000000000e+00
   &EXC [&Type "Double"]      -9.9707530739986083e+01
   &EEMBED [&Type "Double"]       0.0000000000000000e+00
   &FINALEN [&Type "Double"]      -9.3315590346075760e+02  "No Van der Waals correction"
$End
$Solvation_Details
   &GeometryIndex 1
   &ListStatus       OUT
   &SOLVENT [&Type "String"] "WATER"
   &EPSILON [&Type "Double"]       7.8355000000000004e+01
   &REFRAC [&Type "Double"]       1.3328000000000000e+00
   &RSOLV [&Type "Double"]       1.3000000000000000e+00
   &SURFACETYPE [&Type "String"] "GAUSSIAN VDW"
   &NPOINTS [&Type "Integer"] 1994
   &SURFACEAREA [&Type "Double"]       8.1500443791199996e+02
   &CPCMDIELENERGY [&Type "Double"]      -2.8228676000000001e-02
$End
$Mulliken_Population_Analysis
   &GeometryIndex 1
   &ListStatus       OUT
   &NATOMS [&Type "Integer"] 26
   &ATNO [&Type "ArrayOfIntegers", &Dim (26,1)] 
                                                         0

0                                                        6
1                                                        6
2                                                        6
3                                                        6
4                                                        7
5                                                        8
6                                                        6
7                                                        8
8                                                        7
9                                                        6
10                                                      16
11                                                       6
12                                                       1
13                                                       1
14                                                       1
15                                                       1
16                                                       1
17                                                       1
18                                                       1
19                                                       1
20                                                       1
21                                                       1
22                                                       1
23                                                       1
24                                                       1
25                                                       1
   &ATOMICCHARGES [&Type "ArrayOfDoubles", &Dim (26,1)] 
                                                         0

0                                     -5.1759429869058859e-01
1                                      3.0203251301273060e-01
2                                     -6.0534803497979794e-01
3                                     -1.0900762869570002e-01
4                                     -3.6665689625672382e-01
5                                      4.8321140635477100e-02
6                                      3.3891174394503842e-01
7                                     -5.5733128032809098e-01
8                                     -1.7204599523105113e-01
9                                     -3.9780636089263233e-01
10                                    -2.1116948263347268e-01
11                                    -4.5292446555011345e-01
12                                     1.7527664105710816e-01
13                                     1.8536423562493609e-01
14                                     1.8304992360734373e-01
15                                     1.9241518398602597e-01
16                                     1.8225368839840350e-01
17                                     1.8891080290192630e-01
18                                     2.0213689065605855e-01
19                                     3.0444417851197980e-01
20                                     1.7227381596845759e-01
21                                     1.8400353201715525e-01
22                                     1.7272433724052760e-01
23                                     1.9277672540473612e-01
24                                     1.7998894338437676e-01
25                                     1.8500014690592748e-01
$End
$Loewdin_Population_Analysis
   &GeometryIndex 1
   &ListStatus       OUT
   &NATOMS [&Type "Integer"] 26
   &ATNO [&Type "ArrayOfIntegers", &Dim (26,1)] 
                                                         0

0                                                        6
1                                                        6
2                                                        6
3                                                        6
4                                                        7
5                                                        8
6                                                        6
7                                                        8
8                                                        7
9                                                        6
10                                                      16
11                                                       6
12                                                       1
13                                                       1
14                                                       1
15                                                       1
16                                                       1
17                                                       1
18                                                       1
19                                                       1
20                                                       1
21                                                       1
22                                                       1
23                                                       1
24                                                       1
25                                                       1
   &ATOMICCHARGES [&Type "ArrayOfDoubles", &Dim (26,1)] 
                                                         0

0                                      3.4874701259060124e-05
1                                      5.4402358590266030e-04
2                                      5.3467954468971919e-05
3                                      2.8186594145375541e-04
4                                      4.8341406671142554e-04
5                                      9.9764539380011719e-01
6                                      1.4302515977966665e-04
7                                      5.3785401331717380e-04
8                                      1.7214355378921022e-04
9                                      3.3748302836683488e-05
10                                     2.1518847164364707e-05
11                                     1.8334626962342805e-05
12                                     2.4175778569637363e-08
13                                     1.5719270216060072e-08
14                                     5.9103938422939755e-08
15                                     1.3054458000314926e-06
16                                     1.4010965513955211e-08
17                                     8.7002075519723262e-06
18                                     1.3157457683221711e-07
19                                     8.6086638059780903e-06
20                                     7.9077033398103104e-08
21                                     2.7726535342051535e-07
22                                     8.5572269756771214e-08
23                                     1.0066084538823241e-05
24                                     2.8622381842288237e-07
25                                     6.8232153548250543e-07
$End
$Mayer_Population_Analysis
   &GeometryIndex 1
   &ListStatus       OUT
   &NATOMS [&Type "Integer"] 26 "Total number of atoms"
   &BONDTHRESH [&Type "Double"]       1.0000000000000001e-01  "The threshold for printing"
   &NBONDORDERSPRINT [&Type "Integer"] 25 "The number of bond orders larger than threshold"
   &BONDORDERS [&Type "ArrayOfDoubles", &Dim (25,1)] "The bond orders"
                                                         0

0                                      8.9071041103938120e-01
1                                      9.5701601042170903e-01
2                                      9.7211296248020862e-01
3                                      9.6864134389165724e-01
4                                      9.0612384876905860e-01
5                                      8.7168975178734964e-01
6                                      7.7913363231406951e-01
7                                      9.6725809114525085e-01
8                                      9.5665946713220618e-01
9                                      9.5194156876561986e-01
10                                     1.8839681821890826e+00
11                                     9.2962320805293819e-01
12                                     9.8703978158048578e-01
13                                     9.9172408456534511e-01
14                                     1.8118190644672891e+00
15                                     1.3068963758072070e+00
16                                     9.0213853023989243e-01
17                                     8.6416121768358078e-01
18                                     9.5244273240146815e-01
19                                     9.5639432375281375e-01
20                                     9.5421098671666538e-01
21                                     9.8569945665404379e-01
22                                     9.3946564172048952e-01
23                                     9.3609205575279064e-01
24                                     9.4626320903147265e-01
   &COMPONENTS [&Type "ArrayOfIntegers", &Dim (25,4)] "The indices and atomic numbers of the bonding atoms"
                                                         0                           1                           2                           3

0                                                        0                           6                           1                           6
1                                                        0                           6                          12                           1
2                                                        0                           6                          13                           1
3                                                        0                           6                          14                           1
4                                                        1                           6                           2                           6
5                                                        1                           6                           3                           6
6                                                        1                           6                          10                          16
7                                                        2                           6                          15                           1
8                                                        2                           6                          16                           1
9                                                        2                           6                          17                           1
10                                                       3                           6                           4                           7
11                                                       3                           6                          18                           1
12                                                       4                           7                           5                           8
13                                                       5                           8                           6                           6
14                                                       6                           6                           7                           8
15                                                       6                           6                           8                           7
16                                                       8                           7                           9                           6
17                                                       8                           7                          19                           1
18                                                       9                           6                          20                           1
19                                                       9                           6                          21                           1
20                                                       9                           6                          22                           1
21                                                      10                          16                          11                           6
22                                                      11                           6                          23                           1
23                                                      11                           6                          24                           1
24                                                      11                           6                          25                           1
   &ATNO [&Type "ArrayOfIntegers", &Dim (26,1)] "Atomic number of the elements"
                                                         0

0                                                        6
1                                                        6
2                                                        6
3                                                        6
4                                                        7
5                                                        8
6                                                        6
7                                                        8
8                                                        7
9                                                        6
10                                                      16
11                                                       6
12                                                       1
13                                                       1
14                                                       1
15                                                       1
16                                                       1
17                                                       1
18                                                       1
19                                                       1
20                                                       1
21                                                       1
22                                                       1
23                                                       1
24                                                       1
25                                                       1
   &NA [&Type "ArrayOfDoubles", &Dim (26,1)] "Mulliken gross atomic population"
                                                         0

0                                      6.5175942986906001e+00
1                                      5.6979674869872774e+00
2                                      6.6053480349797828e+00
3                                      6.1090076286957249e+00
4                                      7.3666568962566803e+00
5                                      7.9516788593645407e+00
6                                      5.6610882560549456e+00
7                                      8.5573312803280910e+00
8                                      7.1720459952310494e+00
9                                      6.3978063608926536e+00
10                                     1.6211169482633405e+01
11                                     6.4529244655500992e+00
12                                     8.2472335894289162e-01
13                                     8.1463576437506413e-01
14                                     8.1695007639265615e-01
15                                     8.0758481601397369e-01
16                                     8.1774631160159650e-01
17                                     8.1108919709807303e-01
18                                     7.9786310934394133e-01
19                                     6.9555582148802197e-01
20                                     8.2772618403154230e-01
21                                     8.1599646798284642e-01
22                                     8.2727566275947118e-01
23                                     8.0722327459526355e-01
24                                     8.2001105661562257e-01
25                                     8.1499985309407375e-01
   &ZA [&Type "ArrayOfDoubles", &Dim (26,1)] "Total nuclear charge"
                                                         0

0                                      6.0000000000000000e+00
1                                      6.0000000000000000e+00
2                                      6.0000000000000000e+00
3                                      6.0000000000000000e+00
4                                      7.0000000000000000e+00
5                                      8.0000000000000000e+00
6                                      6.0000000000000000e+00
7                                      8.0000000000000000e+00
8                                      7.0000000000000000e+00
9                                      6.0000000000000000e+00
10                                     1.6000000000000000e+01
11                                     6.0000000000000000e+00
12                                     1.0000000000000000e+00
13                                     1.0000000000000000e+00
14                                     1.0000000000000000e+00
15                                     1.0000000000000000e+00
16                                     1.0000000000000000e+00
17                                     1.0000000000000000e+00
18                                     1.0000000000000000e+00
19                                     1.0000000000000000e+00
20                                     1.0000000000000000e+00
21                                     1.0000000000000000e+00
22                                     1.0000000000000000e+00
23                                     1.0000000000000000e+00
24                                     1.0000000000000000e+00
25                                     1.0000000000000000e+00
   &QA [&Type "ArrayOfDoubles", &Dim (26,1)] "Mulliken gross atomic charge"
                                                         0

0                                     -5.1759429869060014e-01
1                                      3.0203251301272260e-01
2                                     -6.0534803497978285e-01
3                                     -1.0900762869572489e-01
4                                     -3.6665689625668030e-01
5                                      4.8321140635459336e-02
6                                      3.3891174394505441e-01
7                                     -5.5733128032809098e-01
8                                     -1.7204599523104935e-01
9                                     -3.9780636089265364e-01
10                                    -2.1116948263340518e-01
11                                    -4.5292446555009924e-01
12                                     1.7527664105710838e-01
13                                     1.8536423562493587e-01
14                                     1.8304992360734385e-01
15                                     1.9241518398602631e-01
16                                     1.8225368839840350e-01
17                                     1.8891080290192697e-01
18                                     2.0213689065605867e-01
19                                     3.0444417851197803e-01
20                                     1.7227381596845770e-01
21                                     1.8400353201715358e-01
22                                     1.7272433724052882e-01
23                                     1.9277672540473645e-01
24                                     1.7998894338437743e-01
25                                     1.8500014690592625e-01
   &VA [&Type "ArrayOfDoubles", &Dim (26,1)] "Mayer's total valence"
                                                         0

0                                      3.7488429241841361e+00
1                                      3.3637652987799402e+00
2                                      3.7762381852705991e+00
3                                      3.8146232289801647e+00
4                                      3.0349845638586066e+00
5                                      2.1426294214225936e+00
6                                      4.1819896863337345e+00
7                                      1.9437619968708255e+00
8                                      3.1490293217878502e+00
9                                      3.7860146261904237e+00
10                                     1.9757941326458828e+00
11                                     3.8262615931203965e+00
12                                     9.5413832107159613e-01
13                                     9.5273466596373868e-01
14                                     9.5344987706357487e-01
15                                     9.4772319355696666e-01
16                                     9.5521933005962179e-01
17                                     9.5229485923654089e-01
18                                     9.4933136008478258e-01
19                                     9.1688467856525824e-01
20                                     9.5126894656044103e-01
21                                     9.5635152980840699e-01
22                                     9.5134747339470216e-01
23                                     9.5010868776936552e-01
24                                     9.5296853176069007e-01
25                                     9.4844385408356613e-01
   &BVA [&Type "ArrayOfDoubles", &Dim (26,1)] "Mayer's bonded valence"
                                                         0

0                                      3.7488429241840722e+00
1                                      3.3637652987799505e+00
2                                      3.7762381852706857e+00
3                                      3.8146232289801039e+00
4                                      3.0349845638588393e+00
5                                      2.1426294214225790e+00
6                                      4.1819896863336457e+00
7                                      1.9437619968708455e+00
8                                      3.1490293217878649e+00
9                                      3.7860146261903984e+00
10                                     1.9757941326458859e+00
11                                     3.8262615931203912e+00
12                                     9.5413832107159779e-01
13                                     9.5273466596373035e-01
14                                     9.5344987706356565e-01
15                                     9.4772319355697865e-01
16                                     9.5521933005963211e-01
17                                     9.5229485923654811e-01
18                                     9.4933136008478503e-01
19                                     9.1688467856526579e-01
20                                     9.5126894656044492e-01
21                                     9.5635152980841165e-01
22                                     9.5134747339470083e-01
23                                     9.5010868776936463e-01
24                                     9.5296853176069662e-01
25                                     9.4844385408355436e-01
   &FA [&Type "ArrayOfDoubles", &Dim (26,1)] "Mayer's free valence"
                                                         0

0                                      0.0000000000000000e+00
1                                      0.0000000000000000e+00
2                                      0.0000000000000000e+00
3                                      0.0000000000000000e+00
4                                      0.0000000000000000e+00
5                                      0.0000000000000000e+00
6                                      0.0000000000000000e+00
7                                      0.0000000000000000e+00
8                                      0.0000000000000000e+00
9                                      0.0000000000000000e+00
10                                     0.0000000000000000e+00
11                                     0.0000000000000000e+00
12                                     0.0000000000000000e+00
13                                     0.0000000000000000e+00
14                                     0.0000000000000000e+00
15                                     0.0000000000000000e+00
16                                     0.0000000000000000e+00
17                                     0.0000000000000000e+00
18                                     0.0000000000000000e+00
19                                     0.0000000000000000e+00
20                                     0.0000000000000000e+00
21                                     0.0000000000000000e+00
22                                     0.0000000000000000e+00
23                                     0.0000000000000000e+00
24                                     0.0000000000000000e+00
25                                     0.0000000000000000e+00
$End
$VdW_Correction
   &GeometryIndex 1
   &ListStatus       OUT
   &VDW [&Type "Double"]      -9.3471159123607542e-03
$End
$Calculation_Info
   &GeometryIndex 1
   &ListStatus       OUT
   &MULT [&Type "Integer"] 1
   &CHARGE [&Type "Integer"] 0
   &NUMOFATOMS [&Type "Integer"] 26
   &NUMOFELECTRONS [&Type "Integer"] 102
   &NUMOFFCELECTRONS [&Type "Integer"] 1
   &NUMOFCORRELECTRONS [&Type "Integer"] 0
   &NUMOFBASISFUNCTS [&Type "Integer"] 326
   &NUMOFAUXCBASISFUNCTS [&Type "Integer"] 0
   &NUMOFAUXJBASISFUNCTS [&Type "Integer"] 744
   &NUMOFAUXJKBASISFUNCTS [&Type "Integer"] 0
   &NUMOFCABSBASISFUNCTS [&Type "Integer"] 0
   &TOTALENERGY [&Type "Double"]      -9.3313774013206989e+02  "Hartrees"
$End
$SCF_Dipole_Moment
   &GeometryIndex 1
   &ListStatus       OUT
   &METHOD [&Type "String"] "SCF"
   &LEVEL [&Type "String"] "Relaxed density"
   &MULT [&Type "Integer"] 1
   &STATE [&Type "Integer"] -1
   &IRREP [&Type "Integer"] 0
   &NATOMS [&Type "Integer"] 26
   &DODIPOLEATOM [&Type "Boolean"] false
   &DIPOLEELECCONTRIB [&Type "ArrayOfDoubles", &Dim (3,1)] "Electronic contribution"
                                                         0

0                                     -3.5768028070756932e+00
1                                      1.5697432776579336e+00
2                                     -2.7953487724772059e+00
   &DIPOLENUCCONTRIB [&Type "ArrayOfDoubles", &Dim (3,1)] "Nuclear contribution"
                                                         0

0                                      3.9935489584182298e+00
1                                     -3.5288725147987963e+00
2                                      2.1422890398708185e+00
   &DIPOLETOTAL [&Type "ArrayOfDoubles", &Dim (3,1)] "Total"
                                                         0

0                                      4.1674615134253656e-01
1                                     -1.9591292371408626e+00
2                                     -6.5305973260638739e-01
   &DIPOLEMAGNITUDE [&Type "Double", &Units "a.u."]       2.1067395987237911e+00
$End
