           1           2   1.02129924734529     
           2           3  0.989120750510033     
           3           4   1.01350302411417     
           4           5   1.39525179589445     
           5           6   1.44782867748918     
           6           7   1.38004347332375     
           7           8   1.31718672225009     
           4           9   1.42320874417755     
           8           9   1.37171850667802     
           8          10   1.04455449711632     
          10          11  0.970408532457888     
           7          12   1.05200606719797     
           1          13  0.986807758001162     
           1          14  0.987424754672292     
           1          15  0.986365888910727     
           2          16  0.978226762949224     
           2          17  0.977413404319111     
           3          18  0.969352550759357     
           3          19  0.974726709152255     
           5          20  0.968523631742175     
           6          21  0.964198470775720     
           9          22  0.965372272730648     
          11          23  0.977932900701008     
          11          24  0.978619952669398     
          11          25  0.978625209511066     
          12          26  0.843354808610147     
