$hessian                                                                        
        0.5076547188   0.0266247158  -0.0081272293  -0.0958924231   0.0501376358
       -0.0228632585  -0.0108360390   0.0166254340  -0.0018639374   0.0006662145
       -0.0001891957  -0.0002448786  -0.0000372522  -0.0003198217  -0.0004003298
       -0.0003627395   0.0002038100   0.0001447538   0.0000013495  -0.0000732906
        0.0000843149  -0.1520209936  -0.1156755413   0.0321579760  -0.1334866356
        0.0464194834   0.1056892570  -0.1119321159  -0.0279648852  -0.1035848694
       -0.0108867908   0.0168437346  -0.0097029417   0.0082283902  -0.0147709655
        0.0067374298  -0.0014339032   0.0021604226   0.0022247183   0.0007631463
       -0.0008740993  -0.0004024643  -0.0004293256   0.0006827668   0.0003129661
        0.0000779372   0.0001490025  -0.0001470841  -0.0000254979   0.0000272555
       -0.0000016284  -0.0000535857   0.0000484552  -0.0000303493   0.0000055456
       -0.0000549166   0.0000175550
        0.0266247158   0.4814883339   0.0174626350   0.0496757829  -0.1586341754
        0.0388318956   0.0110711604  -0.0151788398   0.0001417271   0.0000304121
        0.0000691510  -0.0001406601  -0.0000295280  -0.0005880665  -0.0004328585
        0.0000013732   0.0007530506   0.0002398551  -0.0002259823  -0.0000513894
        0.0001601148  -0.1167684314  -0.1656481391   0.0334659865   0.0468711519
       -0.0676740112  -0.0577068083  -0.0279945391  -0.0537951178  -0.0411377455
        0.0000011792   0.0026908917   0.0002643171   0.0089921827  -0.0234015933
        0.0097346450   0.0017898942  -0.0008039602  -0.0019426853  -0.0001009447
        0.0005671675   0.0007839562   0.0001663698   0.0001988986   0.0002248895
       -0.0001030129  -0.0000780591   0.0001208519   0.0000528602   0.0000215859
       -0.0000121264  -0.0000521699   0.0000349959   0.0000019681  -0.0000024739
        0.0000292766  -0.0000599578
       -0.0081272293   0.0174626350   0.5167233260  -0.0218997706   0.0373954633
       -0.0818075103   0.0087700824  -0.0161014139   0.0056061804  -0.0000243228
        0.0004533282   0.0000338343  -0.0003630847  -0.0004984769  -0.0011053009
       -0.0002543543   0.0002448896   0.0005283866   0.0002192436   0.0001201726
        0.0001766179   0.0327257758   0.0340092957  -0.0546156526   0.1056263624
       -0.0571059279  -0.1685573175  -0.1035427106  -0.0413286192  -0.2032562701
       -0.0136906478   0.0197018486  -0.0099529628  -0.0040400327   0.0102875235
       -0.0031916998   0.0029616888  -0.0032474076  -0.0022650727   0.0010317383
       -0.0005369270   0.0011282682   0.0004219715  -0.0005338457   0.0002390390
        0.0001354266  -0.0002283438   0.0002361411   0.0001046176  -0.0000120539
        0.0001226270  -0.0000324982  -0.0000156120   0.0000153314  -0.0000222559
       -0.0000665285  -0.0000579650
       -0.0958924231   0.0496757829  -0.0218997706   0.5032257158   0.0370272070
        0.0180193461  -0.0982263394   0.0303211811   0.0457615704  -0.0161521943
        0.0055111993   0.0168057535  -0.0006603591  -0.0002487465   0.0010357802
       -0.0003825741   0.0002785041   0.0003822999   0.0003119115   0.0000342794
        0.0000406734   0.0093191720  -0.0152305105   0.0057543783  -0.0105743461
        0.0176108880  -0.0046892123  -0.0104403442   0.0148462713  -0.0089096923
       -0.1273446647  -0.0371353054  -0.1026283638  -0.1498526028  -0.1033007053
        0.0491821620  -0.0086820589   0.0098331044   0.0105458181   0.0080969359
       -0.0072828559  -0.0113171270   0.0004471690   0.0003041395  -0.0003956432
       -0.0030120669  -0.0023431693   0.0022828134  -0.0000665975  -0.0000472345
        0.0000612223   0.0000293324   0.0000423875  -0.0000934025  -0.0001436655
        0.0001035832   0.0000613940
        0.0501376358  -0.1586341754   0.0373954633   0.0370272070   0.4895875212
       -0.0008698525   0.0274502897  -0.0912718995  -0.0409169788  -0.0072822192
        0.0075275808   0.0096505905   0.0000083249   0.0000393829   0.0003604694
       -0.0002738599   0.0006605369   0.0005242440  -0.0002931213  -0.0000172062
       -0.0000372740   0.0088424636  -0.0236344542   0.0095783819   0.0079478366
       -0.0121998790   0.0026864169   0.0000909145   0.0035682512   0.0005321715
       -0.0368647389  -0.0574450779  -0.0423511481  -0.1031692367  -0.1379231920
        0.0482958078   0.0153207861  -0.0149534243  -0.0179392911   0.0041215262
       -0.0044115603  -0.0090119847   0.0000606119   0.0002902544   0.0002718260
       -0.0030358205  -0.0012395564   0.0019532716   0.0000200217   0.0000547097
        0.0000078088  -0.0000642204   0.0000214923  -0.0000553276  -0.0000444013
       -0.0000193041  -0.0000745950
       -0.0228632585   0.0388318956  -0.0818075103   0.0180193461  -0.0008698525
        0.4913149385   0.0459671549  -0.0437612565  -0.1348570778   0.0106960545
       -0.0019650952  -0.0096115005  -0.0006979704   0.0001037236   0.0016432640
        0.0003278211   0.0000694845  -0.0004685833   0.0001126228   0.0000027024
       -0.0006265599  -0.0026977435   0.0079653478  -0.0027665019   0.0107153269
       -0.0173104377   0.0058367283  -0.0139918541   0.0205945443  -0.0109757714
       -0.1032274270  -0.0428573629  -0.1717613906   0.0494585465   0.0482921337
       -0.0688758028  -0.0034216429   0.0034761983   0.0056071765   0.0104228339
       -0.0136835984  -0.0224721998  -0.0001672849  -0.0000639570   0.0000995378
        0.0013975559   0.0011881750  -0.0003423067  -0.0001500923  -0.0000326625
       -0.0000688093   0.0000905153  -0.0000539421  -0.0000021523   0.0000094957
        0.0000739596   0.0001345215
       -0.0108360390   0.0110711604   0.0087700824  -0.0982263394   0.0274502897
        0.0459671549   0.4737863477  -0.0186168535   0.0450496297  -0.1194118544
       -0.0472117539   0.0374684380  -0.0193500374  -0.0159141271  -0.0021259418
       -0.0005172688   0.0013689755  -0.0006577943   0.0013282373   0.0005338964
       -0.0014811131   0.0003327833  -0.0004801333   0.0000013819  -0.0011464347
        0.0030493305  -0.0006596410   0.0003315654   0.0000761807   0.0010210911
        0.0083188585  -0.0064968573  -0.0118300541  -0.0144479497   0.0075844388
        0.0185521059  -0.0810186855   0.0791332785  -0.0391395333  -0.1297095509
       -0.0338647167  -0.1084521706   0.0067715255   0.0033840754  -0.0029108192
       -0.0153379609  -0.0103439568   0.0108004403   0.0000467898   0.0001359497
       -0.0001473239   0.0002605807  -0.0005157947   0.0001996671  -0.0011745675
       -0.0003433824  -0.0004256001
        0.0166254340  -0.0151788398  -0.0161014139   0.0303211811  -0.0912718995
       -0.0437612565  -0.0186168535   0.4904113970  -0.0106431426  -0.0487740566
       -0.1026714234   0.0355118638  -0.0155408629  -0.0130404317  -0.0049670289
        0.0003281737   0.0029325709  -0.0013657142   0.0007033352  -0.0014789249
        0.0002315671  -0.0001119639   0.0002757215  -0.0004370265   0.0027332998
       -0.0044016412   0.0010787100  -0.0006576706   0.0010712158  -0.0005295145
        0.0042176129  -0.0044666521  -0.0093088472  -0.0097349270   0.0062872951
        0.0126342157   0.0789731313  -0.2004315686   0.0720601788  -0.0342874518
       -0.0580247276  -0.0427381799  -0.0165661250  -0.0174295753   0.0115475901
        0.0089252426   0.0070843132  -0.0041666505   0.0000678910   0.0000194665
        0.0000158172   0.0002045296  -0.0000728524   0.0002986294   0.0011900800
        0.0003865565   0.0006402027
       -0.0018639374   0.0001417271   0.0056061804   0.0457615704  -0.0409169788
       -0.1348570778   0.0450496297  -0.0106431426   0.4922903151   0.0223932304
        0.0243640840  -0.0758539244  -0.0108038159  -0.0069509785   0.0140360890
        0.0009062637  -0.0036167009  -0.0053934711   0.0006287557   0.0012476828
       -0.0021603131  -0.0000468507   0.0000792180   0.0003023795  -0.0016260356
        0.0021123118   0.0005018411  -0.0006398368   0.0008854652   0.0011870783
        0.0121406388  -0.0130202412  -0.0228253055   0.0089827452  -0.0044417102
       -0.0103018224  -0.0390276910   0.0725913230  -0.0762037459  -0.1084266892
       -0.0436205638  -0.1707544964   0.0103660758   0.0114604736  -0.0061436341
        0.0171518860   0.0107454895  -0.0088188239  -0.0000814025   0.0000481860
       -0.0002647704   0.0002160143  -0.0003586629   0.0001750742  -0.0010805509
       -0.0001069819  -0.0005215726
        0.0006662145   0.0000304121  -0.0000243228  -0.0161521943  -0.0072822192
        0.0106960545  -0.1194118544  -0.0487740566   0.0223932304   0.4467860957
       -0.0658177859   0.0075707453  -0.1061327774  -0.0143215367  -0.0416466987
        0.0126361762  -0.0114355928  -0.0132995280  -0.0105947328  -0.0002535108
       -0.0207132907  -0.0007098726   0.0001100145   0.0004316080  -0.0001444055
       -0.0001376076   0.0001135431   0.0000326693  -0.0000669561   0.0000812410
        0.0010128786  -0.0000999449  -0.0007934769  -0.0017762272   0.0015083432
        0.0033129401   0.0054611345   0.0035730203  -0.0017701610  -0.0195357133
       -0.0170302528   0.0063870938  -0.0825256135   0.0785320950  -0.0486486935
       -0.1078185804   0.0791409293   0.0793409445  -0.0020987358   0.0027609032
       -0.0023933098   0.0008525446  -0.0005687683   0.0000499937  -0.0005470064
        0.0001325140  -0.0010879129
       -0.0001891957   0.0000691510   0.0004533282   0.0055111993   0.0075275808
       -0.0019650952  -0.0472117539  -0.1026714234   0.0243640840  -0.0658177859
        0.5169533078   0.0038768016  -0.0101624299  -0.0675393422  -0.0112331240
       -0.0245935850  -0.0404881697  -0.0425923537   0.0096628175   0.0066052332
        0.0087048343   0.0004661362   0.0000810812  -0.0007997134   0.0000637885
        0.0001059374  -0.0000379168   0.0002281681   0.0000213014  -0.0000535059
        0.0004358001   0.0004154720   0.0001837735   0.0019349301   0.0002874354
       -0.0020380548  -0.0179211419  -0.0192196442   0.0117937751  -0.0103212906
       -0.0080013385   0.0031659524   0.0779113251  -0.1805979354   0.0859918146
        0.0766305739  -0.1121350712  -0.0813294292   0.0033399730  -0.0014749665
        0.0016600874   0.0003912655  -0.0005401920   0.0002338770  -0.0003587943
        0.0006015828  -0.0003791350
       -0.0002448786  -0.0001406601   0.0000338343   0.0168057535   0.0096505905
       -0.0096115005   0.0374684380   0.0355118638  -0.0758539244   0.0075707453
        0.0038768016   0.4707940464  -0.0523152938  -0.0238067317  -0.1311441325
       -0.0162845367  -0.0275100589  -0.0052396294  -0.0171790176  -0.0021308357
       -0.0069273263   0.0003540232   0.0001829638   0.0000153135  -0.0000147391
        0.0003247510   0.0000073862   0.0000359365  -0.0001117330  -0.0000454575
       -0.0000138911   0.0006309306   0.0010756528   0.0028284714  -0.0014461690
       -0.0026251100   0.0090619120   0.0101518413  -0.0058496315  -0.0136378576
       -0.0108940481   0.0059858289  -0.0485609019   0.0869342968  -0.1032192722
        0.0775095143  -0.0821016064  -0.1358101086  -0.0025030192   0.0009933977
       -0.0002157946  -0.0017100483   0.0008130801  -0.0017247908   0.0008293897
       -0.0009286743   0.0003546162
       -0.0000372522  -0.0000295280  -0.0003630847  -0.0006603591   0.0000083249
       -0.0006979704  -0.0193500374  -0.0155408629  -0.0108038159  -0.1061327774
       -0.0101624299  -0.0523152938   0.3402840498  -0.0575600073   0.1126404517
       -0.0693625342   0.0233900449  -0.0036185093  -0.1200633082   0.0410646913
       -0.0417452997  -0.0005428071   0.0010402429  -0.0000380905   0.0002533898
        0.0000189858  -0.0002049779   0.0000416063  -0.0000082127   0.0002037519
        0.0001606163  -0.0003942663   0.0014297739   0.0005010803   0.0001404590
       -0.0002466516   0.0008323358   0.0011158238  -0.0002398096  -0.0023432160
       -0.0023215857   0.0011511741  -0.0118132661  -0.0023928924  -0.0139690182
        0.0091456421   0.0041659481   0.0137659556  -0.0113763042   0.0062740745
       -0.0085989742  -0.0187862472   0.0177725313  -0.0052923729   0.0092493886
       -0.0065813411   0.0089427616
       -0.0003198217  -0.0005880665  -0.0004984769  -0.0002487465   0.0000393829
        0.0001037236  -0.0159141271  -0.0130404317  -0.0069509785  -0.0143215367
       -0.0675393422  -0.0238067317  -0.0575600073   0.8122204757   0.1411310641
        0.0260787555  -0.6077528872  -0.1550375786   0.0401891689  -0.1021624035
        0.0375687231   0.0012903348  -0.0004265385   0.0008510844   0.0002474052
        0.0000046361   0.0000197421  -0.0001806057  -0.0001234749  -0.0000821771
       -0.0000171182   0.0013992397  -0.0003848284   0.0000442315  -0.0003227260
       -0.0004367726  -0.0000739210  -0.0005339260  -0.0000562842  -0.0013143034
       -0.0003137192   0.0005741160   0.0131388401   0.0069411970   0.0188538666
       -0.0071903294  -0.0091418443  -0.0132291206  -0.0045063310   0.0088376744
       -0.0043395135   0.0065458358  -0.0049457404  -0.0015201547   0.0141122764
       -0.0225515057   0.0072402969
       -0.0004003298  -0.0004328585  -0.0011053009   0.0010357802   0.0003604694
        0.0016432640  -0.0021259418  -0.0049670289   0.0140360890  -0.0416466987
       -0.0112331240  -0.1311441325   0.1126404517   0.1411310641   0.3631401173
       -0.0036931134  -0.1553090648  -0.1116857189  -0.0360466167   0.0304734823
       -0.0964923918  -0.0000194197   0.0002557607   0.0006338749   0.0004858510
       -0.0000572417  -0.0002512045  -0.0003037150   0.0001474880  -0.0000366762
        0.0001172886   0.0001625998  -0.0009617191   0.0005214473  -0.0001322248
       -0.0008867886   0.0004930237   0.0009582097   0.0003530152   0.0041312346
        0.0037786230  -0.0008069554  -0.0144679148  -0.0034866342  -0.0139829587
       -0.0096134511  -0.0114155413  -0.0144140449  -0.0211864353   0.0163787205
       -0.0144720175   0.0133028408  -0.0111937718   0.0072691541  -0.0032242818
        0.0045810726  -0.0008356055
       -0.0003627395   0.0000013732  -0.0002543543  -0.0003825741  -0.0002738599
        0.0003278211  -0.0005172688   0.0003281737   0.0009062637   0.0126361762
       -0.0245935850  -0.0162845367  -0.0693625342   0.0260787555  -0.0036931134
        0.0562746951  -0.0376648443   0.0221971409   0.0075499011   0.0369353267
        0.0000813641   0.0001602964  -0.0005416395   0.0003747363  -0.0000393769
       -0.0000455433   0.0001237347  -0.0000309691  -0.0000927983  -0.0001296755
       -0.0006743531   0.0000747103  -0.0002163030  -0.0001263476  -0.0001827482
        0.0000192022   0.0000602266  -0.0001686769   0.0000253213   0.0000457052
        0.0003186028  -0.0000988066   0.0008718089  -0.0004499782   0.0022307594
       -0.0028514642  -0.0031285656  -0.0046724407   0.0009483453  -0.0009861915
        0.0019450230  -0.0003236197  -0.0004917389  -0.0001958956  -0.0038759078
        0.0048832274  -0.0026862410
        0.0002038100   0.0007530506   0.0002448896   0.0002785041   0.0006605369
        0.0000694845   0.0013689755   0.0029325709  -0.0036167009  -0.0114355928
       -0.0404881697  -0.0275100589   0.0233900449  -0.6077528872  -0.1553090648
       -0.0376648443   0.7131497557   0.1905189681   0.0242040025  -0.0599218296
       -0.0057298045  -0.0005583739   0.0001393792  -0.0004608643  -0.0001101793
       -0.0001352577   0.0000256566   0.0000498059  -0.0001463273   0.0000070518
       -0.0007206413  -0.0008399901   0.0008150470   0.0002826184   0.0000534977
        0.0003012122   0.0000205198  -0.0003546954  -0.0001520813  -0.0014883364
       -0.0014064171   0.0004550824   0.0008404315   0.0010877313   0.0001264729
       -0.0033017898  -0.0015046729  -0.0054833232  -0.0026289014   0.0010564842
       -0.0002305875   0.0018543290  -0.0031424432   0.0019055114   0.0054156176
       -0.0041403163   0.0040231089
        0.0001447538   0.0002398551   0.0005283866   0.0003822999   0.0005242440
       -0.0004685833  -0.0006577943  -0.0013657142  -0.0053934711  -0.0132995280
       -0.0425923537  -0.0052396294  -0.0036185093  -0.1550375786  -0.1116857189
        0.0221971409   0.1905189681   0.1049177345  -0.0042027874   0.0073167551
        0.0161554096  -0.0000759633   0.0000635586  -0.0005733850  -0.0002122654
        0.0000356630   0.0000695336   0.0001854626  -0.0000167009   0.0000741970
        0.0002576125  -0.0001202642   0.0003911575   0.0000278962   0.0000471778
        0.0001503576  -0.0002149636  -0.0002971166  -0.0000509733  -0.0015918035
       -0.0014957741   0.0006912966   0.0027482832   0.0004959367   0.0019878304
       -0.0016836098  -0.0019342442  -0.0034398832   0.0018856782  -0.0008739620
        0.0013657155  -0.0021482286   0.0030645943  -0.0002537510  -0.0001236741
        0.0014269558   0.0007737763
        0.0000013495  -0.0002259823   0.0002192436   0.0003119115  -0.0002931213
        0.0001126228   0.0013282373   0.0007033352   0.0006287557  -0.0105947328
        0.0096628175  -0.0171790176  -0.1200633082   0.0401891689  -0.0360466167
        0.0075499011   0.0242040025  -0.0042027874   0.4629406041   0.0351752856
        0.0072020227   0.0001109917  -0.0000951769  -0.0000296974  -0.0000966369
        0.0001022614   0.0000626980  -0.0000119964   0.0000713946  -0.0001124073
       -0.0003475406   0.0001357633  -0.0002562321  -0.0002036062   0.0000138553
        0.0000758492  -0.0009563067   0.0003218294  -0.0003143125  -0.0002228660
        0.0001848658  -0.0001253422  -0.0015982977  -0.0011852992  -0.0036673385
       -0.0011224021   0.0005694672  -0.0009774091  -0.0726295303  -0.0343484705
       -0.0751213418  -0.1797923217   0.0259302965   0.1158337745  -0.0846034497
       -0.1011162930   0.0138975362
       -0.0000732906  -0.0000513894   0.0001201726   0.0000342794  -0.0000172062
        0.0000027024   0.0005338964  -0.0014789249   0.0012476828  -0.0002535108
        0.0066052332  -0.0021308357   0.0410646913  -0.1021624035   0.0304734823
        0.0369353267  -0.0599218296   0.0073167551   0.0351752856   0.5097724124
        0.0274571185  -0.0002203678   0.0000637129  -0.0001381390  -0.0000089673
        0.0000259300  -0.0000367463   0.0000831773   0.0000538721   0.0000558874
        0.0000956288  -0.0000560028   0.0000493296   0.0000395322   0.0001105825
       -0.0001140917  -0.0010214140   0.0003722693  -0.0005161260   0.0003373886
        0.0003632019  -0.0000566633  -0.0013904730   0.0000136051  -0.0016940897
       -0.0003165221   0.0001761842   0.0002788452  -0.0346306267  -0.0816585913
       -0.0781003071   0.0217008795  -0.0381017979  -0.0199104379  -0.0980849135
       -0.2341088580   0.0356954608
        0.0000843149   0.0001601148   0.0001766179   0.0000406734  -0.0000372740
       -0.0006265599  -0.0014811131   0.0002315671  -0.0021603131  -0.0207132907
        0.0087048343  -0.0069273263  -0.0417452997   0.0375687231  -0.0964923918
        0.0000813641  -0.0057298045   0.0161554096   0.0072020227   0.0274571185
        0.5010116645  -0.0000070662  -0.0001683132  -0.0000508676  -0.0000978724
        0.0000252431   0.0000843223   0.0001005613  -0.0000566099   0.0000388152
        0.0000925087   0.0001731069   0.0003165053  -0.0000929229  -0.0000348337
        0.0001413026   0.0003624736   0.0000609968  -0.0001629417  -0.0007131323
       -0.0006473306   0.0003609936  -0.0037289015  -0.0009714446  -0.0023609302
        0.0000682097   0.0009704359   0.0015612890  -0.0747324776  -0.0788972093
       -0.2231447234   0.1216546156  -0.0244520216  -0.1383083902   0.0136253323
        0.0356427011  -0.0496124758
       -0.1520209936  -0.1167684314   0.0327257758   0.0093191720   0.0088424636
       -0.0026977435   0.0003327833  -0.0001119639  -0.0000468507  -0.0007098726
        0.0004661362   0.0003540232  -0.0005428071   0.0012903348  -0.0000194197
        0.0001602964  -0.0005583739  -0.0000759633   0.0001109917  -0.0002203678
       -0.0000070662   0.1755982065   0.1324558717  -0.0391501904  -0.0175987779
       -0.0149673376   0.0073480210  -0.0148388136  -0.0143497017   0.0016758781
        0.0008141083   0.0003687489   0.0001308228  -0.0000529904   0.0030357592
       -0.0010939499  -0.0001466132  -0.0000679035   0.0000146497  -0.0001722579
       -0.0000462469   0.0000260165  -0.0003047967   0.0006350146   0.0008256023
        0.0000092176   0.0000747860  -0.0000645012  -0.0000078893  -0.0000102338
        0.0000009931   0.0000222710  -0.0000224025   0.0000180263   0.0000287655
       -0.0000461520   0.0000358760
       -0.1156755413  -0.1656481391   0.0340092957  -0.0152305105  -0.0236344542
        0.0079653478  -0.0004801333   0.0002757215   0.0000792180   0.0001100145
        0.0000810812   0.0001829638   0.0010402429  -0.0004265385   0.0002557607
       -0.0005416395   0.0001393792   0.0000635586  -0.0000951769   0.0000637129
       -0.0001683132   0.1324558717   0.1934995552  -0.0420132617   0.0047547290
        0.0064550239  -0.0014215060  -0.0086100644  -0.0067993184   0.0000200810
       -0.0005080109   0.0009984157  -0.0003881228   0.0026406385  -0.0053955890
        0.0024185858  -0.0001507445   0.0002197940  -0.0000028751  -0.0001369681
       -0.0001434645   0.0001000197   0.0006810650   0.0001571675  -0.0011012365
       -0.0001854635   0.0001812814   0.0000099049  -0.0000379326   0.0000316390
       -0.0000140332   0.0000009770   0.0000024184  -0.0000149575  -0.0000313529
       -0.0000576863   0.0000195700
        0.0321579760   0.0334659865  -0.0546156526   0.0057543783   0.0095783819
       -0.0027665019   0.0000013819  -0.0004370265   0.0003023795   0.0004316080
       -0.0007997134   0.0000153135  -0.0000380905   0.0008510844   0.0006338749
        0.0003747363  -0.0004608643  -0.0005733850  -0.0000296974  -0.0001381390
       -0.0000508676  -0.0391501904  -0.0420132617   0.0618882891   0.0199055574
        0.0166031301  -0.0070934553  -0.0197398795  -0.0193900391   0.0037792083
        0.0005211563   0.0004580668   0.0000198466  -0.0010356809   0.0028046483
       -0.0003452004   0.0001069921   0.0000388980  -0.0000905622  -0.0001161262
       -0.0000352168  -0.0001237079   0.0009621992  -0.0006110490  -0.0007680618
       -0.0000903643   0.0000746208  -0.0001619035  -0.0000679198   0.0000302903
       -0.0000617598   0.0000304355  -0.0000187528   0.0000017413   0.0000215282
       -0.0000010445   0.0000104047
       -0.1334866356   0.0468711519   0.1056263624  -0.0105743461   0.0079478366
        0.0107153269  -0.0011464347   0.0027332998  -0.0016260356  -0.0001444055
        0.0000637885  -0.0000147391   0.0002533898   0.0002474052   0.0004858510
       -0.0000393769  -0.0001101793  -0.0002122654  -0.0000966369  -0.0000089673
       -0.0000978724  -0.0175987779   0.0047547290   0.0199055574   0.1531154598
       -0.0571289217  -0.1232123008   0.0096108771  -0.0052589953  -0.0118702945
       -0.0003096142  -0.0001230577   0.0001016989   0.0008177547  -0.0005388091
        0.0000332937  -0.0005003338   0.0006004445   0.0006226493  -0.0000297362
       -0.0000643222  -0.0001499448   0.0000251468   0.0000072135  -0.0002461728
        0.0000518733   0.0000275894  -0.0000869727  -0.0000264550   0.0000005283
       -0.0000180031   0.0000398442  -0.0000134987   0.0000042778   0.0000384070
       -0.0000072357   0.0000395838
        0.0464194834  -0.0676740112  -0.0571059279   0.0176108880  -0.0121998790
       -0.0173104377   0.0030493305  -0.0044016412   0.0021123118  -0.0001376076
        0.0001059374   0.0003247510   0.0000189858   0.0000046361  -0.0000572417
       -0.0000455433  -0.0001352577   0.0000356630   0.0001022614   0.0000259300
        0.0000252431  -0.0149673376   0.0064550239   0.0166031301  -0.0571289217
        0.0804340240   0.0652934130   0.0043299402  -0.0023612546  -0.0081064541
       -0.0001392249   0.0003584724  -0.0001419614   0.0002085784   0.0002265558
       -0.0008122587   0.0009658752  -0.0010272253  -0.0009320776  -0.0000645644
        0.0000814885   0.0002718163  -0.0000780251  -0.0000459240  -0.0001197778
       -0.0000789993   0.0001254969  -0.0000467227  -0.0000089441   0.0000151308
        0.0000027829  -0.0000143815   0.0000056938  -0.0000028231  -0.0000417934
        0.0000068032  -0.0000334284
        0.1056892570  -0.0577068083  -0.1685573175  -0.0046892123   0.0026864169
        0.0058367283  -0.0006596410   0.0010787100   0.0005018411   0.0001135431
       -0.0000379168   0.0000073862  -0.0002049779   0.0000197421  -0.0002512045
        0.0001237347   0.0000256566   0.0000695336   0.0000626980  -0.0000367463
        0.0000843223   0.0073480210  -0.0014215060  -0.0070934553  -0.1232123008
        0.0652934130   0.1934074161   0.0160619984  -0.0101314879  -0.0253631681
       -0.0000081928   0.0001729396   0.0002967443  -0.0004050377  -0.0001806786
        0.0004722558  -0.0000446309   0.0001981413   0.0002712170   0.0000052672
        0.0002411519   0.0000833472  -0.0001288200  -0.0001568515   0.0001405763
       -0.0000401085  -0.0000487501   0.0000641957   0.0000114576   0.0000051605
        0.0000337883  -0.0000180436   0.0000077898  -0.0000045566  -0.0000050115
       -0.0000083762   0.0000003497
       -0.1119321159  -0.0279945391  -0.1035427106  -0.0104403442   0.0000909145
       -0.0139918541   0.0003315654  -0.0006576706  -0.0006398368   0.0000326693
        0.0002281681   0.0000359365   0.0000416063  -0.0001806057  -0.0003037150
       -0.0000309691   0.0000498059   0.0001854626  -0.0000119964   0.0000831773
        0.0001005613  -0.0148388136  -0.0086100644  -0.0197398795   0.0096108771
        0.0043299402   0.0160619984   0.1284615339   0.0295822290   0.1227485248
       -0.0013910208   0.0034521523  -0.0019652586   0.0004034415  -0.0003477098
        0.0003729713   0.0002389783  -0.0001829270   0.0000897606  -0.0000041047
        0.0005631062   0.0003753990  -0.0005724245  -0.0002795444   0.0001450190
        0.0000270170  -0.0000946855   0.0000509113   0.0000742151  -0.0000044686
        0.0000410626  -0.0000122136  -0.0000094321   0.0000159089   0.0000120990
       -0.0000178463  -0.0000402617
       -0.0279648852  -0.0537951178  -0.0413286192   0.0148462713   0.0035682512
        0.0205945443   0.0000761807   0.0010712158   0.0008854652  -0.0000669561
        0.0000213014  -0.0001117330  -0.0000082127  -0.0001234749   0.0001474880
       -0.0000927983  -0.0001463273  -0.0000167009   0.0000713946   0.0000538721
       -0.0000566099  -0.0143497017  -0.0067993184  -0.0193900391  -0.0052589953
       -0.0023612546  -0.0101314879   0.0295822290   0.0620400304   0.0468504679
        0.0034028811  -0.0039164195   0.0026132081   0.0001939177   0.0005214924
        0.0001991483  -0.0002144807   0.0001065626   0.0000270038  -0.0000104240
       -0.0002658145  -0.0003257627  -0.0002009738   0.0000374749  -0.0000143503
        0.0000080035  -0.0000499686   0.0000439681  -0.0000089473  -0.0000126546
       -0.0000005039   0.0000086003   0.0000132777  -0.0000043716  -0.0000131030
        0.0000368718   0.0000188848
       -0.1035848694  -0.0411377455  -0.2032562701  -0.0089096923   0.0005321715
       -0.0109757714   0.0010210911  -0.0005295145   0.0011870783   0.0000812410
       -0.0000535059  -0.0000454575   0.0002037519  -0.0000821771  -0.0000366762
       -0.0001296755   0.0000070518   0.0000741970  -0.0001124073   0.0000558874
        0.0000388152   0.0016758781   0.0000200810   0.0037792083  -0.0118702945
       -0.0081064541  -0.0253631681   0.1227485248   0.0468504679   0.2353079864
       -0.0013243547   0.0027269390  -0.0008182017   0.0001345816  -0.0001818131
       -0.0001939930   0.0002468150  -0.0001583775  -0.0001067832  -0.0001854797
        0.0001441162   0.0003828755  -0.0000882372  -0.0000411186   0.0000818082
        0.0000347932  -0.0000385165  -0.0000288061   0.0000426327   0.0000150473
       -0.0000123922  -0.0000120500  -0.0000085123   0.0000278660   0.0000277510
       -0.0000140270  -0.0000423154
       -0.0108867908   0.0000011792  -0.0136906478  -0.1273446647  -0.0368647389
       -0.1032274270   0.0083188585   0.0042176129   0.0121406388   0.0010128786
        0.0004358001  -0.0000138911   0.0001606163  -0.0000171182   0.0001172886
       -0.0006743531  -0.0007206413   0.0002576125  -0.0003475406   0.0000956288
        0.0000925087   0.0008141083  -0.0005080109   0.0005211563  -0.0003096142
       -0.0001392249  -0.0000081928  -0.0013910208   0.0034028811  -0.0013243547
        0.1489071939   0.0383137760   0.1199476045  -0.0178556482  -0.0098241761
       -0.0175185431   0.0003938367  -0.0003102326   0.0001493142  -0.0005226047
        0.0016705656   0.0028662891  -0.0000609927  -0.0000015922  -0.0000990556
       -0.0000475006   0.0000244842  -0.0000975151  -0.0001645571  -0.0000405166
       -0.0001527294   0.0000060499  -0.0000047319  -0.0000057712  -0.0000082548
        0.0002690556   0.0000457151
        0.0168437346   0.0026908917   0.0197018486  -0.0371353054  -0.0574450779
       -0.0428573629  -0.0064968573  -0.0044666521  -0.0130202412  -0.0000999449
        0.0004154720   0.0006309306  -0.0003942663   0.0013992397   0.0001625998
        0.0000747103  -0.0008399901  -0.0001202642   0.0001357633  -0.0000560028
        0.0001731069   0.0003687489   0.0009984157   0.0004580668  -0.0001230577
        0.0003584724   0.0001729396   0.0034521523  -0.0039164195   0.0027269390
        0.0383137760   0.0697918186   0.0502670014  -0.0164504911  -0.0071572685
       -0.0155151259  -0.0003384148  -0.0001237258  -0.0002800732   0.0017744339
       -0.0009993870  -0.0026809253   0.0000279527  -0.0001598756   0.0001286081
       -0.0001343482  -0.0001212168   0.0000710174   0.0000030938   0.0000211788
        0.0000375362  -0.0000368661  -0.0000962643   0.0000466706   0.0002151861
       -0.0002936086  -0.0001032721
       -0.0097029417   0.0002643171  -0.0099529628  -0.1026283638  -0.0423511481
       -0.1717613906  -0.0118300541  -0.0093088472  -0.0228253055  -0.0007934769
        0.0001837735   0.0010756528   0.0014297739  -0.0003848284  -0.0009617191
       -0.0002163030   0.0008150470   0.0003911575  -0.0002562321   0.0000493296
        0.0003165053   0.0001308228  -0.0003881228   0.0000198466   0.0001016989
       -0.0001419614   0.0002967443  -0.0019652586   0.0026132081  -0.0008182017
        0.1199476045   0.0502670014   0.2016959798   0.0039087679   0.0015236663
        0.0062719550  -0.0002867591   0.0002707917   0.0005645316   0.0024915580
       -0.0031182797  -0.0043846856  -0.0001307646  -0.0000727427  -0.0001528301
       -0.0002326362   0.0000202831   0.0002440482   0.0000211954   0.0000245141
        0.0000354183  -0.0001339724   0.0000022789  -0.0000087806   0.0001453411
       -0.0002682805  -0.0000459634
        0.0082283902   0.0089921827  -0.0040400327  -0.1498526028  -0.1031692367
        0.0494585465  -0.0144479497  -0.0097349270   0.0089827452  -0.0017762272
        0.0019349301   0.0028284714   0.0005010803   0.0000442315   0.0005214473
       -0.0001263476   0.0002826184   0.0000278962  -0.0002036062   0.0000395322
       -0.0000929229  -0.0000529904   0.0026406385  -0.0010356809   0.0008177547
        0.0002085784  -0.0004050377   0.0004034415   0.0001939177   0.0001345816
       -0.0178556482  -0.0164504911   0.0039087679   0.1749646018   0.1157674298
       -0.0603109323  -0.0003861858  -0.0001132188  -0.0001204479   0.0006233156
       -0.0002072254  -0.0003407843  -0.0000286101   0.0001907908  -0.0001419158
       -0.0008398345  -0.0005472123   0.0005652273   0.0000543978   0.0000115324
        0.0000175015   0.0000454572   0.0000126347  -0.0000111865  -0.0000684365
       -0.0000967059   0.0000537563
       -0.0147709655  -0.0234015933   0.0102875235  -0.1033007053  -0.1379231920
        0.0482921337   0.0075844388   0.0062872951  -0.0044417102   0.0015083432
        0.0002874354  -0.0014461690   0.0001404590  -0.0003227260  -0.0001322248
       -0.0001827482   0.0000534977   0.0000471778   0.0000138553   0.0001105825
       -0.0000348337   0.0030357592  -0.0053955890   0.0028046483  -0.0005388091
        0.0002265558  -0.0001806786  -0.0003477098   0.0005214924  -0.0001818131
       -0.0098241761  -0.0071572685   0.0015236663   0.1157674298   0.1657907328
       -0.0561145084   0.0002988183   0.0005656858  -0.0002909292   0.0001975775
        0.0002714989   0.0002128817   0.0000799021  -0.0000688120  -0.0001457213
        0.0003093648   0.0001692665  -0.0002003295   0.0000304793  -0.0000055871
        0.0000063411   0.0000233694  -0.0000175846   0.0000200668  -0.0000246828
        0.0000083096  -0.0000255214
        0.0067374298   0.0097346450  -0.0031916998   0.0491821620   0.0482958078
       -0.0688758028   0.0185521059   0.0126342157  -0.0103018224   0.0033129401
       -0.0020380548  -0.0026251100  -0.0002466516  -0.0004367726  -0.0008867886
        0.0000192022   0.0003012122   0.0001503576   0.0000758492  -0.0001140917
        0.0001413026  -0.0010939499   0.0024185858  -0.0003452004   0.0000332937
       -0.0008122587   0.0004722558   0.0003729713   0.0001991483  -0.0001939930
       -0.0175185431  -0.0155151259   0.0062719550  -0.0603109323  -0.0561145084
        0.0793515967  -0.0001458025   0.0002961739   0.0004905039   0.0002045330
        0.0006192194  -0.0000167126  -0.0001512142  -0.0000826994   0.0000806234
        0.0009958921   0.0006401428  -0.0005725740   0.0000137247   0.0000117692
        0.0000296062  -0.0000523000   0.0000105785   0.0000240583   0.0000192896
       -0.0000479870  -0.0000025559
       -0.0014339032   0.0017898942   0.0029616888  -0.0086820589   0.0153207861
       -0.0034216429  -0.0810186855   0.0789731313  -0.0390276910   0.0054611345
       -0.0179211419   0.0090619120   0.0008323358  -0.0000739210   0.0004930237
        0.0000602266   0.0000205198  -0.0002149636  -0.0009563067  -0.0010214140
        0.0003624736  -0.0001466132  -0.0001507445   0.0001069921  -0.0005003338
        0.0009658752  -0.0000446309   0.0002389783  -0.0002144807   0.0002468150
        0.0003938367  -0.0003384148  -0.0002867591  -0.0003861858   0.0002988183
       -0.0001458025   0.0987882849  -0.0912081216   0.0401923768  -0.0103835332
        0.0170020891  -0.0113283923  -0.0023532567  -0.0033124252   0.0017056248
        0.0008855216  -0.0004112564   0.0000895047   0.0001753730   0.0001811412
        0.0000121955  -0.0000975362   0.0000587333   0.0000561643  -0.0008772782
        0.0000409317  -0.0008188890
        0.0021604226  -0.0008039602  -0.0032474076   0.0098331044  -0.0149534243
        0.0034761983   0.0791332785  -0.2004315686   0.0725913230   0.0035730203
       -0.0192196442   0.0101518413   0.0011158238  -0.0005339260   0.0009582097
       -0.0001686769  -0.0003546954  -0.0002971166   0.0003218294   0.0003722693
        0.0000609968  -0.0000679035   0.0002197940   0.0000388980   0.0006004445
       -0.0010272253   0.0001981413  -0.0001829270   0.0001065626  -0.0001583775
       -0.0003102326  -0.0001237258   0.0002707917  -0.0001132188   0.0005656858
        0.0002961739  -0.0912081216   0.2326442306  -0.0845349555  -0.0010167353
        0.0044811247  -0.0008557541  -0.0033159878  -0.0025296377   0.0019403486
        0.0004538608   0.0008665863  -0.0003712332   0.0000208203   0.0000386633
        0.0000248588   0.0000424714   0.0000396242  -0.0000130857  -0.0008712726
        0.0006432668  -0.0005298513
        0.0022247183  -0.0019426853  -0.0022650727   0.0105458181  -0.0179392911
        0.0056071765  -0.0391395333   0.0720601788  -0.0762037459  -0.0017701610
        0.0117937751  -0.0058496315  -0.0002398096  -0.0000562842   0.0003530152
        0.0000253213  -0.0001520813  -0.0000509733  -0.0003143125  -0.0005161260
       -0.0001629417   0.0000146497  -0.0000028751  -0.0000905622   0.0006226493
       -0.0009320776   0.0002712170   0.0000897606   0.0000270038  -0.0001067832
        0.0001493142  -0.0002800732   0.0005645316  -0.0001204479  -0.0002909292
        0.0004905039   0.0401923768  -0.0845349555   0.0901452206  -0.0139437637
        0.0201159201  -0.0121520047   0.0022866546   0.0020658804  -0.0005840545
       -0.0001551955   0.0005575410  -0.0001595787  -0.0000159131  -0.0000287253
       -0.0001090503   0.0001493050   0.0000910892  -0.0000463950  -0.0006014313
       -0.0000352847   0.0003491287
        0.0007631463  -0.0001009447   0.0010317383   0.0080969359   0.0041215262
        0.0104228339  -0.1297095509  -0.0342874518  -0.1084266892  -0.0195357133
       -0.0103212906  -0.0136378576  -0.0023432160  -0.0013143034   0.0041312346
        0.0000457052  -0.0014883364  -0.0015918035  -0.0002228660   0.0003373886
       -0.0007131323  -0.0001722579  -0.0001369681  -0.0001161262  -0.0000297362
       -0.0000645644   0.0000052672  -0.0000041047  -0.0000104240  -0.0001854797
       -0.0005226047   0.0017744339   0.0024915580   0.0006233156   0.0001975775
        0.0002045330  -0.0103835332  -0.0010167353  -0.0139437637   0.1525355291
        0.0420107445   0.1208778164   0.0008196822   0.0003022263  -0.0002927287
       -0.0001115934   0.0002039548  -0.0002092964   0.0000747899   0.0001209210
       -0.0000072728   0.0000968842  -0.0001767513   0.0000240048  -0.0000208121
       -0.0001510030  -0.0000648361
       -0.0008740993   0.0005671675  -0.0005369270  -0.0072828559  -0.0044115603
       -0.0136835984  -0.0338647167  -0.0580247276  -0.0436205638  -0.0170302528
       -0.0080013385  -0.0108940481  -0.0023215857  -0.0003137192   0.0037786230
        0.0003186028  -0.0014064171  -0.0014957741   0.0001848658   0.0003632019
       -0.0006473306  -0.0000462469  -0.0001434645  -0.0000352168  -0.0000643222
        0.0000814885   0.0002411519   0.0005631062  -0.0002658145   0.0001441162
        0.0016705656  -0.0009993870  -0.0031182797  -0.0002072254   0.0002714989
        0.0006192194   0.0170020891   0.0044811247   0.0201159201   0.0420107445
        0.0672836549   0.0501313560  -0.0004073443   0.0000416504  -0.0007457512
        0.0004800343   0.0003130778   0.0000165437   0.0000116170   0.0001394261
       -0.0001362327   0.0001451120  -0.0000284691   0.0000493852  -0.0002880880
        0.0000526072  -0.0001825932
       -0.0004024643   0.0007839562   0.0011282682  -0.0113171270  -0.0090119847
       -0.0224721998  -0.1084521706  -0.0427381799  -0.1707544964   0.0063870938
        0.0031659524   0.0059858289   0.0011511741   0.0005741160  -0.0008069554
       -0.0000988066   0.0004550824   0.0006912966  -0.0001253422  -0.0000566633
        0.0003609936   0.0000260165   0.0001000197  -0.0001237079  -0.0001499448
        0.0002718163   0.0000833472   0.0003753990  -0.0003257627   0.0003828755
        0.0028662891  -0.0026809253  -0.0043846856  -0.0003407843   0.0002128817
       -0.0000167126  -0.0113283923  -0.0008557541  -0.0121520047   0.1208778164
        0.0501313560   0.2011469390   0.0003829788  -0.0000050832   0.0005834599
       -0.0000384463   0.0001374922   0.0002672619   0.0001016470  -0.0000237034
        0.0000832058  -0.0000291118  -0.0000126829   0.0000035729   0.0001141754
       -0.0001219335  -0.0000062872
       -0.0004293256   0.0001663698   0.0004219715   0.0004471690   0.0000606119
       -0.0001672849   0.0067715255  -0.0165661250   0.0103660758  -0.0825256135
        0.0779113251  -0.0485609019  -0.0118132661   0.0131388401  -0.0144679148
        0.0008718089   0.0008404315   0.0027482832  -0.0015982977  -0.0013904730
       -0.0037289015  -0.0003047967   0.0006810650   0.0009621992   0.0000251468
       -0.0000780251  -0.0001288200  -0.0005724245  -0.0002009738  -0.0000882372
       -0.0000609927   0.0000279527  -0.0001307646  -0.0000286101   0.0000799021
       -0.0001512142  -0.0023532567  -0.0033159878   0.0022866546   0.0008196822
       -0.0004073443   0.0003829788   0.0998409205  -0.0867395498   0.0578901099
       -0.0084273121   0.0156450010  -0.0072972566  -0.0008847061   0.0005851992
       -0.0005694596   0.0002453179  -0.0000347454  -0.0000382235  -0.0000229691
       -0.0004034742   0.0002707058
        0.0006827668   0.0001988986  -0.0005338457   0.0003041395   0.0002902544
       -0.0000639570   0.0033840754  -0.0174295753   0.0114604736   0.0785320950
       -0.1805979354   0.0869342968  -0.0023928924   0.0069411970  -0.0034866342
       -0.0004499782   0.0010877313   0.0004959367  -0.0011852992   0.0000136051
       -0.0009714446   0.0006350146   0.0001571675  -0.0006110490   0.0000072135
       -0.0000459240  -0.0001568515  -0.0002795444   0.0000374749  -0.0000411186
       -0.0000015922  -0.0001598756  -0.0000727427   0.0001907908  -0.0000688120
       -0.0000826994  -0.0033124252  -0.0025296377   0.0020658804   0.0003022263
        0.0000416504  -0.0000050832  -0.0867395498   0.2083124657  -0.1021385831
        0.0108076319  -0.0164272341   0.0075837937  -0.0002948292   0.0002129205
       -0.0001764806  -0.0001923445  -0.0000498701  -0.0000894068   0.0000025010
        0.0000154988  -0.0001104849
        0.0003129661   0.0002248895   0.0002390390  -0.0003956432   0.0002718260
        0.0000995378  -0.0029108192   0.0115475901  -0.0061436341  -0.0486486935
        0.0859918146  -0.1032192722  -0.0139690182   0.0188538666  -0.0139829587
        0.0022307594   0.0001264729   0.0019878304  -0.0036673385  -0.0016940897
       -0.0023609302   0.0008256023  -0.0011012365  -0.0007680618  -0.0002461728
       -0.0001197778   0.0001405763   0.0001450190  -0.0000143503   0.0000818082
       -0.0000990556   0.0001286081  -0.0001528301  -0.0001419158  -0.0001457213
        0.0000806234   0.0017056248   0.0019403486  -0.0005840545  -0.0002927287
       -0.0007457512   0.0005834599   0.0578901099  -0.1021385831   0.1161161038
        0.0081227386  -0.0137016667   0.0084752622  -0.0009316006   0.0007289318
       -0.0004277624  -0.0002605338   0.0001443391  -0.0002634341   0.0003306998
       -0.0002975107   0.0000986972
        0.0000779372  -0.0001030129   0.0001354266  -0.0030120669  -0.0030358205
        0.0013975559  -0.0153379609   0.0089252426   0.0171518860  -0.1078185804
        0.0766305739   0.0775095143   0.0091456421  -0.0071903294  -0.0096134511
       -0.0028514642  -0.0033017898  -0.0016836098  -0.0011224021  -0.0003165221
        0.0000682097   0.0000092176  -0.0001854635  -0.0000903643   0.0000518733
       -0.0000789993  -0.0000401085   0.0000270170   0.0000080035   0.0000347932
       -0.0000475006  -0.0001343482  -0.0002326362  -0.0008398345   0.0003093648
        0.0009958921   0.0008855216   0.0004538608  -0.0001551955  -0.0001115934
        0.0004800343  -0.0000384463  -0.0084273121   0.0108076319   0.0081227386
        0.1296792941  -0.0830067021  -0.0929274812   0.0000221632  -0.0000900683
        0.0000968264  -0.0006046842  -0.0000513652  -0.0008589919   0.0002747329
       -0.0001202904   0.0001274417
        0.0001490025  -0.0000780591  -0.0002283438  -0.0023431693  -0.0012395564
        0.0011881750  -0.0103439568   0.0070843132   0.0107454895   0.0791409293
       -0.1121350712  -0.0821016064   0.0041659481  -0.0091418443  -0.0114155413
       -0.0031285656  -0.0015046729  -0.0019342442   0.0005694672   0.0001761842
        0.0009704359   0.0000747860   0.0001812814   0.0000746208   0.0000275894
        0.0001254969  -0.0000487501  -0.0000946855  -0.0000499686  -0.0000385165
        0.0000244842  -0.0001212168   0.0000202831  -0.0005472123   0.0001692665
        0.0006401428  -0.0004112564   0.0008665863   0.0005575410   0.0002039548
        0.0003130778   0.0001374922   0.0156450010  -0.0164272341  -0.0137016667
       -0.0830067021   0.1317284570   0.0945943839   0.0000570385  -0.0001525323
        0.0002740448  -0.0001752690   0.0002476055   0.0000590282  -0.0000073841
       -0.0000421132   0.0002070318
       -0.0001470841   0.0001208519   0.0002361411   0.0022828134   0.0019532716
       -0.0003423067   0.0108004403  -0.0041666505  -0.0088188239   0.0793409445
       -0.0813294292  -0.1358101086   0.0137659556  -0.0132291206  -0.0144140449
       -0.0046724407  -0.0054833232  -0.0034398832  -0.0009774091   0.0002788452
        0.0015612890  -0.0000645012   0.0000099049  -0.0001619035  -0.0000869727
       -0.0000467227   0.0000641957   0.0000509113   0.0000439681  -0.0000288061
       -0.0000975151   0.0000710174   0.0002440482   0.0005652273  -0.0002003295
       -0.0005725740   0.0000895047  -0.0003712332  -0.0001595787  -0.0002092964
        0.0000165437   0.0002672619  -0.0072972566   0.0075837937   0.0084752622
       -0.0929274812   0.0945943839   0.1534101562   0.0002612087   0.0000334488
        0.0004035492  -0.0009345465  -0.0000689855  -0.0003496524   0.0002574980
        0.0001897653  -0.0005642215
       -0.0000254979   0.0000528602   0.0001046176  -0.0000665975   0.0000200217
       -0.0001500923   0.0000467898   0.0000678910  -0.0000814025  -0.0020987358
        0.0033399730  -0.0025030192  -0.0113763042  -0.0045063310  -0.0211864353
        0.0009483453  -0.0026289014   0.0018856782  -0.0726295303  -0.0346306267
       -0.0747324776  -0.0000078893  -0.0000379326  -0.0000679198  -0.0000264550
       -0.0000089441   0.0000114576   0.0000742151  -0.0000089473   0.0000426327
       -0.0001645571   0.0000030938   0.0000211954   0.0000543978   0.0000304793
        0.0000137247   0.0001753730   0.0000208203  -0.0000159131   0.0000747899
        0.0000116170   0.0001016470  -0.0008847061  -0.0002948292  -0.0009316006
        0.0000221632   0.0000570385   0.0002612087   0.0837104397   0.0376152328
        0.0891689989   0.0076475754   0.0083974906   0.0205101863  -0.0054738161
       -0.0075000057  -0.0124524868
        0.0000272555   0.0000215859  -0.0000120539  -0.0000472345   0.0000547097
       -0.0000326625   0.0001359497   0.0000194665   0.0000481860   0.0027609032
       -0.0014749665   0.0009933977   0.0062740745   0.0088376744   0.0163787205
       -0.0009861915   0.0010564842  -0.0008739620  -0.0343484705  -0.0816585913
       -0.0788972093  -0.0000102338   0.0000316390   0.0000302903   0.0000005283
        0.0000151308   0.0000051605  -0.0000044686  -0.0000126546   0.0000150473
       -0.0000405166   0.0000211788   0.0000245141   0.0000115324  -0.0000055871
        0.0000117692   0.0001811412   0.0000386633  -0.0000287253   0.0001209210
        0.0001394261  -0.0000237034   0.0005851992   0.0002129205   0.0007289318
       -0.0000900683  -0.0001525323   0.0000334488   0.0376152328   0.0866560272
        0.0909386125  -0.0011740853  -0.0010920237  -0.0055742997  -0.0110114686
       -0.0127085510  -0.0237654623
       -0.0000016284  -0.0000121264   0.0001226270   0.0000612223   0.0000078088
       -0.0000688093  -0.0001473239   0.0000158172  -0.0002647704  -0.0023933098
        0.0016600874  -0.0002157946  -0.0085989742  -0.0043395135  -0.0144720175
        0.0019450230  -0.0002305875   0.0013657155  -0.0751213418  -0.0781003071
       -0.2231447234   0.0000009931  -0.0000140332  -0.0000617598  -0.0000180031
        0.0000027829   0.0000337883   0.0000410626  -0.0000005039  -0.0000123922
       -0.0001527294   0.0000375362   0.0000354183   0.0000175015   0.0000063411
        0.0000296062   0.0000121955   0.0000248588  -0.0001090503  -0.0000072728
       -0.0001362327   0.0000832058  -0.0005694596  -0.0001764806  -0.0004277624
        0.0000968264   0.0002740448   0.0004035492   0.0891689989   0.0909386125
        0.2558256283  -0.0049564083  -0.0097727417  -0.0219727523   0.0006226280
       -0.0001853632   0.0028502936
       -0.0000535857  -0.0000521699  -0.0000324982   0.0000293324  -0.0000642204
        0.0000905153   0.0002605807   0.0002045296   0.0002160143   0.0008525446
        0.0003912655  -0.0017100483  -0.0187862472   0.0065458358   0.0133028408
       -0.0003236197   0.0018543290  -0.0021482286  -0.1797923217   0.0217008795
        0.1216546156   0.0000222710   0.0000009770   0.0000304355   0.0000398442
       -0.0000143815  -0.0000180436  -0.0000122136   0.0000086003  -0.0000120500
        0.0000060499  -0.0000368661  -0.0001339724   0.0000454572   0.0000233694
       -0.0000523000  -0.0000975362   0.0000424714   0.0001493050   0.0000968842
        0.0001451120  -0.0000291118   0.0002453179  -0.0001923445  -0.0002605338
       -0.0006046842  -0.0001752690  -0.0009345465   0.0076475754  -0.0011740853
       -0.0049564083   0.2036078073  -0.0275961556  -0.1372782634  -0.0131834566
       -0.0016118774   0.0121222786
        0.0000484552   0.0000349959  -0.0000156120   0.0000423875   0.0000214923
       -0.0000539421  -0.0005157947  -0.0000728524  -0.0003586629  -0.0005687683
       -0.0005401920   0.0008130801   0.0177725313  -0.0049457404  -0.0111937718
       -0.0004917389  -0.0031424432   0.0030645943   0.0259302965  -0.0381017979
       -0.0244520216  -0.0000224025   0.0000024184  -0.0000187528  -0.0000134987
        0.0000056938   0.0000077898  -0.0000094321   0.0000132777  -0.0000085123
       -0.0000047319  -0.0000962643   0.0000022789   0.0000126347  -0.0000175846
        0.0000105785   0.0000587333   0.0000396242   0.0000910892  -0.0001767513
       -0.0000284691  -0.0000126829  -0.0000347454  -0.0000498701   0.0001443391
       -0.0000513652   0.0002476055  -0.0000689855   0.0083974906  -0.0010920237
       -0.0097727417  -0.0275961556   0.0458140516   0.0238923790  -0.0227771444
        0.0019080784   0.0179295565
       -0.0000303493   0.0000019681   0.0000153314  -0.0000934025  -0.0000553276
       -0.0000021523   0.0001996671   0.0002986294   0.0001750742   0.0000499937
        0.0002338770  -0.0017247908  -0.0052923729  -0.0015201547   0.0072691541
       -0.0001958956   0.0019055114  -0.0002537510   0.1158337745  -0.0199104379
       -0.1383083902   0.0000180263  -0.0000149575   0.0000017413   0.0000042778
       -0.0000028231  -0.0000045566   0.0000159089  -0.0000043716   0.0000278660
       -0.0000057712   0.0000466706  -0.0000087806  -0.0000111865   0.0000200668
        0.0000240583   0.0000561643  -0.0000130857  -0.0000463950   0.0000240048
        0.0000493852   0.0000035729  -0.0000382235  -0.0000894068  -0.0002634341
       -0.0008589919   0.0000590282  -0.0003496524   0.0205101863  -0.0055742997
       -0.0219727523  -0.1372782634   0.0238923790   0.1595167000   0.0070924533
        0.0006773488  -0.0040988429
        0.0000055456  -0.0000024739  -0.0000222559  -0.0001436655  -0.0000444013
        0.0000094957  -0.0011745675   0.0011900800  -0.0010805509  -0.0005470064
       -0.0003587943   0.0008293897   0.0092493886   0.0141122764  -0.0032242818
       -0.0038759078   0.0054156176  -0.0001236741  -0.0846034497  -0.0980849135
        0.0136253323   0.0000287655  -0.0000313529   0.0000215282   0.0000384070
       -0.0000417934  -0.0000050115   0.0000120990  -0.0000131030   0.0000277510
       -0.0000082548   0.0002151861   0.0001453411  -0.0000684365  -0.0000246828
        0.0000192896  -0.0008772782  -0.0008712726  -0.0006014313  -0.0000208121
       -0.0002880880   0.0001141754  -0.0000229691   0.0000025010   0.0003306998
        0.0002747329  -0.0000073841   0.0002574980  -0.0054738161  -0.0110114686
        0.0006226280  -0.0131834566  -0.0227771444   0.0070924533   0.1003906815
        0.1126212118  -0.0180383767
       -0.0000549166   0.0000292766  -0.0000665285   0.0001035832  -0.0000193041
        0.0000739596  -0.0003433824   0.0003865565  -0.0001069819   0.0001325140
        0.0006015828  -0.0009286743  -0.0065813411  -0.0225515057   0.0045810726
        0.0048832274  -0.0041403163   0.0014269558  -0.1011162930  -0.2341088580
        0.0356427011  -0.0000461520  -0.0000576863  -0.0000010445  -0.0000072357
        0.0000068032  -0.0000083762  -0.0000178463   0.0000368718  -0.0000140270
        0.0002690556  -0.0002936086  -0.0002682805  -0.0000967059   0.0000083096
       -0.0000479870   0.0000409317   0.0006432668  -0.0000352847  -0.0001510030
        0.0000526072  -0.0001219335  -0.0004034742   0.0000154988  -0.0002975107
       -0.0001202904  -0.0000421132   0.0001897653  -0.0075000057  -0.0127085510
       -0.0001853632  -0.0016118774   0.0019080784   0.0006773488   0.1126212118
        0.2702330914  -0.0405098110
        0.0000175550  -0.0000599578  -0.0000579650   0.0000613940  -0.0000745950
        0.0001345215  -0.0004256001   0.0006402027  -0.0005215726  -0.0010879129
       -0.0003791350   0.0003546162   0.0089427616   0.0072402969  -0.0008356055
       -0.0026862410   0.0040231089   0.0007737763   0.0138975362   0.0356954608
       -0.0496124758   0.0000358760   0.0000195700   0.0000104047   0.0000395838
       -0.0000334284   0.0000003497  -0.0000402617   0.0000188848  -0.0000423154
        0.0000457151  -0.0001032721  -0.0000459634   0.0000537563  -0.0000255214
       -0.0000025559  -0.0008188890  -0.0005298513   0.0003491287  -0.0000648361
       -0.0001825932  -0.0000062872   0.0002707058  -0.0001104849   0.0000986972
        0.0001274417   0.0002070318  -0.0005642215  -0.0124524868  -0.0237654623
        0.0028502936   0.0121222786   0.0179295565  -0.0040988429  -0.0180383767
       -0.0405098110   0.0512160172
