           1           2   1.01918624072027     
           2           3   1.00922053128476     
           3           4  0.984810306268039     
           4           5  0.979534529134824     
           5           6   1.69630820083140     
           5           7   1.16372221535755     
           6           7  0.169256967593622     
           7           8  0.940573830502995     
           1           9  0.986976406666527     
           1          10  0.987438328831218     
           1          11  0.986801614629310     
           2          12  0.977587459948316     
           2          13  0.977591638938590     
           3          14  0.974256360000172     
           3          15  0.975475025993121     
           4          16  0.972933627350861     
           4          17  0.950299594332484     
           8          18  0.976668974581666     
           8          19  0.976854083289209     
           8          20  0.975930932690440     
