           1           2   1.00972740639006     
           2           3   1.00991879087864     
           2           4  0.995717959559409     
           4           5   1.00158236998922     
           5           6  0.921294700903680     
           6           7   1.17231876196472     
           6           8  0.170502411785312     
           7           8   1.67939845810131     
           7           9  0.997793741311738     
           1          10  0.986637590752168     
           1          11  0.985674400174107     
           1          12  0.986380662796535     
           2          13  0.967909982022556     
           3          14  0.986000272461019     
           3          15  0.985948367523048     
           3          16  0.983525873807111     
           4          17  0.971456772250571     
           4          18  0.971876259113970     
           5          19  0.966301644941131     
           5          20  0.963909083838363     
           9          21  0.959612207938340     
           9          22  0.980416243864237     
           9          23  0.951357237463587     
