*************************************************
******************* ORCA 6.0.0 ******************
*************************************************
$Calculation_Status
   &GeometryIndex 1
   &ListStatus       OUT
   &VERSION [&Type "String"] "6.0.0"
   &PROGNAME [&Type "String"] "LeanSCF"
   &STATUS [&Type "String"] "NORMAL TERMINATION"
$End
$Geometry
   &GeometryIndex 1
   &ListStatus       OUT
   &NATOMS [&Type "Integer"] 26
   &NCORELESSECP [&Type "Integer"] 0
   &NGHOSTATOMS [&Type "Integer"] 0
   &CartesianCoordinates [&Type "Coordinates", &Dim(26,4), &Units "Bohr"] 
              C      5.559426309858   -2.639187120108   -2.119599183425
              C      3.560206759003   -1.160415796955   -0.655709737981
              C      2.590104134687   -2.685080017835    1.572345769715
              C      1.650969544411   -0.102744401020   -2.438026456099
              N     -0.705105150879    0.261320656920   -2.325397816269
              O     -2.013854088734   -0.628053859250   -0.175328509892
              C     -4.533225311435    0.016403173576   -0.155696890017
              O     -5.516604362607    1.411930391145   -1.680391563266
              N     -5.649122761926   -1.099237583887    1.810110891732
              C     -8.303639079650   -0.784685459780    2.379513859535
              S      5.201951449578    1.773794820672    0.454152263798
              C      2.769028427750    3.438582496676    2.203683591639
              H      6.350266686835   -1.494269953236   -3.630638011739
              H      7.082096100547   -3.185595728538   -0.854724511006
              H      4.717487115932   -4.330121766697   -2.928657352381
              H      1.292441089436   -1.596992822716    2.730436777392
              H      4.179910017867   -3.280679864647    2.730447647097
              H      1.602015774306   -4.351107264421    0.882285787780
              H      2.432538012994    0.653000703129   -4.173190038540
              H     -4.609903160676   -2.247678848870    2.920309872877
              H     -8.533773414406    0.023478867391    4.257955014613
              H     -9.269853952060   -2.599219249859    2.284009022767
              H     -9.101595827554    0.491334761441    0.979148382570
              H      3.518946571947    5.316657454387    2.539736528747
              H      2.413864042451    2.493597280841    3.989091177947
              H      1.060144322735    3.566519726281    1.073643319835
$End
$SCF_Energy
   &GeometryIndex 1
   &ListStatus       OUT
   &SCF_ENERGY [&Type "Double"]      -9.3313988943773541e+02
$End
$DFT_Energy
   &GeometryIndex 1
   &ListStatus       OUT
   &NALPHAEL [&Type "Integer"] 51
   &NBETAEL [&Type "Integer"] 51
   &NTOTALEL [&Type "Integer"] 102
   &EEXCHANGE [&Type "Double"]      -9.6300490016865183e+01
   &ECORR [&Type "Double"]      -3.3985909586204284e+00
   &ECNL [&Type "Double"]       0.0000000000000000e+00
   &EXC [&Type "Double"]      -9.9699080975485614e+01
   &EEMBED [&Type "Double"]       0.0000000000000000e+00
   &FINALEN [&Type "Double"]      -9.3313988943773541e+02  "No Van der Waals correction"
$End
$Mulliken_Population_Analysis
   &GeometryIndex 1
   &ListStatus       OUT
   &NATOMS [&Type "Integer"] 26
   &ATNO [&Type "ArrayOfIntegers", &Dim (26,1)] 
                                                         0

0                                                        6
1                                                        6
2                                                        6
3                                                        6
4                                                        7
5                                                        8
6                                                        6
7                                                        8
8                                                        7
9                                                        6
10                                                      16
11                                                       6
12                                                       1
13                                                       1
14                                                       1
15                                                       1
16                                                       1
17                                                       1
18                                                       1
19                                                       1
20                                                       1
21                                                       1
22                                                       1
23                                                       1
24                                                       1
25                                                       1
   &ATOMICCHARGES [&Type "ArrayOfDoubles", &Dim (26,1)] 
                                                         0

0                                     -4.8297497490417918e-01
1                                      1.6436055231061175e-01
2                                     -4.8729536927706363e-01
3                                     -1.0243127567959309e-01
4                                     -3.2291175775892267e-01
5                                      5.9658617182702045e-02
6                                      3.0011223413925059e-01
7                                     -4.3463675806515489e-01
8                                     -1.4196217212431694e-01
9                                     -3.8770873998582900e-01
10                                    -1.3397572658419676e-01
11                                    -4.3567067760069556e-01
12                                     1.6520030421968657e-01
13                                     1.7099054964510563e-01
14                                     1.6388869874956025e-01
15                                     1.6155279796558708e-01
16                                     1.6219023804904120e-01
17                                     1.6506083439463715e-01
18                                     1.6850454791346769e-01
19                                     2.4495483379805272e-01
20                                     1.4435297101533862e-01
21                                     1.4509382663789316e-01
22                                     1.9912199999248048e-01
23                                     1.6109539831021213e-01
24                                     1.6320182214301759e-01
25                                     1.9022722551325977e-01
$End
$Loewdin_Population_Analysis
   &GeometryIndex 1
   &ListStatus       OUT
   &NATOMS [&Type "Integer"] 26
   &ATNO [&Type "ArrayOfIntegers", &Dim (26,1)] 
                                                         0

0                                                        6
1                                                        6
2                                                        6
3                                                        6
4                                                        7
5                                                        8
6                                                        6
7                                                        8
8                                                        7
9                                                        6
10                                                      16
11                                                       6
12                                                       1
13                                                       1
14                                                       1
15                                                       1
16                                                       1
17                                                       1
18                                                       1
19                                                       1
20                                                       1
21                                                       1
22                                                       1
23                                                       1
24                                                       1
25                                                       1
   &ATOMICCHARGES [&Type "ArrayOfDoubles", &Dim (26,1)] 
                                                         0

0                                      1.1271588336020084e-05
1                                      1.0592627722964221e-04
2                                      3.0342177118022721e-05
3                                      2.7758774404653460e-04
4                                      7.5744979360460292e-04
5                                      9.7288321035718150e-01
6                                      1.3392086211879635e-04
7                                      2.5267312257624033e-02
8                                      4.5795775566163580e-04
9                                      5.3272758161380411e-05
10                                     4.3471807236044454e-06
11                                     5.0899009090806866e-06
12                                     1.1134579466317549e-07
13                                     1.0868252839242854e-06
14                                     2.2840131478328154e-08
15                                     3.8997825859451309e-07
16                                     3.9108873659075152e-06
17                                     2.9939374675440746e-06
18                                     1.6975189109335486e-07
19                                     1.2994117025130831e-06
20                                     8.3968554829060482e-08
21                                     5.9260792874330268e-08
22                                     1.2580002882864344e-06
23                                     1.5462326539787642e-07
24                                     4.7175247945732078e-08
25                                     7.2334123416775063e-07
$End
$Mayer_Population_Analysis
   &GeometryIndex 1
   &ListStatus       OUT
   &NATOMS [&Type "Integer"] 26 "Total number of atoms"
   &BONDTHRESH [&Type "Double"]       1.0000000000000001e-01  "The threshold for printing"
   &NBONDORDERSPRINT [&Type "Integer"] 25 "The number of bond orders larger than threshold"
   &BONDORDERS [&Type "ArrayOfDoubles", &Dim (25,1)] "The bond orders"
                                                         0

0                                      9.1518845181813380e-01
1                                      9.5722340655478944e-01
2                                      9.7151204023557569e-01
3                                      9.7006136188788394e-01
4                                      8.8298038038886184e-01
5                                      9.2044967773781872e-01
6                                      8.7934611515082728e-01
7                                      9.6666586828774670e-01
8                                      9.6819568160229186e-01
9                                      9.7156411938665699e-01
10                                     1.8908994440229168e+00
11                                     9.4593540611356475e-01
12                                     9.7658512493123517e-01
13                                     1.0028446198035275e+00
14                                     1.9203434452519699e+00
15                                     1.2425130350754168e+00
16                                     8.9889225265800976e-01
17                                     9.1113137917943232e-01
18                                     9.6200079884647949e-01
19                                     9.6094262883028980e-01
20                                     9.5768965323344468e-01
21                                     9.8244079001438367e-01
22                                     9.4620928075066912e-01
23                                     9.5392649913306116e-01
24                                     9.3588697462694981e-01
   &COMPONENTS [&Type "ArrayOfIntegers", &Dim (25,4)] "The indices and atomic numbers of the bonding atoms"
                                                         0                           1                           2                           3

0                                                        0                           6                           1                           6
1                                                        0                           6                          12                           1
2                                                        0                           6                          13                           1
3                                                        0                           6                          14                           1
4                                                        1                           6                           2                           6
5                                                        1                           6                           3                           6
6                                                        1                           6                          10                          16
7                                                        2                           6                          15                           1
8                                                        2                           6                          16                           1
9                                                        2                           6                          17                           1
10                                                       3                           6                           4                           7
11                                                       3                           6                          18                           1
12                                                       4                           7                           5                           8
13                                                       5                           8                           6                           6
14                                                       6                           6                           7                           8
15                                                       6                           6                           8                           7
16                                                       8                           7                           9                           6
17                                                       8                           7                          19                           1
18                                                       9                           6                          20                           1
19                                                       9                           6                          21                           1
20                                                       9                           6                          22                           1
21                                                      10                          16                          11                           6
22                                                      11                           6                          23                           1
23                                                      11                           6                          24                           1
24                                                      11                           6                          25                           1
   &ATNO [&Type "ArrayOfIntegers", &Dim (26,1)] "Atomic number of the elements"
                                                         0

0                                                        6
1                                                        6
2                                                        6
3                                                        6
4                                                        7
5                                                        8
6                                                        6
7                                                        8
8                                                        7
9                                                        6
10                                                      16
11                                                       6
12                                                       1
13                                                       1
14                                                       1
15                                                       1
16                                                       1
17                                                       1
18                                                       1
19                                                       1
20                                                       1
21                                                       1
22                                                       1
23                                                       1
24                                                       1
25                                                       1
   &NA [&Type "ArrayOfDoubles", &Dim (26,1)] "Mulliken gross atomic population"
                                                         0

0                                      6.4829749749042236e+00
1                                      5.8356394476893838e+00
2                                      6.4872953692770450e+00
3                                      6.1024312756795878e+00
4                                      7.3229117577589600e+00
5                                      7.9403413828172704e+00
6                                      5.6998877658607672e+00
7                                      8.4346367580651762e+00
8                                      7.1419621721243116e+00
9                                      6.3877087399858201e+00
10                                     1.6133975726584168e+01
11                                     6.4356706776006982e+00
12                                     8.3479969578031499e-01
13                                     8.2900945035489448e-01
14                                     8.3611130125043998e-01
15                                     8.3844720203441125e-01
16                                     8.3780976195095969e-01
17                                     8.3493916560536241e-01
18                                     8.3149545208653497e-01
19                                     7.5504516620194695e-01
20                                     8.5564702898466116e-01
21                                     8.5490617336210728e-01
22                                     8.0087800000751908e-01
23                                     8.3890460168978687e-01
24                                     8.3679817785698196e-01
25                                     8.0977277448673968e-01
   &ZA [&Type "ArrayOfDoubles", &Dim (26,1)] "Total nuclear charge"
                                                         0

0                                      6.0000000000000000e+00
1                                      6.0000000000000000e+00
2                                      6.0000000000000000e+00
3                                      6.0000000000000000e+00
4                                      7.0000000000000000e+00
5                                      8.0000000000000000e+00
6                                      6.0000000000000000e+00
7                                      8.0000000000000000e+00
8                                      7.0000000000000000e+00
9                                      6.0000000000000000e+00
10                                     1.6000000000000000e+01
11                                     6.0000000000000000e+00
12                                     1.0000000000000000e+00
13                                     1.0000000000000000e+00
14                                     1.0000000000000000e+00
15                                     1.0000000000000000e+00
16                                     1.0000000000000000e+00
17                                     1.0000000000000000e+00
18                                     1.0000000000000000e+00
19                                     1.0000000000000000e+00
20                                     1.0000000000000000e+00
21                                     1.0000000000000000e+00
22                                     1.0000000000000000e+00
23                                     1.0000000000000000e+00
24                                     1.0000000000000000e+00
25                                     1.0000000000000000e+00
   &QA [&Type "ArrayOfDoubles", &Dim (26,1)] "Mulliken gross atomic charge"
                                                         0

0                                     -4.8297497490422359e-01
1                                      1.6436055231061619e-01
2                                     -4.8729536927704498e-01
3                                     -1.0243127567958776e-01
4                                     -3.2291175775895997e-01
5                                      5.9658617182729579e-02
6                                      3.0011223413923283e-01
7                                     -4.3463675806517621e-01
8                                     -1.4196217212431161e-01
9                                     -3.8770873998582012e-01
10                                    -1.3397572658416834e-01
11                                    -4.3567067760069822e-01
12                                     1.6520030421968501e-01
13                                     1.7099054964510552e-01
14                                     1.6388869874956002e-01
15                                     1.6155279796558875e-01
16                                     1.6219023804904031e-01
17                                     1.6506083439463759e-01
18                                     1.6850454791346503e-01
19                                     2.4495483379805305e-01
20                                     1.4435297101533884e-01
21                                     1.4509382663789272e-01
22                                     1.9912199999248092e-01
23                                     1.6109539831021313e-01
24                                     1.6320182214301804e-01
25                                     1.9022722551326032e-01
   &VA [&Type "ArrayOfDoubles", &Dim (26,1)] "Mayer's total valence"
                                                         0

0                                      3.7397112435491779e+00
1                                      3.5265477270351009e+00
2                                      3.7545293499907082e+00
3                                      3.8531972072202154e+00
4                                      2.9459772171462055e+00
5                                      2.1217314207320563e+00
6                                      4.1674864113017058e+00
7                                      2.0464419699778746e+00
8                                      3.1041945407799703e+00
9                                      3.7845764588878628e+00
10                                     2.0035661594310148e+00
11                                     3.8469002559275971e+00
12                                     9.6125810591392047e-01
13                                     9.5989758111326318e-01
14                                     9.5959114414848579e-01
15                                     9.6329673093490109e-01
16                                     9.5989875784926915e-01
17                                     9.5730756362000691e-01
18                                     9.6198341128628984e-01
19                                     9.3388716365590996e-01
20                                     9.5655909002828687e-01
21                                     9.5658487988395757e-01
22                                     9.5535552830082837e-01
23                                     9.6023777285372292e-01
24                                     9.5404350468628496e-01
25                                     9.5053420767142716e-01
   &BVA [&Type "ArrayOfDoubles", &Dim (26,1)] "Mayer's bonded valence"
                                                         0

0                                      3.7397112435490203e+00
1                                      3.5265477270351226e+00
2                                      3.7545293499906660e+00
3                                      3.8531972072202825e+00
4                                      2.9459772171460994e+00
5                                      2.1217314207321594e+00
6                                      4.1674864113017014e+00
7                                      2.0464419699778653e+00
8                                      3.1041945407799827e+00
9                                      3.7845764588879502e+00
10                                     2.0035661594310925e+00
11                                     3.8469002559275949e+00
12                                     9.6125810591389471e-01
13                                     9.5989758111324053e-01
14                                     9.5959114414849978e-01
15                                     9.6329673093490975e-01
16                                     9.5989875784925993e-01
17                                     9.5730756361998748e-01
18                                     9.6198341128626075e-01
19                                     9.3388716365591129e-01
20                                     9.5655909002829331e-01
21                                     9.5658487988396379e-01
22                                     9.5535552830083748e-01
23                                     9.6023777285372036e-01
24                                     9.5404350468629551e-01
25                                     9.5053420767141761e-01
   &FA [&Type "ArrayOfDoubles", &Dim (26,1)] "Mayer's free valence"
                                                         0

0                                      0.0000000000000000e+00
1                                      0.0000000000000000e+00
2                                      0.0000000000000000e+00
3                                      0.0000000000000000e+00
4                                      0.0000000000000000e+00
5                                      0.0000000000000000e+00
6                                      0.0000000000000000e+00
7                                      0.0000000000000000e+00
8                                      0.0000000000000000e+00
9                                      0.0000000000000000e+00
10                                     0.0000000000000000e+00
11                                     0.0000000000000000e+00
12                                     0.0000000000000000e+00
13                                     0.0000000000000000e+00
14                                     0.0000000000000000e+00
15                                     0.0000000000000000e+00
16                                     0.0000000000000000e+00
17                                     0.0000000000000000e+00
18                                     0.0000000000000000e+00
19                                     0.0000000000000000e+00
20                                     0.0000000000000000e+00
21                                     0.0000000000000000e+00
22                                     0.0000000000000000e+00
23                                     0.0000000000000000e+00
24                                     0.0000000000000000e+00
25                                     0.0000000000000000e+00
$End
$VdW_Correction
   &GeometryIndex 1
   &ListStatus       OUT
   &VDW [&Type "Double"]      -9.1841736965994018e-03
$End
$Calculation_Info
   &GeometryIndex 1
   &ListStatus       OUT
   &MULT [&Type "Integer"] 1
   &CHARGE [&Type "Integer"] 0
   &NUMOFATOMS [&Type "Integer"] 26
   &NUMOFELECTRONS [&Type "Integer"] 102
   &NUMOFFCELECTRONS [&Type "Integer"] 1
   &NUMOFCORRELECTRONS [&Type "Integer"] 0
   &NUMOFBASISFUNCTS [&Type "Integer"] 326
   &NUMOFAUXCBASISFUNCTS [&Type "Integer"] 0
   &NUMOFAUXJBASISFUNCTS [&Type "Integer"] 744
   &NUMOFAUXJKBASISFUNCTS [&Type "Integer"] 0
   &NUMOFCABSBASISFUNCTS [&Type "Integer"] 0
   &TOTALENERGY [&Type "Double"]      -9.3312239448413197e+02  "Hartrees"
$End
$SCF_Dipole_Moment
   &GeometryIndex 1
   &ListStatus       OUT
   &METHOD [&Type "String"] "SCF"
   &LEVEL [&Type "String"] "Relaxed density"
   &MULT [&Type "Integer"] 1
   &STATE [&Type "Integer"] -1
   &IRREP [&Type "Integer"] 0
   &NATOMS [&Type "Integer"] 26
   &DODIPOLEATOM [&Type "Boolean"] false
   &DIPOLEELECCONTRIB [&Type "ArrayOfDoubles", &Dim (3,1)] "Electronic contribution"
                                                         0

0                                     -1.1931075065484333e+00
1                                      4.1524627083216741e+00
2                                     -4.9213143927819161e+00
   &DIPOLENUCCONTRIB [&Type "ArrayOfDoubles", &Dim (3,1)] "Nuclear contribution"
                                                         0

0                                      1.3990073447595417e+00
1                                     -5.2566605875397485e+00
2                                      6.3315852266220771e+00
   &DIPOLETOTAL [&Type "ArrayOfDoubles", &Dim (3,1)] "Total"
                                                         0

0                                      2.0589983821110835e-01
1                                     -1.1041978792180744e+00
2                                      1.4102708338401611e+00
   &DIPOLEMAGNITUDE [&Type "Double", &Units "a.u."]       1.8029175035550786e+00
$End
