           1           2   1.02123231025049     
           2           3  0.989005355511098     
           3           4   1.01365869108964     
           4           5   1.42427161029788     
           5           6   1.41957068775328     
           6           7   1.40572521582711     
           7           8   1.28364500705199     
           4           9   1.38814196087591     
           8           9   1.40414075994867     
           8          10   1.04581933300203     
          10          11  0.974672226130618     
           7          12   1.06420690457393     
           1          13  0.986848253489045     
           1          14  0.986373206567493     
           1          15  0.987391100928301     
           2          16  0.977441505475837     
           2          17  0.978407805110413     
           3          18  0.974503794358640     
           3          19  0.970027883963427     
           5          20  0.968758014250977     
           6          21  0.964960395772253     
           9          22  0.962279881326792     
          11          23  0.977849575230030     
          11          24  0.976362318490521     
          11          25  0.976411722647405     
          12          26  0.841948950873276     
