*************************************************
******************* ORCA 6.0.0 ******************
*************************************************
$Calculation_Status
   &GeometryIndex 1
   &ListStatus       OUT
   &VERSION [&Type "String"] "6.0.0"
   &PROGNAME [&Type "String"] "LeanSCF"
   &STATUS [&Type "String"] "NORMAL TERMINATION"
$End
$Geometry
   &GeometryIndex 1
   &ListStatus       OUT
   &NATOMS [&Type "Integer"] 26
   &NCORELESSECP [&Type "Integer"] 0
   &NGHOSTATOMS [&Type "Integer"] 0
   &CartesianCoordinates [&Type "Coordinates", &Dim(26,4), &Units "Bohr"] 
              C      0.942617789988    1.225183284599   -2.416130759878
              C      2.409470641784   -0.512484050421   -0.656198303807
              C      2.718148063521   -3.145878933161   -1.806107359896
              C      1.462385601198   -0.798546305797    1.989069756389
              N     -0.526060185763   -0.187035655632    3.150029401597
              O     -2.561194141097    0.949927273162    1.828194107618
              C     -3.975619391392   -0.607456726515    0.331788724734
              O     -3.364739496472   -2.759311206336   -0.202500075436
              N     -6.042237553979    0.608934986137   -0.432826350054
              C     -7.921904687595   -0.529316440139   -2.057975499169
              S      5.672561547848    0.755555820109   -0.239583825629
              C      5.074074389609    3.843074664975    1.142971718194
              H      2.106313129737    1.655048905287   -4.055919680281
              H     -0.766666317704    0.288543366390   -3.070929975084
              H      0.423656970829    2.982296851880   -1.483330939028
              H      0.873396656074   -4.052596688148   -1.912668785286
              H      3.966756048779   -4.299610914668   -0.652606505691
              H      3.513888669683   -2.987803937511   -3.692438065836
              H      2.814800004303   -1.677066071782    3.257038343237
              H     -6.323856058447    2.384737544827    0.200821149387
              H     -9.740852399444   -0.601002923617   -1.098356683515
              H     -7.306019971117   -2.441127912613   -2.497882898333
              H     -8.100384168416    0.554981908317   -3.798336614793
              H      3.761799850744    3.652573602913    2.708001937770
              H      4.346905614075    5.118844394493   -0.288454917003
              H      6.889598798505    4.509387060274    1.821177784841
$End
$SCF_Energy
   &GeometryIndex 1
   &ListStatus       OUT
   &SCF_ENERGY [&Type "Double"]      -9.3189341195552731e+02
$End
$DFT_Energy
   &GeometryIndex 1
   &ListStatus       OUT
   &NALPHAEL [&Type "Integer"] 51
   &NBETAEL [&Type "Integer"] 51
   &NTOTALEL [&Type "Integer"] 102
   &EEXCHANGE [&Type "Double"]      -9.5538941007528422e+01
   &ECORR [&Type "Double"]      -3.5065085677075953e+00
   &ECNL [&Type "Double"]       0.0000000000000000e+00
   &EXC [&Type "Double"]      -9.9045449575236020e+01
   &EEMBED [&Type "Double"]       0.0000000000000000e+00
   &FINALEN [&Type "Double"]      -9.3189341195552731e+02  "No Van der Waals correction"
$End
$Mulliken_Population_Analysis
   &GeometryIndex 1
   &ListStatus       OUT
   &NATOMS [&Type "Integer"] 26
   &ATNO [&Type "ArrayOfIntegers", &Dim (26,1)] 
                                                         0

0                                                        6
1                                                        6
2                                                        6
3                                                        6
4                                                        7
5                                                        8
6                                                        6
7                                                        8
8                                                        7
9                                                        6
10                                                      16
11                                                       6
12                                                       1
13                                                       1
14                                                       1
15                                                       1
16                                                       1
17                                                       1
18                                                       1
19                                                       1
20                                                       1
21                                                       1
22                                                       1
23                                                       1
24                                                       1
25                                                       1
   &ATOMICCHARGES [&Type "ArrayOfDoubles", &Dim (26,1)] 
                                                         0

0                                     -1.9804057580713330e-01
1                                     -3.5765877144951830e-01
2                                     -2.0224168084446514e-01
3                                     -3.3113432606542759e-02
4                                      5.2778288556030617e-02
5                                     -2.4609049599898469e-01
6                                      1.8943125525660953e-01
7                                     -2.3597793225609465e-01
8                                     -2.8262732212285702e-01
9                                     -1.7460699305582139e-01
10                                    -4.5577963817549971e-02
11                                    -3.7511128590310161e-01
12                                     1.0938180591014302e-01
13                                     1.3463964151664776e-01
14                                     1.1394368430060742e-01
15                                     1.5027979987175211e-01
16                                     1.0981544265725707e-01
17                                     1.1121966667119132e-01
18                                     1.1531313106372987e-01
19                                     2.3546536386930561e-01
20                                     1.1826146453168085e-01
21                                     1.4040967718768516e-01
22                                     1.1568314155662274e-01
23                                     1.5670690746680638e-01
24                                     1.4713743810331636e-01
25                                     1.5057974534282936e-01
$End
$Loewdin_Population_Analysis
   &GeometryIndex 1
   &ListStatus       OUT
   &NATOMS [&Type "Integer"] 26
   &ATNO [&Type "ArrayOfIntegers", &Dim (26,1)] 
                                                         0

0                                                        6
1                                                        6
2                                                        6
3                                                        6
4                                                        7
5                                                        8
6                                                        6
7                                                        8
8                                                        7
9                                                        6
10                                                      16
11                                                       6
12                                                       1
13                                                       1
14                                                       1
15                                                       1
16                                                       1
17                                                       1
18                                                       1
19                                                       1
20                                                       1
21                                                       1
22                                                       1
23                                                       1
24                                                       1
25                                                       1
   &ATOMICCHARGES [&Type "ArrayOfDoubles", &Dim (26,1)] 
                                                         0

0                                      1.0495319043292041e-04
1                                      3.3848298780586065e-03
2                                      1.6013369020086461e-04
3                                      1.2744530493933526e-02
4                                      1.3284315780856126e-01
5                                      3.2956794509993403e-01
6                                      1.7285026226359290e-01
7                                      2.8171513435967682e-01
8                                      5.9081228953066486e-02
9                                      6.2382223650680026e-03
10                                     1.9219341694053747e-04
11                                     1.7177876020580517e-05
12                                     5.8614473525804091e-07
13                                     7.1500934792225091e-07
14                                     1.2987657591487979e-05
15                                     1.0303040226786913e-04
16                                     7.5393682185071865e-07
17                                     1.8584919464460694e-06
18                                     1.5771757026955395e-06
19                                     7.9131694726574005e-04
20                                     6.7823156599844682e-05
21                                     4.3774664114053848e-05
22                                     5.2484152625564525e-05
23                                     2.2483822927852853e-05
24                                     3.9289806383963019e-07
25                                     4.4614450438875512e-07
$End
$Mayer_Population_Analysis
   &GeometryIndex 1
   &ListStatus       OUT
   &NATOMS [&Type "Integer"] 26 "Total number of atoms"
   &BONDTHRESH [&Type "Double"]       1.0000000000000001e-01  "The threshold for printing"
   &NBONDORDERSPRINT [&Type "Integer"] 25 "The number of bond orders larger than threshold"
   &BONDORDERS [&Type "ArrayOfDoubles", &Dim (25,1)] "The bond orders"
                                                         0

0                                      1.0661712634360185e+00
1                                      9.3126026373959436e-01
2                                      9.1592912064097054e-01
3                                      9.3451704064800167e-01
4                                      1.0524186810339831e+00
5                                      8.9978399949960042e-01
6                                      9.9819768959545296e-01
7                                      9.2241356898875881e-01
8                                      9.4033588500283849e-01
9                                      9.3929370402595691e-01
10                                     2.0043281976770966e+00
11                                     9.1013897371383168e-01
12                                     8.7413306550644476e-01
13                                     1.0497598954445930e+00
14                                     1.9825228402810446e+00
15                                     1.2429226109122093e+00
16                                     1.0203959110874159e+00
17                                     8.5668318597801973e-01
18                                     9.5839638496969204e-01
19                                     9.3840839277087318e-01
20                                     9.5845711079545282e-01
21                                     1.0391148541365087e+00
22                                     9.3098012462377211e-01
23                                     9.3848616409973940e-01
24                                     9.4638560295323737e-01
   &COMPONENTS [&Type "ArrayOfIntegers", &Dim (25,4)] "The indices and atomic numbers of the bonding atoms"
                                                         0                           1                           2                           3

0                                                        0                           6                           1                           6
1                                                        0                           6                          12                           1
2                                                        0                           6                          13                           1
3                                                        0                           6                          14                           1
4                                                        1                           6                           2                           6
5                                                        1                           6                           3                           6
6                                                        1                           6                          10                          16
7                                                        2                           6                          15                           1
8                                                        2                           6                          16                           1
9                                                        2                           6                          17                           1
10                                                       3                           6                           4                           7
11                                                       3                           6                          18                           1
12                                                       4                           7                           5                           8
13                                                       5                           8                           6                           6
14                                                       6                           6                           7                           8
15                                                       6                           6                           8                           7
16                                                       8                           7                           9                           6
17                                                       8                           7                          19                           1
18                                                       9                           6                          20                           1
19                                                       9                           6                          21                           1
20                                                       9                           6                          22                           1
21                                                      10                          16                          11                           6
22                                                      11                           6                          23                           1
23                                                      11                           6                          24                           1
24                                                      11                           6                          25                           1
   &ATNO [&Type "ArrayOfIntegers", &Dim (26,1)] "Atomic number of the elements"
                                                         0

0                                                        6
1                                                        6
2                                                        6
3                                                        6
4                                                        7
5                                                        8
6                                                        6
7                                                        8
8                                                        7
9                                                        6
10                                                      16
11                                                       6
12                                                       1
13                                                       1
14                                                       1
15                                                       1
16                                                       1
17                                                       1
18                                                       1
19                                                       1
20                                                       1
21                                                       1
22                                                       1
23                                                       1
24                                                       1
25                                                       1
   &NA [&Type "ArrayOfDoubles", &Dim (26,1)] "Mulliken gross atomic population"
                                                         0

0                                      6.1980405758071164e+00
1                                      6.3576587714495245e+00
2                                      6.2022416808444651e+00
3                                      6.0331134326065481e+00
4                                      6.9472217114440067e+00
5                                      8.2460904959989758e+00
6                                      5.8105687447433860e+00
7                                      8.2359779322561177e+00
8                                      7.2826273221228783e+00
9                                      6.1746069930558320e+00
10                                     1.6045577963817543e+01
11                                     6.3751112859030963e+00
12                                     8.9061819408985721e-01
13                                     8.6536035848335235e-01
14                                     8.8605631569939258e-01
15                                     8.4972020012824800e-01
16                                     8.9018455734274327e-01
17                                     8.8878033332880857e-01
18                                     8.8468686893627002e-01
19                                     7.6453463613069395e-01
20                                     8.8173853546831937e-01
21                                     8.5959032281231529e-01
22                                     8.8431685844337704e-01
23                                     8.4329309253319351e-01
24                                     8.5286256189668341e-01
25                                     8.4942025465717075e-01
   &ZA [&Type "ArrayOfDoubles", &Dim (26,1)] "Total nuclear charge"
                                                         0

0                                      6.0000000000000000e+00
1                                      6.0000000000000000e+00
2                                      6.0000000000000000e+00
3                                      6.0000000000000000e+00
4                                      7.0000000000000000e+00
5                                      8.0000000000000000e+00
6                                      6.0000000000000000e+00
7                                      8.0000000000000000e+00
8                                      7.0000000000000000e+00
9                                      6.0000000000000000e+00
10                                     1.6000000000000000e+01
11                                     6.0000000000000000e+00
12                                     1.0000000000000000e+00
13                                     1.0000000000000000e+00
14                                     1.0000000000000000e+00
15                                     1.0000000000000000e+00
16                                     1.0000000000000000e+00
17                                     1.0000000000000000e+00
18                                     1.0000000000000000e+00
19                                     1.0000000000000000e+00
20                                     1.0000000000000000e+00
21                                     1.0000000000000000e+00
22                                     1.0000000000000000e+00
23                                     1.0000000000000000e+00
24                                     1.0000000000000000e+00
25                                     1.0000000000000000e+00
   &QA [&Type "ArrayOfDoubles", &Dim (26,1)] "Mulliken gross atomic charge"
                                                         0

0                                     -1.9804057580711643e-01
1                                     -3.5765877144952452e-01
2                                     -2.0224168084446514e-01
3                                     -3.3113432606548088e-02
4                                      5.2778288555993313e-02
5                                     -2.4609049599897581e-01
6                                      1.8943125525661397e-01
7                                     -2.3597793225611774e-01
8                                     -2.8262732212287833e-01
9                                     -1.7460699305583205e-01
10                                    -4.5577963817542866e-02
11                                    -3.7511128590309628e-01
12                                     1.0938180591014279e-01
13                                     1.3463964151664765e-01
14                                     1.1394368430060742e-01
15                                     1.5027979987175200e-01
16                                     1.0981544265725673e-01
17                                     1.1121966667119143e-01
18                                     1.1531313106372998e-01
19                                     2.3546536386930605e-01
20                                     1.1826146453168063e-01
21                                     1.4040967718768471e-01
22                                     1.1568314155662296e-01
23                                     1.5670690746680649e-01
24                                     1.4713743810331659e-01
25                                     1.5057974534282925e-01
   &VA [&Type "ArrayOfDoubles", &Dim (26,1)] "Mayer's total valence"
                                                         0

0                                      3.8579104026954876e+00
1                                      4.1076575359142495e+00
2                                      3.8538407297275428e+00
3                                      3.9335634407622035e+00
4                                      3.0510209109755655e+00
5                                      2.1260055263533633e+00
6                                      4.4253336634279155e+00
7                                      2.2903336512573178e+00
8                                      3.2370393487550539e+00
9                                      3.8997827519626216e+00
10                                     2.1716376905776102e+00
11                                     3.8872902677722183e+00
12                                     9.7233021511809170e-01
13                                     9.7022690154763791e-01
14                                     9.7342164054386082e-01
15                                     9.9042721199593342e-01
16                                     9.6692925509458683e-01
17                                     9.6484995434799370e-01
18                                     9.7148513524871172e-01
19                                     9.2328904643176890e-01
20                                     9.5321772356220569e-01
21                                     9.9539921737782855e-01
22                                     9.5300708345473240e-01
23                                     9.5492555777535548e-01
24                                     9.4236367137330002e-01
25                                     9.4757120925319249e-01
   &BVA [&Type "ArrayOfDoubles", &Dim (26,1)] "Mayer's bonded valence"
                                                         0

0                                      3.8579104026954885e+00
1                                      4.1076575359141998e+00
2                                      3.8538407297275179e+00
3                                      3.9335634407621964e+00
4                                      3.0510209109754824e+00
5                                      2.1260055263533557e+00
6                                      4.4253336634279314e+00
7                                      2.2903336512572423e+00
8                                      3.2370393487550011e+00
9                                      3.8997827519625639e+00
10                                     2.1716376905775574e+00
11                                     3.8872902677722529e+00
12                                     9.7233021511808027e-01
13                                     9.7022690154763169e-01
14                                     9.7342164054385649e-01
15                                     9.9042721199593564e-01
16                                     9.6692925509458683e-01
17                                     9.6484995434799836e-01
18                                     9.7148513524870972e-01
19                                     9.2328904643176701e-01
20                                     9.5321772356219814e-01
21                                     9.9539921737781933e-01
22                                     9.5300708345473095e-01
23                                     9.5492555777535326e-01
24                                     9.4236367137329968e-01
25                                     9.4757120925319227e-01
   &FA [&Type "ArrayOfDoubles", &Dim (26,1)] "Mayer's free valence"
                                                         0

0                                      0.0000000000000000e+00
1                                      0.0000000000000000e+00
2                                      0.0000000000000000e+00
3                                      0.0000000000000000e+00
4                                      0.0000000000000000e+00
5                                      0.0000000000000000e+00
6                                      0.0000000000000000e+00
7                                      0.0000000000000000e+00
8                                      0.0000000000000000e+00
9                                      0.0000000000000000e+00
10                                     0.0000000000000000e+00
11                                     0.0000000000000000e+00
12                                     0.0000000000000000e+00
13                                     0.0000000000000000e+00
14                                     0.0000000000000000e+00
15                                     0.0000000000000000e+00
16                                     0.0000000000000000e+00
17                                     0.0000000000000000e+00
18                                     0.0000000000000000e+00
19                                     0.0000000000000000e+00
20                                     0.0000000000000000e+00
21                                     0.0000000000000000e+00
22                                     0.0000000000000000e+00
23                                     0.0000000000000000e+00
24                                     0.0000000000000000e+00
25                                     0.0000000000000000e+00
$End
$VdW_Correction
   &GeometryIndex 1
   &ListStatus       OUT
   &VDW [&Type "Double"]      -2.8757281627906101e-02
$End
$Calculation_Info
   &GeometryIndex 1
   &ListStatus       OUT
   &MULT [&Type "Integer"] 1
   &CHARGE [&Type "Integer"] 0
   &NUMOFATOMS [&Type "Integer"] 26
   &NUMOFELECTRONS [&Type "Integer"] 102
   &NUMOFFCELECTRONS [&Type "Integer"] 1
   &NUMOFCORRELECTRONS [&Type "Integer"] 0
   &NUMOFBASISFUNCTS [&Type "Integer"] 200
   &NUMOFAUXCBASISFUNCTS [&Type "Integer"] 0
   &NUMOFAUXJBASISFUNCTS [&Type "Integer"] 744
   &NUMOFAUXJKBASISFUNCTS [&Type "Integer"] 0
   &NUMOFCABSBASISFUNCTS [&Type "Integer"] 0
   &TOTALENERGY [&Type "Double"]      -9.3180252534165527e+02  "Hartrees"
$End
$SCF_Dipole_Moment
   &GeometryIndex 1
   &ListStatus       OUT
   &METHOD [&Type "String"] "SCF"
   &LEVEL [&Type "String"] "Relaxed density"
   &MULT [&Type "Integer"] 1
   &STATE [&Type "Integer"] -1
   &IRREP [&Type "Integer"] 0
   &NATOMS [&Type "Integer"] 26
   &DODIPOLEATOM [&Type "Boolean"] false
   &DIPOLEELECCONTRIB [&Type "ArrayOfDoubles", &Dim (3,1)] "Electronic contribution"
                                                         0

0                                      1.2024911607930138e+00
1                                     -1.4881163175512000e+00
2                                      6.5240183810273304e+00
   &DIPOLENUCCONTRIB [&Type "ArrayOfDoubles", &Dim (3,1)] "Nuclear contribution"
                                                         0

0                                     -1.9102218072761126e+00
1                                      2.5010465234801229e+00
2                                     -7.2060514002732639e+00
   &DIPOLETOTAL [&Type "ArrayOfDoubles", &Dim (3,1)] "Total"
                                                         0

0                                     -7.0773064648309880e-01
1                                      1.0129302059289229e+00
2                                     -6.8203301924593340e-01
   &DIPOLEMAGNITUDE [&Type "Double", &Units "a.u."]       1.4114103972255267e+00
$End
