*************************************************
******************* ORCA 6.0.0 ******************
*************************************************
$Calculation_Status
   &GeometryIndex 1
   &ListStatus       OUT
   &VERSION [&Type "String"] "6.0.0"
   &PROGNAME [&Type "String"] "LeanSCF"
   &STATUS [&Type "String"] "NORMAL TERMINATION"
$End
$Geometry
   &GeometryIndex 1
   &ListStatus       OUT
   &NATOMS [&Type "Integer"] 26
   &NCORELESSECP [&Type "Integer"] 0
   &NGHOSTATOMS [&Type "Integer"] 0
   &CartesianCoordinates [&Type "Coordinates", &Dim(26,4), &Units "Bohr"] 
              C      2.382646457036   -0.882239619691   -3.189671892186
              C      3.568364942372   -1.217912201794   -0.598940248236
              C      5.660214078234   -3.203761239163   -0.677647549206
              C      1.838934110799   -1.725726922809    1.566841018652
              N     -0.505085299608   -1.447928048265    1.920993501148
              O     -2.004105342721   -0.657076148304   -0.142232077874
              C     -4.484944668204   -0.206264648568    0.493373774805
              O     -5.290219334641   -0.235981149304    2.636085116140
              N     -5.789231633278    0.303063244948   -1.602847253049
              C     -8.457875551705    0.892794419506   -1.578159743657
              S      5.161847081198    1.765601755037    0.449900321227
              C      2.619255999238    4.063993731342    0.491739893969
              H      1.014206309686    0.645976150406   -3.207728969381
              H      3.856335334728   -0.475291665353   -4.562932565174
              H      1.422193088054   -2.617932492502   -3.731237903732
              H      7.061096889460   -2.679943848783   -2.084877211066
              H      4.862660033425   -5.032244354504   -1.170785439135
              H      6.595245021629   -3.348757689495    1.145611436191
              H      2.775662986164   -2.341808245637    3.280207200488
              H     -4.887695985262    0.233282479600   -3.280473106498
              H     -8.776628012609    2.764661067320   -2.371775114110
              H     -9.093062364417    0.857385270914    0.376811028276
              H     -9.503996308263   -0.506974076911   -2.665245455924
              H      2.062701180587    4.534932276485   -1.425313868530
              H      3.388632647201    5.718364476280    1.426397100557
              H      1.033416953948    3.333214781805    1.571132929687
$End
$SCF_Energy
   &GeometryIndex 1
   &ListStatus       OUT
   &SCF_ENERGY [&Type "Double"]      -9.3189888568993854e+02
$End
$DFT_Energy
   &GeometryIndex 1
   &ListStatus       OUT
   &NALPHAEL [&Type "Integer"] 51
   &NBETAEL [&Type "Integer"] 51
   &NTOTALEL [&Type "Integer"] 102
   &EEXCHANGE [&Type "Double"]      -9.5535766738809244e+01
   &ECORR [&Type "Double"]      -3.5042022592018203e+00
   &ECNL [&Type "Double"]       0.0000000000000000e+00
   &EXC [&Type "Double"]      -9.9039968998011062e+01
   &EEMBED [&Type "Double"]       0.0000000000000000e+00
   &FINALEN [&Type "Double"]      -9.3189888568993854e+02  "No Van der Waals correction"
$End
$Mulliken_Population_Analysis
   &GeometryIndex 1
   &ListStatus       OUT
   &NATOMS [&Type "Integer"] 26
   &ATNO [&Type "ArrayOfIntegers", &Dim (26,1)] 
                                                         0

0                                                        6
1                                                        6
2                                                        6
3                                                        6
4                                                        7
5                                                        8
6                                                        6
7                                                        8
8                                                        7
9                                                        6
10                                                      16
11                                                       6
12                                                       1
13                                                       1
14                                                       1
15                                                       1
16                                                       1
17                                                       1
18                                                       1
19                                                       1
20                                                       1
21                                                       1
22                                                       1
23                                                       1
24                                                       1
25                                                       1
   &ATOMICCHARGES [&Type "ArrayOfDoubles", &Dim (26,1)] 
                                                         0

0                                     -1.5888831921338120e-01
1                                     -3.6289595795126850e-01
2                                     -2.0270058156859427e-01
3                                     -6.0396749266729444e-02
4                                      7.6716528419261465e-02
5                                     -2.5851355775582086e-01
6                                      2.0801656468667318e-01
7                                     -2.1025805946083409e-01
8                                     -2.9448647932766292e-01
9                                     -1.7368324634421572e-01
10                                    -3.4010079740149024e-02
11                                    -3.7959837256879148e-01
12                                     1.1839990404576306e-01
13                                     1.0259106799015294e-01
14                                     1.0253866345522911e-01
15                                     1.1567268698693589e-01
16                                     1.1994703927207573e-01
17                                     1.1911407222684578e-01
18                                     1.0525716874715285e-01
19                                     2.3028780009055105e-01
20                                     1.1422891596373541e-01
21                                     1.4240247997738231e-01
22                                     1.1537432366204525e-01
23                                     1.4727072736847502e-01
24                                     1.5127657907855785e-01
25                                     1.6633688122655654e-01
$End
$Loewdin_Population_Analysis
   &GeometryIndex 1
   &ListStatus       OUT
   &NATOMS [&Type "Integer"] 26
   &ATNO [&Type "ArrayOfIntegers", &Dim (26,1)] 
                                                         0

0                                                        6
1                                                        6
2                                                        6
3                                                        6
4                                                        7
5                                                        8
6                                                        6
7                                                        8
8                                                        7
9                                                        6
10                                                      16
11                                                       6
12                                                       1
13                                                       1
14                                                       1
15                                                       1
16                                                       1
17                                                       1
18                                                       1
19                                                       1
20                                                       1
21                                                       1
22                                                       1
23                                                       1
24                                                       1
25                                                       1
   &ATOMICCHARGES [&Type "ArrayOfDoubles", &Dim (26,1)] 
                                                         0

0                                      3.3195108847153596e-04
1                                      3.6948601289257471e-03
2                                      2.3450912314129869e-04
3                                      1.6892140600677764e-02
4                                      1.4565253485528429e-01
5                                      3.6602849293108225e-01
6                                      1.7525339798157660e-01
7                                      2.2443308015861921e-01
8                                      6.0899898684243926e-02
9                                      5.3334669136692334e-03
10                                     1.2118074359810217e-05
11                                     5.2658757732900720e-05
12                                     5.3651807503139379e-05
13                                     7.4608860638545435e-06
14                                     6.8136392954507098e-06
15                                     2.4219431200182741e-06
16                                     6.2693090179501036e-07
17                                     1.0809327801789357e-08
18                                     2.1479723914458925e-05
19                                     8.9172393866259955e-04
20                                     4.8839340547293508e-05
21                                     5.4529131026857285e-05
22                                     5.2332946333995283e-05
23                                     1.3630169213991732e-06
24                                     2.4543742596643644e-08
25                                     3.9612044849649886e-05
$End
$Mayer_Population_Analysis
   &GeometryIndex 1
   &ListStatus       OUT
   &NATOMS [&Type "Integer"] 26 "Total number of atoms"
   &BONDTHRESH [&Type "Double"]       1.0000000000000001e-01  "The threshold for printing"
   &NBONDORDERSPRINT [&Type "Integer"] 25 "The number of bond orders larger than threshold"
   &BONDORDERS [&Type "ArrayOfDoubles", &Dim (25,1)] "The bond orders"
                                                         0

0                                      1.0692721800787852e+00
1                                      9.2276740417089587e-01
2                                      9.3577787615597374e-01
3                                      9.3638973103846379e-01
4                                      1.0512223383878232e+00
5                                      9.0001502795879174e-01
6                                      9.9918162378533570e-01
7                                      9.3995337315418892e-01
8                                      9.4536279604542151e-01
9                                      9.3934155008502129e-01
10                                     1.9759256940622056e+00
11                                     9.2137888647565180e-01
12                                     9.1694675533924241e-01
13                                     1.0055560795399454e+00
14                                     2.0783123027650099e+00
15                                     1.2310515613289021e+00
16                                     1.0207285130857140e+00
17                                     8.5611793666068681e-01
18                                     9.5923729504927580e-01
19                                     9.3688769821721696e-01
20                                     9.5934811849532686e-01
21                                     1.0407583481939882e+00
22                                     9.3638600575881337e-01
23                                     9.4383347632001735e-01
24                                     9.2495560658302700e-01
   &COMPONENTS [&Type "ArrayOfIntegers", &Dim (25,4)] "The indices and atomic numbers of the bonding atoms"
                                                         0                           1                           2                           3

0                                                        0                           6                           1                           6
1                                                        0                           6                          12                           1
2                                                        0                           6                          13                           1
3                                                        0                           6                          14                           1
4                                                        1                           6                           2                           6
5                                                        1                           6                           3                           6
6                                                        1                           6                          10                          16
7                                                        2                           6                          15                           1
8                                                        2                           6                          16                           1
9                                                        2                           6                          17                           1
10                                                       3                           6                           4                           7
11                                                       3                           6                          18                           1
12                                                       4                           7                           5                           8
13                                                       5                           8                           6                           6
14                                                       6                           6                           7                           8
15                                                       6                           6                           8                           7
16                                                       8                           7                           9                           6
17                                                       8                           7                          19                           1
18                                                       9                           6                          20                           1
19                                                       9                           6                          21                           1
20                                                       9                           6                          22                           1
21                                                      10                          16                          11                           6
22                                                      11                           6                          23                           1
23                                                      11                           6                          24                           1
24                                                      11                           6                          25                           1
   &ATNO [&Type "ArrayOfIntegers", &Dim (26,1)] "Atomic number of the elements"
                                                         0

0                                                        6
1                                                        6
2                                                        6
3                                                        6
4                                                        7
5                                                        8
6                                                        6
7                                                        8
8                                                        7
9                                                        6
10                                                      16
11                                                       6
12                                                       1
13                                                       1
14                                                       1
15                                                       1
16                                                       1
17                                                       1
18                                                       1
19                                                       1
20                                                       1
21                                                       1
22                                                       1
23                                                       1
24                                                       1
25                                                       1
   &NA [&Type "ArrayOfDoubles", &Dim (26,1)] "Mulliken gross atomic population"
                                                         0

0                                      6.1588883192133856e+00
1                                      6.3628959579513014e+00
2                                      6.2027005815685952e+00
3                                      6.0603967492667215e+00
4                                      6.9232834715807368e+00
5                                      8.2585135577558262e+00
6                                      5.7919834353133357e+00
7                                      8.2102580594608465e+00
8                                      7.2944864793276487e+00
9                                      6.1736832463442166e+00
10                                     1.6034010079740163e+01
11                                     6.3795983725687888e+00
12                                     8.8160009595423705e-01
13                                     8.9740893200984717e-01
14                                     8.9746133654477067e-01
15                                     8.8432731301306355e-01
16                                     8.8005296072792394e-01
17                                     8.8088592777315389e-01
18                                     8.9474283125284682e-01
19                                     7.6971219990944839e-01
20                                     8.8577108403626459e-01
21                                     8.5759752002261802e-01
22                                     8.8462567633795419e-01
23                                     8.5272927263152554e-01
24                                     8.4872342092144237e-01
25                                     8.3366311877344390e-01
   &ZA [&Type "ArrayOfDoubles", &Dim (26,1)] "Total nuclear charge"
                                                         0

0                                      6.0000000000000000e+00
1                                      6.0000000000000000e+00
2                                      6.0000000000000000e+00
3                                      6.0000000000000000e+00
4                                      7.0000000000000000e+00
5                                      8.0000000000000000e+00
6                                      6.0000000000000000e+00
7                                      8.0000000000000000e+00
8                                      7.0000000000000000e+00
9                                      6.0000000000000000e+00
10                                     1.6000000000000000e+01
11                                     6.0000000000000000e+00
12                                     1.0000000000000000e+00
13                                     1.0000000000000000e+00
14                                     1.0000000000000000e+00
15                                     1.0000000000000000e+00
16                                     1.0000000000000000e+00
17                                     1.0000000000000000e+00
18                                     1.0000000000000000e+00
19                                     1.0000000000000000e+00
20                                     1.0000000000000000e+00
21                                     1.0000000000000000e+00
22                                     1.0000000000000000e+00
23                                     1.0000000000000000e+00
24                                     1.0000000000000000e+00
25                                     1.0000000000000000e+00
   &QA [&Type "ArrayOfDoubles", &Dim (26,1)] "Mulliken gross atomic charge"
                                                         0

0                                     -1.5888831921338564e-01
1                                     -3.6289595795130136e-01
2                                     -2.0270058156859516e-01
3                                     -6.0396749266721450e-02
4                                      7.6716528419263241e-02
5                                     -2.5851355775582618e-01
6                                      2.0801656468666430e-01
7                                     -2.1025805946084652e-01
8                                     -2.9448647932764871e-01
9                                     -1.7368324634421661e-01
10                                    -3.4010079740163235e-02
11                                    -3.7959837256878881e-01
12                                     1.1839990404576295e-01
13                                     1.0259106799015283e-01
14                                     1.0253866345522933e-01
15                                     1.1567268698693645e-01
16                                     1.1994703927207606e-01
17                                     1.1911407222684611e-01
18                                     1.0525716874715318e-01
19                                     2.3028780009055161e-01
20                                     1.1422891596373541e-01
21                                     1.4240247997738198e-01
22                                     1.1537432366204581e-01
23                                     1.4727072736847446e-01
24                                     1.5127657907855763e-01
25                                     1.6633688122655610e-01
   &VA [&Type "ArrayOfDoubles", &Dim (26,1)] "Mayer's total valence"
                                                         0

0                                      3.8478766780821427e+00
1                                      4.1073274376455045e+00
2                                      3.8737474749206369e+00
3                                      3.9275593143677847e+00
4                                      3.0751545619929299e+00
5                                      2.1592820122858747e+00
6                                      4.4083251412843358e+00
7                                      2.3222976103895059e+00
8                                      3.2243949108726935e+00
9                                      3.9000468229828438e+00
10                                     2.1966474053997755e+00
11                                     3.8829958921306638e+00
12                                     9.9005442651181930e-01
13                                     9.6971768314710083e-01
14                                     9.6580242374991043e-01
15                                     9.6664135868141265e-01
16                                     9.5851996589506883e-01
17                                     9.6587507707602138e-01
18                                     9.6783659012884937e-01
19                                     9.2623882279704317e-01
20                                     9.5344393094695334e-01
21                                     9.9715686405553949e-01
22                                     9.5337958679806856e-01
23                                     9.4254981443329733e-01
24                                     9.4755350878183864e-01
25                                     9.6024751072062575e-01
   &BVA [&Type "ArrayOfDoubles", &Dim (26,1)] "Mayer's bonded valence"
                                                         0

0                                      3.8478766780821387e+00
1                                      4.1073274376455204e+00
2                                      3.8737474749206413e+00
3                                      3.9275593143677985e+00
4                                      3.0751545619929259e+00
5                                      2.1592820122858378e+00
6                                      4.4083251412842870e+00
7                                      2.3222976103894570e+00
8                                      3.2243949108726975e+00
9                                      3.9000468229828442e+00
10                                     2.1966474053998404e+00
11                                     3.8829958921306980e+00
12                                     9.9005442651182007e-01
13                                     9.6971768314709772e-01
14                                     9.6580242374990732e-01
15                                     9.6664135868141698e-01
16                                     9.5851996589508193e-01
17                                     9.6587507707603049e-01
18                                     9.6783659012884715e-01
19                                     9.2623882279703995e-01
20                                     9.5344393094695334e-01
21                                     9.9715686405554260e-01
22                                     9.5337958679807089e-01
23                                     9.4254981443329999e-01
24                                     9.4755350878184219e-01
25                                     9.6024751072062775e-01
   &FA [&Type "ArrayOfDoubles", &Dim (26,1)] "Mayer's free valence"
                                                         0

0                                      0.0000000000000000e+00
1                                      0.0000000000000000e+00
2                                      0.0000000000000000e+00
3                                      0.0000000000000000e+00
4                                      0.0000000000000000e+00
5                                      0.0000000000000000e+00
6                                      0.0000000000000000e+00
7                                      0.0000000000000000e+00
8                                      0.0000000000000000e+00
9                                      0.0000000000000000e+00
10                                     0.0000000000000000e+00
11                                     0.0000000000000000e+00
12                                     0.0000000000000000e+00
13                                     0.0000000000000000e+00
14                                     0.0000000000000000e+00
15                                     0.0000000000000000e+00
16                                     0.0000000000000000e+00
17                                     0.0000000000000000e+00
18                                     0.0000000000000000e+00
19                                     0.0000000000000000e+00
20                                     0.0000000000000000e+00
21                                     0.0000000000000000e+00
22                                     0.0000000000000000e+00
23                                     0.0000000000000000e+00
24                                     0.0000000000000000e+00
25                                     0.0000000000000000e+00
$End
$VdW_Correction
   &GeometryIndex 1
   &ListStatus       OUT
   &VDW [&Type "Double"]      -2.7158343091431249e-02
$End
$Calculation_Info
   &GeometryIndex 1
   &ListStatus       OUT
   &MULT [&Type "Integer"] 1
   &CHARGE [&Type "Integer"] 0
   &NUMOFATOMS [&Type "Integer"] 26
   &NUMOFELECTRONS [&Type "Integer"] 102
   &NUMOFFCELECTRONS [&Type "Integer"] 1
   &NUMOFCORRELECTRONS [&Type "Integer"] 0
   &NUMOFBASISFUNCTS [&Type "Integer"] 200
   &NUMOFAUXCBASISFUNCTS [&Type "Integer"] 0
   &NUMOFAUXJBASISFUNCTS [&Type "Integer"] 744
   &NUMOFAUXJKBASISFUNCTS [&Type "Integer"] 0
   &NUMOFCABSBASISFUNCTS [&Type "Integer"] 0
   &TOTALENERGY [&Type "Double"]      -9.3180843324002990e+02  "Hartrees"
$End
$SCF_Dipole_Moment
   &GeometryIndex 1
   &ListStatus       OUT
   &METHOD [&Type "String"] "SCF"
   &LEVEL [&Type "String"] "Relaxed density"
   &MULT [&Type "Integer"] 1
   &STATE [&Type "Integer"] -1
   &IRREP [&Type "Integer"] 0
   &NATOMS [&Type "Integer"] 26
   &DODIPOLEATOM [&Type "Boolean"] false
   &DIPOLEELECCONTRIB [&Type "ArrayOfDoubles", &Dim (3,1)] "Electronic contribution"
                                                         0

0                                     -7.1609273951904939e-01
1                                     -3.1232969568618707e-01
2                                      6.5694662732650126e+00
   &DIPOLENUCCONTRIB [&Type "ArrayOfDoubles", &Dim (3,1)] "Nuclear contribution"
                                                         0

0                                      7.4442836976758819e-01
1                                      5.0121578056218352e-01
2                                     -8.2773663000024928e+00
   &DIPOLETOTAL [&Type "ArrayOfDoubles", &Dim (3,1)] "Total"
                                                         0

0                                      2.8335630248538801e-02
1                                      1.8888608487599645e-01
2                                     -1.7079000267374802e+00
   &DIPOLEMAGNITUDE [&Type "Double", &Units "a.u."]       1.7185468752208215e+00
$End
