           1           2   1.01888392320205     
           2           3   1.00945210524288     
           3           4   1.00286791216039     
           4           5  0.995976527542673     
           5           6   1.00980999141304     
           5           7   1.00956129910425     
           1           8  0.987756424145916     
           1           9  0.987908208435410     
           1          10  0.987334457523795     
           2          11  0.977596549828204     
           2          12  0.978706675320833     
           3          13  0.971557304226922     
           3          14  0.980418668138066     
           4          15  0.979414572054386     
           4          16  0.976692606366698     
           5          17  0.969273604386671     
           6          18  0.984158387878118     
           6          19  0.986510489058904     
           6          20  0.986503001263555     
           7          21  0.986683234773664     
           7          22  0.983266077969743     
           7          23  0.986585620774809     
