           1           2   1.01902387688913     
           2           3   1.00725976536309     
           3           4   1.00677754078393     
           4           5  0.985050377951979     
           5           6   1.05456602340213     
           6           7   2.89239728816147     
           1           8  0.987751573405561     
           1           9  0.987187293702503     
           1          10  0.987753864139901     
           2          11  0.978570177001481     
           2          12  0.978572615121867     
           3          13  0.977154440340915     
           3          14  0.977163748927084     
           4          15  0.978334233317123     
           4          16  0.978325401089423     
           5          17  0.954019145031370     
           5          18  0.954060805352348     
           7          19  0.969459098255159     
