           1           2   1.01991403562626     
           2           3   1.00872947193885     
           3           4   1.00525500664701     
           4           5  0.987025634223679     
           5           6   1.05453521906503     
           6           7   2.89115321128631     
           1           8  0.985144636487909     
           1           9  0.987118966547583     
           1          10  0.987055282760851     
           2          11  0.978516867400767     
           2          12  0.978011220100310     
           3          13  0.979298707604377     
           3          14  0.974915175752896     
           4          15  0.975334381433471     
           4          16  0.980576329032407     
           5          17  0.950678904047591     
           5          18  0.953988296576005     
           7          19  0.970100097316364     
