*************************************************
******************* ORCA 6.0.0 ******************
*************************************************
$Calculation_Status
   &GeometryIndex 1
   &ListStatus       OUT
   &VERSION [&Type "String"] "6.0.0"
   &PROGNAME [&Type "String"] "LeanSCF"
   &STATUS [&Type "String"] "NORMAL TERMINATION"
$End
$Geometry
   &GeometryIndex 1
   &ListStatus       OUT
   &NATOMS [&Type "Integer"] 26
   &NCORELESSECP [&Type "Integer"] 0
   &NGHOSTATOMS [&Type "Integer"] 0
   &CartesianCoordinates [&Type "Coordinates", &Dim(26,4), &Units "Bohr"] 
              C      2.587191407956    0.824333230642   -2.864712322116
              C      3.229053392321   -0.570007943027   -0.430968405712
              C      3.852950586156   -3.348196291545   -0.958384560305
              C      1.230203213384   -0.507299518931    1.566802383390
              N     -1.149853346207   -0.462486663374    1.440144749333
              O     -2.264323410204   -0.415966614865   -0.979761290864
              C     -4.857646056900   -0.393138449345   -0.994386937961
              O     -5.873237976149   -0.345284158377   -3.058209112027
              N     -5.985391955514   -0.427658233103    1.242506571688
              C     -8.699127348641   -0.422082557972    1.543876749954
              S      6.133062652540    0.804793910849    0.994688022545
              C      5.173050686167    4.057147731281    1.533615658367
              H      1.138235868160   -0.190758419140   -3.910827822590
              H      1.879231312502    2.715332028218   -2.477238315708
              H      4.272169778367    0.965650672374   -4.033951651202
              H      4.413173079964   -4.303499420385    0.772497642355
              H      5.402116357172   -3.457693259273   -2.302327691349
              H      2.205950584210   -4.289407195922   -1.751729894562
              H      1.901011555716   -0.597059008106    3.500239255486
              H     -4.871741173022   -0.475411993476    2.797358116869
              H     -9.284958162662    1.234550177621    2.614939764971
              H     -9.302526530223   -2.127611949723    2.524765683488
              H     -9.549251331579   -0.367933037452   -0.327846903606
              H      6.612259722487    4.872139952480    2.744085069659
              H      3.352278957363    4.089087008398    2.477272315093
              H      5.101787427265    5.068573000936   -0.249173910047
$End
$SCF_Energy
   &GeometryIndex 1
   &ListStatus       OUT
   &SCF_ENERGY [&Type "Double"]      -9.3314421040556226e+02
$End
$DFT_Energy
   &GeometryIndex 1
   &ListStatus       OUT
   &NALPHAEL [&Type "Integer"] 51
   &NBETAEL [&Type "Integer"] 51
   &NTOTALEL [&Type "Integer"] 102
   &EEXCHANGE [&Type "Double"]      -9.6303011329038341e+01
   &ECORR [&Type "Double"]      -3.3997634464001045e+00
   &ECNL [&Type "Double"]       0.0000000000000000e+00
   &EXC [&Type "Double"]      -9.9702774775438442e+01
   &EEMBED [&Type "Double"]       0.0000000000000000e+00
   &FINALEN [&Type "Double"]      -9.3314421040556226e+02  "No Van der Waals correction"
$End
$Mulliken_Population_Analysis
   &GeometryIndex 1
   &ListStatus       OUT
   &NATOMS [&Type "Integer"] 26
   &ATNO [&Type "ArrayOfIntegers", &Dim (26,1)] 
                                                         0

0                                                        6
1                                                        6
2                                                        6
3                                                        6
4                                                        7
5                                                        8
6                                                        6
7                                                        8
8                                                        7
9                                                        6
10                                                      16
11                                                       6
12                                                       1
13                                                       1
14                                                       1
15                                                       1
16                                                       1
17                                                       1
18                                                       1
19                                                       1
20                                                       1
21                                                       1
22                                                       1
23                                                       1
24                                                       1
25                                                       1
   &ATOMICCHARGES [&Type "ArrayOfDoubles", &Dim (26,1)] 
                                                         0

0                                     -4.9513259712280977e-01
1                                      2.4335539089440239e-01
2                                     -5.0132137373482610e-01
3                                     -2.2237127482981212e-01
4                                     -2.9822216468187523e-01
5                                      7.2665936804559905e-02
6                                      3.0511624724810105e-01
7                                     -4.5167848701482072e-01
8                                     -1.4955326832179772e-01
9                                     -3.8454189546965800e-01
10                                    -1.4519823781747121e-01
11                                    -4.3378018871535673e-01
12                                     1.8124174960112138e-01
13                                     1.6027100926186222e-01
14                                     1.7380065116722054e-01
15                                     1.6972989178358078e-01
16                                     1.7243645376420447e-01
17                                     1.7558451213407444e-01
18                                     1.8331600130193859e-01
19                                     2.5871838980570960e-01
20                                     1.4550105296230731e-01
21                                     1.4587519541120930e-01
22                                     1.9387813410076882e-01
23                                     1.6229111051415701e-01
24                                     1.6783471821170970e-01
25                                     1.7018304274121077e-01
$End
$Loewdin_Population_Analysis
   &GeometryIndex 1
   &ListStatus       OUT
   &NATOMS [&Type "Integer"] 26
   &ATNO [&Type "ArrayOfIntegers", &Dim (26,1)] 
                                                         0

0                                                        6
1                                                        6
2                                                        6
3                                                        6
4                                                        7
5                                                        8
6                                                        6
7                                                        8
8                                                        7
9                                                        6
10                                                      16
11                                                       6
12                                                       1
13                                                       1
14                                                       1
15                                                       1
16                                                       1
17                                                       1
18                                                       1
19                                                       1
20                                                       1
21                                                       1
22                                                       1
23                                                       1
24                                                       1
25                                                       1
   &ATOMICCHARGES [&Type "ArrayOfDoubles", &Dim (26,1)] 
                                                         0

0                                      1.7448133678111972e-05
1                                      2.6437471470170645e-04
2                                      2.8699123047144130e-05
3                                      3.2328945384162865e-04
4                                      5.7328508377818836e-04
5                                      9.9198511734927686e-01
6                                      1.4624662106619039e-04
7                                      6.4477346664888330e-03
8                                      1.5504927553091732e-04
9                                      3.2098515912254896e-05
10                                     3.9634074360694401e-06
11                                     3.7812105581907691e-07
12                                     4.4358100190333288e-07
13                                     1.7827640925477672e-06
14                                     4.2920489037091722e-06
15                                     3.2769549485736581e-07
16                                     1.6577999948713955e-06
17                                     2.5147167381477210e-07
18                                     2.2269275996415849e-07
19                                     1.2270826801862698e-05
20                                     1.0370787680871261e-07
21                                     8.3771241503231476e-08
22                                     1.4604521371159745e-07
23                                     1.8306909666125838e-08
24                                     6.8355954474876484e-07
25                                     3.1262675466861590e-08
$End
$Mayer_Population_Analysis
   &GeometryIndex 1
   &ListStatus       OUT
   &NATOMS [&Type "Integer"] 26 "Total number of atoms"
   &BONDTHRESH [&Type "Double"]       1.0000000000000001e-01  "The threshold for printing"
   &NBONDORDERSPRINT [&Type "Integer"] 25 "The number of bond orders larger than threshold"
   &BONDORDERS [&Type "ArrayOfDoubles", &Dim (25,1)] "The bond orders"
                                                         0

0                                      8.8861939228072484e-01
1                                      9.4879150517655275e-01
2                                      9.6821023592767275e-01
3                                      9.7004869117659642e-01
4                                      9.0605897386195589e-01
5                                      8.7951813991995531e-01
6                                      8.6667098795804376e-01
7                                      9.6926668626289447e-01
8                                      9.6268609635116931e-01
9                                      9.6017144061363735e-01
10                                     1.8565923771995894e+00
11                                     9.5572447815139772e-01
12                                     9.7850889010133335e-01
13                                     9.7401748511239794e-01
14                                     1.9097312779596292e+00
15                                     1.2493411910090928e+00
16                                     9.1025768493344861e-01
17                                     8.7937072905956859e-01
18                                     9.6243538956819741e-01
19                                     9.6208651127772571e-01
20                                     9.5604785436085526e-01
21                                     9.8462079833805949e-01
22                                     9.4798035808193326e-01
23                                     9.4589395139354160e-01
24                                     9.5077468949826216e-01
   &COMPONENTS [&Type "ArrayOfIntegers", &Dim (25,4)] "The indices and atomic numbers of the bonding atoms"
                                                         0                           1                           2                           3

0                                                        0                           6                           1                           6
1                                                        0                           6                          12                           1
2                                                        0                           6                          13                           1
3                                                        0                           6                          14                           1
4                                                        1                           6                           2                           6
5                                                        1                           6                           3                           6
6                                                        1                           6                          10                          16
7                                                        2                           6                          15                           1
8                                                        2                           6                          16                           1
9                                                        2                           6                          17                           1
10                                                       3                           6                           4                           7
11                                                       3                           6                          18                           1
12                                                       4                           7                           5                           8
13                                                       5                           8                           6                           6
14                                                       6                           6                           7                           8
15                                                       6                           6                           8                           7
16                                                       8                           7                           9                           6
17                                                       8                           7                          19                           1
18                                                       9                           6                          20                           1
19                                                       9                           6                          21                           1
20                                                       9                           6                          22                           1
21                                                      10                          16                          11                           6
22                                                      11                           6                          23                           1
23                                                      11                           6                          24                           1
24                                                      11                           6                          25                           1
   &ATNO [&Type "ArrayOfIntegers", &Dim (26,1)] "Atomic number of the elements"
                                                         0

0                                                        6
1                                                        6
2                                                        6
3                                                        6
4                                                        7
5                                                        8
6                                                        6
7                                                        8
8                                                        7
9                                                        6
10                                                      16
11                                                       6
12                                                       1
13                                                       1
14                                                       1
15                                                       1
16                                                       1
17                                                       1
18                                                       1
19                                                       1
20                                                       1
21                                                       1
22                                                       1
23                                                       1
24                                                       1
25                                                       1
   &NA [&Type "ArrayOfDoubles", &Dim (26,1)] "Mulliken gross atomic population"
                                                         0

0                                      6.4951325971228107e+00
1                                      5.7566446091055852e+00
2                                      6.5013213737348270e+00
3                                      6.2223712748298468e+00
4                                      7.2982221646818699e+00
5                                      7.9273340631954339e+00
6                                      5.6948837527519123e+00
7                                      8.4516784870148083e+00
8                                      7.1495532683217711e+00
9                                      6.3845418954696518e+00
10                                     1.6145198237817429e+01
11                                     6.4337801887153763e+00
12                                     8.1875825039887873e-01
13                                     8.3972899073813956e-01
14                                     8.2619934883278057e-01
15                                     8.3027010821641822e-01
16                                     8.2756354623579498e-01
17                                     8.2441548786592711e-01
18                                     8.1668399869806285e-01
19                                     7.4128161019429117e-01
20                                     8.5449894703769147e-01
21                                     8.5412480458879136e-01
22                                     8.0612186589923007e-01
23                                     8.3770888948584243e-01
24                                     8.3216528178828952e-01
25                                     8.2981695725879068e-01
   &ZA [&Type "ArrayOfDoubles", &Dim (26,1)] "Total nuclear charge"
                                                         0

0                                      6.0000000000000000e+00
1                                      6.0000000000000000e+00
2                                      6.0000000000000000e+00
3                                      6.0000000000000000e+00
4                                      7.0000000000000000e+00
5                                      8.0000000000000000e+00
6                                      6.0000000000000000e+00
7                                      8.0000000000000000e+00
8                                      7.0000000000000000e+00
9                                      6.0000000000000000e+00
10                                     1.6000000000000000e+01
11                                     6.0000000000000000e+00
12                                     1.0000000000000000e+00
13                                     1.0000000000000000e+00
14                                     1.0000000000000000e+00
15                                     1.0000000000000000e+00
16                                     1.0000000000000000e+00
17                                     1.0000000000000000e+00
18                                     1.0000000000000000e+00
19                                     1.0000000000000000e+00
20                                     1.0000000000000000e+00
21                                     1.0000000000000000e+00
22                                     1.0000000000000000e+00
23                                     1.0000000000000000e+00
24                                     1.0000000000000000e+00
25                                     1.0000000000000000e+00
   &QA [&Type "ArrayOfDoubles", &Dim (26,1)] "Mulliken gross atomic charge"
                                                         0

0                                     -4.9513259712281066e-01
1                                      2.4335539089441482e-01
2                                     -5.0132137373482699e-01
3                                     -2.2237127482984675e-01
4                                     -2.9822216468186991e-01
5                                      7.2665936804566122e-02
6                                      3.0511624724808772e-01
7                                     -4.5167848701480828e-01
8                                     -1.4955326832177107e-01
9                                     -3.8454189546965178e-01
10                                    -1.4519823781742858e-01
11                                    -4.3378018871537627e-01
12                                     1.8124174960112127e-01
13                                     1.6027100926186044e-01
14                                     1.7380065116721943e-01
15                                     1.6972989178358178e-01
16                                     1.7243645376420502e-01
17                                     1.7558451213407289e-01
18                                     1.8331600130193715e-01
19                                     2.5871838980570883e-01
20                                     1.4550105296230853e-01
21                                     1.4587519541120864e-01
22                                     1.9387813410076993e-01
23                                     1.6229111051415757e-01
24                                     1.6783471821171048e-01
25                                     1.7018304274120932e-01
   &VA [&Type "ArrayOfDoubles", &Dim (26,1)] "Mayer's total valence"
                                                         0

0                                      3.7339215559351566e+00
1                                      3.4575170158671189e+00
2                                      3.7466218663297655e+00
3                                      3.8344519568480995e+00
4                                      2.9773182808951821e+00
5                                      2.0961518893686013e+00
6                                      4.1887694456317455e+00
7                                      2.0549283548725765e+00
8                                      3.0890487055205238e+00
9                                      3.8080865855251522e+00
10                                     1.9655468252965613e+00
11                                     3.8603009072594974e+00
12                                     9.5753244565300910e-01
13                                     9.6000170666313367e-01
14                                     9.5427506359139858e-01
15                                     9.5890479842856968e-01
16                                     9.5831965582482059e-01
17                                     9.5695317694149684e-01
18                                     9.5187647502761297e-01
19                                     9.4501314560698835e-01
20                                     9.5702922291268999e-01
21                                     9.5699682608573455e-01
22                                     9.5639096082935382e-01
23                                     9.5936576177829191e-01
24                                     9.5653262068549794e-01
25                                     9.5189912652550579e-01
   &BVA [&Type "ArrayOfDoubles", &Dim (26,1)] "Mayer's bonded valence"
                                                         0

0                                      3.7339215559351726e+00
1                                      3.4575170158672388e+00
2                                      3.7466218663298516e+00
3                                      3.8344519568480453e+00
4                                      2.9773182808952483e+00
5                                      2.0961518893686693e+00
6                                      4.1887694456317419e+00
7                                      2.0549283548725659e+00
8                                      3.0890487055206415e+00
9                                      3.8080865855251562e+00
10                                     1.9655468252967416e+00
11                                     3.8603009072594938e+00
12                                     9.5753244565300877e-01
13                                     9.6000170666313489e-01
14                                     9.5427506359139314e-01
15                                     9.5890479842857668e-01
16                                     9.5831965582482659e-01
17                                     9.5695317694150717e-01
18                                     9.5187647502759032e-01
19                                     9.4501314560699157e-01
20                                     9.5702922291267845e-01
21                                     9.5699682608572934e-01
22                                     9.5639096082936037e-01
23                                     9.5936576177829658e-01
24                                     9.5653262068550815e-01
25                                     9.5189912652550668e-01
   &FA [&Type "ArrayOfDoubles", &Dim (26,1)] "Mayer's free valence"
                                                         0

0                                      0.0000000000000000e+00
1                                      0.0000000000000000e+00
2                                      0.0000000000000000e+00
3                                      0.0000000000000000e+00
4                                      0.0000000000000000e+00
5                                      0.0000000000000000e+00
6                                      0.0000000000000000e+00
7                                      0.0000000000000000e+00
8                                      0.0000000000000000e+00
9                                      0.0000000000000000e+00
10                                     0.0000000000000000e+00
11                                     0.0000000000000000e+00
12                                     0.0000000000000000e+00
13                                     0.0000000000000000e+00
14                                     0.0000000000000000e+00
15                                     0.0000000000000000e+00
16                                     0.0000000000000000e+00
17                                     0.0000000000000000e+00
18                                     0.0000000000000000e+00
19                                     0.0000000000000000e+00
20                                     0.0000000000000000e+00
21                                     0.0000000000000000e+00
22                                     0.0000000000000000e+00
23                                     0.0000000000000000e+00
24                                     0.0000000000000000e+00
25                                     0.0000000000000000e+00
$End
$VdW_Correction
   &GeometryIndex 1
   &ListStatus       OUT
   &VDW [&Type "Double"]      -9.0456433544915272e-03
$End
$Calculation_Info
   &GeometryIndex 1
   &ListStatus       OUT
   &MULT [&Type "Integer"] 1
   &CHARGE [&Type "Integer"] 0
   &NUMOFATOMS [&Type "Integer"] 26
   &NUMOFELECTRONS [&Type "Integer"] 102
   &NUMOFFCELECTRONS [&Type "Integer"] 1
   &NUMOFCORRELECTRONS [&Type "Integer"] 0
   &NUMOFBASISFUNCTS [&Type "Integer"] 326
   &NUMOFAUXCBASISFUNCTS [&Type "Integer"] 0
   &NUMOFAUXJBASISFUNCTS [&Type "Integer"] 744
   &NUMOFAUXJKBASISFUNCTS [&Type "Integer"] 0
   &NUMOFCABSBASISFUNCTS [&Type "Integer"] 0
   &TOTALENERGY [&Type "Double"]      -9.3312595306201672e+02  "Hartrees"
$End
$SCF_Dipole_Moment
   &GeometryIndex 1
   &ListStatus       OUT
   &METHOD [&Type "String"] "SCF"
   &LEVEL [&Type "String"] "Relaxed density"
   &MULT [&Type "Integer"] 1
   &STATE [&Type "Integer"] -1
   &IRREP [&Type "Integer"] 0
   &NATOMS [&Type "Integer"] 26
   &DODIPOLEATOM [&Type "Boolean"] false
   &DIPOLEELECCONTRIB [&Type "ArrayOfDoubles", &Dim (3,1)] "Electronic contribution"
                                                         0

0                                     -1.1756604532896786e+00
1                                     -1.3330187031131613e+00
2                                      1.4510692731553182e-01
   &DIPOLENUCCONTRIB [&Type "ArrayOfDoubles", &Dim (3,1)] "Nuclear contribution"
                                                         0

0                                      1.4448142104393331e+00
1                                      1.5359896743939823e+00
2                                      1.1414965819683991e+00
   &DIPOLETOTAL [&Type "ArrayOfDoubles", &Dim (3,1)] "Total"
                                                         0

0                                      2.6915375714965450e-01
1                                      2.0297097128082098e-01
2                                      1.2866035092839310e+00
   &DIPOLEMAGNITUDE [&Type "Double", &Units "a.u."]       1.3300336650897906e+00
$End
