$hessian                                                                        
        0.4776772644   0.0094901166   0.0385321106  -0.1491930164  -0.0231833434
        0.0534366148  -0.0276591834  -0.0070626565   0.0065530729   0.0003239574
       -0.0000942813  -0.0000306712  -0.0887326335   0.0387122420   0.0262520084
       -0.0050004159   0.0132027415  -0.0039045036  -0.1376880592  -0.0650823240
       -0.0970646505  -0.0516786092   0.0313879538  -0.0389292550  -0.0119268194
       -0.0008933461   0.0088237171   0.0018599779  -0.0016339314   0.0010439664
       -0.0034662411  -0.0015897771  -0.0021277949   0.0011285209  -0.0000680095
        0.0014185562   0.0078360223  -0.0121388273  -0.0070148395  -0.0134807648
        0.0189534427   0.0130116687
        0.0094901166   0.4776106119  -0.0104428615  -0.0266772574  -0.0737461630
        0.0172160440  -0.0102093511  -0.0028833029   0.0033706304   0.0001497605
        0.0004057622   0.0000685824   0.0414048815  -0.1424766818  -0.0538605622
        0.0132271990  -0.0237766095   0.0068582186  -0.0652445422  -0.0859479132
       -0.0638186850   0.0319644921  -0.1358913497   0.1090425666   0.0187462614
        0.0032493032  -0.0135180730  -0.0177778078  -0.0057450763   0.0136810779
       -0.0011032570   0.0005543871  -0.0003632400   0.0010737516   0.0005654280
        0.0001102147   0.0058694725  -0.0155878959  -0.0100561774  -0.0009137198
        0.0036694999   0.0017122645
        0.0385321106  -0.0104428615   0.5225729765   0.0521222913   0.0160002243
       -0.1004281690  -0.0121470787  -0.0023678812   0.0085275299  -0.0000626675
        0.0002273836   0.0002810210   0.0241678593  -0.0480428131  -0.0876978001
       -0.0089306528   0.0174562320   0.0030464411  -0.0971109800  -0.0627621656
       -0.1392807084  -0.0390802685   0.1097397881  -0.1691815812   0.0138786377
        0.0016095169  -0.0091868340   0.0182299911   0.0073758724  -0.0137192700
       -0.0036218562  -0.0006231763  -0.0011424708  -0.0011140059  -0.0009032967
        0.0013300570   0.0071357003  -0.0159335054  -0.0084575008   0.0080009193
       -0.0113333177  -0.0066636909
       -0.1491930164  -0.0266772574   0.0521222913   0.4583050404  -0.0284381889
        0.0000507953  -0.1406534820  -0.0201061511  -0.0567762005   0.0031482531
       -0.0060141952  -0.0015882934  -0.0162643921   0.0043790218   0.0104608824
       -0.0003198892  -0.0004394892   0.0008427016  -0.0211493792  -0.0073579448
        0.0092183571   0.0015839962  -0.0011015082   0.0007346389  -0.0586354861
        0.0569642297   0.0327374865  -0.0501936030   0.0339509709  -0.0295778317
       -0.0236329357  -0.0061220097  -0.0141547762  -0.0030608761  -0.0004905202
       -0.0049385693   0.0004847559  -0.0004023049  -0.0005450214  -0.0004189858
        0.0018553473   0.0014135395
       -0.0231833434  -0.0737461630   0.0160002243  -0.0284381889   0.5292927343
       -0.0133576677  -0.0266618583  -0.0658763208  -0.0158005025  -0.0155855104
       -0.0193642366  -0.0172479529   0.0198446972   0.0042365761  -0.0110805521
        0.0008565772   0.0008657828  -0.0010853465  -0.0115462956  -0.0035290386
        0.0053004420  -0.0164288430  -0.0058717135   0.0122841805   0.0564140900
       -0.2027865093  -0.0935519139   0.0328254903  -0.1652705196   0.1127370957
       -0.0012515022   0.0000369458   0.0001354478   0.0099603857   0.0044947595
        0.0081514854   0.0001741699   0.0007573544   0.0003476317   0.0030201315
       -0.0032396516  -0.0028325717
        0.0534366148   0.0172160440  -0.1004281690   0.0000507953  -0.0133576677
        0.4858790894  -0.0592940777  -0.0102407144  -0.1089601584  -0.0046799215
       -0.0128005146  -0.0058439901   0.0141565346  -0.0010021096  -0.0087177836
       -0.0006979468   0.0005805272   0.0004565522  -0.0132477583  -0.0048573020
        0.0071572834   0.0192867695   0.0084724697  -0.0146274030   0.0317395694
       -0.0935584864  -0.0963444558  -0.0307061250   0.1142936257  -0.1469277962
        0.0089806567   0.0007840133   0.0063781343  -0.0204068073  -0.0038051276
       -0.0177588311   0.0000277832   0.0003693746   0.0002147863   0.0013539131
       -0.0020941322  -0.0004772583
       -0.0276591834  -0.0102093511  -0.0121470787  -0.1406534820  -0.0266618583
       -0.0592940777   0.4674103315   0.0036064051  -0.0311849668  -0.0268227676
        0.0105886495   0.0044894509   0.0003577797  -0.0000081912  -0.0004082591
       -0.0000247075   0.0000261288  -0.0001780277  -0.0047428698  -0.0012592955
        0.0021340599   0.0011106255   0.0007320354  -0.0008529270   0.0019564219
       -0.0004175996   0.0006348743  -0.0068223689  -0.0016283012  -0.0086084304
       -0.2225879928   0.0223352465   0.1060917989  -0.0417266594   0.0026166943
       -0.0009012371  -0.0000058751   0.0003694224   0.0001577021   0.0002107479
       -0.0000899851   0.0000671184
       -0.0070626565  -0.0028833029  -0.0023678812  -0.0201061511  -0.0658763208
       -0.0102407144   0.0036064051   0.3056929015  -0.0657091783   0.0084792471
       -0.1013845880  -0.0154561302   0.0000132931  -0.0007370136   0.0001859914
        0.0000383065   0.0002202102  -0.0000266790  -0.0018053267   0.0006619333
        0.0008322214  -0.0009440806   0.0005088898  -0.0007547984  -0.0162160660
       -0.0099001202  -0.0175339727   0.0148975864   0.0041197628   0.0119221616
        0.0176179954  -0.0348292470  -0.0069603545   0.0008914616  -0.0953092062
        0.1068137197   0.0007659784  -0.0004167771  -0.0006137099  -0.0001759927
        0.0001328781  -0.0000906756
        0.0065530729   0.0033706304   0.0085275299  -0.0567762005  -0.0158005025
       -0.1089601584  -0.0311849668  -0.0657091783   0.4806841556   0.0033985778
       -0.0137270213  -0.0290909636  -0.0001775258  -0.0000904906  -0.0000189784
       -0.0000874157   0.0000544694   0.0000009134   0.0028396998   0.0013294552
       -0.0003818691   0.0012907540   0.0002747582   0.0012663174  -0.0108191504
       -0.0073262222  -0.0108756696  -0.0182796645  -0.0052006685  -0.0169882055
        0.1047250656  -0.0069203049  -0.1020540344  -0.0017861515   0.1099743141
       -0.2221301660   0.0002517695  -0.0002437555  -0.0000162262   0.0000521356
        0.0000145163   0.0000373551
        0.0003239574   0.0001497605  -0.0000626675   0.0031482531  -0.0155855104
       -0.0046799215  -0.0268227676   0.0084792471   0.0033985778   0.0285411740
       -0.0084264895  -0.0022833450  -0.0024668128  -0.0008208354   0.0007706279
        0.0000089595  -0.0002210719   0.0001855820  -0.0000814467   0.0000619564
       -0.0000391841  -0.0000694042   0.0000392475   0.0000146071  -0.0019670073
       -0.0019094023  -0.0020168243   0.0006957311  -0.0004748088   0.0004418113
        0.0002424637   0.0196739042   0.0042807297   0.0015526232   0.0005220860
        0.0000084468  -0.0026696399  -0.0011654077   0.0003286912  -0.0004360835
       -0.0003226756  -0.0003471315
       -0.0000942813   0.0004057622   0.0002273836  -0.0060141952  -0.0193642366
       -0.0128005146   0.0105886495  -0.1013845880  -0.0137270213  -0.0084264895
        0.1670117371   0.0378369609  -0.0008225133   0.0010103240   0.0001631043
        0.0000367057  -0.0001338057  -0.0001820750   0.0003722824  -0.0001984536
       -0.0000825562   0.0005407633  -0.0005870502   0.0000223191  -0.0031666846
       -0.0010846771  -0.0016962556  -0.0001781565   0.0020324100   0.0001069657
        0.0060254088  -0.0198936976  -0.0075048482   0.0025887276  -0.0285697639
       -0.0035261775  -0.0017110451   0.0010714873   0.0010798052   0.0002608281
       -0.0003154479   0.0000829094
       -0.0000306712   0.0000685824   0.0002810210  -0.0015882934  -0.0172479529
       -0.0058439901   0.0044894509  -0.0154561302  -0.0290909636  -0.0022833450
        0.0378369609   0.0318495106   0.0004550008   0.0003907290   0.0001511084
       -0.0000570161   0.0000627521  -0.0001008483   0.0001060094   0.0000055158
        0.0000644692  -0.0000134774  -0.0001936190  -0.0000726556  -0.0029589658
       -0.0018868502  -0.0018200696   0.0004658528  -0.0004670005   0.0003242418
        0.0025247050  -0.0165830484  -0.0023640188  -0.0016604232   0.0128771632
        0.0061873547   0.0003835515   0.0005966872   0.0003782757   0.0001676218
       -0.0000037893   0.0000565646
       -0.0887326335   0.0414048815   0.0241678593  -0.0162643921   0.0198446972
        0.0141565346   0.0003577797   0.0000132931  -0.0001775258  -0.0024668128
       -0.0008225133   0.0004550008   0.4846529875   0.0722769319  -0.0297352084
       -0.0334709436   0.0122645816  -0.0174635303   0.0073992166  -0.0132297543
       -0.0072931386  -0.0036481760   0.0089534398   0.0015466196  -0.0043265439
       -0.0003134942   0.0031490429   0.0010327442   0.0004658130  -0.0010558466
        0.0001236105  -0.0000841827  -0.0001132968  -0.0002401300  -0.0000001342
        0.0000436849  -0.1353088210  -0.0802350045  -0.0871502743  -0.2091078856
       -0.0605385549   0.0994700786
        0.0387122420  -0.1424766818  -0.0480428131   0.0043790218   0.0042365761
       -0.0010021096  -0.0000081912  -0.0007370136  -0.0000904906  -0.0008208354
        0.0010103240   0.0003907290   0.0722769319   0.3852841602   0.0782218472
        0.0107783362  -0.0524638992   0.0353703846   0.0059134602  -0.0174218702
       -0.0095580529   0.0100846394  -0.0201497033  -0.0044728745  -0.0010251700
        0.0006960486   0.0011157117  -0.0005549690   0.0002477067   0.0009414420
       -0.0000284276  -0.0000094123  -0.0000448233   0.0001019111   0.0001506124
       -0.0000461257  -0.0815823943  -0.1026111933  -0.0801067113  -0.0582265551
       -0.0557556545   0.0273238864
        0.0262520084  -0.0538605622  -0.0876978001   0.0104608824  -0.0110805521
       -0.0087177836  -0.0004082591   0.0001859914  -0.0000189784   0.0007706279
        0.0001631043   0.0001511084  -0.0297352084   0.0782218472   0.3940408471
       -0.0173814594   0.0377209827  -0.0734635914   0.0072215804  -0.0202199497
       -0.0108658370  -0.0078807406   0.0156338558   0.0057156902   0.0032402283
        0.0003978189  -0.0013722108  -0.0001207990  -0.0001899306  -0.0001839709
       -0.0001735809   0.0000575964   0.0000932519  -0.0000626959  -0.0000084156
        0.0001579558  -0.0887269199  -0.0765368623  -0.1235963735   0.0965443360
        0.0295150759  -0.0942423075
       -0.0050004159   0.0132271990  -0.0089306528  -0.0003198892   0.0008565772
       -0.0006979468  -0.0000247075   0.0000383065  -0.0000874157   0.0000089595
        0.0000367057  -0.0000570161  -0.0334709436   0.0107783362  -0.0173814594
        0.0373221453  -0.0318470674   0.0319493284   0.0004303749  -0.0005929969
        0.0004512589  -0.0010601135   0.0026779100   0.0010768942   0.0002802046
        0.0000314108  -0.0001179214  -0.0008465657   0.0003830162   0.0004568573
        0.0000977127  -0.0000153018   0.0000500021   0.0000883470  -0.0000104168
       -0.0000912189  -0.0044675719   0.0117087842  -0.0153574252   0.0069624635
       -0.0072724629   0.0087367156
        0.0132027415  -0.0237766095   0.0174562320  -0.0004394892   0.0008657828
        0.0005805272   0.0000261288   0.0002202102   0.0000544694  -0.0002210719
       -0.0001338057   0.0000627521   0.0122645816  -0.0524638992   0.0377209827
       -0.0318470674   0.0874979921  -0.0704439957  -0.0007989117   0.0006412850
        0.0001071111   0.0029381361  -0.0049233117  -0.0020110150  -0.0005757183
        0.0000433640   0.0001076167   0.0006714316   0.0003475900  -0.0011090308
       -0.0001706259  -0.0000402219  -0.0000661936  -0.0001365238  -0.0001821581
        0.0001248796   0.0022301098   0.0027070814   0.0023119231   0.0028562789
       -0.0108032994   0.0151037412
       -0.0039045036   0.0068582186   0.0030464411   0.0008427016  -0.0010853465
        0.0004565522  -0.0001780277  -0.0000266790   0.0000009134   0.0001855820
       -0.0001820750  -0.0001008483  -0.0174635303   0.0353703846  -0.0734635914
        0.0319493284  -0.0704439957   0.1033226861   0.0007881346  -0.0000456459
        0.0012445358   0.0004454544  -0.0001986577   0.0010217882   0.0002687827
       -0.0001162269   0.0000531218  -0.0000481938  -0.0009428169   0.0010748416
        0.0001742238   0.0000248078   0.0000690796   0.0002070686   0.0001599970
       -0.0001132999  -0.0089048232   0.0148603904  -0.0192960607  -0.0043621973
        0.0157676452  -0.0173161595
       -0.1376880592  -0.0652445422  -0.0971109800  -0.0211493792  -0.0115462956
       -0.0132477583  -0.0047428698  -0.0018053267   0.0028396998  -0.0000814467
        0.0003722824   0.0001060094   0.0073992166   0.0059134602   0.0072215804
        0.0004303749  -0.0007989117   0.0007881346   0.1619912568   0.0735482036
        0.1073234564  -0.0053266045  -0.0026314187  -0.0081068573  -0.0004630385
       -0.0000357752  -0.0005948994   0.0003136961  -0.0001532348  -0.0002757053
       -0.0012673085  -0.0002888729  -0.0005761679   0.0002190052  -0.0001357131
        0.0004370270  -0.0002814833   0.0023571123   0.0010016394   0.0006466401
        0.0004490324   0.0001948212
       -0.0650823240  -0.0859479132  -0.0627621656  -0.0073579448  -0.0035290386
       -0.0048573020  -0.0012592955   0.0006619333   0.0013294552   0.0000619564
       -0.0001984536   0.0000055158  -0.0132297543  -0.0174218702  -0.0202199497
       -0.0005929969   0.0006412850  -0.0000456459   0.0735482036   0.1010921955
        0.0771828771   0.0115594557   0.0078036513   0.0128955349   0.0008857925
        0.0006251877  -0.0001626370  -0.0001561040  -0.0002079667  -0.0001613772
       -0.0004424844  -0.0000700313  -0.0003522683  -0.0000098243  -0.0000405657
        0.0000137624   0.0025949902  -0.0039606201  -0.0032014510  -0.0005196703
        0.0005522066   0.0003356513
       -0.0970646505  -0.0638186850  -0.1392807084   0.0092183571   0.0053004420
        0.0071572834   0.0021340599   0.0008322214  -0.0003818691  -0.0000391841
       -0.0000825562   0.0000644692  -0.0072931386  -0.0095580529  -0.0108658370
        0.0004512589   0.0001071111   0.0012445358   0.1073234564   0.0771828771
        0.1605935607  -0.0174016410  -0.0080559856  -0.0189339507   0.0004327402
        0.0004031286   0.0007031990   0.0001869096   0.0000684373   0.0002567034
        0.0004966696   0.0000128763   0.0003489000   0.0001027809  -0.0000208387
       -0.0000225157   0.0017890572  -0.0023791506  -0.0006369928  -0.0003366756
        0.0000081751  -0.0002467778
       -0.0516786092   0.0319644921  -0.0390802685   0.0015839962  -0.0164288430
        0.0192867695   0.0011106255  -0.0009440806   0.0012907540  -0.0000694042
        0.0005407633  -0.0000134774  -0.0036481760   0.0100846394  -0.0078807406
       -0.0010601135   0.0029381361   0.0004454544  -0.0053266045   0.0115594557
       -0.0174016410   0.0632204394  -0.0381613237   0.0412212732   0.0003651822
       -0.0001659729  -0.0000384752  -0.0040084460  -0.0016222515   0.0032007780
        0.0001502955   0.0000817185   0.0000054289  -0.0005470801  -0.0001103090
       -0.0005795674   0.0001816910  -0.0001736898  -0.0001666009  -0.0002737963
        0.0004372653  -0.0002896869
        0.0313879538  -0.1358913497   0.1097397881  -0.0011015082  -0.0058717135
        0.0084724697   0.0007320354   0.0005088898   0.0002747582   0.0000392475
       -0.0005870502  -0.0001936190   0.0089534398  -0.0201497033   0.0156338558
        0.0026779100  -0.0049233117  -0.0001986577  -0.0026314187   0.0078036513
       -0.0080559856  -0.0381613237   0.1583465631  -0.1271874461   0.0001944374
        0.0002974518  -0.0003169707  -0.0014878097   0.0000218069   0.0016032309
        0.0001962765   0.0001629994  -0.0001234970  -0.0006946715   0.0000500986
       -0.0002747100  -0.0002077465  -0.0000365900   0.0002612920   0.0001031779
        0.0002682576   0.0003654915
       -0.0389292550   0.1090425666  -0.1691815812   0.0007346389   0.0122841805
       -0.0146274030  -0.0008529270  -0.0007547984   0.0012663174   0.0000146071
        0.0000223191  -0.0000726556   0.0015466196  -0.0044728745   0.0057156902
        0.0010768942  -0.0020110150   0.0010217882  -0.0081068573   0.0128955349
       -0.0189339507   0.0412212732  -0.1271874461   0.1956850479  -0.0001352084
        0.0000369625  -0.0002743679   0.0033575443   0.0007456364  -0.0018251665
       -0.0002687578  -0.0001750285  -0.0000665472   0.0001990074   0.0001130692
        0.0004818318   0.0001756182  -0.0002004353   0.0002984404  -0.0000331973
       -0.0003386713   0.0005125562
       -0.0119268194   0.0187462614   0.0138786377  -0.0586354861   0.0564140900
        0.0317395694   0.0019564219  -0.0162160660  -0.0108191504  -0.0019670073
       -0.0031666846  -0.0029589658  -0.0043265439  -0.0010251700   0.0032402283
        0.0002802046  -0.0005757183   0.0002687827  -0.0004630385   0.0008857925
        0.0004327402   0.0003651822   0.0001944374  -0.0001352084   0.0764284080
       -0.0617470476  -0.0375209526  -0.0009390912   0.0074992075   0.0026459714
        0.0003854093  -0.0017857118  -0.0009861403  -0.0002369625  -0.0000332443
       -0.0002270069  -0.0001080594  -0.0002573082  -0.0002089600  -0.0008126178
        0.0010671620   0.0006504548
       -0.0008933461   0.0032493032   0.0016095169   0.0569642297  -0.2027865093
       -0.0935584864  -0.0004175996  -0.0099001202  -0.0073262222  -0.0019094023
       -0.0010846771  -0.0018868502  -0.0003134942   0.0006960486   0.0003978189
        0.0000314108   0.0000433640  -0.0001162269  -0.0000357752   0.0006251877
        0.0004031286  -0.0001659729   0.0002974518   0.0000369625  -0.0617470476
        0.2333148842   0.1093328519   0.0087594268  -0.0245782714  -0.0092000593
       -0.0000797654   0.0001235946   0.0000838120  -0.0000297751  -0.0001602048
       -0.0000107860  -0.0000552419   0.0000911609   0.0001644726  -0.0001076469
        0.0000687878   0.0000700676
        0.0088237171  -0.0135180730  -0.0091868340   0.0327374865  -0.0935519139
       -0.0963444558   0.0006348743  -0.0175339727  -0.0108756696  -0.0020168243
       -0.0016962556  -0.0018200696   0.0031490429   0.0011157117  -0.0013722108
       -0.0001179214   0.0001076167   0.0000531218  -0.0005948994  -0.0001626370
        0.0007031990  -0.0000384752  -0.0003169707  -0.0002743679  -0.0375209526
        0.1093328519   0.1101659149  -0.0057279626   0.0167411848   0.0090179753
        0.0005336026  -0.0002087220   0.0008493178  -0.0003159329   0.0001932226
       -0.0005394672  -0.0000408270   0.0002139188   0.0000905941   0.0004950720
       -0.0007159616  -0.0004670479
        0.0018599779  -0.0177778078   0.0182299911  -0.0501936030   0.0328254903
       -0.0307061250  -0.0068223689   0.0148975864  -0.0182796645   0.0006957311
       -0.0001781565   0.0004658528   0.0010327442  -0.0005549690  -0.0001207990
       -0.0008465657   0.0006714316  -0.0000481938   0.0003136961  -0.0001561040
        0.0001869096  -0.0040084460  -0.0014878097   0.0033575443  -0.0009390912
        0.0087594268  -0.0057279626   0.0620271001  -0.0359866988   0.0356316159
       -0.0000728254   0.0001045634  -0.0003000068  -0.0032181301  -0.0010514791
       -0.0023561810   0.0000924814  -0.0000029563  -0.0000389614   0.0000792994
       -0.0000625172  -0.0002940196
       -0.0016339314  -0.0057450763   0.0073758724   0.0339509709  -0.1652705196
        0.1142936257  -0.0016283012   0.0041197628  -0.0052006685  -0.0004748088
        0.0020324100  -0.0004670005   0.0004658130   0.0002477067  -0.0001899306
        0.0003830162   0.0003475900  -0.0009428169  -0.0001532348  -0.0002079667
        0.0000684373  -0.0016222515   0.0000218069   0.0007456364   0.0074992075
       -0.0245782714   0.0167411848  -0.0359866988   0.1892929284  -0.1307843972
        0.0001567078  -0.0001680129  -0.0000505526  -0.0012031274   0.0001945079
       -0.0015719753   0.0000336743  -0.0001266749  -0.0000065995   0.0002129642
       -0.0001601907  -0.0000108155
        0.0010439664   0.0136810779  -0.0137192700  -0.0295778317   0.1127370957
       -0.1469277962  -0.0086084304   0.0119221616  -0.0169882055   0.0004418113
        0.0001069657   0.0003242418  -0.0010558466   0.0009414420  -0.0001839709
        0.0004568573  -0.0011090308   0.0010748416  -0.0002757053  -0.0001613772
        0.0002567034   0.0032007780   0.0016032309  -0.0018251665   0.0026459714
       -0.0092000593   0.0090179753   0.0356316159  -0.1307843972   0.1714765668
        0.0000783177   0.0002393346  -0.0000612940  -0.0036358532  -0.0002709065
       -0.0022323065   0.0000000879   0.0001717816  -0.0002517189  -0.0003457386
        0.0001226811   0.0000393996
       -0.0034662411  -0.0011032570  -0.0036218562  -0.0236329357  -0.0012515022
        0.0089806567  -0.2225879928   0.0176179954   0.1047250656   0.0002424637
        0.0060254088   0.0025247050   0.0001236105  -0.0000284276  -0.0001735809
        0.0000977127  -0.0001706259   0.0001742238  -0.0012673085  -0.0004424844
        0.0004966696   0.0001502955   0.0001962765  -0.0002687578   0.0003854093
       -0.0000797654   0.0005336026  -0.0000728254   0.0001567078   0.0000783177
        0.2512290038  -0.0199197872  -0.1159339209  -0.0012538296  -0.0008847040
        0.0025916719  -0.0000136112  -0.0001647693  -0.0000862794   0.0000662490
        0.0000489346  -0.0000205176
       -0.0015897771   0.0005543871  -0.0006231763  -0.0061220097   0.0000369458
        0.0007840133   0.0223352465  -0.0348292470  -0.0069203049   0.0196739042
       -0.0198936976  -0.0165830484  -0.0000841827  -0.0000094123   0.0000575964
       -0.0000153018  -0.0000402219   0.0000248078  -0.0002888729  -0.0000700313
        0.0000128763   0.0000817185   0.0001629994  -0.0001750285  -0.0017857118
        0.0001235946  -0.0002087220   0.0001045634  -0.0001680129   0.0002393346
       -0.0199197872   0.0520154992   0.0149911076  -0.0123552351   0.0023789397
        0.0084812261   0.0000209807  -0.0003086218  -0.0000922125  -0.0000555350
        0.0000468790   0.0000115305
       -0.0021277949  -0.0003632400  -0.0011424708  -0.0141547762   0.0001354478
        0.0063781343   0.1060917989  -0.0069603545  -0.1020540344   0.0042807297
       -0.0075048482  -0.0023640188  -0.0001132968  -0.0000448233   0.0000932519
        0.0000500021  -0.0000661936   0.0000690796  -0.0005761679  -0.0003522683
        0.0003489000   0.0000054289  -0.0001234970  -0.0000665472  -0.0009861403
        0.0000838120   0.0008493178  -0.0003000068  -0.0000505526  -0.0000612940
       -0.1159339209   0.0149911076   0.1141241307   0.0238390135   0.0000731734
       -0.0161789672  -0.0000106496   0.0001189860  -0.0000280698  -0.0000642196
        0.0000632506   0.0000325879
        0.0011285209   0.0010737516  -0.0011140059  -0.0030608761   0.0099603857
       -0.0204068073  -0.0417266594   0.0008914616  -0.0017861515   0.0015526232
        0.0025887276  -0.0016604232  -0.0002401300   0.0001019111  -0.0000626959
        0.0000883470  -0.0001365238   0.0002070686   0.0002190052  -0.0000098243
        0.0001027809  -0.0005470801  -0.0006946715   0.0001990074  -0.0002369625
       -0.0000297751  -0.0003159329  -0.0032181301  -0.0012031274  -0.0036358532
       -0.0012538296  -0.0123552351   0.0238390135   0.0473838966  -0.0005226445
        0.0045244190  -0.0000828364   0.0003506829   0.0000613282  -0.0000058888
       -0.0000151188   0.0000482525
       -0.0000680095   0.0005654280  -0.0009032967  -0.0004905202   0.0044947595
       -0.0038051276   0.0026166943  -0.0953092062   0.1099743141   0.0005220860
       -0.0285697639   0.0128771632  -0.0000001342   0.0001506124  -0.0000084156
       -0.0000104168  -0.0001821581   0.0001599970  -0.0001357131  -0.0000405657
       -0.0000208387  -0.0001103090   0.0000500986   0.0001130692  -0.0000332443
       -0.0001602048   0.0001932226  -0.0010514791   0.0001945079  -0.0002709065
       -0.0008847040   0.0023789397   0.0000731734  -0.0005226445   0.1168528677
       -0.1182314749   0.0002803795  -0.0004064828  -0.0000920892  -0.0001119850
       -0.0000188323  -0.0000587902
        0.0014185562   0.0001102147   0.0013300570  -0.0049385693   0.0081514854
       -0.0177588311  -0.0009012371   0.1068137197  -0.2221301660   0.0000084468
       -0.0035261775   0.0061873547   0.0000436849  -0.0000461257   0.0001579558
       -0.0000912189   0.0001248796  -0.0001132999   0.0004370270   0.0000137624
       -0.0000225157  -0.0005795674  -0.0002747100   0.0004818318  -0.0002270069
       -0.0000107860  -0.0005394672  -0.0023561810  -0.0015719753  -0.0022323065
        0.0025916719   0.0084812261  -0.0161789672   0.0045244190  -0.1182314749
        0.2507034061   0.0000337159   0.0000034786   0.0001246202   0.0000362590
       -0.0000375173  -0.0000096720
        0.0078360223   0.0058694725   0.0071357003   0.0004847559   0.0001741699
        0.0000277832  -0.0000058751   0.0007659784   0.0002517695  -0.0026696399
       -0.0017110451   0.0003835515  -0.1353088210  -0.0815823943  -0.0887269199
       -0.0044675719   0.0022301098  -0.0089048232  -0.0002814833   0.0025949902
        0.0017890572   0.0001816910  -0.0002077465   0.0001756182  -0.0001080594
       -0.0000552419  -0.0000408270   0.0000924814   0.0000336743   0.0000000879
       -0.0000136112   0.0000209807  -0.0000106496  -0.0000828364   0.0002803795
        0.0000337159   0.1532769849   0.0872786700   0.1009870931  -0.0189340373
       -0.0156919976  -0.0131011571
       -0.0121388273  -0.0155878959  -0.0159335054  -0.0004023049   0.0007573544
        0.0003693746   0.0003694224  -0.0004167771  -0.0002437555  -0.0011654077
        0.0010714873   0.0005966872  -0.0802350045  -0.1026111933  -0.0765368623
        0.0117087842   0.0027070814   0.0148603904   0.0023571123  -0.0039606201
       -0.0023791506  -0.0001736898  -0.0000365900  -0.0002004353  -0.0002573082
        0.0000911609   0.0002139188  -0.0000029563  -0.0001266749   0.0001717816
       -0.0001647693  -0.0003086218   0.0001189860   0.0003506829  -0.0004064828
        0.0000034786   0.0872786700   0.1231326523   0.0839980073  -0.0075244037
       -0.0043048805  -0.0050389156
       -0.0070148395  -0.0100561774  -0.0084575008  -0.0005450214   0.0003476317
        0.0002147863   0.0001577021  -0.0006137099  -0.0000162262   0.0003286912
        0.0010798052   0.0003782757  -0.0871502743  -0.0801067113  -0.1235963735
       -0.0153574252   0.0023119231  -0.0192960607   0.0010016394  -0.0032014510
       -0.0006369928  -0.0001666009   0.0002612920   0.0002984404  -0.0002089600
        0.0001644726   0.0000905941  -0.0000389614  -0.0000065995  -0.0002517189
       -0.0000862794  -0.0000922125  -0.0000280698   0.0000613282  -0.0000920892
        0.0001246202   0.1009870931   0.0839980073   0.1428832620   0.0080319082
        0.0060058190   0.0082929641
       -0.0134807648  -0.0009137198   0.0080009193  -0.0004189858   0.0030201315
        0.0013539131   0.0002107479  -0.0001759927   0.0000521356  -0.0004360835
        0.0002608281   0.0001676218  -0.2091078856  -0.0582265551   0.0965443360
        0.0069624635   0.0028562789  -0.0043621973   0.0006466401  -0.0005196703
       -0.0003366756  -0.0002737963   0.0001031779  -0.0000331973  -0.0008126178
       -0.0001076469   0.0004950720   0.0000792994   0.0002129642  -0.0003457386
        0.0000662490  -0.0000555350  -0.0000642196  -0.0000058888  -0.0001119850
        0.0000362590  -0.0189340373  -0.0075244037   0.0080319082   0.2355046599
        0.0611821278  -0.1095401365
        0.0189534427   0.0036694999  -0.0113333177   0.0018553473  -0.0032396516
       -0.0020941322  -0.0000899851   0.0001328781   0.0000145163  -0.0003226756
       -0.0003154479  -0.0000037893  -0.0605385549  -0.0557556545   0.0295150759
       -0.0072724629  -0.0108032994   0.0157676452   0.0004490324   0.0005522066
        0.0000081751   0.0004372653   0.0002682576  -0.0003386713   0.0010671620
        0.0000687878  -0.0007159616  -0.0000625172  -0.0001601907   0.0001226811
        0.0000489346   0.0000468790   0.0000632506  -0.0000151188  -0.0000188323
       -0.0000375173  -0.0156919976  -0.0043048805   0.0060058190   0.0611821278
        0.0698594477  -0.0369737737
        0.0130116687   0.0017122645  -0.0066636909   0.0014135395  -0.0028325717
       -0.0004772583   0.0000671184  -0.0000906756   0.0000373551  -0.0003471315
        0.0000829094   0.0000565646   0.0994700786   0.0273238864  -0.0942423075
        0.0087367156   0.0151037412  -0.0173161595   0.0001948212   0.0003356513
       -0.0002467778  -0.0002896869   0.0003654915   0.0005125562   0.0006504548
        0.0000700676  -0.0004670479  -0.0002940196  -0.0000108155   0.0000393996
       -0.0000205176   0.0000115305   0.0000325879   0.0000482525  -0.0000587902
       -0.0000096720  -0.0131011571  -0.0050389156   0.0082929641  -0.1095401365
       -0.0369737737   0.1104514863
