$hessian                                                                        
        0.4865919624  -0.0098661710  -0.0293055364  -0.1442961792  -0.0220823872
       -0.0642036461  -0.0176833555  -0.0095035934  -0.0090029450  -0.0016867679
       -0.0027318868   0.0011050964   0.0001908080  -0.0000411317   0.0001178224
        0.0002312682  -0.0000461158  -0.0002270440  -0.0000843486  -0.0000427471
        0.0001876281   0.0000170820   0.0000241953   0.0000188392  -0.1302177312
        0.1143937247  -0.0149739598  -0.0741200343   0.0243209255   0.0770578013
       -0.1064801392  -0.0936387825   0.0512975684   0.0058409296   0.0011361459
        0.0034131316  -0.0188246933  -0.0025649699  -0.0142853362   0.0003907868
        0.0003172063  -0.0008195329   0.0010160725   0.0006793477  -0.0000212923
       -0.0007568674  -0.0003357172  -0.0005642004  -0.0001141204   0.0000023835
        0.0002004025  -0.0000266632   0.0000219439  -0.0000049744  -0.0000059055
       -0.0000164025  -0.0000214955   0.0000178963  -0.0000259678   0.0000316731
       -0.0098661710   0.5206004288  -0.0107642562  -0.0225525706  -0.0728355990
       -0.0210067506  -0.0196222000  -0.0089716525  -0.0117359740  -0.0025223066
       -0.0038428832   0.0015349239  -0.0001479667   0.0003669013   0.0002825136
        0.0002865862  -0.0001825411  -0.0003078437  -0.0000492193   0.0000139689
        0.0000687674  -0.0000738402   0.0001242128   0.0000175378   0.1142232534
       -0.1929050955   0.0216696866   0.0245674735  -0.0630080655  -0.0580566512
       -0.0933686426  -0.1829812401   0.0737022004  -0.0069651434  -0.0020398111
       -0.0075177892   0.0177953011   0.0046473334   0.0138045630   0.0003133548
        0.0005762526  -0.0004947386  -0.0007949211   0.0008116243  -0.0006758325
       -0.0011533703  -0.0004099715  -0.0006615141  -0.0000187883  -0.0000031240
        0.0001610416   0.0000136367   0.0000159146  -0.0000181169  -0.0000284231
        0.0000232705   0.0000220257  -0.0000360425   0.0000000764  -0.0000237930
       -0.0293055364  -0.0107642562   0.4986711120  -0.0638328101  -0.0206650482
       -0.1191420667   0.0047203463   0.0006597165   0.0048388709   0.0012351972
        0.0016860353  -0.0003789363  -0.0000754833  -0.0001430275   0.0001265017
        0.0001039406   0.0001554178  -0.0001953426  -0.0000353890  -0.0001058822
        0.0002170944   0.0000192788  -0.0000280538  -0.0000442958  -0.0152527296
        0.0217179047  -0.0472792065   0.0772049790  -0.0581894848  -0.2326033807
        0.0509412690   0.0734007821  -0.0816969590  -0.0211897149  -0.0084915468
       -0.0212888326  -0.0063752831  -0.0004075508  -0.0034270070   0.0007632096
        0.0007481199   0.0012001674   0.0005510410   0.0000380603   0.0003343978
        0.0004385401   0.0002498390   0.0004259628   0.0000824070   0.0001610570
        0.0002170911  -0.0000127862   0.0000160868   0.0000085750  -0.0000017714
       -0.0000104152  -0.0000024216   0.0000212955  -0.0000277539   0.0000186756
       -0.1442961792  -0.0225525706  -0.0638328101   0.4881180706  -0.0387263614
       -0.0122803023  -0.0969131740  -0.0466801259   0.0300489330  -0.0194638791
       -0.0191735187   0.0042172089   0.0005445658  -0.0013031341   0.0012003825
        0.0003756745  -0.0003113426  -0.0007184339  -0.0000158314  -0.0001500934
        0.0003435295   0.0001370874   0.0000660223  -0.0000418384  -0.0191604598
       -0.0018125107  -0.0141642370   0.0068402709   0.0011771185   0.0031194455
       -0.0153493005  -0.0066893541  -0.0102512194  -0.0740185363   0.0259939916
        0.0753295169  -0.1244467446   0.1101785824  -0.0135711706  -0.0077828516
       -0.0098693830   0.0078501873   0.0078145173   0.0110821853  -0.0058353799
       -0.0033626209  -0.0017463872  -0.0024114897   0.0010886793   0.0004654302
        0.0010068607   0.0000039298   0.0000473910  -0.0000230308  -0.0000637621
        0.0000237280   0.0000304254  -0.0000494560  -0.0000196676  -0.0000165774
       -0.0220823872  -0.0728355990  -0.0206650482  -0.0387263614   0.4965726107
        0.0115498219  -0.0462520368  -0.1415642622   0.0401440202  -0.0107699658
       -0.0076720097  -0.0003174617   0.0008097840  -0.0003009248  -0.0002723548
        0.0001653416  -0.0000077254   0.0003552968   0.0001448975   0.0002800581
       -0.0000880109  -0.0001753270  -0.0001814793  -0.0000461785   0.0180901118
        0.0046982251   0.0143367809  -0.0070353065  -0.0024119069  -0.0074771398
       -0.0192656031  -0.0073116496  -0.0134170970   0.0256058695  -0.0620310947
       -0.0552839077   0.1107412617  -0.1871347765   0.0200166755   0.0010590252
        0.0039564192  -0.0004006981  -0.0116833379  -0.0248144410   0.0115715038
       -0.0011221562   0.0004818760  -0.0005949512   0.0004360235   0.0002647238
        0.0006101242  -0.0000533877   0.0000095072  -0.0000039786   0.0000665871
       -0.0000219157  -0.0000684828   0.0000469678   0.0000243648   0.0000510861
       -0.0642036461  -0.0210067506  -0.1191420667  -0.0122803023   0.0115498219
        0.5089472830   0.0295446247   0.0402660893  -0.0876967025  -0.0078521133
       -0.0122763174   0.0052825041  -0.0009946789   0.0000045208   0.0017117231
        0.0013761451   0.0003071595  -0.0020591414  -0.0001783494  -0.0005706628
        0.0009162876  -0.0001530810   0.0002071369   0.0000260776  -0.0061614549
        0.0007197147  -0.0035543698  -0.0209926473  -0.0083193731  -0.0223342668
        0.0071348804   0.0022513057   0.0060824222   0.0759462252  -0.0558519653
       -0.2235220848  -0.0136663974   0.0202291092  -0.0486661564   0.0160581850
        0.0203626455  -0.0144718965   0.0012065696   0.0044711233  -0.0011717414
       -0.0036889964  -0.0016239933  -0.0014907284  -0.0010990169  -0.0007082899
        0.0011253798  -0.0000073651   0.0000079847  -0.0000028819  -0.0000106180
        0.0000204149   0.0000156587   0.0000220369  -0.0000396741   0.0000047004
       -0.0176833555  -0.0196222000   0.0047203463  -0.0969131740  -0.0462520368
        0.0295446247   0.4790252528  -0.0407135502  -0.0209288563  -0.1281228231
       -0.0288159476  -0.0511366895  -0.0311989699   0.0105691527  -0.0150932799
        0.0006384302  -0.0006614403  -0.0020829854  -0.0005124879  -0.0000720082
       -0.0003825118   0.0001490789   0.0008002620   0.0006293597   0.0006219695
       -0.0008371205   0.0006469365   0.0008547990   0.0004266368   0.0006529911
       -0.0037533161  -0.0019964613  -0.0026020601  -0.0084883867  -0.0105297468
        0.0083848202   0.0083673186   0.0112413661  -0.0062146136  -0.0714385110
        0.0217599307   0.0723614567  -0.1208962191   0.1117491257  -0.0099869630
       -0.0152874977  -0.0079615334  -0.0100083470   0.0047269544   0.0008715594
        0.0013795928   0.0000637070  -0.0000412088  -0.0000036576  -0.0001447639
        0.0001499741  -0.0000172176  -0.0000080055  -0.0000647535   0.0001370536
       -0.0095035934  -0.0089716525   0.0006597165  -0.0466801259  -0.1415642622
        0.0402660893  -0.0407135502   0.5028075897   0.0091172752  -0.0282557525
       -0.0700800457  -0.0217406899   0.0266157560   0.0002170691   0.0141593640
        0.0000331766  -0.0009635867   0.0026555799   0.0002483236   0.0013993410
       -0.0005567548  -0.0004167478  -0.0008044234  -0.0007363237   0.0009896422
        0.0011485114   0.0002311924   0.0002464555   0.0002854390   0.0005901576
       -0.0012147747   0.0002406578  -0.0009355310   0.0012189077   0.0038439975
       -0.0005879977  -0.0123454936  -0.0255628370   0.0117581796   0.0227721662
       -0.0593322600  -0.0518842069   0.1106572271  -0.1943693796   0.0145370502
       -0.0189429402  -0.0075884749  -0.0128094506  -0.0048293057  -0.0006280710
       -0.0046125629  -0.0000771521   0.0000448329  -0.0000104526   0.0001838687
       -0.0001630374  -0.0000318328   0.0000139124   0.0000405922  -0.0000688019
       -0.0090029450  -0.0117359740   0.0048388709   0.0300489330   0.0401440202
       -0.0876967025  -0.0209288563   0.0091172752   0.5011220413  -0.0542259362
       -0.0228746091  -0.1120359867  -0.0083217108   0.0057894187   0.0000806576
        0.0009985921  -0.0002047732   0.0011021381  -0.0004581693  -0.0001691770
       -0.0004548405   0.0001007562  -0.0000292293  -0.0000940149   0.0000676421
       -0.0005988639   0.0004153114  -0.0010454999  -0.0007799175   0.0009941507
       -0.0036882902  -0.0019130293  -0.0013818149   0.0165097304   0.0208411586
       -0.0149336530   0.0019482232   0.0049012067  -0.0013423950   0.0733800911
       -0.0515668139  -0.2290007644  -0.0104046788   0.0150473950  -0.0452777723
        0.0058652036   0.0026860375   0.0052933872  -0.0208794516  -0.0085173666
       -0.0216948158   0.0000196741  -0.0000273444   0.0000230556   0.0000089722
       -0.0000619798   0.0000220690   0.0000077203  -0.0000474339   0.0000210781
       -0.0016867679  -0.0025223066   0.0012351972  -0.0194638791  -0.0107699658
       -0.0078521133  -0.1281228231  -0.0282557525  -0.0542259362   0.4340641557
        0.0521957614  -0.0508786218  -0.0883657996   0.0456608029  -0.0026046026
       -0.0293815683   0.0226040022   0.0106981986  -0.0006776376  -0.0004500943
       -0.0021308598   0.0011623785   0.0009314065   0.0034050278   0.0002018688
       -0.0002123759   0.0001294870  -0.0001806390  -0.0001042552   0.0001621035
       -0.0007236560  -0.0003938552  -0.0007085822   0.0002627783   0.0000114103
       -0.0007195782   0.0003809722   0.0007146924  -0.0001906747   0.0048476894
        0.0016406198   0.0018552785  -0.0159234918  -0.0012744965  -0.0115322155
       -0.0962738650  -0.0877590697   0.0449304525  -0.0586666702   0.0062436040
        0.0678317030  -0.0000440107   0.0008571114   0.0002096252  -0.0013608998
        0.0010214960  -0.0000697410  -0.0000481348  -0.0001387351   0.0004558522
       -0.0027318868  -0.0038428832   0.0016860353  -0.0191735187  -0.0076720097
       -0.0122763174  -0.0288159476  -0.0700800457  -0.0228746091   0.0521957614
        0.4397933659  -0.0083183313   0.0500478834  -0.1381613164   0.0237097768
        0.0222857999  -0.0054233966  -0.0206687459  -0.0039061258  -0.0009359613
        0.0019625395   0.0012525698   0.0045823319   0.0018896445   0.0001269392
       -0.0000844764   0.0000818569   0.0000381452   0.0001174799   0.0001768809
       -0.0012957283  -0.0004252159  -0.0006359521   0.0003888609   0.0006244270
       -0.0002347680  -0.0001362130  -0.0000120929  -0.0005769779  -0.0064147227
       -0.0019303186  -0.0070569873   0.0177767847   0.0024975743   0.0127373911
       -0.0904674522  -0.1733908595   0.0667819362   0.0084451308  -0.0452582985
       -0.0358687541   0.0002736029  -0.0010541076  -0.0001590675   0.0000173371
        0.0005425304   0.0000064677   0.0000927798   0.0001132729  -0.0003620183
        0.0011050964   0.0015349239  -0.0003789363   0.0042172089  -0.0003174617
        0.0052825041  -0.0511366895  -0.0217406899  -0.1120359867  -0.0508786218
       -0.0083183313   0.5247909223  -0.0115317532   0.0297412061  -0.0703178929
        0.0160933234  -0.0202247322   0.0015627725   0.0006115836  -0.0050262140
        0.0001087362   0.0055323093   0.0014202479  -0.0006536613   0.0001162755
       -0.0001651369   0.0000240047  -0.0000695143   0.0000757525   0.0002434809
        0.0004625278   0.0003307313   0.0003549078   0.0012168455   0.0006507544
        0.0009735613  -0.0001059447   0.0001213863   0.0005074920  -0.0229885938
       -0.0085755085  -0.0228851406  -0.0029716613  -0.0002288708  -0.0019157583
        0.0454453881   0.0644081578  -0.0758847018   0.0643691223  -0.0328219691
       -0.2500365350   0.0010064650  -0.0012546909   0.0001053138  -0.0003295386
        0.0002487261   0.0000022877  -0.0001638285   0.0001417191   0.0001526297
        0.0001908080  -0.0001479667  -0.0000754833   0.0005445658   0.0008097840
       -0.0009946789  -0.0311989699   0.0266157560  -0.0083217108  -0.0883657996
        0.0500478834  -0.0115317532   0.3272521637  -0.1254456470  -0.1431891228
       -0.1486090806   0.0144878780   0.0872091504  -0.0114628247  -0.0156949843
        0.0581491635  -0.0305036814   0.0249265279   0.0199645303  -0.0000190368
        0.0002191573  -0.0000057061   0.0001195273   0.0001202531   0.0000283813
        0.0000614145  -0.0000927337   0.0002312469   0.0000490807   0.0005253065
        0.0004821961   0.0002127697   0.0002253532   0.0000427114   0.0019665208
       -0.0004188384   0.0015257148  -0.0068030133  -0.0005687691  -0.0046543875
        0.0055100649   0.0028054085  -0.0022868712  -0.0139343688   0.0177827708
        0.0042765074  -0.0029378226   0.0035668666  -0.0007189624  -0.0019340496
        0.0018360399   0.0003398659  -0.0001382682  -0.0016000459  -0.0004707918
       -0.0000411317   0.0003669013  -0.0001430275  -0.0013031341  -0.0003009248
        0.0000045208   0.0105691527   0.0002170691   0.0057894187   0.0456608029
       -0.1381613164   0.0297412061  -0.1254456470   0.2726988229  -0.0623826279
        0.0204791231  -0.0762955454   0.0019905729  -0.0182418553   0.0061237138
        0.0374060803   0.0322848724  -0.0111968803  -0.0170988547  -0.0001879538
       -0.0000659282  -0.0000574574  -0.0000454056  -0.0000744772   0.0000757917
        0.0000567024   0.0000710513  -0.0000817274  -0.0000081775  -0.0002569642
       -0.0001632622  -0.0005048671   0.0008794520  -0.0000743385  -0.0008934534
        0.0003629740   0.0002983784   0.0004015497   0.0009959241   0.0005446527
        0.0222751033  -0.0390780857   0.0075711931   0.0103472122  -0.0108265620
       -0.0031018598   0.0035745624  -0.0038999306   0.0004404381   0.0009066656
       -0.0015391299   0.0000127007   0.0001158789  -0.0000201637  -0.0007717983
        0.0001178224   0.0002825136   0.0001265017   0.0012003825  -0.0002723548
        0.0017117231  -0.0150932799   0.0141593640   0.0000806576  -0.0026046026
        0.0237097768  -0.0703178929  -0.1431891228  -0.0623826279   0.2938676685
        0.0813027449   0.0079043997  -0.1489910531   0.0591637970   0.0371211309
       -0.0782473622   0.0104316583  -0.0094704883   0.0018350089   0.0000014960
       -0.0000564478  -0.0001296280  -0.0000429516   0.0000421770  -0.0000039942
        0.0000640337   0.0000093965  -0.0000555167  -0.0003357347  -0.0000720668
       -0.0004243296  -0.0002905186   0.0000634834  -0.0002984796   0.0009100668
        0.0012864674   0.0012147408  -0.0038176642  -0.0006360418  -0.0021636318
       -0.0072967319   0.0119103381  -0.0011575697   0.0194910985  -0.0239840857
        0.0008950767  -0.0002622915  -0.0000204437   0.0010998637  -0.0000168590
        0.0004161382   0.0003251661   0.0002666566  -0.0000106290   0.0006330506
        0.0002312682   0.0002865862   0.0001039406   0.0003756745   0.0001653416
        0.0013761451   0.0006384302   0.0000331766   0.0009985921  -0.0293815683
        0.0222857999   0.0160933234  -0.1486090806   0.0204791231   0.0813027449
        0.3684712761  -0.0813013527  -0.1152174730  -0.0730314012  -0.0232945210
        0.0322004396  -0.1053836968   0.0473407637  -0.0164333264   0.0001019607
       -0.0002071070   0.0000226699  -0.0001246701  -0.0001298638  -0.0001067786
        0.0001414716   0.0001216359  -0.0001358204  -0.0002236040  -0.0002047761
       -0.0003742995  -0.0007219307  -0.0012726254  -0.0000259756  -0.0000859073
        0.0004290270  -0.0006871628   0.0006333758  -0.0005780010  -0.0001752379
        0.0008964742  -0.0020034925   0.0002286883  -0.0015606467   0.0008919229
       -0.0002168576  -0.0212685686   0.0234716275  -0.0018672878   0.0054082927
       -0.0051235268   0.0031434697   0.0034928503  -0.0013897381  -0.0002297939
       -0.0000461158  -0.0001825411   0.0001554178  -0.0003113426  -0.0000077254
        0.0003071595  -0.0006614403  -0.0009635867  -0.0002047732   0.0226040022
       -0.0054233966  -0.0202247322   0.0144878780  -0.0762955454   0.0079043997
       -0.0813013527   0.5732009829  -0.2834995681  -0.0322430134  -0.3149320300
        0.2821821520   0.0560209671  -0.1411359242   0.0164901835   0.0001243560
       -0.0000393472  -0.0000409817  -0.0000193399   0.0001286699  -0.0001388560
       -0.0000819582  -0.0000503782   0.0000395567  -0.0000307050  -0.0000728275
       -0.0000255120  -0.0003874405  -0.0002637608   0.0001096125   0.0007594074
        0.0007533046   0.0002094151   0.0004775967   0.0000613775   0.0001484837
        0.0019534286  -0.0005965965  -0.0017778239   0.0044481116  -0.0052406619
       -0.0001779717  -0.0005709221   0.0042612610  -0.0053286451   0.0133994143
       -0.0245549969  -0.0012390926   0.0013784688  -0.0086462773   0.0051115760
       -0.0002270440  -0.0003078437  -0.0001953426  -0.0007184339   0.0003552968
       -0.0020591414  -0.0020829854   0.0026555799   0.0011021381   0.0106981986
       -0.0206687459   0.0015627725   0.0872091504   0.0019905729  -0.1489910531
       -0.1152174730  -0.2834995681   0.6006757968   0.0415553164   0.2728284146
       -0.3803903474  -0.0178906201   0.0162104317  -0.0698072563  -0.0001044389
        0.0001786948   0.0000632969  -0.0000253819  -0.0000901398  -0.0000996654
       -0.0000663604  -0.0000905469   0.0000658015   0.0005444680   0.0001242286
        0.0002658950   0.0008463913   0.0006893857   0.0005454364  -0.0012058641
       -0.0006816666  -0.0007040043  -0.0014125774   0.0002618269  -0.0005978433
       -0.0000546576   0.0031199101   0.0019002136   0.0012697472   0.0014205834
       -0.0008252646   0.0027925300  -0.0025328792   0.0018783720   0.0090573838
       -0.0153981614   0.0038585557  -0.0149673487   0.0234346262  -0.0082483602
       -0.0000843486  -0.0000492193  -0.0000353890  -0.0000158314   0.0001448975
       -0.0001783494  -0.0005124879   0.0002483236  -0.0004581693  -0.0006776376
       -0.0039061258   0.0006115836  -0.0114628247  -0.0182418553   0.0591637970
       -0.0730314012  -0.0322430134   0.0415553164   0.0769463114   0.0310003853
       -0.0876324407   0.0091200516   0.0187068515  -0.0124815007   0.0000374967
        0.0000415263  -0.0000077949   0.0000691033   0.0000714987   0.0000129735
       -0.0000570093  -0.0000762176   0.0000548132   0.0000474803   0.0000125254
        0.0001094631   0.0001297413   0.0001917687   0.0000501311  -0.0001319517
        0.0002958012   0.0005359314  -0.0000487399   0.0000828823   0.0000322168
       -0.0005495725  -0.0002878142   0.0000022359   0.0002119956  -0.0009155697
       -0.0000830834   0.0020441189  -0.0011451852   0.0004467141  -0.0009003027
        0.0019841084  -0.0008155060  -0.0011341916   0.0040844315  -0.0008829429
       -0.0000427471   0.0000139689  -0.0001058822  -0.0001500934   0.0002800581
       -0.0005706628  -0.0000720082   0.0013993410  -0.0001691770  -0.0004500943
       -0.0009359613  -0.0050262140  -0.0156949843   0.0061237138   0.0371211309
       -0.0232945210  -0.3149320300   0.2728284146   0.0310003853   0.3440655674
       -0.3484361727   0.0048168995  -0.0327493539   0.0408068954  -0.0000396778
        0.0000578013   0.0000476875   0.0000286217  -0.0000811178   0.0000175860
        0.0000142465  -0.0000349830   0.0000096567   0.0001584504  -0.0000129735
        0.0001197923   0.0003147870   0.0001759067   0.0001343941  -0.0005213062
       -0.0005010356  -0.0002148973  -0.0005884652   0.0000132485  -0.0001459559
       -0.0002016611   0.0012634971  -0.0002000495   0.0002026971   0.0011982838
       -0.0005026975  -0.0012126646   0.0008952690   0.0011494103  -0.0005480059
        0.0013052171   0.0009933922   0.0062801413  -0.0075444176   0.0021433489
        0.0001876281   0.0000687674   0.0002170944   0.0003435295  -0.0000880109
        0.0009162876  -0.0003825118  -0.0005567548  -0.0004548405  -0.0021308598
        0.0019625395   0.0001087362   0.0581491635   0.0374060803  -0.0782473622
        0.0322004396   0.2821821520  -0.3803903474  -0.0876324407  -0.3484361727
        0.4690538193   0.0009891449   0.0263720795  -0.0086747719   0.0000510253
       -0.0000622699  -0.0000333044   0.0000561249   0.0000805638   0.0000523948
        0.0000312278   0.0000451553  -0.0000117348  -0.0004013999   0.0000057103
       -0.0000078889  -0.0003467353  -0.0004727894  -0.0003796215   0.0008206178
        0.0003593232   0.0004238973   0.0003167185  -0.0000387562   0.0000554553
       -0.0006126652  -0.0015173621  -0.0008169820  -0.0006070517  -0.0002003632
        0.0008526497   0.0010115439  -0.0021275191  -0.0010140307   0.0001416113
        0.0015320656  -0.0018656894  -0.0021851107   0.0034855614   0.0002162391
        0.0000170820  -0.0000738402   0.0000192788   0.0001370874  -0.0001753270
       -0.0001530810   0.0001490789  -0.0004167478   0.0001007562   0.0011623785
        0.0012525698   0.0055323093  -0.0305036814   0.0322848724   0.0104316583
       -0.1053836968   0.0560209671  -0.0178906201   0.0091200516   0.0048168995
        0.0009891449   0.5003299372   0.0216956851  -0.0271391089  -0.0000601376
        0.0000424143  -0.0000397664   0.0000218495   0.0000300082   0.0000109742
       -0.0000458270  -0.0000302328   0.0000118484   0.0000368934   0.0000767204
        0.0000196227  -0.0000239387   0.0002950618  -0.0000315304   0.0000594131
       -0.0000409204   0.0000661348  -0.0000642969   0.0000664245  -0.0000278323
       -0.0003256153   0.0002562015   0.0000341999  -0.0011926860   0.0015938678
       -0.0000534174  -0.2689666029  -0.0538543490   0.0461163872  -0.0564076081
       -0.0548328621  -0.0463408631  -0.0480596808  -0.0090074132   0.0283439051
        0.0000241953   0.0001242128  -0.0000280538   0.0000660223  -0.0001814793
        0.0002071369   0.0008002620  -0.0008044234  -0.0000292293   0.0009314065
        0.0045823319   0.0014202479   0.0249265279  -0.0111968803  -0.0094704883
        0.0473407637  -0.1411359242   0.0162104317   0.0187068515  -0.0327493539
        0.0263720795   0.0216956851   0.4616764475  -0.0132972651  -0.0000391812
       -0.0000002812   0.0000046198   0.0000001513  -0.0000450619   0.0000439540
        0.0000831841   0.0000606414  -0.0000185590  -0.0000484217   0.0000103579
       -0.0000583377  -0.0000183554  -0.0000129785  -0.0000901725  -0.0001349830
       -0.0001772159  -0.0000972976   0.0003064450   0.0000201147   0.0002413366
       -0.0004318397   0.0003169151   0.0003948450  -0.0000155738  -0.0000132205
        0.0000145222  -0.0542296804  -0.0509721828   0.0152831237  -0.0508335467
       -0.1672606592  -0.1098789559  -0.0091299127  -0.0622413601   0.0727760620
        0.0000188392   0.0000175378  -0.0000442958  -0.0000418384  -0.0000461785
        0.0000260776   0.0006293597  -0.0007363237  -0.0000940149   0.0034050278
        0.0018896445  -0.0006536613   0.0199645303  -0.0170988547   0.0018350089
       -0.0164333264   0.0164901835  -0.0698072563  -0.0124815007   0.0408068954
       -0.0086747719  -0.0271391089  -0.0132972651   0.5324602038   0.0000038898
       -0.0000050419   0.0000103048   0.0000093110   0.0000118840   0.0000420497
        0.0000076802   0.0000072299   0.0000069945  -0.0000594462  -0.0000143612
        0.0000464379  -0.0000084973  -0.0000503247   0.0000162170   0.0000506413
        0.0000304861  -0.0000126877   0.0002997031   0.0000352167   0.0002380816
       -0.0001772763   0.0001675625  -0.0000667716   0.0003374741  -0.0004134993
        0.0000895870   0.0458382634   0.0143292125  -0.0520514629  -0.0440255091
       -0.1136914811  -0.1363483991   0.0298017835   0.0715674775  -0.2670176412
       -0.1302177312   0.1142232534  -0.0152527296  -0.0191604598   0.0180901118
       -0.0061614549   0.0006219695   0.0009896422   0.0000676421   0.0002018688
        0.0001269392   0.0001162755  -0.0000190368  -0.0001879538   0.0000014960
        0.0001019607   0.0001243560  -0.0001044389   0.0000374967  -0.0000396778
        0.0000510253  -0.0000601376  -0.0000391812   0.0000038898   0.1522889522
       -0.1330010887   0.0213265912  -0.0091590215   0.0131072173   0.0013434708
        0.0091438361  -0.0118881281   0.0019565012   0.0007824086   0.0001435253
        0.0005719885  -0.0042985957  -0.0009574756  -0.0039672471  -0.0001874174
        0.0001368750   0.0001267203  -0.0002125658  -0.0008204901  -0.0001558586
        0.0000234342  -0.0000235313   0.0000608322   0.0000505883   0.0000550090
        0.0000112748  -0.0000042488  -0.0000172422   0.0000053874   0.0000335325
       -0.0000171501  -0.0000228732   0.0000331670  -0.0000050103   0.0000215072
        0.1143937247  -0.1929050955   0.0217179047  -0.0018125107   0.0046982251
        0.0007197147  -0.0008371205   0.0011485114  -0.0005988639  -0.0002123759
       -0.0000844764  -0.0001651369   0.0002191573  -0.0000659282  -0.0000564478
       -0.0002071070  -0.0000393472   0.0001786948   0.0000415263   0.0000578013
       -0.0000622699   0.0000424143  -0.0000002812  -0.0000050419  -0.1330010887
        0.2217591705  -0.0249788821   0.0079377998  -0.0100459347  -0.0010493508
        0.0146267922  -0.0255145373   0.0044119816  -0.0002650608   0.0003471053
        0.0002539477  -0.0011227950   0.0007259773  -0.0003370342   0.0001525931
       -0.0001747193  -0.0000296022   0.0000755454   0.0000774238  -0.0000336248
       -0.0000034512   0.0000153476  -0.0000013107   0.0000021503   0.0000031882
        0.0000315116   0.0000097527   0.0000088153  -0.0000007688  -0.0000272911
       -0.0000034043   0.0000069238  -0.0000126553  -0.0000078416  -0.0000023448
       -0.0149739598   0.0216696866  -0.0472792065  -0.0141642370   0.0143367809
       -0.0035543698   0.0006469365   0.0002311924   0.0004153114   0.0001294870
        0.0000818569   0.0000240047  -0.0000057061  -0.0000574574  -0.0001296280
        0.0000226699  -0.0000409817   0.0000632969  -0.0000077949   0.0000476875
       -0.0000333044  -0.0000397664   0.0000046198   0.0000103048   0.0213265912
       -0.0249788821   0.0531627283   0.0186010667  -0.0242898805   0.0008497236
       -0.0073409813   0.0131080039  -0.0016216733  -0.0002244650   0.0007467238
        0.0002500368  -0.0040418242  -0.0005939883  -0.0021707054   0.0000973395
       -0.0001382073  -0.0001507309  -0.0000552753  -0.0001624136   0.0001762785
        0.0000375832   0.0000151712   0.0000311035  -0.0000288275   0.0000362222
       -0.0000417101   0.0000006691  -0.0000060260   0.0000033760   0.0000033246
       -0.0000079814  -0.0000160485   0.0000171698  -0.0000021269   0.0000112123
       -0.0741200343   0.0245674735   0.0772049790   0.0068402709  -0.0070353065
       -0.0209926473   0.0008547990   0.0002464555  -0.0010454999  -0.0001806390
        0.0000381452  -0.0000695143   0.0001195273  -0.0000454056  -0.0000429516
       -0.0001246701  -0.0000193399  -0.0000253819   0.0000691033   0.0000286217
        0.0000561249   0.0000218495   0.0000001513   0.0000093110  -0.0091590215
        0.0079377998   0.0186010667   0.0855975567  -0.0270327031  -0.0872399027
       -0.0075117528   0.0033302978   0.0171888421  -0.0028797215  -0.0017754396
       -0.0038903581   0.0008336420  -0.0002699572  -0.0001875946  -0.0002151236
       -0.0001406577   0.0001333200  -0.0001517144   0.0001081090   0.0001393380
        0.0000205857   0.0000336399   0.0000524123  -0.0000013045   0.0000120156
        0.0001004724   0.0000110821  -0.0000004334   0.0000060812  -0.0000320099
        0.0000212853  -0.0000070851   0.0000075752  -0.0000047515   0.0000089880
        0.0243209255  -0.0630080655  -0.0581894848   0.0011771185  -0.0024119069
       -0.0083193731   0.0004266368   0.0002854390  -0.0007799175  -0.0001042552
        0.0001174799   0.0000757525   0.0001202531  -0.0000744772   0.0000421770
       -0.0001298638   0.0001286699  -0.0000901398   0.0000714987  -0.0000811178
        0.0000805638   0.0000300082  -0.0000450619   0.0000118840   0.0131072173
       -0.0100459347  -0.0242898805  -0.0270327031   0.0693660233   0.0692294129
       -0.0102814833   0.0054926076   0.0226226288  -0.0014895063   0.0002918412
       -0.0013334480   0.0001499810   0.0002913089   0.0007377337  -0.0006162816
       -0.0000820735   0.0001407613   0.0001495799  -0.0001918632  -0.0000891287
        0.0000035412  -0.0000189662   0.0000238256   0.0000674740  -0.0000140370
        0.0001168499   0.0000008724  -0.0000095114   0.0000047205   0.0000145983
        0.0000134698  -0.0000008770   0.0000143886  -0.0000038244   0.0000059395
        0.0770578013  -0.0580566512  -0.2326033807   0.0031194455  -0.0074771398
       -0.0223342668   0.0006529911   0.0005901576   0.0009941507   0.0001621035
        0.0001768809   0.0002434809   0.0000283813   0.0000757917  -0.0000039942
       -0.0001067786  -0.0001388560  -0.0000996654   0.0000129735   0.0000175860
        0.0000523948   0.0000109742   0.0000439540   0.0000420497   0.0013434708
       -0.0010493508   0.0008497236  -0.0872399027   0.0692294129   0.2716078677
        0.0087636610  -0.0021161776  -0.0160557748  -0.0040482853  -0.0012543228
       -0.0032299225   0.0005407025   0.0002275059   0.0002758672  -0.0005035109
       -0.0002693536   0.0003172411   0.0000288922  -0.0000584012  -0.0001661543
        0.0000381481   0.0000031732   0.0000577914   0.0001478174   0.0000363342
        0.0000543893   0.0000185876  -0.0000069912   0.0000017192  -0.0000333950
        0.0000299438   0.0000151528   0.0000059226  -0.0000034960  -0.0000186694
       -0.1064801392  -0.0933686426   0.0509412690  -0.0153493005  -0.0192656031
        0.0071348804  -0.0037533161  -0.0012147747  -0.0036882902  -0.0007236560
       -0.0012957283   0.0004625278   0.0000614145   0.0000567024   0.0000640337
        0.0001414716  -0.0000819582  -0.0000663604  -0.0000570093   0.0000142465
        0.0000312278  -0.0000458270   0.0000831841   0.0000076802   0.0091438361
        0.0146267922  -0.0073409813  -0.0075117528  -0.0102814833   0.0087636610
        0.1241031856   0.1106676407  -0.0567230599   0.0005993663   0.0000904663
        0.0003343247   0.0000496943  -0.0001604681   0.0005374248   0.0001726100
        0.0001549640  -0.0001855221  -0.0000256653   0.0001478708  -0.0000772210
       -0.0003418637  -0.0001211021  -0.0002449870   0.0000126191  -0.0000088251
        0.0000452285   0.0000189136  -0.0000071759  -0.0000041827  -0.0000100738
       -0.0000151240   0.0000113782  -0.0000045076  -0.0000209818  -0.0000030314
       -0.0936387825  -0.1829812401   0.0734007821  -0.0066893541  -0.0073116496
        0.0022513057  -0.0019964613   0.0002406578  -0.0019130293  -0.0003938552
       -0.0004252159   0.0003307313  -0.0000927337   0.0000710513   0.0000093965
        0.0001216359  -0.0000503782  -0.0000905469  -0.0000762176  -0.0000349830
        0.0000451553  -0.0000302328   0.0000606414   0.0000072299  -0.0118881281
       -0.0255145373   0.0131080039   0.0033302978   0.0054926076  -0.0021161776
        0.1106676407   0.2098206656  -0.0849142083   0.0001462354  -0.0002011983
       -0.0000180988   0.0003517256   0.0005605695   0.0001639922   0.0001821163
        0.0000177504  -0.0001600925   0.0000976250   0.0003455275   0.0000121927
       -0.0001078293  -0.0000638872  -0.0001285361   0.0000016588  -0.0000179141
        0.0000100083   0.0000078834  -0.0000096885   0.0000013815   0.0000035714
        0.0000044745   0.0000085106   0.0000032043  -0.0000032533  -0.0000080004
        0.0512975684   0.0737022004  -0.0816969590  -0.0102512194  -0.0134170970
        0.0060824222  -0.0026020601  -0.0009355310  -0.0013818149  -0.0007085822
       -0.0006359521   0.0003549078   0.0002312469  -0.0000817274  -0.0000555167
       -0.0001358204   0.0000395567   0.0000658015   0.0000548132   0.0000096567
       -0.0000117348   0.0000118484  -0.0000185590   0.0000069945   0.0019565012
        0.0044119816  -0.0016216733   0.0171888421   0.0226226288  -0.0160557748
       -0.0567230599  -0.0849142083   0.0935689122  -0.0002315929  -0.0003470765
        0.0005116795   0.0003058386  -0.0002148090   0.0003437457  -0.0002233162
       -0.0000231790   0.0000296037   0.0000091733  -0.0000864050  -0.0001064781
       -0.0002414991  -0.0001027590  -0.0001389692   0.0000557197   0.0000008535
        0.0000984450   0.0000031534  -0.0000026869   0.0000001670  -0.0000000604
       -0.0000003237  -0.0000040767   0.0000025055  -0.0000065636   0.0000103184
        0.0058409296  -0.0069651434  -0.0211897149  -0.0740185363   0.0256058695
        0.0759462252  -0.0084883867   0.0012189077   0.0165097304   0.0002627783
        0.0003888609   0.0012168455   0.0000490807  -0.0000081775  -0.0003357347
       -0.0002236040  -0.0000307050   0.0005444680   0.0000474803   0.0001584504
       -0.0004013999   0.0000368934  -0.0000484217  -0.0000594462   0.0007824086
       -0.0002650608  -0.0002244650  -0.0028797215  -0.0014895063  -0.0040482853
        0.0005993663   0.0001462354  -0.0002315929   0.0878495194  -0.0247298525
       -0.0865226236  -0.0088782777   0.0091595904   0.0184140703  -0.0015358667
       -0.0031626746   0.0016866049   0.0006573458   0.0004952617  -0.0005523075
        0.0002489070   0.0000789912  -0.0002114115  -0.0004107284  -0.0004984760
       -0.0005315278   0.0000226845  -0.0000241095  -0.0000027848   0.0000484462
       -0.0000495638  -0.0000213404  -0.0000107189   0.0000195238   0.0000146903
        0.0011361459  -0.0020398111  -0.0084915468   0.0259939916  -0.0620310947
       -0.0558519653  -0.0105297468   0.0038439975   0.0208411586   0.0000114103
        0.0006244270   0.0006507544   0.0005253065  -0.0002569642  -0.0000720668
       -0.0002047761  -0.0000728275   0.0001242286   0.0000125254  -0.0000129735
        0.0000057103   0.0000767204   0.0000103579  -0.0000143612   0.0001435253
        0.0003471053   0.0007467238  -0.0017754396   0.0002918412  -0.0012543228
        0.0000904663  -0.0002011983  -0.0003470765  -0.0247298525   0.0715340669
        0.0641522417   0.0126874578  -0.0100246409  -0.0234792765  -0.0032728716
       -0.0029396684   0.0026803886  -0.0001831037   0.0008284525   0.0005754739
        0.0001530001   0.0000246938  -0.0000108659  -0.0001142866   0.0000604775
       -0.0002677489   0.0000169856  -0.0000021898   0.0000151860  -0.0000409321
        0.0000158809   0.0000244929   0.0000034737   0.0000000676  -0.0000271280
        0.0034131316  -0.0075177892  -0.0212888326   0.0753295169  -0.0552839077
       -0.2235220848   0.0083848202  -0.0005879977  -0.0149336530  -0.0007195782
       -0.0002347680   0.0009735613   0.0004821961  -0.0001632622  -0.0004243296
       -0.0003742995  -0.0000255120   0.0002658950   0.0001094631   0.0001197923
       -0.0000078889   0.0000196227  -0.0000583377   0.0000464379   0.0005719885
        0.0002539477   0.0002500368  -0.0038903581  -0.0013334480  -0.0032299225
        0.0003343247  -0.0000180988   0.0005116795  -0.0865226236   0.0641522417
        0.2620663468   0.0014040567  -0.0016412371   0.0003689527   0.0017776134
        0.0026602228  -0.0015643388  -0.0002612253  -0.0003380992   0.0001054819
       -0.0002735897  -0.0000254877   0.0000406404   0.0002650298   0.0000293951
        0.0003316128  -0.0000258665   0.0000143894  -0.0000002938  -0.0000278293
        0.0000087002  -0.0000116287   0.0000036066  -0.0000107439   0.0000223276
       -0.0188246933   0.0177953011  -0.0063752831  -0.1244467446   0.1107412617
       -0.0136663974   0.0083673186  -0.0123454936   0.0019482232   0.0003809722
       -0.0001362130  -0.0001059447   0.0002127697  -0.0005048671  -0.0002905186
       -0.0007219307  -0.0003874405   0.0008463913   0.0001297413   0.0003147870
       -0.0003467353  -0.0000239387  -0.0000183554  -0.0000084973  -0.0042985957
       -0.0011227950  -0.0040418242   0.0008336420   0.0001499810   0.0005407025
        0.0000496943   0.0003517256   0.0003058386  -0.0088782777   0.0126874578
        0.0014040567   0.1478394325  -0.1248885218   0.0189355003   0.0005161346
       -0.0000733624  -0.0002520449  -0.0009645357  -0.0030272319   0.0010220238
       -0.0000326358   0.0002377388   0.0000543089  -0.0000410604   0.0000866743
        0.0000466121   0.0000354392   0.0000097160  -0.0000049516  -0.0000365408
        0.0000895821   0.0000839540  -0.0000961911   0.0000400555  -0.0000954145
       -0.0025649699   0.0046473334  -0.0004075508   0.1101785824  -0.1871347765
        0.0202291092   0.0112413661  -0.0255628370   0.0049012067   0.0007146924
       -0.0000120929   0.0001213863   0.0002253532   0.0008794520   0.0000634834
       -0.0012726254  -0.0002637608   0.0006893857   0.0001917687   0.0001759067
       -0.0004727894   0.0002950618  -0.0000129785  -0.0000503247  -0.0009574756
        0.0007259773  -0.0005939883  -0.0002699572   0.0002913089   0.0002275059
       -0.0001604681   0.0005605695  -0.0002148090   0.0091595904  -0.0100246409
       -0.0016412371  -0.1248885218   0.2195035170  -0.0250987529   0.0004723160
        0.0007395033  -0.0003215237  -0.0028843241  -0.0045397779   0.0027690139
        0.0004009746   0.0002342120  -0.0001187202   0.0000887818  -0.0002810184
       -0.0000537101   0.0000727589  -0.0000457593   0.0000077350  -0.0000161431
        0.0000615741   0.0000133477  -0.0000267612   0.0000582880  -0.0000487676
       -0.0142853362   0.0138045630  -0.0034270070  -0.0135711706   0.0200166755
       -0.0486661564  -0.0062146136   0.0117581796  -0.0013423950  -0.0001906747
       -0.0005769779   0.0005074920   0.0000427114  -0.0000743385  -0.0002984796
       -0.0000259756   0.0001096125   0.0005454364   0.0000501311   0.0001343941
       -0.0003796215  -0.0000315304  -0.0000901725   0.0000162170  -0.0039672471
       -0.0003370342  -0.0021707054  -0.0001875946   0.0007377337   0.0002758672
        0.0005374248   0.0001639922   0.0003437457   0.0184140703  -0.0234792765
        0.0003689527   0.0189355003  -0.0250987529   0.0548859595  -0.0005122563
        0.0004480956   0.0000842704   0.0009746259   0.0026825276  -0.0004550091
       -0.0000616798  -0.0000062027  -0.0001132092   0.0001004865  -0.0001427398
       -0.0001247280  -0.0000166767   0.0000016444  -0.0000354108   0.0001021073
       -0.0000659941  -0.0000133343  -0.0000923022   0.0000140710  -0.0000018844
        0.0003907868   0.0003133548   0.0007632096  -0.0077828516   0.0010590252
        0.0160581850  -0.0714385110   0.0227721662   0.0733800911   0.0048476894
       -0.0064147227  -0.0229885938   0.0019665208  -0.0008934534   0.0009100668
       -0.0000859073   0.0007594074  -0.0012058641  -0.0001319517  -0.0005213062
        0.0008206178   0.0000594131  -0.0001349830   0.0000506413  -0.0001874174
        0.0001525931   0.0000973395  -0.0002151236  -0.0006162816  -0.0005035109
        0.0001726100   0.0001821163  -0.0002233162  -0.0015358667  -0.0032728716
        0.0017776134   0.0005161346   0.0004723160  -0.0005122563   0.0838223931
       -0.0213893109  -0.0829158576  -0.0078942009   0.0084820961   0.0183094659
        0.0006470149   0.0002772486  -0.0002374027  -0.0031998181  -0.0011799873
       -0.0036592953   0.0000012779  -0.0000412742   0.0000254441  -0.0000031593
        0.0000529735   0.0000214299   0.0000509668  -0.0000591064   0.0000319925
        0.0003172063   0.0005762526   0.0007481199  -0.0098693830   0.0039564192
        0.0203626455   0.0217599307  -0.0593322600  -0.0515668139   0.0016406198
       -0.0019303186  -0.0085755085  -0.0004188384   0.0003629740   0.0012864674
        0.0004290270   0.0007533046  -0.0006816666   0.0002958012  -0.0005010356
        0.0003593232  -0.0000409204  -0.0001772159   0.0000304861   0.0001368750
       -0.0001747193  -0.0001382073  -0.0001406577  -0.0000820735  -0.0002693536
        0.0001549640   0.0000177504  -0.0000231790  -0.0031626746  -0.0029396684
        0.0026602228  -0.0000733624   0.0007395033   0.0004480956  -0.0213893109
        0.0680842129   0.0604246389   0.0117326285  -0.0093839914  -0.0237348253
        0.0001115070  -0.0001148100  -0.0004683977  -0.0015319005   0.0002506394
       -0.0008758777  -0.0000438998   0.0000099900  -0.0000065028   0.0000801636
       -0.0000828953   0.0000092408   0.0000122245  -0.0000320584   0.0000110923
       -0.0008195329  -0.0004947386   0.0012001674   0.0078501873  -0.0004006981
       -0.0144718965   0.0723614567  -0.0518842069  -0.2290007644   0.0018552785
       -0.0070569873  -0.0228851406   0.0015257148   0.0002983784   0.0012147408
       -0.0006871628   0.0002094151  -0.0007040043   0.0005359314  -0.0002148973
        0.0004238973   0.0000661348  -0.0000972976  -0.0000126877   0.0001267203
       -0.0000296022  -0.0001507309   0.0001333200   0.0001407613   0.0003172411
       -0.0001855221  -0.0001600925   0.0000296037   0.0016866049   0.0026803886
       -0.0015643388  -0.0002520449  -0.0003215237   0.0000842704  -0.0829158576
        0.0604246389   0.2678205354   0.0016269594  -0.0018041060  -0.0001102217
        0.0005162452   0.0000459157   0.0003149776  -0.0034562240  -0.0013601179
       -0.0025073044   0.0000361700  -0.0000162146   0.0000002582  -0.0000136143
        0.0000433013   0.0000439545   0.0000092354  -0.0000023165  -0.0000425571
        0.0010160725  -0.0007949211   0.0005510410   0.0078145173  -0.0116833379
        0.0012065696  -0.1208962191   0.1106572271  -0.0104046788  -0.0159234918
        0.0177767847  -0.0029716613  -0.0068030133   0.0004015497  -0.0038176642
        0.0006333758   0.0004775967  -0.0014125774  -0.0000487399  -0.0005884652
        0.0003167185  -0.0000642969   0.0003064450   0.0002997031  -0.0002125658
        0.0000755454  -0.0000552753  -0.0001517144   0.0001495799   0.0000288922
       -0.0000256653   0.0000976250   0.0000091733   0.0006573458  -0.0001831037
       -0.0002612253  -0.0009645357  -0.0028843241   0.0009746259  -0.0078942009
        0.0117326285   0.0016269594   0.1427049609  -0.1262260262   0.0133818247
       -0.0002222096   0.0005561636   0.0002120934   0.0003546194   0.0002216747
        0.0002540486   0.0000221557  -0.0000158310  -0.0000009421  -0.0000284183
       -0.0000021984  -0.0000070819   0.0000320236  -0.0000746127   0.0000694566
        0.0006793477   0.0008116243   0.0000380603   0.0110821853  -0.0248144410
        0.0044711233   0.1117491257  -0.1943693796   0.0150473950  -0.0012744965
        0.0024975743  -0.0002288708  -0.0005687691   0.0009959241  -0.0006360418
       -0.0005780010   0.0000613775   0.0002618269   0.0000828823   0.0000132485
       -0.0000387562   0.0000664245   0.0000201147   0.0000352167  -0.0008204901
        0.0000774238  -0.0001624136   0.0001081090  -0.0001918632  -0.0000584012
        0.0001478708   0.0003455275  -0.0000864050   0.0004952617   0.0008284525
       -0.0003380992  -0.0030272319  -0.0045397779   0.0026825276   0.0084820961
       -0.0093839914  -0.0018041060  -0.1262260262   0.2269661136  -0.0191515975
       -0.0002064627   0.0005832950  -0.0002139584  -0.0001080828   0.0000501861
        0.0001542852   0.0000058337   0.0000199252   0.0000067073  -0.0000578460
        0.0000362675   0.0000324001  -0.0000317304  -0.0000076016  -0.0000108927
       -0.0000212923  -0.0006758325   0.0003343978  -0.0058353799   0.0115715038
       -0.0011717414  -0.0099869630   0.0145370502  -0.0452777723  -0.0115322155
        0.0127373911  -0.0019157583  -0.0046543875   0.0005446527  -0.0021636318
       -0.0001752379   0.0001484837  -0.0005978433   0.0000322168  -0.0001459559
        0.0000554553  -0.0000278323   0.0002413366   0.0002380816  -0.0001558586
       -0.0000336248   0.0001762785   0.0001393380  -0.0000891287  -0.0001661543
       -0.0000772210   0.0000121927  -0.0001064781  -0.0005523075   0.0005754739
        0.0001054819   0.0010220238   0.0027690139  -0.0004550091   0.0183094659
       -0.0237348253  -0.0001102217   0.0133818247  -0.0191515975   0.0505560805
        0.0002682102   0.0003102207   0.0003767436  -0.0001252307   0.0003586198
        0.0000862872   0.0000271308  -0.0000204412   0.0000087901  -0.0000588997
        0.0000735379  -0.0000066691   0.0000226157  -0.0000280709   0.0000336828
       -0.0007568674  -0.0011533703   0.0004385401  -0.0033626209  -0.0011221562
       -0.0036889964  -0.0152874977  -0.0189429402   0.0058652036  -0.0962738650
       -0.0904674522   0.0454453881   0.0055100649   0.0222751033  -0.0072967319
        0.0008964742   0.0019534286  -0.0000546576  -0.0005495725  -0.0002016611
       -0.0006126652  -0.0003256153  -0.0004318397  -0.0001772763   0.0000234342
       -0.0000034512   0.0000375832   0.0000205857   0.0000035412   0.0000381481
       -0.0003418637  -0.0001078293  -0.0002414991   0.0002489070   0.0001530001
       -0.0002735897  -0.0000326358   0.0004009746  -0.0000616798   0.0006470149
        0.0001115070   0.0005162452  -0.0002222096  -0.0002064627   0.0002682102
        0.1141729325   0.0958581817  -0.0458251174  -0.0044399992  -0.0078933031
        0.0055419306  -0.0000389212   0.0000103501   0.0000289482   0.0000692788
       -0.0001625942  -0.0000046456   0.0000429761  -0.0000730266   0.0000566618
       -0.0003357172  -0.0004099715   0.0002498390  -0.0017463872   0.0004818760
       -0.0016239933  -0.0079615334  -0.0075884749   0.0026860375  -0.0877590697
       -0.1733908595   0.0644081578   0.0028054085  -0.0390780857   0.0119103381
       -0.0020034925  -0.0005965965   0.0031199101  -0.0002878142   0.0012634971
       -0.0015173621   0.0002562015   0.0003169151   0.0001675625  -0.0000235313
        0.0000153476   0.0000151712   0.0000336399  -0.0000189662   0.0000031732
       -0.0001211021  -0.0000638872  -0.0001027590   0.0000789912   0.0000246938
       -0.0000254877   0.0002377388   0.0002342120  -0.0000062027   0.0002772486
       -0.0001148100   0.0000459157   0.0005561636   0.0005832950   0.0003102207
        0.0958581817   0.2145131647  -0.0793768241   0.0003767247   0.0034388463
       -0.0001735542   0.0000278567   0.0000932301  -0.0000316854  -0.0001288594
        0.0001663530   0.0000545406  -0.0001406482   0.0001302210  -0.0001129980
       -0.0005642004  -0.0006615141   0.0004259628  -0.0024114897  -0.0005949512
       -0.0014907284  -0.0100083470  -0.0128094506   0.0052933872   0.0449304525
        0.0667819362  -0.0758847018  -0.0022868712   0.0075711931  -0.0011575697
        0.0002286883  -0.0017778239   0.0019002136   0.0000022359  -0.0002000495
       -0.0008169820   0.0000341999   0.0003948450  -0.0000667716   0.0000608322
       -0.0000013107   0.0000311035   0.0000524123   0.0000238256   0.0000577914
       -0.0002449870  -0.0001285361  -0.0001389692  -0.0002114115  -0.0000108659
        0.0000406404   0.0000543089  -0.0001187202  -0.0001132092  -0.0002374027
       -0.0004683977   0.0003149776   0.0002120934  -0.0002139584   0.0003767436
       -0.0458251174  -0.0793768241   0.0852013537   0.0161602692   0.0216233799
       -0.0139412651   0.0000156487  -0.0000333465   0.0000196754   0.0000057199
       -0.0000224346  -0.0000438554   0.0000329657   0.0000230035  -0.0000077968
       -0.0001141204  -0.0000187883   0.0000824070   0.0010886793   0.0004360235
       -0.0010990169   0.0047269544  -0.0048293057  -0.0208794516  -0.0586666702
        0.0084451308   0.0643691223  -0.0139343688   0.0103472122   0.0194910985
       -0.0015606467   0.0044481116   0.0012697472   0.0002119956   0.0002026971
       -0.0006070517  -0.0011926860  -0.0000155738   0.0003374741   0.0000505883
        0.0000021503  -0.0000288275  -0.0000013045   0.0000674740   0.0001478174
        0.0000126191   0.0000016588   0.0000557197  -0.0004107284  -0.0001142866
        0.0002650298  -0.0000410604   0.0000887818   0.0001004865  -0.0031998181
       -0.0015319005  -0.0034562240   0.0003546194  -0.0001080828  -0.0001252307
       -0.0044399992   0.0003767247   0.0161602692   0.0771883505  -0.0179107468
       -0.0760743184  -0.0001588649   0.0002255721  -0.0000236201   0.0000410004
       -0.0000834650  -0.0000567190   0.0000454605  -0.0000293874   0.0000712882
        0.0000023835  -0.0000031240   0.0001610570   0.0004654302   0.0002647238
       -0.0007082899   0.0008715594  -0.0006280710  -0.0085173666   0.0062436040
       -0.0452582985  -0.0328219691   0.0177827708  -0.0108265620  -0.0239840857
        0.0008919229  -0.0052406619   0.0014205834  -0.0009155697   0.0011982838
       -0.0002003632   0.0015938678  -0.0000132205  -0.0004134993   0.0000550090
        0.0000031882   0.0000362222   0.0000120156  -0.0000140370   0.0000363342
       -0.0000088251  -0.0000179141   0.0000008535  -0.0004984760   0.0000604775
        0.0000293951   0.0000866743  -0.0002810184  -0.0001427398  -0.0011799873
        0.0002506394  -0.0013601179   0.0002216747   0.0000501861   0.0003586198
       -0.0078933031   0.0034388463   0.0216233799  -0.0179107468   0.0571476643
        0.0444918317   0.0002380450  -0.0002930928   0.0000522834  -0.0000420405
        0.0000636428   0.0000278789  -0.0000160088   0.0000983481  -0.0000900077
        0.0002004025   0.0001610416   0.0002170911   0.0010068607   0.0006101242
        0.0011253798   0.0013795928  -0.0046125629  -0.0216948158   0.0678317030
       -0.0358687541  -0.2500365350   0.0042765074  -0.0031018598   0.0008950767
       -0.0002168576  -0.0001779717  -0.0008252646  -0.0000830834  -0.0005026975
        0.0008526497  -0.0000534174   0.0000145222   0.0000895870   0.0000112748
        0.0000315116  -0.0000417101   0.0001004724   0.0001168499   0.0000543893
        0.0000452285   0.0000100083   0.0000984450  -0.0005315278  -0.0002677489
        0.0003316128   0.0000466121  -0.0000537101  -0.0001247280  -0.0036592953
       -0.0008758777  -0.0025073044   0.0002540486   0.0001542852   0.0000862872
        0.0055419306  -0.0001735542  -0.0139412651  -0.0760743184   0.0444918317
        0.2853675405  -0.0000466103   0.0000098903   0.0000117461  -0.0000332992
        0.0000499166   0.0000072840   0.0000037762  -0.0000152447   0.0000345338
       -0.0000266632   0.0000136367  -0.0000127862   0.0000039298  -0.0000533877
       -0.0000073651   0.0000637070  -0.0000771521   0.0000196741  -0.0000440107
        0.0002736029   0.0010064650  -0.0029378226   0.0035745624  -0.0002622915
       -0.0212685686  -0.0005709221   0.0027925300   0.0020441189  -0.0012126646
        0.0010115439  -0.2689666029  -0.0542296804   0.0458382634  -0.0000042488
        0.0000097527   0.0000006691   0.0000110821   0.0000008724   0.0000185876
        0.0000189136   0.0000078834   0.0000031534   0.0000226845   0.0000169856
       -0.0000258665   0.0000354392   0.0000727589  -0.0000166767   0.0000012779
       -0.0000438998   0.0000361700   0.0000221557   0.0000058337   0.0000271308
       -0.0000389212   0.0000278567   0.0000156487  -0.0001588649   0.0002380450
       -0.0000466103   0.3086011876   0.0602911916  -0.0536787885  -0.0124811640
       -0.0060887507   0.0003224673  -0.0048976293  -0.0022565246   0.0029580817
        0.0000219439   0.0000159146   0.0000160868   0.0000473910   0.0000095072
        0.0000079847  -0.0000412088   0.0000448329  -0.0000273444   0.0008571114
       -0.0010541076  -0.0012546909   0.0035668666  -0.0038999306  -0.0000204437
        0.0234716275   0.0042612610  -0.0025328792  -0.0011451852   0.0008952690
       -0.0021275191  -0.0538543490  -0.0509721828   0.0143292125  -0.0000172422
        0.0000088153  -0.0000060260  -0.0000004334  -0.0000095114  -0.0000069912
       -0.0000071759  -0.0000096885  -0.0000026869  -0.0000241095  -0.0000021898
        0.0000143894   0.0000097160  -0.0000457593   0.0000016444  -0.0000412742
        0.0000099900  -0.0000162146  -0.0000158310   0.0000199252  -0.0000204412
        0.0000103501   0.0000932301  -0.0000333465   0.0002255721  -0.0002930928
        0.0000098903   0.0602911916   0.0591251010  -0.0129658672  -0.0240098637
       -0.0062620389   0.0020890017  -0.0093450972  -0.0019353445   0.0025462412
       -0.0000049744  -0.0000181169   0.0000085750  -0.0000230308  -0.0000039786
       -0.0000028819  -0.0000036576  -0.0000104526   0.0000230556   0.0002096252
       -0.0001590675   0.0001053138  -0.0007189624   0.0004404381   0.0010998637
       -0.0018672878  -0.0053286451   0.0018783720   0.0004467141   0.0011494103
       -0.0010140307   0.0461163872   0.0152831237  -0.0520514629   0.0000053874
       -0.0000007688   0.0000033760   0.0000060812   0.0000047205   0.0000017192
       -0.0000041827   0.0000013815   0.0000001670  -0.0000027848   0.0000151860
       -0.0000002938  -0.0000049516   0.0000077350  -0.0000354108   0.0000254441
       -0.0000065028   0.0000002582  -0.0000009421   0.0000067073   0.0000087901
        0.0000289482  -0.0000316854   0.0000196754  -0.0000236201   0.0000522834
        0.0000117461  -0.0536787885  -0.0129658672   0.0539079682  -0.0187174062
       -0.0059041412   0.0033715656   0.0282120013   0.0074682404  -0.0073363657
       -0.0000059055  -0.0000284231  -0.0000017714  -0.0000637621   0.0000665871
       -0.0000106180  -0.0001447639   0.0001838687   0.0000089722  -0.0013608998
        0.0000173371  -0.0003295386  -0.0019340496   0.0009066656  -0.0000168590
        0.0054082927   0.0133994143   0.0090573838  -0.0009003027  -0.0005480059
        0.0001416113  -0.0564076081  -0.0508335467  -0.0440255091   0.0000335325
       -0.0000272911   0.0000033246  -0.0000320099   0.0000145983  -0.0000333950
       -0.0000100738   0.0000035714  -0.0000000604   0.0000484462  -0.0000409321
       -0.0000278293  -0.0000365408  -0.0000161431   0.0001021073  -0.0000031593
        0.0000801636  -0.0000136143  -0.0000284183  -0.0000578460  -0.0000588997
        0.0000692788  -0.0001288594   0.0000057199   0.0000410004  -0.0000420405
       -0.0000332992  -0.0124811640  -0.0240098637  -0.0187174062   0.0659811096
        0.0593873104   0.0523445626   0.0018269975   0.0016734352   0.0016051184
       -0.0000164025   0.0000232705  -0.0000104152   0.0000237280  -0.0000219157
        0.0000204149   0.0001499741  -0.0001630374  -0.0000619798   0.0010214960
        0.0005425304   0.0002487261   0.0018360399  -0.0015391299   0.0004161382
       -0.0051235268  -0.0245549969  -0.0153981614   0.0019841084   0.0013052171
        0.0015320656  -0.0548328621  -0.1672606592  -0.1136914811  -0.0000171501
       -0.0000034043  -0.0000079814   0.0000212853   0.0000134698   0.0000299438
       -0.0000151240   0.0000044745  -0.0000003237  -0.0000495638   0.0000158809
        0.0000087002   0.0000895821   0.0000615741  -0.0000659941   0.0000529735
       -0.0000828953   0.0000433013  -0.0000021984   0.0000362675   0.0000735379
       -0.0001625942   0.0001663530  -0.0000224346  -0.0000834650   0.0000636428
        0.0000499166  -0.0060887507  -0.0062620389  -0.0059041412   0.0593873104
        0.1911331466   0.1290667285   0.0018251400   0.0065222506   0.0036734395
       -0.0000214955   0.0000220257  -0.0000024216   0.0000304254  -0.0000684828
        0.0000156587  -0.0000172176  -0.0000318328   0.0000220690  -0.0000697410
        0.0000064677   0.0000022877   0.0003398659   0.0000127007   0.0003251661
        0.0031434697  -0.0012390926   0.0038585557  -0.0008155060   0.0009933922
       -0.0018656894  -0.0463408631  -0.1098789559  -0.1363483991  -0.0000228732
        0.0000069238  -0.0000160485  -0.0000070851  -0.0000008770   0.0000151528
        0.0000113782   0.0000085106  -0.0000040767  -0.0000213404   0.0000244929
       -0.0000116287   0.0000839540   0.0000133477  -0.0000133343   0.0000214299
        0.0000092408   0.0000439545  -0.0000070819   0.0000324001  -0.0000066691
       -0.0000046456   0.0000545406  -0.0000438554  -0.0000567190   0.0000278789
        0.0000072840   0.0003224673   0.0020890017   0.0033715656   0.0523445626
        0.1290667285   0.1537413374  -0.0089129845  -0.0211484107  -0.0230909088
        0.0000178963  -0.0000360425   0.0000212955  -0.0000494560   0.0000469678
        0.0000220369  -0.0000080055   0.0000139124   0.0000077203  -0.0000481348
        0.0000927798  -0.0001638285  -0.0001382682   0.0001158789   0.0002666566
        0.0034928503   0.0013784688  -0.0149673487  -0.0011341916   0.0062801413
       -0.0021851107  -0.0480596808  -0.0091299127   0.0298017835   0.0000331670
       -0.0000126553   0.0000171698   0.0000075752   0.0000143886   0.0000059226
       -0.0000045076   0.0000032043   0.0000025055  -0.0000107189   0.0000034737
        0.0000036066  -0.0000961911  -0.0000267612  -0.0000923022   0.0000509668
        0.0000122245   0.0000092354   0.0000320236  -0.0000317304   0.0000226157
        0.0000429761  -0.0001406482   0.0000329657   0.0000454605  -0.0000160088
        0.0000037762  -0.0048976293  -0.0093450972   0.0282120013   0.0018269975
        0.0018251400  -0.0089129845   0.0488968706   0.0089522764  -0.0321077170
       -0.0000259678   0.0000000764  -0.0000277539  -0.0000196676   0.0000243648
       -0.0000396741  -0.0000647535   0.0000405922  -0.0000474339  -0.0001387351
        0.0001132729   0.0001417191  -0.0016000459  -0.0000201637  -0.0000106290
       -0.0013897381  -0.0086462773   0.0234346262   0.0040844315  -0.0075444176
        0.0034855614  -0.0090074132  -0.0622413601   0.0715674775  -0.0000050103
       -0.0000078416  -0.0000021269  -0.0000047515  -0.0000038244  -0.0000034960
       -0.0000209818  -0.0000032533  -0.0000065636   0.0000195238   0.0000000676
       -0.0000107439   0.0000400555   0.0000582880   0.0000140710  -0.0000591064
       -0.0000320584  -0.0000023165  -0.0000746127  -0.0000076016  -0.0000280709
       -0.0000730266   0.0001302210   0.0000230035  -0.0000293874   0.0000983481
       -0.0000152447  -0.0022565246  -0.0019353445   0.0074682404   0.0016734352
        0.0065222506  -0.0211484107   0.0089522764   0.0734546609  -0.0847922347
        0.0000316731  -0.0000237930   0.0000186756  -0.0000165774   0.0000510861
        0.0000047004   0.0001370536  -0.0000688019   0.0000210781   0.0004558522
       -0.0003620183   0.0001526297  -0.0004707918  -0.0007717983   0.0006330506
       -0.0002297939   0.0051115760  -0.0082483602  -0.0008829429   0.0021433489
        0.0002162391   0.0283439051   0.0727760620  -0.2670176412   0.0000215072
       -0.0000023448   0.0000112123   0.0000089880   0.0000059395  -0.0000186694
       -0.0000030314  -0.0000080004   0.0000103184   0.0000146903  -0.0000271280
        0.0000223276  -0.0000954145  -0.0000487676  -0.0000018844   0.0000319925
        0.0000110923  -0.0000425571   0.0000694566  -0.0000108927   0.0000336828
        0.0000566618  -0.0001129980  -0.0000077968   0.0000712882  -0.0000900077
        0.0000345338   0.0029580817   0.0025462412  -0.0073363657   0.0016051184
        0.0036734395  -0.0230909088  -0.0321077170  -0.0847922347   0.3046057354
