           1           2  0.960427159376845     
           2           3   1.09798302122872     
           3           4   1.41922503032964     
           4           5   1.32021553496486     
           5           6   1.32543256009286     
           6           7   1.37317012298717     
           3           8   1.24298104066191     
           7           8   1.31281156858355     
           8           9   1.14950111951781     
           7          10   1.02595692156598     
          10          11  0.945193254686898     
           6          12  0.976149929526500     
           5          13   1.10588956885228     
          13          14   1.79416638763601     
           1          15  0.974938318138731     
           1          16  0.975476644118691     
           1          17  0.975324408690928     
           4          18  0.953886477663780     
           9          19  0.812567767227886     
          11          20  0.975886028294583     
          11          21  0.981011735521785     
          11          22  0.977662934239963     
          13          23  0.932810071311412     
