           1           2   1.02002287940065     
           2           3   1.00750684396221     
           3           4   1.00500116300611     
           4           5   1.00165174120841     
           5           6   1.80658895110296     
           5           7   1.01740218423920     
           1           8  0.987018915436504     
           1           9  0.987219439741879     
           1          10  0.985245184500396     
           2          11  0.978316799199026     
           2          12  0.978166954035632     
           3          13  0.976187319615184     
           3          14  0.976172121096537     
           4          15  0.933929526093674     
           4          16  0.956635684499906     
           7          17  0.964744126080069     
           7          18  0.945243256597217     
           7          19  0.980564404259947     
