*************************************************
******************* ORCA 6.0.0 ******************
*************************************************
$Calculation_Status
   &GeometryIndex 1
   &ListStatus       OUT
   &VERSION [&Type "String"] "6.0.0"
   &PROGNAME [&Type "String"] "LeanSCF"
   &STATUS [&Type "String"] "NORMAL TERMINATION"
$End
$Geometry
   &GeometryIndex 1
   &ListStatus       OUT
   &NATOMS [&Type "Integer"] 26
   &NCORELESSECP [&Type "Integer"] 0
   &NGHOSTATOMS [&Type "Integer"] 0
   &CartesianCoordinates [&Type "Coordinates", &Dim(26,4), &Units "Bohr"] 
              C      2.327549376620   -0.745236895721   -3.159512900548
              C      3.528970873858   -1.181707563160   -0.591181143279
              C      5.491390512519   -3.294071419100   -0.719861676439
              C      1.802969495162   -1.614351624750    1.594526444007
              N     -0.534976795409   -1.300653847340    1.955454029519
              O     -2.033221937990   -0.518857755953   -0.109740428516
              C     -4.549885002672   -0.235667187747    0.484105151700
              O     -5.407833383628   -0.450739905761    2.595062291537
              N     -5.826758703583    0.331150339719   -1.614290071835
              C     -8.528134670232    0.746493601773   -1.635600284223
              S      5.317865470511    1.688555911867    0.452651218803
              C      2.916926354328    4.135567702416    0.521427709418
              H      3.802171971018   -0.393882868972   -4.547257156880
              H      1.270440424975   -2.419338545424   -3.714497830537
              H      1.041746011267    0.853439814331   -3.133462725893
              H      6.446642310918   -3.510894260296    1.085680360357
              H      6.897096474591   -2.847954816198   -2.148885863118
              H      4.572389945276   -5.065635330576   -1.209931734129
              H      2.741914406445   -2.213638156608    3.312792072682
              H     -4.879068893754    0.421460694833   -3.265264237950
              H     -8.948043073910    2.634884654952   -2.337149549530
              H     -9.209428079596    0.562426876728    0.295346769756
              H     -9.452781163175   -0.655286746786   -2.825730958451
              H      2.436148842354    4.702975937673   -1.390069552434
              H      3.759153934068    5.708660186263    1.530667156286
              H      1.266078848430    3.462173786331    1.538049551330
$End
$SCF_Energy
   &GeometryIndex 1
   &ListStatus       OUT
   &SCF_ENERGY [&Type "Double"]      -9.3189892199754172e+02
$End
$DFT_Energy
   &GeometryIndex 1
   &ListStatus       OUT
   &NALPHAEL [&Type "Integer"] 51
   &NBETAEL [&Type "Integer"] 51
   &NTOTALEL [&Type "Integer"] 102
   &EEXCHANGE [&Type "Double"]      -9.5535889019616747e+01
   &ECORR [&Type "Double"]      -3.5040940169116204e+00
   &ECNL [&Type "Double"]       0.0000000000000000e+00
   &EXC [&Type "Double"]      -9.9039983036528369e+01
   &EEMBED [&Type "Double"]       0.0000000000000000e+00
   &FINALEN [&Type "Double"]      -9.3189892199754172e+02  "No Van der Waals correction"
$End
$Mulliken_Population_Analysis
   &GeometryIndex 1
   &ListStatus       OUT
   &NATOMS [&Type "Integer"] 26
   &ATNO [&Type "ArrayOfIntegers", &Dim (26,1)] 
                                                         0

0                                                        6
1                                                        6
2                                                        6
3                                                        6
4                                                        7
5                                                        8
6                                                        6
7                                                        8
8                                                        7
9                                                        6
10                                                      16
11                                                       6
12                                                       1
13                                                       1
14                                                       1
15                                                       1
16                                                       1
17                                                       1
18                                                       1
19                                                       1
20                                                       1
21                                                       1
22                                                       1
23                                                       1
24                                                       1
25                                                       1
   &ATOMICCHARGES [&Type "ArrayOfDoubles", &Dim (26,1)] 
                                                         0

0                                     -1.5640583413562936e-01
1                                     -3.6617830068636614e-01
2                                     -2.0201960915594164e-01
3                                     -5.9933339263689156e-02
4                                      7.7867144113035636e-02
5                                     -2.5769411627249461e-01
6                                      2.0702420150079970e-01
7                                     -2.0923009003808701e-01
8                                     -2.9443987005457650e-01
9                                     -1.7377150373188677e-01
10                                    -3.4747274911886450e-02
11                                    -3.7813421615458775e-01
12                                     1.0270659576767194e-01
13                                     1.0232653256086244e-01
14                                     1.1714454672230445e-01
15                                     1.1892244181893075e-01
16                                     1.1566445088995869e-01
17                                     1.2034843267366124e-01
18                                     1.0565663770529055e-01
19                                     2.3016180753212134e-01
20                                     1.1442528882670744e-01
21                                     1.4244963679232392e-01
22                                     1.1519137634915722e-01
23                                     1.4762074041979290e-01
24                                     1.5172553809488409e-01
25                                     1.6331878263763711e-01
$End
$Loewdin_Population_Analysis
   &GeometryIndex 1
   &ListStatus       OUT
   &NATOMS [&Type "Integer"] 26
   &ATNO [&Type "ArrayOfIntegers", &Dim (26,1)] 
                                                         0

0                                                        6
1                                                        6
2                                                        6
3                                                        6
4                                                        7
5                                                        8
6                                                        6
7                                                        8
8                                                        7
9                                                        6
10                                                      16
11                                                       6
12                                                       1
13                                                       1
14                                                       1
15                                                       1
16                                                       1
17                                                       1
18                                                       1
19                                                       1
20                                                       1
21                                                       1
22                                                       1
23                                                       1
24                                                       1
25                                                       1
   &ATOMICCHARGES [&Type "ArrayOfDoubles", &Dim (26,1)] 
                                                         0

0                                      3.3061878372443493e-04
1                                      3.7287094390318870e-03
2                                      2.2719106360481219e-04
3                                      1.7095233197414239e-02
4                                      1.4661143310000538e-01
5                                      3.6828190637141811e-01
6                                      1.7506941308416790e-01
7                                      2.2111540983090702e-01
8                                      6.0991282999490450e-02
9                                      5.3202430014379033e-03
10                                     1.1959527775106814e-05
11                                     4.8203289002418797e-05
12                                     7.5734563402036962e-06
13                                     9.5643285724915078e-06
14                                     4.2155012769813654e-05
15                                     6.0302941846471992e-08
16                                     2.5451667181861732e-06
17                                     6.2235986818095246e-07
18                                     2.2592722877324348e-05
19                                     8.8974723647391443e-04
20                                     4.9622359921825972e-05
21                                     5.3728842071623508e-05
22                                     5.0881757459336291e-05
23                                     1.3907994541455069e-06
24                                     6.2112362423476820e-09
25                                     3.7905755317670988e-05
$End
$Mayer_Population_Analysis
   &GeometryIndex 1
   &ListStatus       OUT
   &NATOMS [&Type "Integer"] 26 "Total number of atoms"
   &BONDTHRESH [&Type "Double"]       1.0000000000000001e-01  "The threshold for printing"
   &NBONDORDERSPRINT [&Type "Integer"] 25 "The number of bond orders larger than threshold"
   &BONDORDERS [&Type "ArrayOfDoubles", &Dim (25,1)] "The bond orders"
                                                         0

0                                      1.0711962982749894e+00
1                                      9.3509063907107670e-01
2                                      9.3569733451907866e-01
3                                      9.2339483458361071e-01
4                                      1.0512438919998699e+00
5                                      9.0014139391233827e-01
6                                      9.9891900551372692e-01
7                                      9.3975068060923495e-01
8                                      9.3989436138278859e-01
9                                      9.4507519870961276e-01
10                                     1.9769482467869159e+00
11                                     9.2067441000367589e-01
12                                     9.1715319891436597e-01
13                                     1.0048909257208243e+00
14                                     2.0795759601047061e+00
15                                     1.2311097447375463e+00
16                                     1.0207524257948446e+00
17                                     8.5606683982633802e-01
18                                     9.5927268332569693e-01
19                                     9.3690404000309335e-01
20                                     9.5931748371185743e-01
21                                     1.0395064388401789e+00
22                                     9.3713185607680727e-01
23                                     9.4419382117721429e-01
24                                     9.2643004644793536e-01
   &COMPONENTS [&Type "ArrayOfIntegers", &Dim (25,4)] "The indices and atomic numbers of the bonding atoms"
                                                         0                           1                           2                           3

0                                                        0                           6                           1                           6
1                                                        0                           6                          12                           1
2                                                        0                           6                          13                           1
3                                                        0                           6                          14                           1
4                                                        1                           6                           2                           6
5                                                        1                           6                           3                           6
6                                                        1                           6                          10                          16
7                                                        2                           6                          15                           1
8                                                        2                           6                          16                           1
9                                                        2                           6                          17                           1
10                                                       3                           6                           4                           7
11                                                       3                           6                          18                           1
12                                                       4                           7                           5                           8
13                                                       5                           8                           6                           6
14                                                       6                           6                           7                           8
15                                                       6                           6                           8                           7
16                                                       8                           7                           9                           6
17                                                       8                           7                          19                           1
18                                                       9                           6                          20                           1
19                                                       9                           6                          21                           1
20                                                       9                           6                          22                           1
21                                                      10                          16                          11                           6
22                                                      11                           6                          23                           1
23                                                      11                           6                          24                           1
24                                                      11                           6                          25                           1
   &ATNO [&Type "ArrayOfIntegers", &Dim (26,1)] "Atomic number of the elements"
                                                         0

0                                                        6
1                                                        6
2                                                        6
3                                                        6
4                                                        7
5                                                        8
6                                                        6
7                                                        8
8                                                        7
9                                                        6
10                                                      16
11                                                       6
12                                                       1
13                                                       1
14                                                       1
15                                                       1
16                                                       1
17                                                       1
18                                                       1
19                                                       1
20                                                       1
21                                                       1
22                                                       1
23                                                       1
24                                                       1
25                                                       1
   &NA [&Type "ArrayOfDoubles", &Dim (26,1)] "Mulliken gross atomic population"
                                                         0

0                                      6.1564058341356525e+00
1                                      6.3661783006863661e+00
2                                      6.2020196091559425e+00
3                                      6.0599333392636927e+00
4                                      6.9221328558869759e+00
5                                      8.2576941162725284e+00
6                                      5.7929757984991932e+00
7                                      8.2092300900381172e+00
8                                      7.2944398700545863e+00
9                                      6.1737715037318885e+00
10                                     1.6034747274911901e+01
11                                     6.3781342161545851e+00
12                                     8.9729340423232773e-01
13                                     8.9767346743913734e-01
14                                     8.8285545327769588e-01
15                                     8.8107755818106859e-01
16                                     8.8433554911004153e-01
17                                     8.7965156732633898e-01
18                                     8.9434336229470945e-01
19                                     7.6983819246787877e-01
20                                     8.8557471117329245e-01
21                                     8.5755036320767608e-01
22                                     8.8480862365084290e-01
23                                     8.5237925958020722e-01
24                                     8.4827446190511624e-01
25                                     8.3668121736236312e-01
   &ZA [&Type "ArrayOfDoubles", &Dim (26,1)] "Total nuclear charge"
                                                         0

0                                      6.0000000000000000e+00
1                                      6.0000000000000000e+00
2                                      6.0000000000000000e+00
3                                      6.0000000000000000e+00
4                                      7.0000000000000000e+00
5                                      8.0000000000000000e+00
6                                      6.0000000000000000e+00
7                                      8.0000000000000000e+00
8                                      7.0000000000000000e+00
9                                      6.0000000000000000e+00
10                                     1.6000000000000000e+01
11                                     6.0000000000000000e+00
12                                     1.0000000000000000e+00
13                                     1.0000000000000000e+00
14                                     1.0000000000000000e+00
15                                     1.0000000000000000e+00
16                                     1.0000000000000000e+00
17                                     1.0000000000000000e+00
18                                     1.0000000000000000e+00
19                                     1.0000000000000000e+00
20                                     1.0000000000000000e+00
21                                     1.0000000000000000e+00
22                                     1.0000000000000000e+00
23                                     1.0000000000000000e+00
24                                     1.0000000000000000e+00
25                                     1.0000000000000000e+00
   &QA [&Type "ArrayOfDoubles", &Dim (26,1)] "Mulliken gross atomic charge"
                                                         0

0                                     -1.5640583413565246e-01
1                                     -3.6617830068636614e-01
2                                     -2.0201960915594253e-01
3                                     -5.9933339263692709e-02
4                                      7.7867144113024089e-02
5                                     -2.5769411627252836e-01
6                                      2.0702420150080680e-01
7                                     -2.0923009003811721e-01
8                                     -2.9443987005458627e-01
9                                     -1.7377150373188854e-01
10                                    -3.4747274911900661e-02
11                                    -3.7813421615458509e-01
12                                     1.0270659576767227e-01
13                                     1.0232653256086266e-01
14                                     1.1714454672230412e-01
15                                     1.1892244181893141e-01
16                                     1.1566445088995847e-01
17                                     1.2034843267366102e-01
18                                     1.0565663770529055e-01
19                                     2.3016180753212123e-01
20                                     1.1442528882670755e-01
21                                     1.4244963679232392e-01
22                                     1.1519137634915710e-01
23                                     1.4762074041979278e-01
24                                     1.5172553809488376e-01
25                                     1.6331878263763688e-01
   &VA [&Type "ArrayOfDoubles", &Dim (26,1)] "Mayer's total valence"
                                                         0

0                                      3.8489492929593143e+00
1                                      4.1106306423249261e+00
2                                      3.8734713056189563e+00
3                                      3.9271874121079007e+00
4                                      3.0759209544055475e+00
5                                      2.1601223208491391e+00
6                                      4.4097229270117015e+00
7                                      2.3229753734909164e+00
8                                      3.2244788975687642e+00
9                                      3.9001984567063919e+00
10                                     2.1919816934499159e+00
11                                     3.8846179044227691e+00
12                                     9.6968117832716161e-01
13                                     9.6681351274377658e-01
14                                     9.8889756165951370e-01
15                                     9.6593884675427488e-01
16                                     9.6678672682301270e-01
17                                     9.5852317907386042e-01
18                                     9.6795795990210443e-01
19                                     9.2633060438456039e-01
20                                     9.5352807413560015e-01
21                                     9.9708894501224898e-01
22                                     9.5326938312423160e-01
23                                     9.4153932548817820e-01
24                                     9.4730016825215513e-01
25                                     9.6069922026398047e-01
   &BVA [&Type "ArrayOfDoubles", &Dim (26,1)] "Mayer's bonded valence"
                                                         0

0                                      3.8489492929592788e+00
1                                      4.1106306423249288e+00
2                                      3.8734713056189354e+00
3                                      3.9271874121078452e+00
4                                      3.0759209544055088e+00
5                                      2.1601223208490685e+00
6                                      4.4097229270117300e+00
7                                      2.3229753734908281e+00
8                                      3.2244788975687504e+00
9                                      3.9001984567064341e+00
10                                     2.1919816934498941e+00
11                                     3.8846179044227749e+00
12                                     9.6968117832716660e-01
13                                     9.6681351274378147e-01
14                                     9.8889756165950926e-01
15                                     9.6593884675427322e-01
16                                     9.6678672682301459e-01
17                                     9.5852317907385609e-01
18                                     9.6795795990210176e-01
19                                     9.2633060438456205e-01
20                                     9.5352807413560980e-01
21                                     9.9708894501225720e-01
22                                     9.5326938312423670e-01
23                                     9.4153932548817842e-01
24                                     9.4730016825215335e-01
25                                     9.6069922026398469e-01
   &FA [&Type "ArrayOfDoubles", &Dim (26,1)] "Mayer's free valence"
                                                         0

0                                      0.0000000000000000e+00
1                                      0.0000000000000000e+00
2                                      0.0000000000000000e+00
3                                      0.0000000000000000e+00
4                                      0.0000000000000000e+00
5                                      0.0000000000000000e+00
6                                      0.0000000000000000e+00
7                                      0.0000000000000000e+00
8                                      0.0000000000000000e+00
9                                      0.0000000000000000e+00
10                                     0.0000000000000000e+00
11                                     0.0000000000000000e+00
12                                     0.0000000000000000e+00
13                                     0.0000000000000000e+00
14                                     0.0000000000000000e+00
15                                     0.0000000000000000e+00
16                                     0.0000000000000000e+00
17                                     0.0000000000000000e+00
18                                     0.0000000000000000e+00
19                                     0.0000000000000000e+00
20                                     0.0000000000000000e+00
21                                     0.0000000000000000e+00
22                                     0.0000000000000000e+00
23                                     0.0000000000000000e+00
24                                     0.0000000000000000e+00
25                                     0.0000000000000000e+00
$End
$VdW_Correction
   &GeometryIndex 1
   &ListStatus       OUT
   &VDW [&Type "Double"]      -2.7031235691830732e-02
$End
$Calculation_Info
   &GeometryIndex 1
   &ListStatus       OUT
   &MULT [&Type "Integer"] 1
   &CHARGE [&Type "Integer"] 0
   &NUMOFATOMS [&Type "Integer"] 26
   &NUMOFELECTRONS [&Type "Integer"] 102
   &NUMOFFCELECTRONS [&Type "Integer"] 1
   &NUMOFCORRELECTRONS [&Type "Integer"] 0
   &NUMOFBASISFUNCTS [&Type "Integer"] 200
   &NUMOFAUXCBASISFUNCTS [&Type "Integer"] 0
   &NUMOFAUXJBASISFUNCTS [&Type "Integer"] 744
   &NUMOFAUXJKBASISFUNCTS [&Type "Integer"] 0
   &NUMOFCABSBASISFUNCTS [&Type "Integer"] 0
   &TOTALENERGY [&Type "Double"]      -9.3180849038533358e+02  "Hartrees"
$End
$SCF_Dipole_Moment
   &GeometryIndex 1
   &ListStatus       OUT
   &METHOD [&Type "String"] "SCF"
   &LEVEL [&Type "String"] "Relaxed density"
   &MULT [&Type "Integer"] 1
   &STATE [&Type "Integer"] -1
   &IRREP [&Type "Integer"] 0
   &NATOMS [&Type "Integer"] 26
   &DODIPOLEATOM [&Type "Boolean"] false
   &DIPOLEELECCONTRIB [&Type "ArrayOfDoubles", &Dim (3,1)] "Electronic contribution"
                                                         0

0                                     -6.6558180202355932e-01
1                                     -3.2298912699063437e-01
2                                      6.6282833819505607e+00
   &DIPOLENUCCONTRIB [&Type "ArrayOfDoubles", &Dim (3,1)] "Nuclear contribution"
                                                         0

0                                      7.0777403020889929e-01
1                                      5.7902121122772776e-01
2                                     -8.3317725213357363e+00
   &DIPOLETOTAL [&Type "ArrayOfDoubles", &Dim (3,1)] "Total"
                                                         0

0                                      4.2192228185339964e-02
1                                      2.5603208423709339e-01
2                                     -1.7034891393851757e+00
   &DIPOLEMAGNITUDE [&Type "Double", &Units "a.u."]       1.7231389555927521e+00
$End
