$hessian                                                                        
        0.5157119200  -0.0208697608  -0.0039648006  -0.0766294240  -0.0379411252
       -0.0089300214  -0.0150239711  -0.0266990798  -0.0078384190   0.0005120664
        0.0003082239  -0.0000843960   0.0009591350  -0.0001009319  -0.0002266091
       -0.0005823726  -0.0004291060   0.0001332702  -0.0002593258   0.0000042719
       -0.0000576014   0.0002648252   0.0000491667   0.0000335091  -0.0743947560
        0.0251706339   0.0767563648  -0.0659408745   0.0471611695  -0.0503441250
       -0.2846319458   0.0018372406  -0.0083845942   0.0024499970   0.0049949130
        0.0012810602   0.0035486763   0.0099216809   0.0026040384   0.0010372024
       -0.0009468590   0.0007110038  -0.0061549166  -0.0017135244  -0.0013495477
       -0.0002375015  -0.0001524740  -0.0000069721  -0.0005694359  -0.0005735892
       -0.0003196132  -0.0000144973   0.0000046737  -0.0000073384  -0.0000168277
       -0.0000143048  -0.0000061488  -0.0000279736  -0.0000112190   0.0000009404
       -0.0208697608   0.4689432645  -0.0109030899  -0.0367445709  -0.1842508380
       -0.0283535930  -0.0073057224  -0.0046136980  -0.0016039265   0.0001326293
       -0.0001017789  -0.0000329087  -0.0000939560  -0.0005773167  -0.0000357376
        0.0001863879   0.0004298879   0.0000291812  -0.0000571040   0.0003092780
       -0.0000637104  -0.0000488412  -0.0000604520  -0.0000042706   0.0252239441
       -0.0614524868  -0.0598498529   0.0473686825  -0.1411637316   0.1082907272
        0.0012408432  -0.0417247450   0.0009536644  -0.0064041344  -0.0243598564
       -0.0025261457  -0.0035253233  -0.0136951506  -0.0064030533   0.0010090173
        0.0012508713   0.0001277720  -0.0001668104   0.0009655256   0.0003243433
        0.0000029294   0.0000363031  -0.0000896573   0.0000423712   0.0000547210
        0.0001367914  -0.0000245380  -0.0000046428  -0.0000081131   0.0000261622
        0.0000091961   0.0000105068   0.0000077941   0.0000056492   0.0000010728
       -0.0039648006  -0.0109030899   0.5232466467  -0.0084380981  -0.0279121206
       -0.0752752300  -0.0034019160  -0.0038829277  -0.0011658184  -0.0004647702
       -0.0002928042  -0.0001018186  -0.0000362190   0.0001008745  -0.0000028946
        0.0000666757   0.0000606389   0.0000836671   0.0001310356  -0.0000721825
        0.0000089595  -0.0000579767  -0.0000242225  -0.0000210408   0.0767756092
       -0.0591518418  -0.2361432944  -0.0504570940   0.1081613698  -0.1634453649
       -0.0086632267   0.0009419111  -0.0445542140   0.0056467648   0.0202582525
        0.0042718957  -0.0066195417  -0.0264913906  -0.0083322988  -0.0000743383
       -0.0008964572   0.0003560760  -0.0011690578  -0.0001724225   0.0006717991
       -0.0000613933   0.0001133421   0.0001003570   0.0007803372   0.0001599440
        0.0002888566   0.0000077603   0.0000047448   0.0000087741   0.0000159471
       -0.0000052436   0.0000133964  -0.0000156974   0.0000036255  -0.0000084536
       -0.0766294240  -0.0367445709  -0.0084380981   0.4624007305  -0.0152968849
       -0.0099200690  -0.1865376480  -0.0040654476  -0.0233024551  -0.0225465351
        0.0010419571   0.0051368730  -0.0015877673   0.0006057414   0.0035300193
       -0.0001610090  -0.0000963009  -0.0003094222  -0.0002321619   0.0001303621
       -0.0002393097   0.0001106448  -0.0000465199  -0.0001599392   0.0037597314
        0.0092963767   0.0020449282   0.0025594903   0.0066033566   0.0019669322
       -0.0131046342  -0.0289235579  -0.0071823485  -0.0566881769   0.0370241782
       -0.0413901788  -0.0866873411   0.0312594250   0.0869385009  -0.0133691733
        0.0022318456  -0.0046437513  -0.0127748622  -0.0028948767  -0.0026534156
        0.0010695020  -0.0000479160  -0.0009362027   0.0004634200  -0.0001164414
       -0.0004380291  -0.0000538571  -0.0000109981  -0.0000061214   0.0000076155
        0.0000390132   0.0000307039   0.0000014555   0.0000112582  -0.0000286168
       -0.0379411252  -0.1842508380  -0.0279121206  -0.0152968849   0.4883306980
       -0.0141540322  -0.0016815020  -0.0654894437   0.0008322287   0.0059985852
        0.0007975147   0.0001650018   0.0002993752  -0.0005510616  -0.0009788743
        0.0001472223   0.0004370691   0.0001930046  -0.0000463591  -0.0000981544
       -0.0000090256   0.0000917399   0.0000266025   0.0000906579  -0.0021748109
       -0.0122247476  -0.0062780963  -0.0061238661  -0.0249707085  -0.0014556185
       -0.0028472647  -0.0033883902  -0.0012492448   0.0368434904  -0.1324872065
        0.1065222162   0.0315765545  -0.0623618277  -0.0549275170   0.0196980505
       -0.0002424795   0.0050125978  -0.0279072813  -0.0037905770  -0.0060370383
       -0.0008306852   0.0003358683   0.0000680961   0.0002030551  -0.0000773172
        0.0001080721  -0.0000346191   0.0000044303   0.0000000028   0.0000301857
       -0.0000071967   0.0000104396  -0.0000038603   0.0000077656  -0.0000007500
       -0.0089300214  -0.0283535930  -0.0752752300  -0.0099200690  -0.0141540322
        0.5360711658  -0.0199269819   0.0014254295  -0.0676392050   0.0255090678
        0.0005092690  -0.0010744986  -0.0009421481  -0.0018410988  -0.0053261378
        0.0013894380   0.0020603432   0.0008037533   0.0011320518  -0.0011487840
        0.0011706173   0.0000106760  -0.0000408239   0.0003517843  -0.0077787690
       -0.0267828602  -0.0084141794   0.0059636791   0.0201413125   0.0042801020
       -0.0014263271  -0.0023701142  -0.0003336008  -0.0409203247   0.1058981743
       -0.1704261205   0.0866121847  -0.0549125742  -0.2099064997  -0.0220247012
        0.0011087482  -0.0046586841  -0.0096052732  -0.0013837929  -0.0012428818
        0.0010262923  -0.0001970705   0.0009080415  -0.0002130796  -0.0000016520
        0.0006702021   0.0000304097  -0.0000029155   0.0000183757   0.0000894030
        0.0000259672   0.0000459867  -0.0000755072   0.0000200674  -0.0000229908
       -0.0150239711  -0.0073057224  -0.0034019160  -0.1865376480  -0.0016815020
       -0.0199269819   0.4474399594   0.0020124510   0.0220103853  -0.0807351971
        0.0135553164   0.0548544410  -0.0257320132   0.0027670559   0.0213313419
       -0.0007218241   0.0002106570  -0.0025816458  -0.0011587836  -0.0007657260
        0.0001139117   0.0004504605  -0.0003551285  -0.0014418625   0.0003896777
        0.0003050240   0.0001507321   0.0009725894   0.0008800841   0.0001015468
       -0.0001567391  -0.0021659614  -0.0007370564  -0.0138779855   0.0020582403
       -0.0045931024  -0.0205193191   0.0005997139   0.0002163391  -0.0573144705
        0.0397579708  -0.0431262418  -0.0533667086  -0.0494888060  -0.0190232897
        0.0035409519  -0.0013361573  -0.0032485964   0.0024186811   0.0008930875
       -0.0006073730  -0.0000571783  -0.0000293496  -0.0000454156  -0.0002181752
        0.0001057984  -0.0000702107   0.0002076934  -0.0000170461   0.0000249943
       -0.0266990798  -0.0046136980  -0.0038829277  -0.0040654476  -0.0654894437
        0.0014254295   0.0020124510   0.5336961377  -0.0176344793   0.0091321136
       -0.0687275412  -0.0179420055   0.0023244817   0.0013379450   0.0030999643
       -0.0017703949  -0.0017893991  -0.0010195330   0.0001065726   0.0008720857
        0.0001416183   0.0000068892  -0.0000415771   0.0000102801  -0.0000970779
        0.0007050815   0.0000592733  -0.0011095828   0.0010135887  -0.0004882534
       -0.0031658073  -0.0050811183  -0.0017008106   0.0190687037  -0.0001350524
        0.0042150186   0.0074541035   0.0004762639   0.0003953484   0.0402776079
       -0.1501537045   0.1061652895  -0.0490561010  -0.2379451108  -0.0641394270
       -0.0085008867   0.0031988940   0.0157804106   0.0140304123  -0.0073133514
       -0.0245163662   0.0000031033  -0.0000229885  -0.0000212409   0.0000501330
        0.0000346602  -0.0000160992  -0.0000021939  -0.0000216715   0.0000685102
       -0.0078384190  -0.0016039265  -0.0011658184  -0.0233024551   0.0008322287
       -0.0676392050   0.0220103853  -0.0176344793   0.4730319534   0.0408590328
       -0.0191261896  -0.1493488873   0.0169653947   0.0028625676   0.0055093689
       -0.0037146805  -0.0049397201   0.0002136370  -0.0032775045   0.0037725187
       -0.0027593552   0.0004804937   0.0000492913  -0.0001169029  -0.0002637729
        0.0001127245   0.0000433992   0.0009551997   0.0004589731   0.0005632713
       -0.0005505620  -0.0012158692   0.0001145341  -0.0231355532   0.0014980049
       -0.0051453386   0.0246608450  -0.0007543340   0.0013308810  -0.0429104651
        0.1075673573  -0.1522150308  -0.0183231281  -0.0646715547  -0.0668554319
        0.0114859600  -0.0011537625  -0.0240821249   0.0060810102  -0.0059203122
       -0.0115140452  -0.0000385091  -0.0000048449   0.0000211892  -0.0000182412
       -0.0000958199  -0.0000273542  -0.0001250304  -0.0000328533   0.0000412603
        0.0005120664   0.0001326293  -0.0004647702  -0.0225465351   0.0059985852
        0.0255090678  -0.0807351971   0.0091321136   0.0408590328   0.4406865574
       -0.0011348389   0.0440691100  -0.1667480988  -0.0198921209  -0.0198617640
       -0.0299196461  -0.0215542524  -0.0044665824  -0.0354732273   0.0166598059
       -0.0162832952   0.0018347257   0.0015630331  -0.0013484263  -0.0007106217
        0.0001118905   0.0005956682  -0.0000657664  -0.0000935610   0.0001533981
       -0.0002677281   0.0001265001   0.0002992974   0.0012194017  -0.0004293693
        0.0008298292  -0.0075494334  -0.0000253547   0.0003144241   0.0020464539
       -0.0013259685  -0.0020826761   0.0016288065   0.0012481957  -0.0014019518
       -0.0594182234   0.0419487552  -0.0516743968  -0.0432955514  -0.0321841505
       -0.0147326761  -0.0007596052  -0.0001605193  -0.0001820769  -0.0005111806
        0.0000121532  -0.0000990144   0.0000728029  -0.0001335264  -0.0000321975
        0.0003082239  -0.0001017789  -0.0002928042   0.0010419571   0.0007975147
        0.0005092690   0.0135553164  -0.0687275412  -0.0191261896  -0.0011348389
        0.5591468046  -0.0270272542  -0.0136151317  -0.0630726915  -0.0051229466
       -0.0449471257  -0.0152980359   0.0006438201   0.0289396498  -0.0008134178
        0.0094105511   0.0016378231  -0.0032541079   0.0028297915  -0.0009709101
        0.0002115512   0.0002047615  -0.0000203955   0.0000833052   0.0001037083
       -0.0000963309   0.0000383808   0.0001205071   0.0003315741   0.0002280104
       -0.0006308792   0.0000145063   0.0007790607   0.0001743680  -0.0086784967
        0.0031493516   0.0167343994   0.0135185524  -0.0076105918  -0.0254154134
        0.0406394519  -0.1452159745   0.1079509039  -0.0318164886  -0.2601945387
       -0.0615237357   0.0012812267   0.0001271430   0.0003717215   0.0002347171
       -0.0002228970   0.0000989403  -0.0002232808  -0.0000495468  -0.0000135187
       -0.0000843960  -0.0000329087  -0.0001018186   0.0051368730   0.0001650018
       -0.0010744986   0.0548544410  -0.0179420055  -0.1493488873   0.0440691100
       -0.0270272542   0.4594448903  -0.0387028436  -0.0078470323  -0.0745151148
        0.0041632548   0.0085797005   0.0143568984  -0.0185317909   0.0019600439
        0.0006698238  -0.0032468570   0.0037649962   0.0038551427  -0.0001162680
        0.0002286745   0.0002378484  -0.0000321913  -0.0001490711   0.0000959152
       -0.0001298687  -0.0000356021   0.0001429083  -0.0011491012  -0.0001573342
        0.0012048678  -0.0001909584   0.0003654252   0.0011330448   0.0117935118
       -0.0021061579  -0.0240906419   0.0069765287  -0.0059118226  -0.0125978704
       -0.0498857266   0.1088301827  -0.1599596244  -0.0141897219  -0.0628679458
       -0.0593853742  -0.0007638734   0.0000153931  -0.0000585749   0.0008918608
       -0.0000974041   0.0004384548  -0.0008619831   0.0002651209  -0.0004473894
        0.0009591350  -0.0000939560  -0.0000362190  -0.0015877673   0.0002993752
       -0.0009421481  -0.0257320132   0.0023244817   0.0169653947  -0.1667480988
       -0.0136151317  -0.0387028436   0.5903376773   0.2018759573   0.0337402227
       -0.2379946809  -0.2624014995   0.0406603245  -0.1078059475   0.0416054506
       -0.0283955468  -0.0287267730   0.0300493412  -0.0173368268  -0.0004144676
       -0.0001092128  -0.0000311586  -0.0003454349   0.0000800494  -0.0001091583
        0.0006794285   0.0001355497   0.0000513311  -0.0001366564  -0.0002251758
        0.0006008320   0.0011155860  -0.0001370256  -0.0002515012   0.0007968757
       -0.0000274379  -0.0008686446   0.0002879265  -0.0004822908  -0.0004079927
       -0.0115833339   0.0027269605  -0.0028293903  -0.0059366579  -0.0052470345
        0.0015891670  -0.0072177119  -0.0001633088  -0.0021449008   0.0004951599
        0.0014272391  -0.0007901533  -0.0004422458   0.0019776687  -0.0007607879
       -0.0001009319  -0.0005773167   0.0001008745   0.0006057414  -0.0005510616
       -0.0018410988   0.0027670559   0.0013379450   0.0028625676  -0.0198921209
       -0.0630726915  -0.0078470323   0.2018759573   0.7158253222  -0.1192208133
       -0.2453207511  -0.4603389688   0.0641590289   0.0524929221  -0.1861251576
        0.0577174364   0.0207923656  -0.0013993293   0.0063945849  -0.0000802755
        0.0000911366  -0.0000428521  -0.0002578554   0.0000526902   0.0001120728
        0.0002369319   0.0000647450   0.0000868189   0.0000984252   0.0000063774
        0.0002203877   0.0008360419   0.0001075532  -0.0001896488  -0.0009203096
       -0.0001856026   0.0011857858   0.0019850505  -0.0007597874  -0.0014871043
        0.0182506635   0.0013541383   0.0061037309  -0.0278774603  -0.0081024989
       -0.0067726917  -0.0008865054  -0.0016126483   0.0004843810  -0.0020246377
        0.0014015891  -0.0035460905  -0.0025803076   0.0024835659   0.0015196623
       -0.0002266091  -0.0000357376  -0.0000028946   0.0035300193  -0.0009788743
       -0.0053261378   0.0213313419   0.0030999643   0.0055093689  -0.0198617640
       -0.0051229466  -0.0745151148   0.0337402227  -0.1192208133   0.2437466489
        0.0358261807   0.0621036631  -0.0751566415  -0.0303787436   0.0534987277
       -0.0821649956  -0.0153659455   0.0086240920  -0.0068123848  -0.0001201351
       -0.0000553324   0.0001261082   0.0000490645   0.0000512050  -0.0001144545
       -0.0000393156   0.0000161369   0.0000632587  -0.0003676584  -0.0000400236
       -0.0001065850   0.0020828795  -0.0001493855  -0.0001119718   0.0015140668
        0.0007512889  -0.0008556439   0.0009690817  -0.0006028034   0.0004060771
       -0.0223023343  -0.0007664319  -0.0055606074  -0.0094962308  -0.0021751380
       -0.0006505450  -0.0018288713   0.0006508599  -0.0002068232  -0.0008303174
        0.0011643069   0.0010525561   0.0017750679  -0.0008127580   0.0006807821
       -0.0005823726   0.0001863879   0.0000666757  -0.0001610090   0.0001472223
        0.0013894380  -0.0007218241  -0.0017703949  -0.0037146805  -0.0299196461
       -0.0449471257   0.0041632548  -0.2379946809  -0.2453207511   0.0358261807
        0.2534216983   0.2953879534  -0.0374646094   0.0160801301  -0.0059679892
       -0.0006046284   0.0031573359   0.0054512126  -0.0000123091   0.0003081389
        0.0000928660   0.0001415982   0.0001716226   0.0000039021  -0.0000321634
       -0.0002132914   0.0000205990   0.0000243238   0.0002105121  -0.0000502076
       -0.0001278183  -0.0006007793   0.0000159181   0.0001623680  -0.0000565430
       -0.0001946784   0.0001564843   0.0003495242   0.0005143605  -0.0003184724
        0.0027923385  -0.0004341100   0.0009884984  -0.0089848999  -0.0021614233
       -0.0020144593   0.0012988404   0.0009346267   0.0000544952   0.0004191508
       -0.0004939023   0.0016728213   0.0010257544  -0.0014144662  -0.0003569978
       -0.0004291060   0.0004298879   0.0000606389  -0.0000963009   0.0004370691
        0.0020603432   0.0002106570  -0.0017893991  -0.0049397201  -0.0215542524
       -0.0152980359   0.0085797005  -0.2624014995  -0.4603389688   0.0621036631
        0.2953879534   0.5853091481  -0.1065925880  -0.0078711525  -0.1132521996
        0.0438675078  -0.0013238702   0.0026916843  -0.0027368665   0.0002526802
       -0.0000790532   0.0000516200   0.0002236410  -0.0000452472  -0.0000499180
       -0.0002029476  -0.0000101460  -0.0000256558   0.0000209756   0.0000295171
       -0.0002859061  -0.0008347195  -0.0000056526   0.0000875750   0.0001525442
       -0.0001539176   0.0001004502  -0.0003768173   0.0007523059   0.0006046964
        0.0016963169   0.0000983789  -0.0009706528  -0.0030083593  -0.0000009861
       -0.0012528836  -0.0006784065   0.0013563854  -0.0006207037   0.0000891642
        0.0000871274   0.0009147961   0.0007434991  -0.0002178981  -0.0009560965
        0.0001332702   0.0000291812   0.0000836671  -0.0003094222   0.0001930046
        0.0008037533  -0.0025816458  -0.0010195330   0.0002136370  -0.0044665824
        0.0006438201   0.0143568984   0.0406603245   0.0641590289  -0.0751566415
       -0.0374646094  -0.1065925880   0.0507056757  -0.0001840168   0.0448336043
        0.0111466572   0.0024798902  -0.0005157821  -0.0026836306   0.0000464254
        0.0000556496  -0.0000470198  -0.0000425944  -0.0000048379   0.0000192582
        0.0000324368  -0.0000074645  -0.0000238766   0.0000765354  -0.0000272104
        0.0000303598  -0.0003394639   0.0000111933   0.0000166191  -0.0001972998
       -0.0001026669  -0.0000064227  -0.0004569932   0.0000694180  -0.0002462624
        0.0015717117  -0.0002996042   0.0004525766   0.0000187865  -0.0003791943
        0.0006494611   0.0005829858  -0.0001727649   0.0002456843   0.0001841224
       -0.0009327842  -0.0001251788   0.0002561391   0.0000595304  -0.0004352155
       -0.0002593258  -0.0000571040   0.0001310356  -0.0002321619  -0.0000463591
        0.0011320518  -0.0011587836   0.0001065726  -0.0032775045  -0.0354732273
        0.0289396498  -0.0185317909  -0.1078059475   0.0524929221  -0.0303787436
        0.0160801301  -0.0078711525  -0.0001840168   0.3960126361  -0.0289118640
        0.0981618889  -0.1806750825  -0.0352059334  -0.0240921102   0.0001365429
        0.0000632030  -0.0000748704   0.0001051573  -0.0000106219   0.0000669552
       -0.0000949705   0.0000034377  -0.0000385504   0.0001505307   0.0001026646
       -0.0001237088  -0.0003978019   0.0000348990   0.0001740654   0.0001390365
       -0.0003826057   0.0002039830   0.0002703280   0.0004053968   0.0000571839
       -0.0074491037  -0.0002016105  -0.0024675679   0.0003620720   0.0007981440
       -0.0006710229  -0.0172922448   0.0036404628  -0.0061695421  -0.0220623347
       -0.0091076737  -0.0122020631  -0.0403554497  -0.0047924273  -0.0017156721
        0.0000042719   0.0003092780  -0.0000721825   0.0001303621  -0.0000981544
       -0.0011487840  -0.0007657260   0.0008720857   0.0037725187   0.0166598059
       -0.0008134178   0.0019600439   0.0416054506  -0.1861251576   0.0534987277
       -0.0059679892  -0.1132521996   0.0448336043  -0.0289118640   0.3694979137
       -0.1051568444  -0.0222774294  -0.0711672560  -0.0002217269   0.0000449821
       -0.0000488027   0.0001263991   0.0000491999  -0.0000116693  -0.0001275327
       -0.0000145424  -0.0000105467   0.0000297007  -0.0000806739  -0.0001493302
        0.0000635630   0.0004676070  -0.0001042786   0.0000198141   0.0000857860
        0.0001706860  -0.0005327933  -0.0002969635  -0.0003121274   0.0000286177
        0.0000545107   0.0010097774   0.0006394923  -0.0000765808   0.0003677384
        0.0011956289   0.0299015401   0.0005501040   0.0083795668  -0.0235593373
       -0.0003656794  -0.0053346329  -0.0070524099  -0.0003189636  -0.0019531804
       -0.0000576014  -0.0000637104   0.0000089595  -0.0002393097  -0.0000090256
        0.0011706173   0.0001139117   0.0001416183  -0.0027593552  -0.0162832952
        0.0094105511   0.0006698238  -0.0283955468   0.0577174364  -0.0821649956
       -0.0006046284   0.0438675078   0.0111466572   0.0981618889  -0.1051568444
        0.1345984917  -0.0280509533  -0.0042752034  -0.0605216528   0.0000635724
        0.0000216489  -0.0000543512  -0.0000388404  -0.0000734421   0.0000691004
        0.0000019708  -0.0000022015  -0.0000042617   0.0002092210   0.0000311566
       -0.0000040938  -0.0004331314   0.0000417004   0.0000907541  -0.0004289922
       -0.0005160212   0.0007057821   0.0000462685   0.0003479358   0.0000303528
       -0.0021391933   0.0001074147  -0.0003976357   0.0014267644   0.0000721637
       -0.0004305812  -0.0147904023   0.0009813020  -0.0040482655  -0.0286901354
       -0.0026580300  -0.0081027099   0.0201284321   0.0000140429   0.0099973638
        0.0002648252  -0.0000488412  -0.0000579767   0.0001106448   0.0000917399
        0.0000106760   0.0004504605   0.0000068892   0.0004804937   0.0018347257
        0.0016378231  -0.0032468570  -0.0287267730   0.0207923656  -0.0153659455
        0.0031573359  -0.0013238702   0.0024798902  -0.1806750825  -0.0222774294
       -0.0280509533   0.3949069176  -0.0064688937  -0.0263838551  -0.0000805790
        0.0000854729   0.0000413102  -0.0000978317   0.0000130069   0.0000053040
        0.0000064668  -0.0000214885   0.0000155412  -0.0000210191  -0.0000706704
        0.0001092781  -0.0000976379   0.0000006351  -0.0000220359  -0.0003399883
        0.0000821072  -0.0000705256  -0.0002521239  -0.0001344645  -0.0000696259
       -0.0013196481  -0.0002345324   0.0002180349  -0.0000433868   0.0005366592
        0.0001917667  -0.0469414513   0.0501759414  -0.0178061944  -0.0402180248
       -0.0164477080  -0.0161090200  -0.1019178301  -0.0263947422   0.1036306944
        0.0000491667  -0.0000604520  -0.0000242225  -0.0000465199   0.0000266025
       -0.0000408239  -0.0003551285  -0.0000415771   0.0000492913   0.0015630331
       -0.0032541079   0.0037649962   0.0300493412  -0.0013993293   0.0086240920
        0.0054512126   0.0026916843  -0.0005157821  -0.0352059334  -0.0711672560
       -0.0042752034  -0.0064688937   0.5395470934  -0.0157181114  -0.0000183475
        0.0000090867   0.0000173125  -0.0000085501   0.0000431697  -0.0000146025
       -0.0000073537   0.0000097415   0.0000042958  -0.0000489269   0.0000167949
        0.0000060732  -0.0000079441   0.0000150635  -0.0000346272   0.0000451533
        0.0001449634  -0.0001524825   0.0000412715  -0.0000701362   0.0000256292
        0.0015153928   0.0001049031   0.0004044910  -0.0001087285   0.0001690723
        0.0000319841   0.0433616884  -0.2497221497   0.0800972248  -0.0140888422
       -0.1628173520  -0.1144306063  -0.0257110912  -0.0542458150   0.0421810717
        0.0000335091  -0.0000042706  -0.0000210408  -0.0001599392   0.0000906579
        0.0003517843  -0.0014418625   0.0000102801  -0.0001169029  -0.0013484263
        0.0028297915   0.0038551427  -0.0173368268   0.0063945849  -0.0068123848
       -0.0000123091  -0.0027368665  -0.0026836306  -0.0240921102  -0.0002217269
       -0.0605216528  -0.0263838551  -0.0157181114   0.4940803482  -0.0000211937
        0.0000209422   0.0000008203  -0.0000080072   0.0000143746   0.0000081266
       -0.0000131905  -0.0000203240  -0.0000059834  -0.0000043236  -0.0000103230
        0.0000266101  -0.0001577424  -0.0000127953  -0.0000062540   0.0000432032
        0.0001157704  -0.0001612595   0.0000153318  -0.0001691481  -0.0000980089
       -0.0003300791   0.0001226433   0.0002665505   0.0002013835   0.0003493462
        0.0000805226  -0.0155621011   0.0820282376  -0.0734384752  -0.0129559832
       -0.1161167643  -0.1540403929   0.0995345224   0.0430337013  -0.2007639194
       -0.0743947560   0.0252239441   0.0767756092   0.0037597314  -0.0021748109
       -0.0077787690   0.0003896777  -0.0000970779  -0.0002637729  -0.0007106217
       -0.0009709101  -0.0001162680  -0.0004144676  -0.0000802755  -0.0001201351
        0.0003081389   0.0002526802   0.0000464254   0.0001365429   0.0000449821
        0.0000635724  -0.0000805790  -0.0000183475  -0.0000211937   0.0857510377
       -0.0279401777  -0.0905578197   0.0037436531  -0.0019840213  -0.0088547594
       -0.0171003004   0.0091296129   0.0312538480   0.0001520835   0.0004812095
        0.0000306491   0.0002804354  -0.0017391833  -0.0008080069  -0.0000469111
        0.0000418341  -0.0000559444  -0.0000618826   0.0000919490   0.0001767040
        0.0000694413  -0.0000880219   0.0000961035  -0.0018249248  -0.0001854315
        0.0001223475   0.0000109515  -0.0000009866   0.0000021073   0.0000201049
        0.0000110893   0.0000143573   0.0000126449   0.0000019430  -0.0000050546
        0.0251706339  -0.0614524868  -0.0591518418   0.0092963767  -0.0122247476
       -0.0267828602   0.0003050240   0.0007050815   0.0001127245   0.0001118905
        0.0002115512   0.0002286745  -0.0001092128   0.0000911366  -0.0000553324
        0.0000928660  -0.0000790532   0.0000556496   0.0000632030  -0.0000488027
        0.0000216489   0.0000854729   0.0000090867   0.0000209422  -0.0279401777
        0.0727761868   0.0713532120  -0.0068818945   0.0049982513   0.0188802920
        0.0018568225   0.0004358546  -0.0016768568   0.0004740237   0.0007237717
       -0.0005749435  -0.0018938861  -0.0063166009  -0.0026723770   0.0000211385
       -0.0001207226   0.0000212963   0.0001370401   0.0001124464   0.0000741355
       -0.0001401213  -0.0004137357   0.0001457161  -0.0006719170   0.0005969556
       -0.0000044463   0.0000176640   0.0000033722   0.0000060819  -0.0000009310
       -0.0000070108  -0.0000069588   0.0000059845  -0.0000005344   0.0000052434
        0.0767563648  -0.0598498529  -0.2361432944   0.0020449282  -0.0062780963
       -0.0084141794   0.0001507321   0.0000592733   0.0000433992   0.0005956682
        0.0002047615   0.0002378484  -0.0000311586  -0.0000428521   0.0001261082
        0.0001415982   0.0000516200  -0.0000470198  -0.0000748704   0.0001263991
       -0.0000543512   0.0000413102   0.0000173125   0.0000008203  -0.0905578197
        0.0713532120   0.2712138054   0.0091060945  -0.0038972295  -0.0268185616
        0.0027371653  -0.0003629913  -0.0016425835  -0.0000131541   0.0005821708
        0.0008430696  -0.0006536460  -0.0023817248   0.0003069297   0.0000919383
       -0.0000115571  -0.0003031950   0.0001274335   0.0001708637  -0.0000715749
       -0.0000162990   0.0000845936   0.0000893673  -0.0004789749   0.0001675951
        0.0006313379  -0.0000005201   0.0000012187  -0.0000082761   0.0000085024
        0.0000066345  -0.0000017174   0.0000247072  -0.0000013507   0.0000120674
       -0.0659408745   0.0473686825  -0.0504570940   0.0025594903  -0.0061238661
        0.0059636791   0.0009725894  -0.0011095828   0.0009551997  -0.0000657664
       -0.0000203955  -0.0000321913  -0.0003454349  -0.0002578554   0.0000490645
        0.0001716226   0.0002236410  -0.0000425944   0.0001051573   0.0000491999
       -0.0000388404  -0.0000978317  -0.0000085501  -0.0000080072   0.0037436531
       -0.0068818945   0.0091060945   0.0736470485  -0.0535213442   0.0598078380
       -0.0145427577   0.0218895649  -0.0249769514   0.0000376828  -0.0021735336
       -0.0001577274  -0.0000386363   0.0004524971   0.0000509996  -0.0001827679
       -0.0001258208  -0.0003225245  -0.0000398229   0.0001244547  -0.0000141895
        0.0000073572   0.0001184998  -0.0000780146  -0.0000081772  -0.0000174711
        0.0001964785  -0.0000103682   0.0000039845   0.0000018917   0.0000076866
        0.0000025039   0.0000074858   0.0000201497   0.0000072856  -0.0000105968
        0.0471611695  -0.1411637316   0.1081613698   0.0066033566  -0.0249707085
        0.0201413125   0.0008800841   0.0010135887   0.0004589731  -0.0000935610
        0.0000833052  -0.0001490711   0.0000800494   0.0000526902   0.0000512050
        0.0000039021  -0.0000452472  -0.0000048379  -0.0000106219  -0.0000116693
       -0.0000734421   0.0000130069   0.0000431697   0.0000143746  -0.0019840213
        0.0049982513  -0.0038972295  -0.0535213442   0.1670536748  -0.1260375640
        0.0027617879  -0.0010844242   0.0025059835  -0.0018669749  -0.0068989170
       -0.0012376467   0.0003439952   0.0004508036   0.0004107871  -0.0007531153
        0.0001113181  -0.0003598566   0.0003533015   0.0002851623  -0.0000477445
        0.0001530357   0.0000107799  -0.0001074159  -0.0001421376   0.0000739220
        0.0001656641   0.0000131198   0.0000153443   0.0000052787  -0.0000012890
       -0.0000127687   0.0000045536   0.0000062564  -0.0000045435  -0.0000046938
       -0.0503441250   0.1082907272  -0.1634453649   0.0019669322  -0.0014556185
        0.0042801020   0.0001015468  -0.0004882534   0.0005632713   0.0001533981
        0.0001037083   0.0000959152  -0.0001091583   0.0001120728  -0.0001144545
       -0.0000321634  -0.0000499180   0.0000192582   0.0000669552  -0.0001275327
        0.0000691004   0.0000053040  -0.0000146025   0.0000081266  -0.0088547594
        0.0188802920  -0.0268185616   0.0598078380  -0.1260375640   0.1863466888
       -0.0025300573   0.0022266048  -0.0022539436  -0.0005054533  -0.0009793704
        0.0009372117   0.0000342527  -0.0003914890   0.0005586592   0.0001917258
        0.0000894750   0.0001766041  -0.0000090368  -0.0001024622   0.0000121812
       -0.0001160948  -0.0001972347  -0.0000323769   0.0001944819   0.0001482696
       -0.0003976233   0.0000002950  -0.0000076032   0.0000048803  -0.0000137698
       -0.0000022347  -0.0000071317  -0.0000081117   0.0000027338  -0.0000025425
       -0.2846319458   0.0012408432  -0.0086632267  -0.0131046342  -0.0028472647
       -0.0014263271  -0.0001567391  -0.0031658073  -0.0005505620  -0.0002677281
       -0.0000963309  -0.0001298687   0.0006794285   0.0002369319  -0.0000393156
       -0.0002132914  -0.0002029476   0.0000324368  -0.0000949705  -0.0000145424
        0.0000019708   0.0000064668  -0.0000073537  -0.0000131905  -0.0171003004
        0.0018568225   0.0027371653  -0.0145427577   0.0027617879  -0.0025300573
        0.3291709486   0.0001772834   0.0106109294   0.0001151029   0.0000945985
        0.0003436520   0.0005059684   0.0004227112  -0.0002380702   0.0002880725
       -0.0000611427   0.0002342429  -0.0008695864  -0.0002992820  -0.0001405466
       -0.0000129687  -0.0000025256  -0.0000698739   0.0002283063  -0.0000788504
       -0.0001661721   0.0000098758   0.0000032464  -0.0000006332  -0.0000038997
       -0.0000104018  -0.0000090984  -0.0000053479  -0.0000077760   0.0000165451
        0.0018372406  -0.0417247450   0.0009419111  -0.0289235579  -0.0033883902
       -0.0023701142  -0.0021659614  -0.0050811183  -0.0012158692   0.0001265001
        0.0000383808  -0.0000356021   0.0001355497   0.0000647450   0.0000161369
        0.0000205990  -0.0000101460  -0.0000074645   0.0000034377  -0.0000105467
       -0.0000022015  -0.0000214885   0.0000097415  -0.0000203240   0.0091296129
        0.0004358546  -0.0003629913   0.0218895649  -0.0010844242   0.0022266048
        0.0001772834   0.0500836160   0.0010314304  -0.0002911212   0.0003636532
        0.0000723066  -0.0004186506   0.0007600629   0.0001649843   0.0001278771
       -0.0001684539  -0.0000198899  -0.0015940050  -0.0003403055  -0.0004471892
        0.0000091146   0.0000076278  -0.0000248618  -0.0000624541   0.0000423264
        0.0000509144   0.0000049279   0.0000070263  -0.0000013466   0.0000044330
       -0.0000021339   0.0000016996   0.0000110981  -0.0000027709   0.0000018662
       -0.0083845942   0.0009536644  -0.0445542140  -0.0071823485  -0.0012492448
       -0.0003336008  -0.0007370564  -0.0017008106   0.0001145341   0.0002992974
        0.0001205071   0.0001429083   0.0000513311   0.0000868189   0.0000632587
        0.0000243238  -0.0000256558  -0.0000238766  -0.0000385504   0.0000297007
       -0.0000042617   0.0000155412   0.0000042958  -0.0000059834   0.0312538480
       -0.0016768568  -0.0016425835  -0.0249769514   0.0025059835  -0.0022539436
        0.0106109294   0.0010314304   0.0484923406   0.0003090532   0.0002601233
        0.0000313891  -0.0007029116  -0.0001030550   0.0000572429   0.0001633329
       -0.0000216851   0.0000260893  -0.0004688066  -0.0002321527  -0.0000499215
        0.0000034994  -0.0000541322   0.0000248549  -0.0002473983   0.0000737535
       -0.0000870003   0.0000017590  -0.0000013563  -0.0000018126   0.0000016963
        0.0000014254  -0.0000011629   0.0000040058  -0.0000027538   0.0000057430
        0.0024499970  -0.0064041344   0.0056467648  -0.0566881769   0.0368434904
       -0.0409203247  -0.0138779855   0.0190687037  -0.0231355532   0.0012194017
        0.0003315741  -0.0011491012  -0.0001366564   0.0000984252  -0.0003676584
        0.0002105121   0.0000209756   0.0000765354   0.0001505307  -0.0000806739
        0.0002092210  -0.0000210191  -0.0000489269  -0.0000043236   0.0001520835
        0.0004740237  -0.0000131541   0.0000376828  -0.0018669749  -0.0005054533
        0.0001151029  -0.0002911212   0.0003090532   0.0694105427  -0.0408554582
        0.0500992625   0.0038229136  -0.0076246522   0.0110867903  -0.0068397677
        0.0003397917  -0.0019300282   0.0004725740   0.0002533025  -0.0001199020
       -0.0004855124  -0.0002123933   0.0006879948  -0.0000407212  -0.0000414925
        0.0000142410   0.0000276476  -0.0000151030   0.0000030176   0.0000189834
        0.0000119223  -0.0000075128   0.0000018670  -0.0000012786   0.0000201311
        0.0049949130  -0.0243598564   0.0202582525   0.0370241782  -0.1324872065
        0.1058981743   0.0020582403  -0.0001350524   0.0014980049  -0.0004293693
        0.0002280104  -0.0001573342  -0.0002251758   0.0000063774  -0.0000400236
       -0.0000502076   0.0000295171  -0.0000272104   0.0001026646  -0.0001493302
        0.0000311566  -0.0000706704   0.0000167949  -0.0000103230   0.0004812095
        0.0007237717   0.0005821708  -0.0021735336  -0.0068989170  -0.0009793704
        0.0000945985   0.0003636532   0.0002601233  -0.0408554582   0.1567800545
       -0.1230028713  -0.0015134539   0.0049897088  -0.0044005509   0.0003684471
        0.0005933376   0.0004505747  -0.0002543464   0.0003475694  -0.0002568926
        0.0003647849   0.0002232997  -0.0001534318   0.0001081675  -0.0002834093
        0.0000609716  -0.0000052053   0.0000072678   0.0000022180  -0.0000111558
        0.0000001436   0.0000053968  -0.0000086271   0.0000042655  -0.0000190354
        0.0012810602  -0.0025261457   0.0042718957  -0.0413901788   0.1065222162
       -0.1704261205  -0.0045931024   0.0042150186  -0.0051453386   0.0008298292
       -0.0006308792   0.0012048678   0.0006008320   0.0002203877  -0.0001065850
       -0.0001278183  -0.0002859061   0.0000303598  -0.0001237088   0.0000635630
       -0.0000040938   0.0001092781   0.0000060732   0.0000266101   0.0000306491
       -0.0005749435   0.0008430696  -0.0001577274  -0.0012376467   0.0009372117
        0.0003436520   0.0000723066   0.0000313891   0.0500992625  -0.1230028713
        0.1953310815  -0.0050920154   0.0175419089  -0.0270881996  -0.0017042838
       -0.0003017206   0.0002472042  -0.0000757394  -0.0001016923  -0.0002678891
       -0.0000187497   0.0000482141   0.0002480976  -0.0000208763  -0.0000134657
       -0.0001389974   0.0000055348  -0.0000052023  -0.0000047853   0.0000053908
       -0.0000026002  -0.0000176298  -0.0000012884  -0.0000066146   0.0000278518
        0.0035486763  -0.0035253233  -0.0066195417  -0.0866873411   0.0315765545
        0.0866121847  -0.0205193191   0.0074541035   0.0246608450  -0.0075494334
        0.0000145063  -0.0001909584   0.0011155860   0.0008360419   0.0020828795
       -0.0006007793  -0.0008347195  -0.0003394639  -0.0003978019   0.0004676070
       -0.0004331314  -0.0000976379  -0.0000079441  -0.0001577424   0.0002804354
       -0.0018938861  -0.0006536460  -0.0000386363   0.0003439952   0.0000342527
        0.0005059684  -0.0004186506  -0.0007029116   0.0038229136  -0.0015134539
       -0.0050920154   0.1057241400  -0.0325710427  -0.0996682280   0.0003851628
        0.0002173482   0.0003247126   0.0003245224   0.0000251512   0.0007190792
        0.0000550049   0.0000262224  -0.0003805896   0.0001346261  -0.0001710469
       -0.0002006482   0.0000027358   0.0000072954   0.0000028158  -0.0000294866
       -0.0000178094  -0.0000091574   0.0000206637  -0.0000149489   0.0000112647
        0.0099216809  -0.0136951506  -0.0264913906   0.0312594250  -0.0623618277
       -0.0549125742   0.0005997139   0.0004762639  -0.0007543340  -0.0000253547
        0.0007790607   0.0003654252  -0.0001370256   0.0001075532  -0.0001493855
        0.0000159181  -0.0000056526   0.0000111933   0.0000348990  -0.0001042786
        0.0000417004   0.0000006351   0.0000150635  -0.0000127953  -0.0017391833
       -0.0063166009  -0.0023817248   0.0004524971   0.0004508036  -0.0003914890
        0.0004227112   0.0007600629  -0.0001030550  -0.0076246522   0.0049897088
        0.0175419089  -0.0325710427   0.0748430847   0.0670411826   0.0002876355
       -0.0001732321  -0.0001600053  -0.0007210332   0.0003027732   0.0004365238
        0.0000100763   0.0000190885  -0.0000812720  -0.0001748290  -0.0000918287
        0.0000128183  -0.0000014641  -0.0000020225  -0.0000083182  -0.0000083474
        0.0000087400  -0.0000020780  -0.0000022599  -0.0000016093  -0.0000023303
        0.0026040384  -0.0064030533  -0.0083322988   0.0869385009  -0.0549275170
       -0.2099064997   0.0002163391   0.0003953484   0.0013308810   0.0003144241
        0.0001743680   0.0011330448  -0.0002515012  -0.0001896488  -0.0001119718
        0.0001623680   0.0000875750   0.0000166191   0.0001740654   0.0000198141
        0.0000907541  -0.0000220359  -0.0000346272  -0.0000062540  -0.0008080069
       -0.0026723770   0.0003069297   0.0000509996   0.0004107871   0.0005586592
       -0.0002380702   0.0001649843   0.0000572429   0.0110867903  -0.0044005509
       -0.0270881996  -0.0996682280   0.0670411826   0.2409696657  -0.0002040333
       -0.0001194463   0.0003296695  -0.0000436656   0.0004305849   0.0003790334
       -0.0001599405  -0.0001543578   0.0002226966  -0.0001634067   0.0001653875
        0.0000512712   0.0000068560  -0.0000051976   0.0000017918   0.0000019584
        0.0000116949   0.0000064294   0.0000025483   0.0000050493  -0.0000094645
        0.0010372024   0.0010090173  -0.0000743383  -0.0133691733   0.0196980505
       -0.0220247012  -0.0573144705   0.0402776079  -0.0429104651   0.0020464539
       -0.0086784967   0.0117935118   0.0007968757  -0.0009203096   0.0015140668
       -0.0000565430   0.0001525442  -0.0001972998   0.0001390365   0.0000857860
       -0.0004289922  -0.0003399883   0.0000451533   0.0000432032  -0.0000469111
        0.0000211385   0.0000919383  -0.0001827679  -0.0007531153   0.0001917258
        0.0002880725   0.0001278771   0.0001633329  -0.0068397677   0.0003684471
       -0.0017042838   0.0003851628   0.0002876355  -0.0002040333   0.0712933757
       -0.0472083568   0.0473595020   0.0027949697  -0.0048072671   0.0041234521
       -0.0012069907   0.0004363083   0.0027249398   0.0005183381  -0.0001424863
       -0.0004323410  -0.0000023932   0.0000514753   0.0000049801  -0.0000488934
       -0.0000590227   0.0000014084   0.0001084116   0.0000080136  -0.0000356064
       -0.0009468590   0.0012508713  -0.0008964572   0.0022318456  -0.0002424795
        0.0011087482   0.0397579708  -0.1501537045   0.1075673573  -0.0013259685
        0.0031493516  -0.0021061579  -0.0000274379  -0.0001856026   0.0007512889
       -0.0001946784  -0.0001539176  -0.0001026669  -0.0003826057   0.0001706860
       -0.0005160212   0.0000821072   0.0001449634   0.0001157704   0.0000418341
       -0.0001207226  -0.0000115571  -0.0001258208   0.0001113181   0.0000894750
       -0.0000611427  -0.0001684539  -0.0000216851   0.0003397917   0.0005933376
       -0.0003017206   0.0002173482  -0.0001732321  -0.0001194463  -0.0472083568
        0.1704873197  -0.1241657940   0.0072172718  -0.0263692833   0.0203882256
        0.0004964157   0.0009420816  -0.0009741998  -0.0000799245   0.0007950516
       -0.0007856991   0.0000392579  -0.0000105091   0.0000033302  -0.0000677372
       -0.0000407562   0.0000051630  -0.0000033115  -0.0000263194  -0.0000279535
        0.0007110038   0.0001277720   0.0003560760  -0.0046437513   0.0050125978
       -0.0046586841  -0.0431262418   0.1061652895  -0.1522150308  -0.0020826761
        0.0167343994  -0.0240906419  -0.0008686446   0.0011857858  -0.0008556439
        0.0001564843   0.0001004502  -0.0000064227   0.0002039830  -0.0005327933
        0.0007057821  -0.0000705256  -0.0001524825  -0.0001612595  -0.0000559444
        0.0000212963  -0.0003031950  -0.0003225245  -0.0003598566   0.0001766041
        0.0002342429  -0.0000198899   0.0000260893  -0.0019300282   0.0004505747
        0.0002472042   0.0003247126  -0.0001600053   0.0003296695   0.0473595020
       -0.1241657940   0.1794152451   0.0017645580  -0.0043241803   0.0059334197
        0.0031368799  -0.0006419920  -0.0053105050  -0.0005852751   0.0005665562
        0.0004419975  -0.0000383359  -0.0000071271  -0.0000053744  -0.0001051281
       -0.0000004073  -0.0000351908  -0.0000622908  -0.0000001936   0.0000098607
       -0.0061549166  -0.0001668104  -0.0011690578  -0.0127748622  -0.0279072813
       -0.0096052732  -0.0533667086  -0.0490561010  -0.0183231281   0.0016288065
        0.0135185524   0.0069765287   0.0002879265   0.0019850505   0.0009690817
        0.0003495242  -0.0003768173  -0.0004569932   0.0002703280  -0.0002969635
        0.0000462685  -0.0002521239   0.0000412715   0.0000153318  -0.0000618826
        0.0001370401   0.0001274335  -0.0000398229   0.0003533015  -0.0000090368
       -0.0008695864  -0.0015940050  -0.0004688066   0.0004725740  -0.0002543464
       -0.0000757394   0.0003245224  -0.0007210332  -0.0000436656   0.0027949697
        0.0072172718   0.0017645580   0.0682811525   0.0564538142   0.0178347245
        0.0003214350  -0.0001219320  -0.0004731422  -0.0011983953   0.0008121263
        0.0029311229   0.0000335530  -0.0000277931   0.0000005092  -0.0000544383
        0.0000068858  -0.0000335009   0.0000079452  -0.0000022310  -0.0000072150
       -0.0017135244   0.0009655256  -0.0001724225  -0.0028948767  -0.0037905770
       -0.0013837929  -0.0494888060  -0.2379451108  -0.0646715547   0.0012481957
       -0.0076105918  -0.0059118226  -0.0004822908  -0.0007597874  -0.0006028034
        0.0005143605   0.0007523059   0.0000694180   0.0004053968  -0.0003121274
        0.0003479358  -0.0001344645  -0.0000701362  -0.0001691481   0.0000919490
        0.0001124464   0.0001708637   0.0001244547   0.0002851623  -0.0001024622
       -0.0002992820  -0.0003403055  -0.0002321527   0.0002533025   0.0003475694
       -0.0001016923   0.0000251512   0.0003027732   0.0004305849  -0.0048072671
       -0.0263692833  -0.0043241803   0.0564538142   0.2733514832   0.0782787308
       -0.0001666845   0.0005639399   0.0003902764   0.0008673129   0.0004496564
       -0.0020308676  -0.0000267999   0.0000283572  -0.0000093637   0.0000371126
        0.0000328912   0.0000301448  -0.0000070543   0.0000058088  -0.0000056914
       -0.0013495477   0.0003243433   0.0006717991  -0.0026534156  -0.0060370383
       -0.0012428818  -0.0190232897  -0.0641394270  -0.0668554319  -0.0014019518
       -0.0254154134  -0.0125978704  -0.0004079927  -0.0014871043   0.0004060771
       -0.0003184724   0.0006046964  -0.0002462624   0.0000571839   0.0000286177
        0.0000303528  -0.0000696259   0.0000256292  -0.0000980089   0.0001767040
        0.0000741355  -0.0000715749  -0.0000141895  -0.0000477445   0.0000121812
       -0.0001405466  -0.0004471892  -0.0000499215  -0.0001199020  -0.0002568926
       -0.0002678891   0.0007190792   0.0004365238   0.0003790334   0.0041234521
        0.0203882256   0.0059334197   0.0178347245   0.0782787308   0.0784736781
       -0.0004309976  -0.0005485754   0.0003216439   0.0030746107  -0.0017855209
       -0.0047818674  -0.0000149779   0.0000147772  -0.0000165707  -0.0000451723
        0.0000120694   0.0000201481   0.0000043274  -0.0000228433  -0.0000200543
       -0.0002375015   0.0000029294  -0.0000613933   0.0010695020  -0.0008306852
        0.0010262923   0.0035409519  -0.0085008867   0.0114859600  -0.0594182234
        0.0406394519  -0.0498857266  -0.0115833339   0.0182506635  -0.0223023343
        0.0027923385   0.0016963169   0.0015717117  -0.0074491037   0.0000545107
       -0.0021391933  -0.0013196481   0.0015153928  -0.0003300791   0.0000694413
       -0.0001401213  -0.0000162990   0.0000073572   0.0001530357  -0.0001160948
       -0.0000129687   0.0000091146   0.0000034994  -0.0004855124   0.0003647849
       -0.0000187497   0.0000550049   0.0000100763  -0.0001599405  -0.0012069907
        0.0004964157   0.0031368799   0.0003214350  -0.0001666845  -0.0004309976
        0.0720093923  -0.0510802452   0.0555830435   0.0021253518  -0.0025424049
        0.0026780281  -0.0004154726  -0.0000277551  -0.0000646801   0.0001620715
        0.0000412216   0.0000941334  -0.0000240915   0.0000548688  -0.0000540598
       -0.0001524740   0.0000363031   0.0001133421  -0.0000479160   0.0003358683
       -0.0001970705  -0.0013361573   0.0031988940  -0.0011537625   0.0419487552
       -0.1452159745   0.1088301827   0.0027269605   0.0013541383  -0.0007664319
       -0.0004341100   0.0000983789  -0.0002996042  -0.0002016105   0.0010097774
        0.0001074147  -0.0002345324   0.0001049031   0.0001226433  -0.0000880219
       -0.0004137357   0.0000845936   0.0001184998   0.0000107799  -0.0001972347
       -0.0000025256   0.0000076278  -0.0000541322  -0.0002123933   0.0002232997
        0.0000482141   0.0000262224   0.0000190885  -0.0001543578   0.0004363083
        0.0009420816  -0.0006419920  -0.0001219320   0.0005639399  -0.0005485754
       -0.0510802452   0.1602716949  -0.1255826302   0.0086120475  -0.0225901457
        0.0203106132  -0.0000199200   0.0000412517  -0.0000233228   0.0000303469
        0.0000009943   0.0000098096   0.0000326976   0.0000008346  -0.0000076990
       -0.0000069721  -0.0000896573   0.0001003570  -0.0009362027   0.0000680961
        0.0009080415  -0.0032485964   0.0157804106  -0.0240821249  -0.0516743968
        0.1079509039  -0.1599596244  -0.0028293903   0.0061037309  -0.0055606074
        0.0009884984  -0.0009706528   0.0004525766  -0.0024675679   0.0006394923
       -0.0003976357   0.0002180349   0.0004044910   0.0002665505   0.0000961035
        0.0001457161   0.0000893673  -0.0000780146  -0.0001074159  -0.0000323769
       -0.0000698739  -0.0000248618   0.0000248549   0.0006879948  -0.0001534318
        0.0002480976  -0.0003805896  -0.0000812720   0.0002226966   0.0027249398
       -0.0009741998  -0.0053105050  -0.0004731422   0.0003902764   0.0003216439
        0.0555830435  -0.1255826302   0.1874495321   0.0018476178  -0.0034792486
        0.0052414100  -0.0000649951  -0.0000462132  -0.0000059063   0.0001024118
        0.0000075368  -0.0000025799  -0.0000189027   0.0000189291   0.0000262325
       -0.0005694359   0.0000423712   0.0007803372   0.0004634200   0.0002030551
       -0.0002130796   0.0024186811   0.0140304123   0.0060810102  -0.0432955514
       -0.0318164886  -0.0141897219  -0.0059366579  -0.0278774603  -0.0094962308
       -0.0089848999  -0.0030083593   0.0000187865   0.0003620720  -0.0000765808
        0.0014267644  -0.0000433868  -0.0001087285   0.0002013835  -0.0018249248
       -0.0006719170  -0.0004789749  -0.0000081772  -0.0001421376   0.0001944819
        0.0002283063  -0.0000624541  -0.0002473983  -0.0000407212   0.0001081675
       -0.0000208763   0.0001346261  -0.0001748290  -0.0001634067   0.0005183381
       -0.0000799245  -0.0005852751  -0.0011983953   0.0008673129   0.0030746107
        0.0021253518   0.0086120475   0.0018476178   0.0552997259   0.0401185943
        0.0116428833   0.0001437258   0.0000291506   0.0000213663   0.0001441571
        0.0000281915   0.0001326089   0.0000637462  -0.0000204232  -0.0000268869
       -0.0005735892   0.0000547210   0.0001599440  -0.0001164414  -0.0000773172
       -0.0000016520   0.0008930875  -0.0073133514  -0.0059203122  -0.0321841505
       -0.2601945387  -0.0628679458  -0.0052470345  -0.0081024989  -0.0021751380
       -0.0021614233  -0.0000009861  -0.0003791943   0.0007981440   0.0003677384
        0.0000721637   0.0005366592   0.0001690723   0.0003493462  -0.0001854315
        0.0005969556   0.0001675951  -0.0000174711   0.0000739220   0.0001482696
       -0.0000788504   0.0000423264   0.0000737535  -0.0000414925  -0.0002834093
       -0.0000134657  -0.0001710469  -0.0000918287   0.0001653875  -0.0001424863
        0.0007950516   0.0005665562   0.0008121263   0.0004496564  -0.0017855209
       -0.0025424049  -0.0225901457  -0.0034792486   0.0401185943   0.2961249480
        0.0748005364   0.0000986451   0.0000263797   0.0000304737   0.0001605558
       -0.0000151202   0.0000916300   0.0000440105  -0.0000315751  -0.0000031784
       -0.0003196132   0.0001367914   0.0002888566  -0.0004380291   0.0001080721
        0.0006702021  -0.0006073730  -0.0245163662  -0.0115140452  -0.0147326761
       -0.0615237357  -0.0593853742   0.0015891670  -0.0067726917  -0.0006505450
       -0.0020144593  -0.0012528836   0.0006494611  -0.0006710229   0.0011956289
       -0.0004305812   0.0001917667   0.0000319841   0.0000805226   0.0001223475
       -0.0000044463   0.0006313379   0.0001964785   0.0001656641  -0.0003976233
       -0.0001661721   0.0000509144  -0.0000870003   0.0000142410   0.0000609716
       -0.0001389974  -0.0002006482   0.0000128183   0.0000512712  -0.0004323410
       -0.0007856991   0.0004419975   0.0029311229  -0.0020308676  -0.0047818674
        0.0026780281   0.0203106132   0.0052414100   0.0116428833   0.0748005364
        0.0692960054   0.0000330557   0.0000024790   0.0000212144   0.0000668843
       -0.0000100052   0.0000136776   0.0001163598   0.0000202219   0.0000000776
       -0.0000144973  -0.0000245380   0.0000077603  -0.0000538571  -0.0000346191
        0.0000304097  -0.0000571783   0.0000031033  -0.0000385091  -0.0007596052
        0.0012812267  -0.0007638734  -0.0072177119  -0.0008865054  -0.0018288713
        0.0012988404  -0.0006784065   0.0005829858  -0.0172922448   0.0299015401
       -0.0147904023  -0.0469414513   0.0433616884  -0.0155621011   0.0000109515
        0.0000176640  -0.0000005201  -0.0000103682   0.0000131198   0.0000002950
        0.0000098758   0.0000049279   0.0000017590   0.0000276476  -0.0000052053
        0.0000055348   0.0000027358  -0.0000014641   0.0000068560  -0.0000023932
        0.0000392579  -0.0000383359   0.0000335530  -0.0000267999  -0.0000149779
       -0.0004154726  -0.0000199200  -0.0000649951   0.0001437258   0.0000986451
        0.0000330557   0.0651057037  -0.0584076923   0.0252185593   0.0019104796
       -0.0009756416   0.0013590992   0.0042212666  -0.0136603813   0.0058562714
        0.0000046737  -0.0000046428   0.0000047448  -0.0000109981   0.0000044303
       -0.0000029155  -0.0000293496  -0.0000229885  -0.0000048449  -0.0001605193
        0.0001271430   0.0000153931  -0.0001633088  -0.0016126483   0.0006508599
        0.0009346267   0.0013563854  -0.0001727649   0.0036404628   0.0005501040
        0.0009813020   0.0501759414  -0.2497221497   0.0820282376  -0.0000009866
        0.0000033722   0.0000012187   0.0000039845   0.0000153443  -0.0000076032
        0.0000032464   0.0000070263  -0.0000013563  -0.0000151030   0.0000072678
       -0.0000052023   0.0000072954  -0.0000020225  -0.0000051976   0.0000514753
       -0.0000105091  -0.0000071271  -0.0000277931   0.0000283572   0.0000147772
       -0.0000277551   0.0000412517  -0.0000462132   0.0000291506   0.0000263797
        0.0000024790  -0.0584076923   0.2805419247  -0.0940429972   0.0037332351
       -0.0234700792   0.0065062241   0.0002594139  -0.0078639465   0.0040909857
       -0.0000073384  -0.0000081131   0.0000087741  -0.0000061214   0.0000000028
        0.0000183757  -0.0000454156  -0.0000212409   0.0000211892  -0.0001820769
        0.0003717215  -0.0000585749  -0.0021449008   0.0004843810  -0.0002068232
        0.0000544952  -0.0006207037   0.0002456843  -0.0061695421   0.0083795668
       -0.0040482655  -0.0178061944   0.0800972248  -0.0734384752   0.0000021073
        0.0000060819  -0.0000082761   0.0000018917   0.0000052787   0.0000048803
       -0.0000006332  -0.0000013466  -0.0000018126   0.0000030176   0.0000022180
       -0.0000047853   0.0000028158  -0.0000083182   0.0000017918   0.0000049801
        0.0000033302  -0.0000053744   0.0000005092  -0.0000093637  -0.0000165707
       -0.0000646801  -0.0000233228  -0.0000059063   0.0000213663   0.0000304737
        0.0000212144   0.0252185593  -0.0940429972   0.0813677325   0.0043623542
       -0.0194647015   0.0070251568  -0.0032451940   0.0248198282  -0.0109199348
       -0.0000168277   0.0000261622   0.0000159471   0.0000076155   0.0000301857
        0.0000894030  -0.0002181752   0.0000501330  -0.0000182412  -0.0005111806
        0.0002347171   0.0008918608   0.0004951599  -0.0020246377  -0.0008303174
        0.0004191508   0.0000891642   0.0001841224  -0.0220623347  -0.0235593373
       -0.0286901354  -0.0402180248  -0.0140888422  -0.0129559832   0.0000201049
       -0.0000009310   0.0000085024   0.0000076866  -0.0000012890  -0.0000137698
       -0.0000038997   0.0000044330   0.0000016963   0.0000189834  -0.0000111558
        0.0000053908  -0.0000294866  -0.0000083474   0.0000019584  -0.0000488934
       -0.0000677372  -0.0001051281  -0.0000544383   0.0000371126  -0.0000451723
        0.0001620715   0.0000303469   0.0001024118   0.0001441571   0.0001605558
        0.0000668843   0.0019104796   0.0037332351   0.0043623542   0.0576754507
        0.0245231324   0.0248535488   0.0023024010   0.0108430998   0.0120746672
       -0.0000143048   0.0000091961  -0.0000052436   0.0000390132  -0.0000071967
        0.0000259672   0.0001057984   0.0000346602  -0.0000958199   0.0000121532
       -0.0002228970  -0.0000974041   0.0014272391   0.0014015891   0.0011643069
       -0.0004939023   0.0000871274  -0.0009327842  -0.0091076737  -0.0003656794
       -0.0026580300  -0.0164477080  -0.1628173520  -0.1161167643   0.0000110893
       -0.0000070108   0.0000066345   0.0000025039  -0.0000127687  -0.0000022347
       -0.0000104018  -0.0000021339   0.0000014254   0.0000119223   0.0000001436
       -0.0000026002  -0.0000178094   0.0000087400   0.0000116949  -0.0000590227
       -0.0000407562  -0.0000004073   0.0000068858   0.0000328912   0.0000120694
        0.0000412216   0.0000009943   0.0000075368   0.0000281915  -0.0000151202
       -0.0000100052  -0.0009756416  -0.0234700792  -0.0194647015   0.0245231324
        0.1817735726   0.1356005917   0.0009173135   0.0036120797   0.0025557683
       -0.0000061488   0.0000105068   0.0000133964   0.0000307039   0.0000104396
        0.0000459867  -0.0000702107  -0.0000160992  -0.0000273542  -0.0000990144
        0.0000989403   0.0004384548  -0.0007901533  -0.0035460905   0.0010525561
        0.0016728213   0.0009147961  -0.0001251788  -0.0122020631  -0.0053346329
       -0.0081027099  -0.0161090200  -0.1144306063  -0.1540403929   0.0000143573
       -0.0000069588  -0.0000017174   0.0000074858   0.0000045536  -0.0000071317
       -0.0000090984   0.0000016996  -0.0000011629  -0.0000075128   0.0000053968
       -0.0000176298  -0.0000091574  -0.0000020780   0.0000064294   0.0000014084
        0.0000051630  -0.0000351908  -0.0000335009   0.0000301448   0.0000201481
        0.0000941334   0.0000098096  -0.0000025799   0.0001326089   0.0000916300
        0.0000136776   0.0013590992   0.0065062241   0.0070251568   0.0248535488
        0.1356005917   0.1770009559   0.0011697131  -0.0199534303  -0.0232557136
       -0.0000279736   0.0000077941  -0.0000156974   0.0000014555  -0.0000038603
       -0.0000755072   0.0002076934  -0.0000021939  -0.0001250304   0.0000728029
       -0.0002232808  -0.0008619831  -0.0004422458  -0.0025803076   0.0017750679
        0.0010257544   0.0007434991   0.0002561391  -0.0403554497  -0.0070524099
        0.0201284321  -0.1019178301  -0.0257110912   0.0995345224   0.0000126449
        0.0000059845   0.0000247072   0.0000201497   0.0000062564  -0.0000081117
       -0.0000053479   0.0000110981   0.0000040058   0.0000018670  -0.0000086271
       -0.0000012884   0.0000206637  -0.0000022599   0.0000025483   0.0001084116
       -0.0000033115  -0.0000622908   0.0000079452  -0.0000070543   0.0000043274
       -0.0000240915   0.0000326976  -0.0000189027   0.0000637462   0.0000440105
        0.0001163598   0.0042212666   0.0002594139  -0.0032451940   0.0023024010
        0.0009173135   0.0011697131   0.1347061364   0.0335663286  -0.1186018171
       -0.0000112190   0.0000056492   0.0000036255   0.0000112582   0.0000077656
        0.0000200674  -0.0000170461  -0.0000216715  -0.0000328533  -0.0001335264
       -0.0000495468   0.0002651209   0.0019776687   0.0024835659  -0.0008127580
       -0.0014144662  -0.0002178981   0.0000595304  -0.0047924273  -0.0003189636
        0.0000140429  -0.0263947422  -0.0542458150   0.0430337013   0.0000019430
       -0.0000005344  -0.0000013507   0.0000072856  -0.0000045435   0.0000027338
       -0.0000077760  -0.0000027709  -0.0000027538  -0.0000012786   0.0000042655
       -0.0000066146  -0.0000149489  -0.0000016093   0.0000050493   0.0000080136
       -0.0000263194  -0.0000001936  -0.0000022310   0.0000058088  -0.0000228433
        0.0000548688   0.0000008346   0.0000189291  -0.0000204232  -0.0000315751
        0.0000202219  -0.0136603813  -0.0078639465   0.0248198282   0.0108430998
        0.0036120797  -0.0199534303   0.0335663286   0.0566652249  -0.0474300531
        0.0000009404   0.0000010728  -0.0000084536  -0.0000286168  -0.0000007500
       -0.0000229908   0.0000249943   0.0000685102   0.0000412603  -0.0000321975
       -0.0000135187  -0.0004473894  -0.0007607879   0.0015196623   0.0006807821
       -0.0003569978  -0.0009560965  -0.0004352155  -0.0017156721  -0.0019531804
        0.0099973638   0.1036306944   0.0421810717  -0.2007639194  -0.0000050546
        0.0000052434   0.0000120674  -0.0000105968  -0.0000046938  -0.0000025425
        0.0000165451   0.0000018662   0.0000057430   0.0000201311  -0.0000190354
        0.0000278518   0.0000112647  -0.0000023303  -0.0000094645  -0.0000356064
       -0.0000279535   0.0000098607  -0.0000072150  -0.0000056914  -0.0000200543
       -0.0000540598  -0.0000076990   0.0000262325  -0.0000268869  -0.0000031784
        0.0000000776   0.0058562714   0.0040909857  -0.0109199348   0.0120746672
        0.0025557683  -0.0232557136  -0.1186018171  -0.0474300531   0.2250844391
