           1           2   1.02046376553655     
           2           3   1.00559623543398     
           3           4  0.976173209482696     
           4           5  0.998494769560427     
           5           6   1.80442813543909     
           5           7   1.02188860302843     
           1           8  0.986954299350171     
           1           9  0.986631732101850     
           1          10  0.985525057290449     
           2          11  0.975602317934034     
           2          12  0.977600413822717     
           3          13  0.974827418821056     
           3          14  0.978598797724590     
           4          15  0.955025019415811     
           4          16  0.973304374462919     
           7          17  0.980902922207887     
           7          18  0.942497642563774     
           7          19  0.961657278251490     
