*************************************************
******************* ORCA 6.0.1 ******************
*************************************************
$Calculation_Status
   &GeometryIndex 1
   &ListStatus       OUT
   &VERSION [&Type "String"] "6.0.1"
   &PROGNAME [&Type "String"] "LeanSCF"
   &STATUS [&Type "String"] "NORMAL TERMINATION"
$End
$Geometry
   &GeometryIndex 1
   &ListStatus       OUT
   &NATOMS [&Type "Integer"] 23
   &NCORELESSECP [&Type "Integer"] 0
   &NGHOSTATOMS [&Type "Integer"] 0
   &CartesianCoordinates [&Type "Coordinates", &Dim(23,4), &Units "Bohr"] 
              C      4.903745415711    2.517926589243    1.016593446699
              C      3.870125685079    0.419628297132   -0.673360387052
              C      6.039376582689   -0.866226197029   -2.078941986625
              C      2.393282753935   -1.549698632967    0.859435639076
              C     -0.167584724378   -0.606242043437    1.766175303737
              O     -1.744183522690   -0.169191464968   -0.397791703419
              C     -4.220629984755   -0.023487325427   -0.047408563155
              O     -5.213926880494   -0.238927372564    2.011819008457
              C     -5.601868581081    0.448166413406   -2.475242988276
              H      5.936738428309    3.890995233364   -0.109451810833
              H      6.185146016804    1.736141351120    2.420909114577
              H      3.391827638356    3.506375448521    1.993258949660
              H      2.579878525921    1.250197877239   -2.060746128321
              H      7.317581652354   -1.766508205263   -0.744839285627
              H      7.104035717783    0.511197414320   -3.169045189583
              H      5.326333590320   -2.299294398390   -3.366647509675
              H      3.491613644956   -2.116871101457    2.508029256709
              H      2.075214723680   -3.216369208847   -0.312416514179
              H     -1.097685577325   -1.998943768191    2.982050427813
              H     -0.011646660709    1.163740568643    2.822507143114
              H     -4.390586753848    0.006119837456   -4.067921210204
              H     -6.133278747825    2.432815648534   -2.546448184397
              H     -7.319526898453   -0.673651091371   -2.513058677399
$End
$SCF_Energy
   &GeometryIndex 1
   &ListStatus       OUT
   &SCF_ENERGY [&Type "Double"]      -4.2554320569214707e+02
$End
$DFT_Energy
   &GeometryIndex 1
   &ListStatus       OUT
   &NALPHAEL [&Type "Integer"] 36
   &NBETAEL [&Type "Integer"] 36
   &NTOTALEL [&Type "Integer"] 72
   &EEXCHANGE [&Type "Double"]      -5.8001718471599872e+01
   &ECORR [&Type "Double"]      -2.2884042408730552e+00
   &ECNL [&Type "Double"]       0.0000000000000000e+00
   &EXC [&Type "Double"]      -6.0290122712472929e+01
   &EEMBED [&Type "Double"]       0.0000000000000000e+00
   &FINALEN [&Type "Double"]      -4.2554320569214707e+02  "No Van der Waals correction"
$End
$Mulliken_Population_Analysis
   &GeometryIndex 1
   &ListStatus       OUT
   &NATOMS [&Type "Integer"] 23
   &ATNO [&Type "ArrayOfIntegers", &Dim (23,1)] 
                                                         0

0                                                        6
1                                                        6
2                                                        6
3                                                        6
4                                                        6
5                                                        8
6                                                        6
7                                                        8
8                                                        6
9                                                        1
10                                                       1
11                                                       1
12                                                       1
13                                                       1
14                                                       1
15                                                       1
16                                                       1
17                                                       1
18                                                       1
19                                                       1
20                                                       1
21                                                       1
22                                                       1
   &ATOMICCHARGES [&Type "ArrayOfDoubles", &Dim (23,1)] 
                                                         0

0                                     -5.0651956491003158e-01
1                                     -3.1218785908272650e-02
2                                     -4.7185867233339707e-01
3                                     -2.4945837076789523e-01
4                                     -2.2407393318773750e-01
5                                     -1.6145316353433081e-01
6                                      4.1119457877629451e-01
7                                     -4.2401205063190162e-01
8                                     -5.2171347407595903e-01
9                                      1.4820033165274515e-01
10                                     1.5142317539534300e-01
11                                     1.4272816393492316e-01
12                                     1.6124835495034251e-01
13                                     1.4372617671915089e-01
14                                     1.4779766567056685e-01
15                                     1.4777474729487416e-01
16                                     1.4695624394293394e-01
17                                     1.5266459693956591e-01
18                                     1.7193730783602912e-01
19                                     1.4737698406021815e-01
20                                     1.6931657810574130e-01
21                                     1.7406173040505557e-01
22                                     1.7390137966560759e-01
$End
$Loewdin_Population_Analysis
   &GeometryIndex 1
   &ListStatus       OUT
   &NATOMS [&Type "Integer"] 23
   &ATNO [&Type "ArrayOfIntegers", &Dim (23,1)] 
                                                         0

0                                                        6
1                                                        6
2                                                        6
3                                                        6
4                                                        6
5                                                        8
6                                                        6
7                                                        8
8                                                        6
9                                                        1
10                                                       1
11                                                       1
12                                                       1
13                                                       1
14                                                       1
15                                                       1
16                                                       1
17                                                       1
18                                                       1
19                                                       1
20                                                       1
21                                                       1
22                                                       1
   &ATOMICCHARGES [&Type "ArrayOfDoubles", &Dim (23,1)] 
                                                         0

0                                      1.2476668503480541e-06
1                                      3.5711409216663516e-05
2                                      8.3048316225396941e-06
3                                      3.1105429793314627e-05
4                                      2.5301558020577708e-04
5                                      9.5035404183965289e-01
6                                      1.9731537532693738e-04
7                                      4.9084979063836791e-02
8                                      1.1445335422826602e-05
9                                      1.6270156137309312e-07
10                                     9.7050833432367455e-08
11                                     2.6526370338770908e-07
12                                     6.3118460432474671e-06
13                                     2.0609564042155473e-07
14                                     6.1721164634344518e-09
15                                     4.7323787690658444e-07
16                                     1.1350415372345523e-06
17                                     4.1792976818750633e-06
18                                     2.7477795892402810e-06
19                                     4.0598365008782151e-06
20                                     9.1056068858440067e-07
21                                     2.0694320996100294e-06
22                                     2.0915220417390017e-07
$End
$Mayer_Population_Analysis
   &GeometryIndex 1
   &ListStatus       OUT
   &NATOMS [&Type "Integer"] 23 "Total number of atoms"
   &BONDTHRESH [&Type "Double"]       1.0000000000000001e-01  "The threshold for printing"
   &NBONDORDERSPRINT [&Type "Integer"] 22 "The number of bond orders larger than threshold"
   &BONDORDERS [&Type "ArrayOfDoubles", &Dim (22,1)] "The bond orders"
                                                         0

0                                      9.0872271188221820e-01
1                                      9.7166702801445648e-01
2                                      9.8943351000038149e-01
3                                      9.7098137688193686e-01
4                                      8.9372479571988372e-01
5                                      8.7208440307571056e-01
6                                      9.6285037408996743e-01
7                                      9.7975650560644911e-01
8                                      9.7725448612317600e-01
9                                      9.8273859557189036e-01
10                                     9.4328875509072874e-01
11                                     9.6846885973191177e-01
12                                     9.7652547450293692e-01
13                                     8.3997787315127592e-01
14                                     9.6096777650620346e-01
15                                     9.5197052973475993e-01
16                                     1.0630160807606919e+00
17                                     1.8252078248316381e+00
18                                     9.4296079346173844e-01
19                                     9.8443562581792032e-01
20                                     9.4054539072387611e-01
21                                     9.6773784194451151e-01
   &COMPONENTS [&Type "ArrayOfIntegers", &Dim (22,4)] "The indices and atomic numbers of the bonding atoms"
                                                         0                           1                           2                           3

0                                                        0                           6                           1                           6
1                                                        0                           6                           9                           1
2                                                        0                           6                          10                           1
3                                                        0                           6                          11                           1
4                                                        1                           6                           2                           6
5                                                        1                           6                           3                           6
6                                                        1                           6                          12                           1
7                                                        2                           6                          13                           1
8                                                        2                           6                          14                           1
9                                                        2                           6                          15                           1
10                                                       3                           6                           4                           6
11                                                       3                           6                          16                           1
12                                                       3                           6                          17                           1
13                                                       4                           6                           5                           8
14                                                       4                           6                          18                           1
15                                                       4                           6                          19                           1
16                                                       5                           8                           6                           6
17                                                       6                           6                           7                           8
18                                                       6                           6                           8                           6
19                                                       8                           6                          20                           1
20                                                       8                           6                          21                           1
21                                                       8                           6                          22                           1
   &ATNO [&Type "ArrayOfIntegers", &Dim (23,1)] "Atomic number of the elements"
                                                         0

0                                                        6
1                                                        6
2                                                        6
3                                                        6
4                                                        6
5                                                        8
6                                                        6
7                                                        8
8                                                        6
9                                                        1
10                                                       1
11                                                       1
12                                                       1
13                                                       1
14                                                       1
15                                                       1
16                                                       1
17                                                       1
18                                                       1
19                                                       1
20                                                       1
21                                                       1
22                                                       1
   &NA [&Type "ArrayOfDoubles", &Dim (23,1)] "Mulliken gross atomic population"
                                                         0

0                                      6.5065195649099996e+00
1                                      6.0312187859082718e+00
2                                      6.4718586723333864e+00
3                                      6.2494583707678846e+00
4                                      6.2240739331877304e+00
5                                      8.1614531635343273e+00
6                                      5.5888054212236966e+00
7                                      8.4240120506318643e+00
8                                      6.5217134740759617e+00
9                                      8.5179966834725385e-01
10                                     8.4857682460465744e-01
11                                     8.5727183606507662e-01
12                                     8.3875164504965527e-01
13                                     8.5627382328084878e-01
14                                     8.5220233432943227e-01
15                                     8.5222525270512550e-01
16                                     8.5304375605706584e-01
17                                     8.4733540306043409e-01
18                                     8.2806269216397055e-01
19                                     8.5262301593977996e-01
20                                     8.3068342189426037e-01
21                                     8.2593826959494687e-01
22                                     8.2609862033439319e-01
   &ZA [&Type "ArrayOfDoubles", &Dim (23,1)] "Total nuclear charge"
                                                         0

0                                      6.0000000000000000e+00
1                                      6.0000000000000000e+00
2                                      6.0000000000000000e+00
3                                      6.0000000000000000e+00
4                                      6.0000000000000000e+00
5                                      8.0000000000000000e+00
6                                      6.0000000000000000e+00
7                                      8.0000000000000000e+00
8                                      6.0000000000000000e+00
9                                      1.0000000000000000e+00
10                                     1.0000000000000000e+00
11                                     1.0000000000000000e+00
12                                     1.0000000000000000e+00
13                                     1.0000000000000000e+00
14                                     1.0000000000000000e+00
15                                     1.0000000000000000e+00
16                                     1.0000000000000000e+00
17                                     1.0000000000000000e+00
18                                     1.0000000000000000e+00
19                                     1.0000000000000000e+00
20                                     1.0000000000000000e+00
21                                     1.0000000000000000e+00
22                                     1.0000000000000000e+00
   &QA [&Type "ArrayOfDoubles", &Dim (23,1)] "Mulliken gross atomic charge"
                                                         0

0                                     -5.0651956490999961e-01
1                                     -3.1218785908271762e-02
2                                     -4.7185867233338641e-01
3                                     -2.4945837076788457e-01
4                                     -2.2407393318773039e-01
5                                     -1.6145316353432726e-01
6                                      4.1119457877630339e-01
7                                     -4.2401205063186431e-01
8                                     -5.2171347407596169e-01
9                                      1.4820033165274615e-01
10                                     1.5142317539534256e-01
11                                     1.4272816393492338e-01
12                                     1.6124835495034473e-01
13                                     1.4372617671915122e-01
14                                     1.4779766567056773e-01
15                                     1.4777474729487450e-01
16                                     1.4695624394293416e-01
17                                     1.5266459693956591e-01
18                                     1.7193730783602945e-01
19                                     1.4737698406022004e-01
20                                     1.6931657810573963e-01
21                                     1.7406173040505313e-01
22                                     1.7390137966560681e-01
   &VA [&Type "ArrayOfDoubles", &Dim (23,1)] "Mayer's total valence"
                                                         0

0                                      3.8128045876782237e+00
1                                      3.4737859062001060e+00
2                                      3.7514652411904339e+00
3                                      3.5972403376202862e+00
4                                      3.7696245725680568e+00
5                                      1.9374142792242133e+00
6                                      3.7870054771688491e+00
7                                      1.9376574364352785e+00
8                                      3.8727792081814245e+00
9                                      9.6425446375899060e-01
10                                     9.6554970633014658e-01
11                                     9.6663574037369648e-01
12                                     9.5738521221885098e-01
13                                     9.6660435853500737e-01
14                                     9.6386162992102020e-01
15                                     9.6487263618299401e-01
16                                     9.6740315517504549e-01
17                                     9.6408045541956966e-01
18                                     9.5249879307146113e-01
19                                     9.5450703231881251e-01
20                                     9.6039382251619421e-01
21                                     9.5636001279291860e-01
22                                     9.5785500433366677e-01
   &BVA [&Type "ArrayOfDoubles", &Dim (23,1)] "Mayer's bonded valence"
                                                         0

0                                      3.8128045876783236e+00
1                                      3.4737859062001211e+00
2                                      3.7514652411905174e+00
3                                      3.5972403376202982e+00
4                                      3.7696245725680959e+00
5                                      1.9374142792242675e+00
6                                      3.7870054771688260e+00
7                                      1.9376574364354449e+00
8                                      3.8727792081814014e+00
9                                      9.6425446375899249e-01
10                                     9.6554970633015480e-01
11                                     9.6663574037369393e-01
12                                     9.5738521221887329e-01
13                                     9.6660435853502547e-01
14                                     9.6386162992102309e-01
15                                     9.6487263618298680e-01
16                                     9.6740315517504694e-01
17                                     9.6408045541956355e-01
18                                     9.5249879307145990e-01
19                                     9.5450703231883371e-01
20                                     9.6039382251617433e-01
21                                     9.5636001279291860e-01
22                                     9.5785500433366488e-01
   &FA [&Type "ArrayOfDoubles", &Dim (23,1)] "Mayer's free valence"
                                                         0

0                                      0.0000000000000000e+00
1                                      0.0000000000000000e+00
2                                      0.0000000000000000e+00
3                                      0.0000000000000000e+00
4                                      0.0000000000000000e+00
5                                      0.0000000000000000e+00
6                                      0.0000000000000000e+00
7                                      0.0000000000000000e+00
8                                      0.0000000000000000e+00
9                                      0.0000000000000000e+00
10                                     0.0000000000000000e+00
11                                     0.0000000000000000e+00
12                                     0.0000000000000000e+00
13                                     0.0000000000000000e+00
14                                     0.0000000000000000e+00
15                                     0.0000000000000000e+00
16                                     0.0000000000000000e+00
17                                     0.0000000000000000e+00
18                                     0.0000000000000000e+00
19                                     0.0000000000000000e+00
20                                     0.0000000000000000e+00
21                                     0.0000000000000000e+00
22                                     0.0000000000000000e+00
$End
$VdW_Correction
   &GeometryIndex 1
   &ListStatus       OUT
   &VDW [&Type "Double"]      -6.2062000986695060e-03
$End
$Calculation_Info
   &GeometryIndex 1
   &ListStatus       OUT
   &MULT [&Type "Integer"] 1
   &CHARGE [&Type "Integer"] 0
   &NUMOFATOMS [&Type "Integer"] 23
   &NUMOFELECTRONS [&Type "Integer"] 72
   &NUMOFFCELECTRONS [&Type "Integer"] 1
   &NUMOFCORRELECTRONS [&Type "Integer"] 0
   &NUMOFBASISFUNCTS [&Type "Integer"] 251
   &NUMOFAUXCBASISFUNCTS [&Type "Integer"] 0
   &NUMOFAUXJBASISFUNCTS [&Type "Integer"] 595
   &NUMOFAUXJKBASISFUNCTS [&Type "Integer"] 0
   &NUMOFCABSBASISFUNCTS [&Type "Integer"] 0
   &TOTALENERGY [&Type "Double"]      -4.2553611211364574e+02  "Hartrees"
$End
$SCF_Dipole_Moment
   &GeometryIndex 1
   &ListStatus       OUT
   &METHOD [&Type "String"] "SCF"
   &LEVEL [&Type "String"] "Relaxed density"
   &MULT [&Type "Integer"] 1
   &STATE [&Type "Integer"] -1
   &IRREP [&Type "Integer"] 0
   &NATOMS [&Type "Integer"] 23
   &DODIPOLEATOM [&Type "Boolean"] false
   &DIPOLEELECCONTRIB [&Type "ArrayOfDoubles", &Dim (3,1)] "Electronic contribution"
                                                         0

0                                     -1.1421018602000146e+01
1                                     -1.1554578801339996e+00
2                                      2.4195392690803961e+00
   &DIPOLENUCCONTRIB [&Type "ArrayOfDoubles", &Dim (3,1)] "Nuclear contribution"
                                                         0

0                                      1.2086553163027158e+01
1                                      1.2011730619875238e+00
2                                     -3.0474004450449481e+00
   &DIPOLETOTAL [&Type "ArrayOfDoubles", &Dim (3,1)] "Total"
                                                         0

0                                      6.6553456102701247e-01
1                                      4.5715181853524189e-02
2                                     -6.2786117596455204e-01
   &DIPOLEMAGNITUDE [&Type "Double", &Units "a.u."]       9.1609813123753792e-01
$End
