$hessian                                                                        
        0.4669759711  -0.0119129978   0.0169703911  -0.1869381399  -0.0253990544
        0.0372791437  -0.0170681282  -0.0082942029   0.0006024233  -0.0008156452
       -0.0019436012  -0.0014198733   0.0000793666  -0.0000720721  -0.0000425334
        0.0003113639  -0.0000437537  -0.0000079070  -0.0001957931  -0.0000501150
        0.0000474582   0.0000178072   0.0000348593   0.0000059758  -0.0425733132
        0.0001242693   0.0014475772  -0.1210867181   0.1121815811  -0.0135311867
       -0.0720675650  -0.0617726535  -0.0514483868  -0.0230380864  -0.0017390442
        0.0057674688  -0.0045415664  -0.0021621989   0.0035587855   0.0011137805
        0.0006797098   0.0004004333   0.0004680359   0.0005568612   0.0005303569
        0.0000396401   0.0000390186  -0.0002799806  -0.0006687004  -0.0001945504
        0.0001245253   0.0000179719  -0.0000242444  -0.0000256690  -0.0000091855
       -0.0000325764   0.0000320643  -0.0000210959   0.0000247655  -0.0000110666
       -0.0119129978   0.5211409134   0.0049874370  -0.0257694722  -0.0715969392
        0.0098956319  -0.0217249279  -0.0078754488   0.0032668235  -0.0019211433
       -0.0034774649  -0.0024281108  -0.0001429237   0.0002333478   0.0002161575
        0.0001824453  -0.0001641180  -0.0001081952  -0.0000460340   0.0000756030
       -0.0000102948  -0.0000738641   0.0000946609   0.0000476900   0.0004279629
       -0.0675858993   0.0701766896   0.1120142495  -0.2022603294   0.0182409978
       -0.0614005384  -0.1717729126  -0.1033172865   0.0226638874   0.0041457932
       -0.0063350990  -0.0101597702  -0.0019994703   0.0045619375  -0.0010342292
        0.0008594460   0.0003650918   0.0001676548   0.0004947889   0.0005155706
        0.0000583539   0.0000088610  -0.0001698802  -0.0012923696  -0.0003580182
        0.0001257677  -0.0000316764   0.0000215494   0.0000141529  -0.0000225551
       -0.0000008104  -0.0000369010   0.0000179479   0.0000164478  -0.0000081801
        0.0169703911   0.0049874370   0.5192043474   0.0366345726   0.0097669349
       -0.0776751228  -0.0139325496  -0.0040693239   0.0032363372  -0.0015182232
       -0.0024988731  -0.0015334448   0.0000324681   0.0000127367   0.0000943198
        0.0001746068   0.0000583960  -0.0001768247  -0.0000752962  -0.0000725627
        0.0001416802  -0.0000420427   0.0000456902  -0.0000162209   0.0011983086
        0.0702393472  -0.2607187969  -0.0132392996   0.0182107103  -0.0470454329
       -0.0510272518  -0.1031134115  -0.1275981372  -0.0010970355  -0.0004284448
        0.0013736065   0.0282572634   0.0076190205  -0.0110111764  -0.0002767588
        0.0002708086   0.0002773959  -0.0009812537  -0.0005378202   0.0010556696
       -0.0001436896  -0.0001268769   0.0000849145  -0.0009362378  -0.0003495203
        0.0002880160  -0.0000100963   0.0000130995   0.0000050542   0.0000077731
       -0.0000147212   0.0000044429   0.0000043512  -0.0000126261   0.0000093724
       -0.1869381399  -0.0257694722   0.0366345726   0.4809072219  -0.0317837573
        0.0000680249  -0.0771469599  -0.0295959672  -0.0277456586  -0.0181135392
       -0.0216855637  -0.0138736946  -0.0001008223  -0.0010205581  -0.0001310765
        0.0013797896  -0.0003887602  -0.0004417897  -0.0004046266  -0.0002431421
        0.0001630038   0.0001220965   0.0001388002   0.0000536150  -0.0037354271
       -0.0020868553   0.0045158970  -0.0232539331  -0.0005982960   0.0057219364
       -0.0144699917  -0.0051988907   0.0024648947  -0.1160327711   0.1083025724
       -0.0126296585  -0.0424910734   0.0026200298  -0.0002825200   0.0052038881
        0.0107434564   0.0083828599  -0.0006167164  -0.0015903809  -0.0025100100
        0.0010461990   0.0001287025  -0.0011218974  -0.0052915959  -0.0020001949
        0.0007750042  -0.0000286563   0.0000091418   0.0000062829  -0.0000546015
       -0.0000145982  -0.0000344214   0.0000196594   0.0000337336  -0.0000153648
       -0.0253990544  -0.0715969392   0.0097669349  -0.0317837573   0.5011537064
       -0.0254868481  -0.0293752346  -0.1356521254  -0.0545624778  -0.0097861431
       -0.0072122179  -0.0034497021   0.0003087246  -0.0001016432  -0.0003267417
        0.0004579400   0.0000799664   0.0001487810   0.0000267334   0.0000447759
        0.0000989161  -0.0000974968  -0.0001120732  -0.0001103925  -0.0101432896
       -0.0023935567   0.0044240661   0.0231687974   0.0041778863  -0.0066905831
       -0.0221188294  -0.0063304163   0.0048463320   0.1088199153  -0.1969394607
        0.0197004305   0.0025492842  -0.0664366984   0.0664549438  -0.0074523441
       -0.0243137640  -0.0164137803   0.0014489600   0.0048600783   0.0018658969
        0.0005493955   0.0002000323  -0.0004314124  -0.0012385856   0.0005707964
        0.0001465880   0.0000547559  -0.0000099884  -0.0000404208   0.0000405979
        0.0000109610   0.0000759591  -0.0000303693   0.0000006803  -0.0000164895
        0.0372791437   0.0098956319  -0.0776751228   0.0000680249  -0.0254868481
        0.5117337299  -0.0276676771  -0.0550993486  -0.1137805115  -0.0011353044
        0.0038163427   0.0033828432   0.0005680412  -0.0003438548   0.0000209257
       -0.0008008461  -0.0001494084   0.0004355477   0.0002696563   0.0002570632
       -0.0001155905   0.0001698146  -0.0001029231  -0.0000867918   0.0284024405
        0.0074249310  -0.0116567800  -0.0013525968  -0.0011831946   0.0010464519
       -0.0158590146  -0.0043921214   0.0042111967  -0.0121238621   0.0187674346
       -0.0482689036  -0.0009995815   0.0672214995  -0.2493503872   0.0009034989
       -0.0013397037   0.0008985528  -0.0111897944  -0.0210018436  -0.0224963950
        0.0011337633   0.0008385251   0.0012327836   0.0023632065   0.0008819606
        0.0004426713  -0.0000371157  -0.0000000828   0.0000043289  -0.0000024250
        0.0000011350  -0.0000035277   0.0000106278  -0.0000051944   0.0000249783
       -0.0170681282  -0.0217249279  -0.0139325496  -0.0771469599  -0.0293752346
       -0.0276676771   0.4736112840  -0.0345325273   0.0042313350  -0.1724281158
       -0.0321813979   0.0341302766  -0.0311537127   0.0060188448   0.0051408729
       -0.0015547174   0.0029286596  -0.0015926324   0.0003610751  -0.0001884389
       -0.0000180443  -0.0009465575   0.0002145619   0.0002966103   0.0007575453
        0.0001268480  -0.0007626497   0.0008202028  -0.0009872335  -0.0005086085
       -0.0056962317  -0.0023435348   0.0008518769   0.0055974180   0.0109406672
        0.0087441462  -0.0008448020  -0.0017955229  -0.0027726374  -0.1130574004
        0.1089280433  -0.0129633823  -0.0420249365   0.0012249415  -0.0002558530
       -0.0052589333  -0.0018986250   0.0045913426  -0.0137217195  -0.0055803955
        0.0024615816  -0.0000975278   0.0000961061  -0.0000577235  -0.0000179974
       -0.0000881912   0.0000908033  -0.0001297852   0.0002173569  -0.0000070874
       -0.0082942029  -0.0078754488  -0.0040693239  -0.0295959672  -0.1356521254
       -0.0550993486  -0.0345325273   0.5073962298  -0.0270184841  -0.0333701880
       -0.0695671817   0.0098830141   0.0280264587   0.0028459342  -0.0064797359
        0.0024928358  -0.0047067560   0.0019843151  -0.0005285659   0.0011467968
       -0.0002380052   0.0011855453  -0.0002750518  -0.0004050838   0.0003799134
        0.0002367141  -0.0004350972   0.0010239857   0.0011383511   0.0002177340
       -0.0013320740   0.0003234892   0.0004017811  -0.0082481846  -0.0251650635
       -0.0167565139   0.0013872681   0.0046398459   0.0020318474   0.1072949392
       -0.2019922683   0.0203628896   0.0018623220  -0.0654093896   0.0681739189
       -0.0066157968  -0.0005468521   0.0026014567  -0.0213915606  -0.0063391892
        0.0048718841   0.0000894055  -0.0000813256   0.0000091102  -0.0000154497
        0.0001101581  -0.0000522798   0.0001818434  -0.0002268672   0.0000159212
        0.0006024233   0.0032668235   0.0032363372  -0.0277456586  -0.0545624778
       -0.1137805115   0.0042313350  -0.0270184841   0.5137324394   0.0363833665
        0.0097134741  -0.0780378942  -0.0060963693  -0.0014317072   0.0038891615
        0.0015320520   0.0017999804  -0.0011136313  -0.0000001644  -0.0010678593
        0.0006831116  -0.0003937646   0.0002684140   0.0001634955   0.0009745399
        0.0007705955   0.0011318182   0.0001697984   0.0002921038   0.0002102169
        0.0020047125   0.0009660530   0.0005360144   0.0004265270  -0.0014260755
        0.0007726390  -0.0116336765  -0.0220563808  -0.0234749193  -0.0123916168
        0.0201893046  -0.0460781539  -0.0013901823   0.0680897539  -0.2551580242
        0.0273064228   0.0069943078  -0.0105747020  -0.0139331627  -0.0048550242
        0.0038774392  -0.0000154641   0.0000686896  -0.0000195648  -0.0000052747
       -0.0000281227   0.0000288692  -0.0000258433   0.0000266317  -0.0000241408
       -0.0008156452  -0.0019211433  -0.0015182232  -0.0181135392  -0.0097861431
       -0.0011353044  -0.1724281158  -0.0333701880   0.0363833665   0.4421305559
        0.0542465610  -0.0099298418  -0.0758592615   0.0322232620  -0.0082630822
       -0.0389754041   0.0256221001  -0.0000606738   0.0010435676   0.0036263702
       -0.0036424398  -0.0022637230  -0.0005043008   0.0027502122  -0.0000889647
       -0.0000540420  -0.0003053584   0.0002375967  -0.0002422039  -0.0000649640
       -0.0007660803  -0.0002770914   0.0002755394   0.0003998241   0.0006105624
        0.0002172959   0.0004544462   0.0002664507   0.0004864605  -0.0188947417
       -0.0010042645   0.0049787269  -0.0055292019  -0.0018307913   0.0045796779
       -0.0413263781  -0.0066139090   0.0164652814  -0.0676767427  -0.0628677421
       -0.0413523956  -0.0009751793   0.0008590221  -0.0003572497  -0.0000730748
       -0.0002404637   0.0002835163  -0.0004799381   0.0012579546   0.0002094559
       -0.0019436012  -0.0034774649  -0.0024988731  -0.0216855637  -0.0072122179
        0.0038163427  -0.0321813979  -0.0695671817   0.0097134741   0.0542465610
        0.4399641787   0.0186585289   0.0400713986  -0.1497987608   0.0317705941
        0.0238455286  -0.0000588804  -0.0077324485  -0.0054215125   0.0012894001
       -0.0006195361  -0.0012670482   0.0034567399   0.0020695482   0.0001170932
        0.0001122390  -0.0001472654   0.0001489563  -0.0001065086  -0.0000186156
       -0.0013261923  -0.0002962262   0.0001007690  -0.0003196141  -0.0000354696
        0.0004845963   0.0003224067   0.0006654843   0.0004316121   0.0221457582
        0.0022950231  -0.0057764546  -0.0097116489  -0.0021672477   0.0045637262
       -0.0044957957  -0.0478208339   0.0378469728  -0.0630719524  -0.1670381483
       -0.0922577287   0.0001166958   0.0003427035   0.0001374357   0.0003112744
        0.0001513689  -0.0003193468   0.0000986540  -0.0006981976  -0.0002233312
       -0.0014198733  -0.0024281108  -0.0015334448  -0.0138736946  -0.0034497021
        0.0033828432   0.0341302766   0.0098830141  -0.0780378942  -0.0099298418
        0.0186585289   0.5126274834  -0.0140113390   0.0360361306  -0.0708548171
        0.0009193802  -0.0095056160   0.0046204682   0.0010786763  -0.0027854238
       -0.0025423041   0.0038957263   0.0019580262   0.0039747295  -0.0000869740
       -0.0001004350   0.0001189127   0.0000263758   0.0000450241  -0.0000370187
       -0.0009732152  -0.0004579759   0.0002696916  -0.0001143203   0.0001589888
        0.0005966725  -0.0014690801  -0.0006150624   0.0007801842  -0.0024912544
       -0.0002444588   0.0008869723   0.0293530785   0.0081705775  -0.0117894649
        0.0186798309   0.0356027409  -0.2545271500  -0.0434471389  -0.0906742634
       -0.1084182989  -0.0007936386   0.0007114952  -0.0002104091  -0.0001768558
       -0.0000535838   0.0002827900   0.0007038815  -0.0009098942   0.0004100541
        0.0000793666  -0.0001429237   0.0000324681  -0.0001008223   0.0003087246
        0.0005680412  -0.0311537127   0.0280264587  -0.0060963693  -0.0758592615
        0.0400713986  -0.0140113390   0.4413804508  -0.0605130557  -0.0934917731
       -0.2186799448  -0.0072661723   0.0592431247  -0.0646850997  -0.0466521675
        0.0533338372  -0.0394421602   0.0238133089   0.0068018768   0.0001289436
        0.0001023830   0.0001417436   0.0000249589   0.0002607274   0.0000799112
        0.0002493361  -0.0000955751  -0.0001785583   0.0001277501   0.0000818339
        0.0001041166   0.0002838810   0.0005868573  -0.0003252100  -0.0078712713
       -0.0002721784   0.0018488112   0.0028078753  -0.0000685750  -0.0003807413
       -0.0055469492   0.0103802682  -0.0082957297   0.0023855542   0.0074787781
        0.0034891520  -0.0018618876   0.0013799340  -0.0002630481  -0.0000098393
       -0.0012854589  -0.0010075214  -0.0022571680   0.0038054338  -0.0015927923
       -0.0000720721   0.0002333478   0.0000127367  -0.0010205581  -0.0001016432
       -0.0003438548   0.0060188448   0.0028459342  -0.0014317072   0.0322232620
       -0.1497987608   0.0360361306  -0.0605130557   0.3051692081  -0.0939582829
        0.0010434180  -0.0791251108   0.0118276465  -0.0473836054  -0.0105387284
        0.0339447188   0.0356296631  -0.0064413247  -0.0041875894  -0.0000486110
       -0.0000576770  -0.0000300463  -0.0001837522   0.0000075416  -0.0000100891
       -0.0000131462   0.0000109216   0.0000694510  -0.0003327227   0.0007719634
        0.0000011909  -0.0000505109  -0.0002188009   0.0001797046  -0.0008861246
        0.0009904288  -0.0000034646  -0.0008489716   0.0003439968  -0.0002748288
        0.0108833116  -0.0190269430   0.0130502283   0.0208305327  -0.0397537128
        0.0048266472   0.0007818436  -0.0013547964   0.0000009163   0.0003893826
        0.0001949954  -0.0007035304   0.0035528719  -0.0041508398   0.0009940225
       -0.0000425334   0.0002161575   0.0000943198  -0.0001310765  -0.0003267417
        0.0000209257   0.0051408729  -0.0064797359   0.0038891615  -0.0082630822
        0.0317705941  -0.0708548171  -0.0934917731  -0.0939582829   0.1525763437
        0.0541418755   0.0155682366  -0.0818615564   0.0537538562   0.0331270803
       -0.0084230771  -0.0005033124  -0.0011753711   0.0069750483  -0.0000782437
       -0.0000476567  -0.0000085553  -0.0000977019  -0.0000725346  -0.0000095559
        0.0000115247   0.0000822714   0.0000529732  -0.0001076354   0.0003690858
       -0.0002663072   0.0001436516   0.0000899341   0.0002782554   0.0024251688
       -0.0001301677   0.0001239434  -0.0007712637  -0.0006918361   0.0004530390
       -0.0196630231   0.0313726746  -0.0092452633   0.0092705059  -0.0104059713
        0.0052152457  -0.0008802451   0.0007666153   0.0002314637   0.0001827349
       -0.0007407969   0.0002292441  -0.0010402999   0.0006664454   0.0005291688
        0.0003113639   0.0001824453   0.0001746068   0.0013797896   0.0004579400
       -0.0008008461  -0.0015547174   0.0024928358   0.0015320520  -0.0389754041
        0.0238455286   0.0009193802  -0.2186799448   0.0010434180   0.0541418755
        0.4978990013   0.0631271227  -0.1331176278  -0.1383872908  -0.1433422109
        0.0942289424  -0.0917668451   0.0435608597  -0.0182010550  -0.0001172414
       -0.0000373439  -0.0001754857   0.0001059426  -0.0002795699  -0.0000576075
       -0.0000098315   0.0001331932   0.0001523915  -0.0009041163  -0.0011424180
       -0.0002079627  -0.0004924790  -0.0002844311   0.0000019175  -0.0002815365
       -0.0009398586   0.0003660039  -0.0006580874   0.0004289155  -0.0002661774
        0.0018605866  -0.0008337404   0.0025413572   0.0013752462  -0.0031060347
       -0.0014291477   0.0002378222   0.0023519409   0.0019995955   0.0077654956
       -0.0105433997   0.0043733089  -0.0191077537   0.0228848076  -0.0061755217
       -0.0000437537  -0.0001641180   0.0000583960  -0.0003887602   0.0000799664
       -0.0001494084   0.0029286596  -0.0047067560   0.0017999804   0.0256221001
       -0.0000588804  -0.0095056160  -0.0072661723  -0.0791251108   0.0155682366
        0.0631271227   0.6833869667  -0.2588685418  -0.1580419732  -0.4205164191
        0.2266062287   0.0522038159  -0.1477371291   0.0255220163  -0.0000372015
        0.0000466950  -0.0000145385   0.0000615164  -0.0000994702  -0.0000236313
       -0.0001037208   0.0000256438  -0.0000234014  -0.0004157189  -0.0002017173
       -0.0000592038   0.0000330266  -0.0000386826  -0.0000358547   0.0018752329
       -0.0000966755  -0.0003032056  -0.0005461457  -0.0000118904   0.0001690086
        0.0027492022   0.0008958439   0.0010838297   0.0029416507  -0.0014295396
       -0.0015054369   0.0121214836  -0.0211579127  -0.0010731855   0.0016975449
       -0.0140516592   0.0051178896   0.0014820908   0.0049608449  -0.0043635621
       -0.0000079070  -0.0001081952  -0.0001768247  -0.0004417897   0.0001487810
        0.0004355477  -0.0015926324   0.0019843151  -0.0011136313  -0.0000606738
       -0.0077324485   0.0046204682   0.0592431247   0.0118276465  -0.0818615564
       -0.1331176278  -0.2588685418   0.3644472705   0.1010598248   0.2211792431
       -0.2075588405  -0.0178309942   0.0217455224  -0.0775164661   0.0001355581
        0.0000390713   0.0000155019   0.0000385208   0.0001175488   0.0000235335
       -0.0000119343  -0.0001217526  -0.0000844668   0.0002540482  -0.0000030327
        0.0003502284  -0.0001068951   0.0001999362  -0.0003452244  -0.0008773137
        0.0003091232   0.0001443586   0.0007812528  -0.0000158537  -0.0001968125
       -0.0030559696   0.0012152695  -0.0002353482  -0.0002489477   0.0009620642
        0.0017623143   0.0109015426  -0.0209291173   0.0055424105  -0.0092725440
        0.0203819039  -0.0072344902  -0.0057886425   0.0076685168  -0.0010179726
       -0.0001957931  -0.0000460340  -0.0000752962  -0.0004046266   0.0000267334
        0.0002696563   0.0003610751  -0.0005285659  -0.0000001644   0.0010435676
       -0.0054215125   0.0010786763  -0.0646850997  -0.0473836054   0.0537538562
       -0.1383872908  -0.1580419732   0.1010598248   0.1904521318   0.1978767022
       -0.1507159948   0.0104850517   0.0093017516  -0.0047863302   0.0000694063
        0.0000260451   0.0000274196  -0.0000013033   0.0000575106   0.0000190048
       -0.0000374230  -0.0000686371  -0.0000506654   0.0002796641   0.0004361990
        0.0001367978   0.0001297230   0.0000757481   0.0000629569   0.0000477570
        0.0001640748  -0.0002215526   0.0001120142  -0.0000966603  -0.0001533290
        0.0000694326  -0.0000901439  -0.0004803874   0.0005064992   0.0001151079
       -0.0003987348  -0.0007632381   0.0011015105  -0.0001195100  -0.0001850615
        0.0028660840  -0.0006273087   0.0011035136  -0.0003703350   0.0012210809
       -0.0000501150   0.0000756030  -0.0000725627  -0.0002431421   0.0000447759
        0.0002570632  -0.0001884389   0.0011467968  -0.0010678593   0.0036263702
        0.0012894001  -0.0027854238  -0.0466521675  -0.0105387284   0.0331270803
       -0.1433422109  -0.4205164191   0.2211792431   0.1978767022   0.4788318502
       -0.2870000626  -0.0114780213  -0.0449570551   0.0318720087   0.0000684094
       -0.0000270607   0.0000282205  -0.0000178382   0.0000893897   0.0000056915
        0.0000355704  -0.0000647525  -0.0000195040   0.0003252126   0.0002431418
        0.0001598100   0.0000193668   0.0000570223  -0.0000389605  -0.0004425987
        0.0002446929  -0.0000945649   0.0004913455  -0.0001184544  -0.0001878251
       -0.0014158434  -0.0001303506  -0.0016528766  -0.0012511447   0.0009094558
        0.0013889247  -0.0009690632   0.0006423946   0.0011945247   0.0055195328
       -0.0084706787   0.0029855400  -0.0019119262   0.0012489766   0.0007215331
        0.0000474582  -0.0000102948   0.0001416802   0.0001630038   0.0000989161
       -0.0001155905  -0.0000180443  -0.0002380052   0.0006831116  -0.0036424398
       -0.0006195361  -0.0025423041   0.0533338372   0.0339447188  -0.0084230771
        0.0942289424   0.2266062287  -0.2075588405  -0.1507159948  -0.2870000626
        0.2166898872   0.0056234178   0.0253057640   0.0026558032  -0.0000600999
       -0.0000140542  -0.0000058326   0.0000160212  -0.0000621846  -0.0000331706
        0.0000166309   0.0000662425   0.0000273774  -0.0001659781  -0.0002586167
       -0.0002194627   0.0001009182  -0.0001108782   0.0000276628   0.0001761107
       -0.0001782305   0.0000594055  -0.0003402875   0.0000089990   0.0001998503
        0.0008200975  -0.0002670768   0.0001931952  -0.0000724483  -0.0010853568
       -0.0004300199   0.0002342962   0.0027745721  -0.0014119123  -0.0013847449
        0.0031348461   0.0003196164   0.0016393037  -0.0020959908  -0.0002573796
        0.0000178072  -0.0000738641  -0.0000420427   0.0001220965  -0.0000974968
        0.0001698146  -0.0009465575   0.0011855453  -0.0003937646  -0.0022637230
       -0.0012670482   0.0038957263  -0.0394421602   0.0356296631  -0.0005033124
       -0.0917668451   0.0522038159  -0.0178309942   0.0104850517  -0.0114780213
        0.0056234178   0.5240789832   0.0335678528  -0.0230524435   0.0000090957
        0.0000292594   0.0000161104  -0.0000604323   0.0000462172   0.0000203838
       -0.0000446306  -0.0000349704  -0.0000339140  -0.0000259744   0.0002745223
        0.0000398888   0.0000418788   0.0000578108   0.0000185051  -0.0006238122
        0.0000062773   0.0000861062   0.0001139335   0.0000313564  -0.0001207332
        0.0000569914  -0.0000215658   0.0000398823  -0.0005532428   0.0007184344
       -0.0000891715  -0.0360882536  -0.0000272967   0.0020154581  -0.0998250563
       -0.0547762540   0.0873711412  -0.2632851497  -0.0559742375  -0.0572300584
        0.0000348593   0.0000946609   0.0000456902   0.0001388002  -0.0001120732
       -0.0001029231   0.0002145619  -0.0002750518   0.0002684140  -0.0005043008
        0.0034567399   0.0019580262   0.0238133089  -0.0064413247  -0.0011753711
        0.0435608597  -0.1477371291   0.0217455224   0.0093017516  -0.0449570551
        0.0253057640   0.0335678528   0.4671289044  -0.0124420505  -0.0000063304
       -0.0000259204  -0.0000227281  -0.0000273163   0.0000021508  -0.0000057887
        0.0000559344   0.0000360825   0.0000353227  -0.0000403671  -0.0000403649
       -0.0000689421  -0.0000292575  -0.0000391124   0.0000007464   0.0001188789
        0.0000054687  -0.0000093272  -0.0000965520   0.0000183622   0.0000089093
        0.0002933403  -0.0005711862   0.0000883566  -0.0002800416   0.0001225343
        0.0000257801   0.0017110306  -0.1237170437  -0.1152229430  -0.0555165304
       -0.0936623707   0.0892369225  -0.0563104825  -0.0532862714  -0.0096693806
        0.0000059758   0.0000476900  -0.0000162209   0.0000536150  -0.0001103925
       -0.0000867918   0.0002966103  -0.0004050838   0.0001634955   0.0027502122
        0.0020695482   0.0039747295   0.0068018768  -0.0041875894   0.0069750483
       -0.0182010550   0.0255220163  -0.0775164661  -0.0047863302   0.0318720087
        0.0026558032  -0.0230524435  -0.0124420505   0.5033489212  -0.0000193656
       -0.0000205848   0.0000232085  -0.0000245217   0.0000057916   0.0000047574
        0.0000212228   0.0000153586   0.0000182463   0.0000039801   0.0000175577
        0.0000065581   0.0000129291   0.0000028087   0.0000602440   0.0001582896
        0.0000138077  -0.0000503670  -0.0001134019  -0.0000291342   0.0000778380
        0.0007357329  -0.0005035924   0.0001060393  -0.0006501693   0.0007053268
       -0.0001676472   0.0048597714  -0.1203522079  -0.1999084380   0.0887426379
        0.0882926200  -0.1834846145  -0.0575955666  -0.0105138987  -0.0561843439
       -0.0425733132   0.0004279629   0.0011983086  -0.0037354271  -0.0101432896
        0.0284024405   0.0007575453   0.0003799134   0.0009745399  -0.0000889647
        0.0001170932  -0.0000869740   0.0001289436  -0.0000486110  -0.0000782437
       -0.0001172414  -0.0000372015   0.0001355581   0.0000694063   0.0000684094
       -0.0000600999   0.0000090957  -0.0000063304  -0.0000193656   0.0509625696
        0.0014636371  -0.0038100453  -0.0005205148   0.0072050298  -0.0180177445
        0.0003396863   0.0028722778  -0.0113699513   0.0008616201  -0.0002017709
        0.0004405017  -0.0058418231  -0.0019959160   0.0029192260  -0.0000846982
        0.0000700520  -0.0001044856  -0.0003204030  -0.0002266623  -0.0003845698
        0.0000959235   0.0000311199  -0.0000901372   0.0000588036   0.0000312083
       -0.0000494823   0.0000057000  -0.0000137485  -0.0000038283  -0.0000228224
        0.0000051477   0.0000040661   0.0000159141   0.0000016787   0.0000002868
        0.0001242693  -0.0675858993   0.0702393472  -0.0020868553  -0.0023935567
        0.0074249310   0.0001268480   0.0002367141   0.0007705955  -0.0000540420
        0.0001122390  -0.0001004350   0.0001023830  -0.0000576770  -0.0000476567
       -0.0000373439   0.0000466950   0.0000390713   0.0000260451  -0.0000270607
       -0.0000140542   0.0000292594  -0.0000259204  -0.0000205848   0.0014636371
        0.0745864957  -0.0824507517   0.0028175439  -0.0114328138   0.0278858626
       -0.0008609665   0.0061155524  -0.0234158065   0.0004118133   0.0003182756
       -0.0006434605  -0.0017560139   0.0003983793   0.0006123613   0.0001020738
       -0.0002231252   0.0001554930  -0.0005375132  -0.0000355916  -0.0003404538
        0.0001040835  -0.0000130283  -0.0000816509   0.0000127417  -0.0000242899
       -0.0000195507   0.0000092193  -0.0000030668  -0.0000008211   0.0000059648
        0.0000153004   0.0000012677  -0.0000031472  -0.0000076217   0.0000062963
        0.0014475772   0.0701766896  -0.2607187969   0.0045158970   0.0044240661
       -0.0116567800  -0.0007626497  -0.0004350972   0.0011318182  -0.0003053584
       -0.0001472654   0.0001189127   0.0001417436  -0.0000300463  -0.0000085553
       -0.0001754857  -0.0000145385   0.0000155019   0.0000274196   0.0000282205
       -0.0000058326   0.0000161104  -0.0000227281   0.0000232085  -0.0038100453
       -0.0824507517   0.3019843509  -0.0017808270   0.0038138569  -0.0063261907
       -0.0021188456   0.0042788601  -0.0244642088  -0.0002992524  -0.0002918791
        0.0001838153   0.0030090151   0.0004184417  -0.0004106451   0.0000031869
        0.0001060592  -0.0002112273   0.0002544782   0.0001683722   0.0003491631
       -0.0001267247  -0.0000321240  -0.0000342556  -0.0000330625   0.0000090683
        0.0000275869  -0.0000054383   0.0000013849  -0.0000174713   0.0000070305
       -0.0000058752   0.0000180873  -0.0000047688   0.0000052858   0.0000015188
       -0.1210867181   0.1120142495  -0.0132392996  -0.0232539331   0.0231687974
       -0.0013525968   0.0008202028   0.0010239857   0.0001697984   0.0002375967
        0.0001489563   0.0000263758   0.0000249589  -0.0001837522  -0.0000977019
        0.0001059426   0.0000615164   0.0000385208  -0.0000013033  -0.0000178382
        0.0000160212  -0.0000604323  -0.0000273163  -0.0000245217  -0.0005205148
        0.0028175439  -0.0017808270   0.1438804220  -0.1304426971   0.0137362846
        0.0060613350  -0.0072947584   0.0008238692  -0.0068409708  -0.0009179836
        0.0021628050   0.0008412151   0.0004039995  -0.0003293674  -0.0002655613
       -0.0008330766  -0.0000492731  -0.0000878725   0.0000772114  -0.0000959871
        0.0000349181   0.0000626039   0.0000272900   0.0000536287  -0.0000191772
       -0.0000488388   0.0000351344  -0.0000177107  -0.0000152218   0.0000244044
       -0.0000069055   0.0000336040  -0.0000024527  -0.0000176482  -0.0000009337
        0.1121815811  -0.2022603294   0.0182107103  -0.0005982960   0.0041778863
       -0.0011831946  -0.0009872335   0.0011383511   0.0002921038  -0.0002422039
       -0.0001065086   0.0000450241   0.0002607274   0.0000075416  -0.0000725346
       -0.0002795699  -0.0000994702   0.0001175488   0.0000575106   0.0000893897
       -0.0000621846   0.0000462172   0.0000021508   0.0000057916   0.0072050298
       -0.0114328138   0.0038138569  -0.1304426971   0.2326954426  -0.0211753995
        0.0137753438  -0.0253025811   0.0004124963  -0.0009682166   0.0007956644
       -0.0001834880  -0.0001781171   0.0003709056  -0.0003273307   0.0000696651
        0.0001108326   0.0000515008   0.0001176732  -0.0002019229   0.0000796756
        0.0000097394   0.0000042973  -0.0000318491   0.0000043099   0.0000182961
        0.0000047356  -0.0000205522  -0.0000061355   0.0000036534  -0.0000189892
       -0.0000066861  -0.0000067272   0.0000080778   0.0000056894   0.0000056112
       -0.0135311867   0.0182409978  -0.0470454329   0.0057219364  -0.0066905831
        0.0010464519  -0.0005086085   0.0002177340   0.0002102169  -0.0000649640
       -0.0000186156  -0.0000370187   0.0000799112  -0.0000100891  -0.0000095559
       -0.0000576075  -0.0000236313   0.0000235335   0.0000190048   0.0000056915
       -0.0000331706   0.0000203838  -0.0000057887   0.0000047574  -0.0180177445
        0.0278858626  -0.0063261907   0.0137362846  -0.0211753995   0.0505764439
        0.0101868172  -0.0178812523   0.0011981043   0.0021571897   0.0001325021
        0.0002784886   0.0004168657  -0.0006531639   0.0001713829  -0.0001252627
       -0.0001690663   0.0001935460  -0.0000669403   0.0001788475  -0.0002149591
        0.0000573794  -0.0000152678  -0.0000272470  -0.0000272267  -0.0000236378
       -0.0000046216  -0.0000019925  -0.0000009503  -0.0000003684   0.0000032386
        0.0000050678  -0.0000062875   0.0000025220   0.0000007423   0.0000019269
       -0.0720675650  -0.0614005384  -0.0510272518  -0.0144699917  -0.0221188294
       -0.0158590146  -0.0056962317  -0.0013320740   0.0020047125  -0.0007660803
       -0.0013261923  -0.0009732152   0.0002493361  -0.0000131462   0.0000115247
       -0.0000098315  -0.0001037208  -0.0000119343  -0.0000374230   0.0000355704
        0.0000166309  -0.0000446306   0.0000559344   0.0000212228   0.0003396863
       -0.0008609665  -0.0021188456   0.0060613350   0.0137753438   0.0101868172
        0.0858682409   0.0734983418   0.0582272622   0.0003835944  -0.0002055610
       -0.0005122466   0.0006377234  -0.0000642277  -0.0002880445  -0.0000577595
        0.0001328338   0.0001080890   0.0000348188   0.0001005204   0.0001881592
        0.0000676094   0.0000105094  -0.0000668578  -0.0005032235  -0.0001434836
        0.0000893603  -0.0000122822  -0.0000081937   0.0000018044   0.0000024962
       -0.0000255530  -0.0000014738   0.0000201785  -0.0000065674   0.0000033010
       -0.0617726535  -0.1717729126  -0.1031134115  -0.0051988907  -0.0063304163
       -0.0043921214  -0.0023435348   0.0003234892   0.0009660530  -0.0002770914
       -0.0002962262  -0.0004579759  -0.0000955751   0.0000109216   0.0000822714
        0.0001331932   0.0000256438  -0.0001217526  -0.0000686371  -0.0000647525
        0.0000662425  -0.0000349704   0.0000360825   0.0000153586   0.0028722778
        0.0061155524   0.0042788601  -0.0072947584  -0.0253025811  -0.0178812523
        0.0734983418   0.1966645232   0.1201858480   0.0004006906   0.0005467304
        0.0000098067   0.0000961937  -0.0002193202   0.0000667683   0.0001023122
        0.0003419098   0.0000438062   0.0001092162  -0.0000032366   0.0001941961
        0.0000059558  -0.0000063270  -0.0000074267  -0.0001425451  -0.0000580089
        0.0000640441  -0.0000010619   0.0000073938   0.0000075146   0.0000080422
       -0.0000096636  -0.0000050416   0.0000034948  -0.0000088017  -0.0000017874
       -0.0514483868  -0.1033172865  -0.1275981372   0.0024648947   0.0048463320
        0.0042111967   0.0008518769   0.0004017811   0.0005360144   0.0002755394
        0.0001007690   0.0002696916  -0.0001785583   0.0000694510   0.0000529732
        0.0001523915  -0.0000234014  -0.0000844668  -0.0000506654  -0.0000195040
        0.0000273774  -0.0000339140   0.0000353227   0.0000182463  -0.0113699513
       -0.0234158065  -0.0244642088   0.0008238692   0.0004124963   0.0011981043
        0.0582272622   0.1201858480   0.1451374994  -0.0002791001   0.0001644254
        0.0000153746   0.0002801910   0.0003116902   0.0005131532   0.0000201510
        0.0001555934  -0.0000695732   0.0002403359   0.0000588236   0.0001956645
       -0.0000712173  -0.0000045598   0.0000484154   0.0000931117   0.0000427092
        0.0000020103  -0.0000038425   0.0000022768   0.0000078571   0.0000021835
       -0.0000082637  -0.0000114368   0.0000038286   0.0000013032  -0.0000057555
       -0.0230380864   0.0226638874  -0.0010970355  -0.1160327711   0.1088199153
       -0.0121238621   0.0055974180  -0.0082481846   0.0004265270   0.0003998241
       -0.0003196141  -0.0001143203   0.0001277501  -0.0003327227  -0.0001076354
       -0.0009041163  -0.0004157189   0.0002540482   0.0002796641   0.0003252126
       -0.0001659781  -0.0000259744  -0.0000403671   0.0000039801   0.0008616201
        0.0004118133  -0.0002992524  -0.0068409708  -0.0009682166   0.0021571897
        0.0003835944   0.0004006906  -0.0002791001   0.1396980254  -0.1235008137
        0.0137943851  -0.0002952697   0.0026152154  -0.0015494507  -0.0002838943
       -0.0019117203  -0.0011286105   0.0002324694   0.0000970430   0.0003163666
       -0.0000134872   0.0000601195   0.0000018996  -0.0000173601   0.0002328205
       -0.0000249616  -0.0000851166   0.0000512067   0.0000525693  -0.0000825524
        0.0000490827  -0.0001160336   0.0000392335   0.0000103509  -0.0000007251
       -0.0017390442   0.0041457932  -0.0004284448   0.1083025724  -0.1969394607
        0.0187674346   0.0109406672  -0.0251650635  -0.0014260755   0.0006105624
       -0.0000354696   0.0001589888   0.0000818339   0.0007719634   0.0003690858
       -0.0011424180  -0.0002017173  -0.0000030327   0.0004361990   0.0002431418
       -0.0002586167   0.0002745223  -0.0000403649   0.0000175577  -0.0002017709
        0.0003182756  -0.0002918791  -0.0009179836   0.0007956644   0.0001325021
       -0.0002055610   0.0005467304   0.0001644254  -0.1235008137   0.2303082535
       -0.0191812797   0.0080787969  -0.0114165422   0.0048867781  -0.0017826134
       -0.0041283868  -0.0036784447   0.0003412406   0.0007486761   0.0004758146
        0.0000563390  -0.0002439839   0.0000460551   0.0003181533   0.0002055165
        0.0002386599  -0.0000119641   0.0000438854   0.0000177266   0.0000079605
        0.0000794553  -0.0000396942   0.0000533215  -0.0000363665   0.0000324388
        0.0057674688  -0.0063350990   0.0013736065  -0.0126296585   0.0197004305
       -0.0482689036   0.0087441462  -0.0167565139   0.0007726390   0.0002172959
        0.0004845963   0.0005966725   0.0001041166   0.0000011909  -0.0002663072
       -0.0002079627  -0.0000592038   0.0003502284   0.0001367978   0.0001598100
       -0.0002194627   0.0000398888  -0.0000689421   0.0000065581   0.0004405017
       -0.0006434605   0.0001838153   0.0021628050  -0.0001834880   0.0002784886
       -0.0005122466   0.0000098067   0.0000153746   0.0137943851  -0.0191812797
        0.0534035047  -0.0175843115   0.0269685571  -0.0067694768  -0.0010346634
       -0.0037712176  -0.0015330240   0.0005705073  -0.0005741991   0.0003964955
       -0.0000423372   0.0001399993  -0.0001753759   0.0000767486   0.0000918752
       -0.0000885355   0.0000709393  -0.0000236544   0.0000099292  -0.0001163309
        0.0000295378  -0.0000335281   0.0000019098   0.0000112543  -0.0000326987
       -0.0045415664  -0.0101597702   0.0282572634  -0.0424910734   0.0025492842
       -0.0009995815  -0.0008448020   0.0013872681  -0.0116336765   0.0004544462
        0.0003224067  -0.0014690801   0.0002838810  -0.0000505109   0.0001436516
       -0.0004924790   0.0000330266  -0.0001068951   0.0001297230   0.0000193668
        0.0001009182   0.0000418788  -0.0000292575   0.0000129291  -0.0058418231
       -0.0017560139   0.0030090151   0.0008412151  -0.0001781171   0.0004168657
        0.0006377234   0.0000961937   0.0002801910  -0.0002952697   0.0080787969
       -0.0175843115   0.0526263373   0.0017227944  -0.0001535791   0.0002842611
        0.0003315862   0.0006120965  -0.0004941561  -0.0019938476  -0.0014056408
       -0.0004081865  -0.0004075018   0.0002521083   0.0000731521   0.0000699673
        0.0002258464  -0.0000168596   0.0000174734  -0.0000109544   0.0000338940
       -0.0000254527   0.0000283026   0.0000197039  -0.0000276926   0.0000245312
       -0.0021621989  -0.0019994703   0.0076190205   0.0026200298  -0.0664366984
        0.0672214995  -0.0017955229   0.0046398459  -0.0220563808   0.0002664507
        0.0006654843  -0.0006150624   0.0005868573  -0.0002188009   0.0000899341
       -0.0002844311  -0.0000386826   0.0001999362   0.0000757481   0.0000570223
       -0.0001108782   0.0000578108  -0.0000391124   0.0000028087  -0.0019959160
        0.0003983793   0.0004184417   0.0004039995   0.0003709056  -0.0006531639
       -0.0000642277  -0.0002193202   0.0003116902   0.0026152154  -0.0114165422
        0.0269685571   0.0017227944   0.0759527298  -0.0754761344   0.0000458470
        0.0007887158  -0.0005500723  -0.0020508067  -0.0025801113  -0.0036123713
       -0.0001709812   0.0000721575   0.0002007202   0.0001435453   0.0000228839
        0.0000420569   0.0000120452  -0.0000142212   0.0000216821  -0.0000291459
       -0.0000052235  -0.0000166812   0.0000028870   0.0000000586  -0.0000056025
        0.0035587855   0.0045619375  -0.0110111764  -0.0002825200   0.0664549438
       -0.2493503872  -0.0027726374   0.0020318474  -0.0234749193   0.0004864605
        0.0004316121   0.0007801842  -0.0003252100   0.0001797046   0.0002782554
        0.0000019175  -0.0000358547  -0.0003452244   0.0000629569  -0.0000389605
        0.0000276628   0.0000185051   0.0000007464   0.0000602440   0.0029192260
        0.0006123613  -0.0004106451  -0.0003293674  -0.0003273307   0.0001713829
       -0.0002880445   0.0000667683   0.0005131532  -0.0015494507   0.0048867781
       -0.0067694768  -0.0001535791  -0.0754761344   0.2915589231   0.0003457896
        0.0004795721   0.0004242920  -0.0014670755  -0.0036796298  -0.0030266263
       -0.0005725740  -0.0001939552   0.0003438998   0.0002870427   0.0000474482
        0.0002342168  -0.0000042118   0.0000203208   0.0000097881   0.0000324455
       -0.0000053825  -0.0000157092   0.0000315412  -0.0000167928   0.0000021626
        0.0011137805  -0.0010342292  -0.0002767588   0.0052038881  -0.0074523441
        0.0009034989  -0.1130574004   0.1072949392  -0.0123916168  -0.0188947417
        0.0221457582  -0.0024912544  -0.0078712713  -0.0008861246   0.0024251688
       -0.0002815365   0.0018752329  -0.0008773137   0.0000477570  -0.0004425987
        0.0001761107  -0.0006238122   0.0001188789   0.0001582896  -0.0000846982
        0.0001020738   0.0000031869  -0.0002655613   0.0000696651  -0.0001252627
       -0.0000577595   0.0001023122   0.0000201510  -0.0002838943  -0.0017826134
       -0.0010346634   0.0002842611   0.0000458470   0.0003457896   0.1344498726
       -0.1232568547   0.0149622913   0.0000254703   0.0022145409  -0.0013953929
        0.0002969201   0.0002863465  -0.0000771293   0.0000332845   0.0006208489
       -0.0003617911  -0.0000093725  -0.0000007346  -0.0000230977   0.0000353408
       -0.0001057697   0.0000638073  -0.0000605271   0.0000848254  -0.0000040136
        0.0006797098   0.0008594460   0.0002708086   0.0107434564  -0.0243137640
       -0.0013397037   0.1089280433  -0.2019922683   0.0201893046  -0.0010042645
        0.0022950231  -0.0002444588  -0.0002721784   0.0009904288  -0.0001301677
       -0.0009398586  -0.0000966755   0.0003091232   0.0001640748   0.0002446929
       -0.0001782305   0.0000062773   0.0000054687   0.0000138077   0.0000700520
       -0.0002231252   0.0001060592  -0.0008330766   0.0001108326  -0.0001690663
        0.0001328338   0.0003419098   0.0001555934  -0.0019117203  -0.0041283868
       -0.0037712176   0.0003315862   0.0007887158   0.0004795721  -0.1232568547
        0.2352559833  -0.0201126112   0.0076197375  -0.0108233380   0.0044611875
       -0.0000674019   0.0000604752  -0.0001839865  -0.0002971693   0.0005902972
        0.0001403283  -0.0000423756   0.0000041026   0.0000139802  -0.0000443823
        0.0000070932  -0.0000186632  -0.0000064890   0.0000230884   0.0000083408
        0.0004004333   0.0003650918   0.0002773959   0.0083828599  -0.0164137803
        0.0008985528  -0.0129633823   0.0203628896  -0.0460781539   0.0049787269
       -0.0057764546   0.0008869723   0.0018488112  -0.0000034646   0.0001239434
        0.0003660039  -0.0003032056   0.0001443586  -0.0002215526  -0.0000945649
        0.0000594055   0.0000861062  -0.0000093272  -0.0000503670  -0.0001044856
        0.0001554930  -0.0002112273  -0.0000492731   0.0000515008   0.0001935460
        0.0001080890   0.0000438062  -0.0000695732  -0.0011286105  -0.0036784447
       -0.0015330240   0.0006120965  -0.0005500723   0.0004242920   0.0149622913
       -0.0201126112   0.0510230956  -0.0170879620   0.0262881796  -0.0062474689
        0.0001931962  -0.0002233822  -0.0000054255  -0.0004051861  -0.0000693912
        0.0001643210   0.0000030238  -0.0000125977   0.0000103718   0.0000176786
       -0.0000108348  -0.0000122379   0.0000011354  -0.0000088296   0.0000012229
        0.0004680359   0.0001676548  -0.0009812537  -0.0006167164   0.0014489600
       -0.0111897944  -0.0420249365   0.0018623220  -0.0013901823  -0.0055292019
       -0.0097116489   0.0293530785   0.0028078753  -0.0008489716  -0.0007712637
       -0.0006580874  -0.0005461457   0.0007812528   0.0001120142   0.0004913455
       -0.0003402875   0.0001139335  -0.0000965520  -0.0001134019  -0.0003204030
       -0.0005375132   0.0002544782  -0.0000878725   0.0001176732  -0.0000669403
        0.0000348188   0.0001092162   0.0002403359   0.0002324694   0.0003412406
        0.0005705073  -0.0004941561  -0.0020508067  -0.0014670755   0.0000254703
        0.0076197375  -0.0170879620   0.0507441938   0.0026670081  -0.0004401360
       -0.0054766666  -0.0012345985   0.0022752144   0.0006389056   0.0001855883
        0.0003753063   0.0000359155  -0.0000498712  -0.0000143483  -0.0000301156
        0.0000786532  -0.0000031944   0.0000245238  -0.0000132915   0.0000156668
        0.0005568612   0.0004947889  -0.0005378202  -0.0015903809   0.0048600783
       -0.0210018436   0.0012249415  -0.0654093896   0.0680897539  -0.0018307913
       -0.0021672477   0.0081705775  -0.0000685750   0.0003439968  -0.0006918361
        0.0004289155  -0.0000118904  -0.0000158537  -0.0000966603  -0.0001184544
        0.0000089990   0.0000313564   0.0000183622  -0.0000291342  -0.0002266623
       -0.0000355916   0.0001683722   0.0000772114  -0.0002019229   0.0001788475
        0.0001005204  -0.0000032366   0.0000588236   0.0000970430   0.0007486761
       -0.0005741991  -0.0019938476  -0.0025801113  -0.0036796298   0.0022145409
       -0.0108233380   0.0262881796   0.0026670081   0.0747634100  -0.0769352985
       -0.0016090597   0.0002906352   0.0001360286  -0.0000245977  -0.0001445279
        0.0003666739   0.0000129655  -0.0000146418  -0.0000041739   0.0000452751
        0.0000066049  -0.0000060637  -0.0000160644  -0.0000162001   0.0000095970
        0.0005303569   0.0005155706   0.0010556696  -0.0025100100   0.0018658969
       -0.0224963950  -0.0002558530   0.0681739189  -0.2551580242   0.0045796779
        0.0045637262  -0.0117894649  -0.0003807413  -0.0002748288   0.0004530390
       -0.0002661774   0.0001690086  -0.0001968125  -0.0001533290  -0.0001878251
        0.0001998503  -0.0001207332   0.0000089093   0.0000778380  -0.0003845698
       -0.0003404538   0.0003491631  -0.0000959871   0.0000796756  -0.0002149591
        0.0001881592   0.0001941961   0.0001956645   0.0003163666   0.0004758146
        0.0003964955  -0.0014056408  -0.0036123713  -0.0030266263  -0.0013953929
        0.0044611875  -0.0062474689  -0.0004401360  -0.0769352985   0.2962306550
        0.0021847305   0.0008337368  -0.0001296944  -0.0003534989   0.0000363540
        0.0002586453  -0.0000277091   0.0000152818  -0.0000187261   0.0000282733
       -0.0000629630   0.0000607333  -0.0000377858   0.0000204636   0.0000004177
        0.0000396401   0.0000583539  -0.0001436896   0.0010461990   0.0005493955
        0.0011337633  -0.0052589333  -0.0066157968   0.0273064228  -0.0413263781
       -0.0044957957   0.0186798309  -0.0055469492   0.0108833116  -0.0196630231
        0.0018605866   0.0027492022  -0.0030559696   0.0000694326  -0.0014158434
        0.0008200975   0.0000569914   0.0002933403   0.0007357329   0.0000959235
        0.0001040835  -0.0001267247   0.0000349181   0.0000097394   0.0000573794
        0.0000676094   0.0000059558  -0.0000712173  -0.0000134872   0.0000563390
       -0.0000423372  -0.0004081865  -0.0001709812  -0.0005725740   0.0002969201
       -0.0000674019   0.0001931962  -0.0054766666  -0.0016090597   0.0021847305
        0.0525232531  -0.0001019527  -0.0161354314   0.0019299804  -0.0000634249
       -0.0114798078  -0.0000916713   0.0001192580  -0.0000045913   0.0000223382
       -0.0001753230   0.0001543965   0.0000784798  -0.0001133998   0.0000298161
        0.0000390186   0.0000088610  -0.0001268769   0.0001287025   0.0002000323
        0.0008385251  -0.0018986250  -0.0005468521   0.0069943078  -0.0066139090
       -0.0478208339   0.0356027409   0.0103802682  -0.0190269430   0.0313726746
       -0.0008337404   0.0008958439   0.0012152695  -0.0000901439  -0.0001303506
       -0.0002670768  -0.0000215658  -0.0005711862  -0.0005035924   0.0000311199
       -0.0000130283  -0.0000321240   0.0000626039   0.0000042973  -0.0000152678
        0.0000105094  -0.0000063270  -0.0000045598   0.0000601195  -0.0002439839
        0.0001399993  -0.0004075018   0.0000721575  -0.0001939552   0.0002863465
        0.0000604752  -0.0002233822  -0.0012345985   0.0002906352   0.0008337368
       -0.0001019527   0.0637335924  -0.0515472265   0.0002239690   0.0029328524
       -0.0239367384   0.0000976024  -0.0000746590   0.0000201771   0.0000014025
        0.0001041925  -0.0001098348  -0.0001196250   0.0001312243  -0.0000567963
       -0.0002799806  -0.0001698802   0.0000849145  -0.0011218974  -0.0004314124
        0.0012327836   0.0045913426   0.0026014567  -0.0105747020   0.0164652814
        0.0378469728  -0.2545271500  -0.0082957297   0.0130502283  -0.0092452633
        0.0025413572   0.0010838297  -0.0002353482  -0.0004803874  -0.0016528766
        0.0001931952   0.0000398823   0.0000883566   0.0001060393  -0.0000901372
       -0.0000816509  -0.0000342556   0.0000272900  -0.0000318491  -0.0000272470
       -0.0000668578  -0.0000074267   0.0000484154   0.0000018996   0.0000460551
       -0.0001753759   0.0002521083   0.0002007202   0.0003438998  -0.0000771293
       -0.0001839865  -0.0000054255   0.0022752144   0.0001360286  -0.0001296944
       -0.0161354314  -0.0515472265   0.2960722153   0.0002709489  -0.0007166573
       -0.0231748439   0.0000075244  -0.0000343580   0.0000301274   0.0000225781
       -0.0001185080   0.0000323732   0.0000521234  -0.0000778159  -0.0000146580
       -0.0006687004  -0.0012923696  -0.0009362378  -0.0052915959  -0.0012385856
        0.0023632065  -0.0137217195  -0.0213915606  -0.0139331627  -0.0676767427
       -0.0630719524  -0.0434471389   0.0023855542   0.0208305327   0.0092705059
        0.0013752462   0.0029416507  -0.0002489477   0.0005064992  -0.0012511447
       -0.0000724483  -0.0005532428  -0.0002800416  -0.0006501693   0.0000588036
        0.0000127417  -0.0000330625   0.0000536287   0.0000043099  -0.0000272267
       -0.0005032235  -0.0001425451   0.0000931117  -0.0000173601   0.0003181533
        0.0000767486   0.0000731521   0.0001435453   0.0002870427   0.0000332845
       -0.0002971693  -0.0004051861   0.0006389056  -0.0000245977  -0.0003534989
        0.0019299804   0.0002239690   0.0002709489   0.0813828967   0.0646900075
        0.0477214928   0.0000978495  -0.0001790392  -0.0000063248   0.0000139866
       -0.0000816589   0.0000565585  -0.0001172023   0.0000857547  -0.0000262118
       -0.0001945504  -0.0003580182  -0.0003495203  -0.0020001949   0.0005707964
        0.0008819606  -0.0055803955  -0.0063391892  -0.0048550242  -0.0628677421
       -0.1670381483  -0.0906742634   0.0074787781  -0.0397537128  -0.0104059713
       -0.0031060347  -0.0014295396   0.0009620642   0.0001151079   0.0009094558
       -0.0010853568   0.0007184344   0.0001225343   0.0007053268   0.0000312083
       -0.0000242899   0.0000090683  -0.0000191772   0.0000182961  -0.0000236378
       -0.0001434836  -0.0000580089   0.0000427092   0.0002328205   0.0002055165
        0.0000918752   0.0000699673   0.0000228839   0.0000474482   0.0006208489
        0.0005902972  -0.0000693912   0.0001855883  -0.0001445279   0.0000363540
       -0.0000634249   0.0029328524  -0.0007166573   0.0646900075   0.2094893793
        0.1053856556  -0.0002001962   0.0002220570   0.0000626132  -0.0000631722
        0.0000801829  -0.0001027774   0.0000956104  -0.0000188171   0.0000575245
        0.0001245253   0.0001257677   0.0002880160   0.0007750042   0.0001465880
        0.0004426713   0.0024615816   0.0048718841   0.0038774392  -0.0413523956
       -0.0922577287  -0.1084182989   0.0034891520   0.0048266472   0.0052152457
       -0.0014291477  -0.0015054369   0.0017623143  -0.0003987348   0.0013889247
       -0.0004300199  -0.0000891715   0.0000257801  -0.0001676472  -0.0000494823
       -0.0000195507   0.0000275869  -0.0000488388   0.0000047356  -0.0000046216
        0.0000893603   0.0000640441   0.0000020103  -0.0000249616   0.0002386599
       -0.0000885355   0.0002258464   0.0000420569   0.0002342168  -0.0003617911
        0.0001403283   0.0001643210   0.0003753063   0.0003666739   0.0002586453
       -0.0114798078  -0.0239367384  -0.0231748439   0.0477214928   0.1053856556
        0.1200266159  -0.0000177867   0.0000124831  -0.0000149345  -0.0000181501
        0.0000536097  -0.0000179894   0.0000079992   0.0000256159   0.0000178083
        0.0000179719  -0.0000316764  -0.0000100963  -0.0000286563   0.0000547559
       -0.0000371157  -0.0000975278   0.0000894055  -0.0000154641  -0.0009751793
        0.0001166958  -0.0007936386  -0.0018618876   0.0007818436  -0.0008802451
        0.0002378222   0.0121214836   0.0109015426  -0.0007632381  -0.0009690632
        0.0002342962  -0.0360882536   0.0017110306   0.0048597714   0.0000057000
        0.0000092193  -0.0000054383   0.0000351344  -0.0000205522  -0.0000019925
       -0.0000122822  -0.0000010619  -0.0000038425  -0.0000851166  -0.0000119641
        0.0000709393  -0.0000168596   0.0000120452  -0.0000042118  -0.0000093725
       -0.0000423756   0.0000030238   0.0000359155   0.0000129655  -0.0000277091
       -0.0000916713   0.0000976024   0.0000075244   0.0000978495  -0.0002001962
       -0.0000177867   0.0415805952  -0.0025907232  -0.0025730102   0.0001575519
        0.0073690931   0.0131326658  -0.0021384958  -0.0185085276  -0.0248392125
       -0.0000242444   0.0000215494   0.0000130995   0.0000091418  -0.0000099884
       -0.0000000828   0.0000961061  -0.0000813256   0.0000686896   0.0008590221
        0.0003427035   0.0007114952   0.0013799340  -0.0013547964   0.0007666153
        0.0023519409  -0.0211579127  -0.0209291173   0.0011015105   0.0006423946
        0.0027745721  -0.0000272967  -0.1237170437  -0.1203522079  -0.0000137485
       -0.0000030668   0.0000013849  -0.0000177107  -0.0000061355  -0.0000009503
       -0.0000081937   0.0000073938   0.0000022768   0.0000512067   0.0000438854
       -0.0000236544   0.0000174734  -0.0000142212   0.0000203208  -0.0000007346
        0.0000041026  -0.0000125977  -0.0000498712  -0.0000146418   0.0000152818
        0.0001192580  -0.0000746590  -0.0000343580  -0.0001790392   0.0002220570
        0.0000124831  -0.0025907232   0.1411376448   0.1354556972  -0.0004442007
        0.0085498458   0.0100763722  -0.0026298303  -0.0045377857  -0.0085653201
       -0.0000256690   0.0000141529   0.0000050542   0.0000062829  -0.0000404208
        0.0000043289  -0.0000577235   0.0000091102  -0.0000195648  -0.0003572497
        0.0001374357  -0.0002104091  -0.0002630481   0.0000009163   0.0002314637
        0.0019995955  -0.0010731855   0.0055424105  -0.0001195100   0.0011945247
       -0.0014119123   0.0020154581  -0.1152229430  -0.1999084380  -0.0000038283
       -0.0000008211  -0.0000174713  -0.0000152218   0.0000036534  -0.0000003684
        0.0000018044   0.0000075146   0.0000078571   0.0000525693   0.0000177266
        0.0000099292  -0.0000109544   0.0000216821   0.0000097881  -0.0000230977
        0.0000139802   0.0000103718  -0.0000143483  -0.0000041739  -0.0000187261
       -0.0000045913   0.0000201771   0.0000301274  -0.0000063248   0.0000626132
       -0.0000149345  -0.0025730102   0.1354556972   0.2278594247   0.0020995639
       -0.0132306713  -0.0234513722  -0.0027006970  -0.0073869685  -0.0086575590
       -0.0000091855  -0.0000225551   0.0000077731  -0.0000546015   0.0000405979
       -0.0000024250  -0.0000179974  -0.0000154497  -0.0000052747  -0.0000730748
        0.0003112744  -0.0001768558  -0.0000098393   0.0003893826   0.0001827349
        0.0077654956   0.0016975449  -0.0092725440  -0.0001850615   0.0055195328
       -0.0013847449  -0.0998250563  -0.0555165304   0.0887426379  -0.0000228224
        0.0000059648   0.0000070305   0.0000244044  -0.0000189892   0.0000032386
        0.0000024962   0.0000080422   0.0000021835  -0.0000825524   0.0000079605
       -0.0001163309   0.0000338940  -0.0000291459   0.0000324455   0.0000353408
       -0.0000443823   0.0000176786  -0.0000301156   0.0000452751   0.0000282733
        0.0000223382   0.0000014025   0.0000225781   0.0000139866  -0.0000631722
       -0.0000181501   0.0001575519  -0.0004442007   0.0020995639   0.1081152294
        0.0624308084  -0.1018965515  -0.0158604306  -0.0143033606   0.0217267390
       -0.0000325764  -0.0000008104  -0.0000147212  -0.0000145982   0.0000109610
        0.0000011350  -0.0000881912   0.0001101581  -0.0000281227  -0.0002404637
        0.0001513689  -0.0000535838  -0.0012854589   0.0001949954  -0.0007407969
       -0.0105433997  -0.0140516592   0.0203819039   0.0028660840  -0.0084706787
        0.0031348461  -0.0547762540  -0.0936623707   0.0882926200   0.0000051477
        0.0000153004  -0.0000058752  -0.0000069055  -0.0000066861   0.0000050678
       -0.0000255530  -0.0000096636  -0.0000082637   0.0000490827   0.0000794553
        0.0000295378  -0.0000254527  -0.0000052235  -0.0000053825  -0.0001057697
        0.0000070932  -0.0000108348   0.0000786532   0.0000066049  -0.0000629630
       -0.0001753230   0.0001041925  -0.0001185080  -0.0000816589   0.0000801829
        0.0000536097   0.0073690931   0.0085498458  -0.0132306713   0.0624308084
        0.1103088951  -0.1032810477  -0.0053972641  -0.0034119613   0.0056620506
        0.0000320643  -0.0000369010   0.0000044429  -0.0000344214   0.0000759591
       -0.0000035277   0.0000908033  -0.0000522798   0.0000288692   0.0002835163
       -0.0003193468   0.0002827900  -0.0010075214  -0.0007035304   0.0002292441
        0.0043733089   0.0051178896  -0.0072344902  -0.0006273087   0.0029855400
        0.0003196164   0.0873711412   0.0892369225  -0.1834846145   0.0000040661
        0.0000012677   0.0000180873   0.0000336040  -0.0000067272  -0.0000062875
       -0.0000014738  -0.0000050416  -0.0000114368  -0.0001160336  -0.0000396942
       -0.0000335281   0.0000283026  -0.0000166812  -0.0000157092   0.0000638073
       -0.0000186632  -0.0000122379  -0.0000031944  -0.0000060637   0.0000607333
        0.0001543965  -0.0001098348   0.0000323732   0.0000565585  -0.0001027774
       -0.0000179894   0.0131326658   0.0100763722  -0.0234513722  -0.1018965515
       -0.1032810477   0.2081765878  -0.0019377300  -0.0027953621   0.0051184495
       -0.0000210959   0.0000179479   0.0000043512   0.0000196594  -0.0000303693
        0.0000106278  -0.0001297852   0.0001818434  -0.0000258433  -0.0004799381
        0.0000986540   0.0007038815  -0.0022571680   0.0035528719  -0.0010402999
       -0.0191077537   0.0014820908  -0.0057886425   0.0011035136  -0.0019119262
        0.0016393037  -0.2632851497  -0.0563104825  -0.0575955666   0.0000159141
       -0.0000031472  -0.0000047688  -0.0000024527   0.0000080778   0.0000025220
        0.0000201785   0.0000034948   0.0000038286   0.0000392335   0.0000533215
        0.0000019098   0.0000197039   0.0000028870   0.0000315412  -0.0000605271
       -0.0000064890   0.0000011354   0.0000245238  -0.0000160644  -0.0000377858
        0.0000784798  -0.0001196250   0.0000521234  -0.0001172023   0.0000956104
        0.0000079992  -0.0021384958  -0.0026298303  -0.0027006970  -0.0158604306
       -0.0053972641  -0.0019377300   0.3021387925   0.0609283985   0.0666721105
        0.0000247655   0.0000164478  -0.0000126261   0.0000337336   0.0000006803
       -0.0000051944   0.0002173569  -0.0002268672   0.0000266317   0.0012579546
       -0.0006981976  -0.0009098942   0.0038054338  -0.0041508398   0.0006664454
        0.0228848076   0.0049608449   0.0076685168  -0.0003703350   0.0012489766
       -0.0020959908  -0.0559742375  -0.0532862714  -0.0105138987   0.0000016787
       -0.0000076217   0.0000052858  -0.0000176482   0.0000056894   0.0000007423
       -0.0000065674  -0.0000088017   0.0000013032   0.0000103509  -0.0000363665
        0.0000112543  -0.0000276926   0.0000000586  -0.0000167928   0.0000848254
        0.0000230884  -0.0000088296  -0.0000132915  -0.0000162001   0.0000204636
       -0.0001133998   0.0001312243  -0.0000778159   0.0000857547  -0.0000188171
        0.0000256159  -0.0185085276  -0.0045377857  -0.0073869685  -0.0143033606
       -0.0034119613  -0.0027953621   0.0609283985   0.0600127199   0.0153971138
       -0.0000110666  -0.0000081801   0.0000093724  -0.0000153648  -0.0000164895
        0.0000249783  -0.0000070874   0.0000159212  -0.0000241408   0.0002094559
       -0.0002233312   0.0004100541  -0.0015927923   0.0009940225   0.0005291688
       -0.0061755217  -0.0043635621  -0.0010179726   0.0012210809   0.0007215331
       -0.0002573796  -0.0572300584  -0.0096693806  -0.0561843439   0.0000002868
        0.0000062963   0.0000015188  -0.0000009337   0.0000056112   0.0000019269
        0.0000033010  -0.0000017874  -0.0000057555  -0.0000007251   0.0000324388
       -0.0000326987   0.0000245312  -0.0000056025   0.0000021626  -0.0000040136
        0.0000083408   0.0000012229   0.0000156668   0.0000095970   0.0000004177
        0.0000298161  -0.0000567963  -0.0000146580  -0.0000262118   0.0000575245
        0.0000178083  -0.0248392125  -0.0085653201  -0.0086575590   0.0217267390
        0.0056620506   0.0051184495   0.0666721105   0.0153971138   0.0600774276
