           1           2   1.01961229226327     
           2           3   1.00767984901123     
           3           4   1.00590191178544     
           4           5  0.923427217230514     
           5           6   1.16687380027969     
           5           7  0.169058929847230     
           6           7   1.68490618825262     
           6           8  0.999780131005207     
           1           9  0.987344022762315     
           1          10  0.987288789915768     
           1          11  0.986737305548008     
           2          12  0.977565751863603     
           2          13  0.977960021021904     
           3          14  0.971713485355482     
           3          15  0.973204622398410     
           4          16  0.968031920546294     
           4          17  0.967528586390199     
           8          18  0.944432342296750     
           8          19  0.976224991009453     
           8          20  0.966689280339485     
