*************************************************
******************* ORCA 6.0.0 ******************
*************************************************
$Calculation_Status
   &GeometryIndex 1
   &ListStatus       OUT
   &VERSION [&Type "String"] "6.0.0"
   &PROGNAME [&Type "String"] "LeanSCF"
   &STATUS [&Type "String"] "NORMAL TERMINATION"
$End
$Geometry
   &GeometryIndex 1
   &ListStatus       OUT
   &NATOMS [&Type "Integer"] 26
   &NCORELESSECP [&Type "Integer"] 0
   &NGHOSTATOMS [&Type "Integer"] 0
   &CartesianCoordinates [&Type "Coordinates", &Dim(26,4), &Units "Bohr"] 
              C      3.064159829576   -0.951427529575   -3.221597757728
              C      3.461766299015   -1.113116820530   -0.368553882407
              C      5.981083502005   -2.344145774881    0.279440961706
              C      1.349911478982   -2.513316886365    0.894942838187
              N     -1.004468633121   -2.133207251171    0.851198246892
              O     -1.871324047159   -0.086762379936   -0.616060676058
              C     -4.421404187486    0.357291928364   -0.486005820293
              O     -5.239372105626    2.073457608888   -1.782424951048
              N     -5.734000791054   -1.138632101401    1.036394423263
              C     -8.430433261727   -0.907476911076    1.395448770502
              S      3.260376465462    2.117686160937    1.077577494563
              C      6.087907302262    3.650263444840   -0.126388237345
              H      2.902295594389   -2.847710205512   -4.001500935391
              H      1.350394117116    0.094193354548   -3.661442286081
              H      4.661216014053   -0.016154344076   -4.112216724698
              H      7.521181223179   -1.401944998885   -0.697239319859
              H      5.954042176952   -4.312036533906   -0.314417858877
              H      6.322341261537   -2.258854381957    2.303940454308
              H      1.855746693919   -4.100701179802    2.081151135813
              H     -4.772568376127   -2.487822026820    1.992987522248
              H     -9.104221523594    0.623513482109    0.199396141680
              H     -8.845211230349   -0.475230226766    3.364357430509
              H     -9.362862919431   -2.662294313706    0.861406298401
              H      6.101832893509    3.587499124724   -2.174964381965
              H      7.760753850101    2.778861038298    0.674146402764
              H      5.939619984952    5.594869424009    0.506689590924
$End
$SCF_Energy
   &GeometryIndex 1
   &ListStatus       OUT
   &SCF_ENERGY [&Type "Double"]      -9.3189924516801477e+02
$End
$DFT_Energy
   &GeometryIndex 1
   &ListStatus       OUT
   &NALPHAEL [&Type "Integer"] 51
   &NBETAEL [&Type "Integer"] 51
   &NTOTALEL [&Type "Integer"] 102
   &EEXCHANGE [&Type "Double"]      -9.5537457494508033e+01
   &ECORR [&Type "Double"]      -3.5052795303680822e+00
   &ECNL [&Type "Double"]       0.0000000000000000e+00
   &EXC [&Type "Double"]      -9.9042737024876118e+01
   &EEMBED [&Type "Double"]       0.0000000000000000e+00
   &FINALEN [&Type "Double"]      -9.3189924516801477e+02  "No Van der Waals correction"
$End
$Mulliken_Population_Analysis
   &GeometryIndex 1
   &ListStatus       OUT
   &NATOMS [&Type "Integer"] 26
   &ATNO [&Type "ArrayOfIntegers", &Dim (26,1)] 
                                                         0

0                                                        6
1                                                        6
2                                                        6
3                                                        6
4                                                        7
5                                                        8
6                                                        6
7                                                        8
8                                                        7
9                                                        6
10                                                      16
11                                                       6
12                                                       1
13                                                       1
14                                                       1
15                                                       1
16                                                       1
17                                                       1
18                                                       1
19                                                       1
20                                                       1
21                                                       1
22                                                       1
23                                                       1
24                                                       1
25                                                       1
   &ATOMICCHARGES [&Type "ArrayOfDoubles", &Dim (26,1)] 
                                                         0

0                                     -1.9184726000007757e-01
1                                     -3.2447873999340793e-01
2                                     -2.0674122869625577e-01
3                                     -7.5764524083774987e-02
4                                      3.0422680317840900e-02
5                                     -1.9522286900529728e-01
6                                      2.0446987931265070e-01
7                                     -2.2042579387888850e-01
8                                     -3.0055759181327879e-01
9                                     -1.7467430919815818e-01
10                                    -2.3635203253569159e-02
11                                    -3.7373609164114718e-01
12                                     1.0006243641411205e-01
13                                     1.5397198754828845e-01
14                                     1.0656784927396268e-01
15                                     1.1633027132203877e-01
16                                     1.0716097236041100e-01
17                                     1.1531889321846811e-01
18                                     1.0383664256718139e-01
19                                     2.3623458831388722e-01
20                                     1.3778699675275208e-01
21                                     1.1511762119770319e-01
22                                     1.1387050480335792e-01
23                                     1.4746997404943363e-01
24                                     1.4559634267244070e-01
25                                     1.5286597143942515e-01
$End
$Loewdin_Population_Analysis
   &GeometryIndex 1
   &ListStatus       OUT
   &NATOMS [&Type "Integer"] 26
   &ATNO [&Type "ArrayOfIntegers", &Dim (26,1)] 
                                                         0

0                                                        6
1                                                        6
2                                                        6
3                                                        6
4                                                        7
5                                                        8
6                                                        6
7                                                        8
8                                                        7
9                                                        6
10                                                      16
11                                                       6
12                                                       1
13                                                       1
14                                                       1
15                                                       1
16                                                       1
17                                                       1
18                                                       1
19                                                       1
20                                                       1
21                                                       1
22                                                       1
23                                                       1
24                                                       1
25                                                       1
   &ATOMICCHARGES [&Type "ArrayOfDoubles", &Dim (26,1)] 
                                                         0

0                                      7.0242020602248351e-05
1                                      4.9108417520369891e-03
2                                      5.0632471347005056e-04
3                                      1.6317059319547692e-02
4                                      1.3191875010606935e-01
5                                      3.5934857406200660e-01
6                                      1.7675980685365847e-01
7                                      2.5786336782911257e-01
8                                      4.7143441786053258e-02
9                                      3.9323849139282895e-03
10                                     7.8443617153089627e-05
11                                     4.2775878295483932e-05
12                                     2.5582542365229786e-06
13                                     4.7768721900688872e-05
14                                     4.4036357345108446e-06
15                                     3.5688318409594333e-06
16                                     7.3416943727790641e-07
17                                     1.7481964111762852e-06
18                                     3.9972588300244487e-05
19                                     8.8784829027699027e-04
20                                     6.3272814670130713e-05
21                                     2.7528564178041847e-05
22                                     2.7158916652773051e-05
23                                     3.3985946377497060e-07
24                                     7.4995197946559241e-07
25                                     3.3435298042314678e-07
$End
$Mayer_Population_Analysis
   &GeometryIndex 1
   &ListStatus       OUT
   &NATOMS [&Type "Integer"] 26 "Total number of atoms"
   &BONDTHRESH [&Type "Double"]       1.0000000000000001e-01  "The threshold for printing"
   &NBONDORDERSPRINT [&Type "Integer"] 25 "The number of bond orders larger than threshold"
   &BONDORDERS [&Type "ArrayOfDoubles", &Dim (25,1)] "The bond orders"
                                                         0

0                                      1.0329048030618588e+00
1                                      9.3594395122897101e-01
2                                      9.3014529222713549e-01
3                                      9.3728872894800164e-01
4                                      1.0399564994029411e+00
5                                      9.2620267346394891e-01
6                                      1.0010701911485045e+00
7                                      9.3694841440029408e-01
8                                      9.3658681448955627e-01
9                                      9.4294592261674404e-01
10                                     1.9811941089732392e+00
11                                     9.3337220113514441e-01
12                                     9.4572304630792536e-01
13                                     9.9927368021653673e-01
14                                     2.0652683351573184e+00
15                                     1.2644159101523682e+00
16                                     1.0187120613387135e+00
17                                     8.1794961080897399e-01
18                                     9.3863333509065894e-01
19                                     9.5933085271831353e-01
20                                     9.5940113231309410e-01
21                                     1.0508951401265794e+00
22                                     9.3527080736172008e-01
23                                     9.3577824285327149e-01
24                                     9.4394254335223982e-01
   &COMPONENTS [&Type "ArrayOfIntegers", &Dim (25,4)] "The indices and atomic numbers of the bonding atoms"
                                                         0                           1                           2                           3

0                                                        0                           6                           1                           6
1                                                        0                           6                          12                           1
2                                                        0                           6                          13                           1
3                                                        0                           6                          14                           1
4                                                        1                           6                           2                           6
5                                                        1                           6                           3                           6
6                                                        1                           6                          10                          16
7                                                        2                           6                          15                           1
8                                                        2                           6                          16                           1
9                                                        2                           6                          17                           1
10                                                       3                           6                           4                           7
11                                                       3                           6                          18                           1
12                                                       4                           7                           5                           8
13                                                       5                           8                           6                           6
14                                                       6                           6                           7                           8
15                                                       6                           6                           8                           7
16                                                       8                           7                           9                           6
17                                                       8                           7                          19                           1
18                                                       9                           6                          20                           1
19                                                       9                           6                          21                           1
20                                                       9                           6                          22                           1
21                                                      10                          16                          11                           6
22                                                      11                           6                          23                           1
23                                                      11                           6                          24                           1
24                                                      11                           6                          25                           1
   &ATNO [&Type "ArrayOfIntegers", &Dim (26,1)] "Atomic number of the elements"
                                                         0

0                                                        6
1                                                        6
2                                                        6
3                                                        6
4                                                        7
5                                                        8
6                                                        6
7                                                        8
8                                                        7
9                                                        6
10                                                      16
11                                                       6
12                                                       1
13                                                       1
14                                                       1
15                                                       1
16                                                       1
17                                                       1
18                                                       1
19                                                       1
20                                                       1
21                                                       1
22                                                       1
23                                                       1
24                                                       1
25                                                       1
   &NA [&Type "ArrayOfDoubles", &Dim (26,1)] "Mulliken gross atomic population"
                                                         0

0                                      6.1918472600000598e+00
1                                      6.3244787399934106e+00
2                                      6.2067412286962593e+00
3                                      6.0757645240837599e+00
4                                      6.9695773196821591e+00
5                                      8.1952228690052955e+00
6                                      5.7955301206873413e+00
7                                      8.2204257938789009e+00
8                                      7.3005575918132797e+00
9                                      6.1746743091981546e+00
10                                     1.6023635203253516e+01
11                                     6.3737360916411419e+00
12                                     8.9993756358588806e-01
13                                     8.4602801245171155e-01
14                                     8.9343215072603743e-01
15                                     8.8366972867796123e-01
16                                     8.9283902763958922e-01
17                                     8.8468110678153200e-01
18                                     8.9616335743281839e-01
19                                     7.6376541168611278e-01
20                                     8.6221300324724826e-01
21                                     8.8488237880229670e-01
22                                     8.8612949519664197e-01
23                                     8.5253002595056604e-01
24                                     8.5440365732755963e-01
25                                     8.4713402856057507e-01
   &ZA [&Type "ArrayOfDoubles", &Dim (26,1)] "Total nuclear charge"
                                                         0

0                                      6.0000000000000000e+00
1                                      6.0000000000000000e+00
2                                      6.0000000000000000e+00
3                                      6.0000000000000000e+00
4                                      7.0000000000000000e+00
5                                      8.0000000000000000e+00
6                                      6.0000000000000000e+00
7                                      8.0000000000000000e+00
8                                      7.0000000000000000e+00
9                                      6.0000000000000000e+00
10                                     1.6000000000000000e+01
11                                     6.0000000000000000e+00
12                                     1.0000000000000000e+00
13                                     1.0000000000000000e+00
14                                     1.0000000000000000e+00
15                                     1.0000000000000000e+00
16                                     1.0000000000000000e+00
17                                     1.0000000000000000e+00
18                                     1.0000000000000000e+00
19                                     1.0000000000000000e+00
20                                     1.0000000000000000e+00
21                                     1.0000000000000000e+00
22                                     1.0000000000000000e+00
23                                     1.0000000000000000e+00
24                                     1.0000000000000000e+00
25                                     1.0000000000000000e+00
   &QA [&Type "ArrayOfDoubles", &Dim (26,1)] "Mulliken gross atomic charge"
                                                         0

0                                     -1.9184726000005980e-01
1                                     -3.2447873999341059e-01
2                                     -2.0674122869625933e-01
3                                     -7.5764524083759888e-02
4                                      3.0422680317840900e-02
5                                     -1.9522286900529551e-01
6                                      2.0446987931265870e-01
7                                     -2.2042579387890093e-01
8                                     -3.0055759181327968e-01
9                                     -1.7467430919815463e-01
10                                    -2.3635203253515868e-02
11                                    -3.7373609164114185e-01
12                                     1.0006243641411194e-01
13                                     1.5397198754828845e-01
14                                     1.0656784927396257e-01
15                                     1.1633027132203877e-01
16                                     1.0716097236041078e-01
17                                     1.1531889321846800e-01
18                                     1.0383664256718161e-01
19                                     2.3623458831388722e-01
20                                     1.3778699675275174e-01
21                                     1.1511762119770330e-01
22                                     1.1387050480335803e-01
23                                     1.4746997404943396e-01
24                                     1.4559634267244037e-01
25                                     1.5286597143942493e-01
   &VA [&Type "ArrayOfDoubles", &Dim (26,1)] "Mayer's total valence"
                                                         0

0                                      3.8253004981912313e+00
1                                      4.0738947749773038e+00
2                                      3.8603394291515807e+00
3                                      3.9813438082890413e+00
4                                      3.1240431395712491e+00
5                                      2.1745956750365774e+00
6                                      4.4012031001743361e+00
7                                      2.3281209503380427e+00
8                                      3.2210346473587874e+00
9                                      3.9065355325568083e+00
10                                     2.1459046113760230e+00
11                                     3.9074706891789148e+00
12                                     9.5875374721465234e-01
13                                     9.8639699346413667e-01
14                                     9.6962475630635492e-01
15                                     9.6615979168104726e-01
16                                     9.5747455458824482e-01
17                                     9.7080511200371988e-01
18                                     9.6783629436276530e-01
19                                     9.5809235802803017e-01
20                                     9.9595719491610957e-01
21                                     9.5368536294949480e-01
22                                     9.5394778192349761e-01
23                                     9.4828596916675989e-01
24                                     9.4156998573553730e-01
25                                     9.4796769396474778e-01
   &BVA [&Type "ArrayOfDoubles", &Dim (26,1)] "Mayer's bonded valence"
                                                         0

0                                      3.8253004981912637e+00
1                                      4.0738947749772860e+00
2                                      3.8603394291515842e+00
3                                      3.9813438082890578e+00
4                                      3.1240431395712278e+00
5                                      2.1745956750365933e+00
6                                      4.4012031001743148e+00
7                                      2.3281209503379912e+00
8                                      3.2210346473587514e+00
9                                      3.9065355325567808e+00
10                                     2.1459046113760718e+00
11                                     3.9074706891789197e+00
12                                     9.5875374721465911e-01
13                                     9.8639699346413645e-01
14                                     9.6962475630635603e-01
15                                     9.6615979168104527e-01
16                                     9.5747455458824260e-01
17                                     9.7080511200372122e-01
18                                     9.6783629436276331e-01
19                                     9.5809235802802373e-01
20                                     9.9595719491610790e-01
21                                     9.5368536294949202e-01
22                                     9.5394778192349960e-01
23                                     9.4828596916676644e-01
24                                     9.4156998573554262e-01
25                                     9.4796769396474689e-01
   &FA [&Type "ArrayOfDoubles", &Dim (26,1)] "Mayer's free valence"
                                                         0

0                                      0.0000000000000000e+00
1                                      0.0000000000000000e+00
2                                      0.0000000000000000e+00
3                                      0.0000000000000000e+00
4                                      0.0000000000000000e+00
5                                      0.0000000000000000e+00
6                                      0.0000000000000000e+00
7                                      0.0000000000000000e+00
8                                      0.0000000000000000e+00
9                                      0.0000000000000000e+00
10                                     0.0000000000000000e+00
11                                     0.0000000000000000e+00
12                                     0.0000000000000000e+00
13                                     0.0000000000000000e+00
14                                     0.0000000000000000e+00
15                                     0.0000000000000000e+00
16                                     0.0000000000000000e+00
17                                     0.0000000000000000e+00
18                                     0.0000000000000000e+00
19                                     0.0000000000000000e+00
20                                     0.0000000000000000e+00
21                                     0.0000000000000000e+00
22                                     0.0000000000000000e+00
23                                     0.0000000000000000e+00
24                                     0.0000000000000000e+00
25                                     0.0000000000000000e+00
$End
$VdW_Correction
   &GeometryIndex 1
   &ListStatus       OUT
   &VDW [&Type "Double"]      -2.7276181220165886e-02
$End
$Calculation_Info
   &GeometryIndex 1
   &ListStatus       OUT
   &MULT [&Type "Integer"] 1
   &CHARGE [&Type "Integer"] 0
   &NUMOFATOMS [&Type "Integer"] 26
   &NUMOFELECTRONS [&Type "Integer"] 102
   &NUMOFFCELECTRONS [&Type "Integer"] 1
   &NUMOFCORRELECTRONS [&Type "Integer"] 0
   &NUMOFBASISFUNCTS [&Type "Integer"] 200
   &NUMOFAUXCBASISFUNCTS [&Type "Integer"] 0
   &NUMOFAUXJBASISFUNCTS [&Type "Integer"] 744
   &NUMOFAUXJKBASISFUNCTS [&Type "Integer"] 0
   &NUMOFCABSBASISFUNCTS [&Type "Integer"] 0
   &TOTALENERGY [&Type "Double"]      -9.3180947115173490e+02  "Hartrees"
$End
$SCF_Dipole_Moment
   &GeometryIndex 1
   &ListStatus       OUT
   &METHOD [&Type "String"] "SCF"
   &LEVEL [&Type "String"] "Relaxed density"
   &MULT [&Type "Integer"] 1
   &STATE [&Type "Integer"] -1
   &IRREP [&Type "Integer"] 0
   &NATOMS [&Type "Integer"] 26
   &DODIPOLEATOM [&Type "Boolean"] false
   &DIPOLEELECCONTRIB [&Type "ArrayOfDoubles", &Dim (3,1)] "Electronic contribution"
                                                         0

0                                     -8.0306490260746681e+00
1                                      2.7252207043594563e+00
2                                      2.0646172339812296e+00
   &DIPOLENUCCONTRIB [&Type "ArrayOfDoubles", &Dim (3,1)] "Nuclear contribution"
                                                         0

0                                      8.9522524683619036e+00
1                                     -3.9403432422073390e+00
2                                     -1.5081399930437098e+00
   &DIPOLETOTAL [&Type "ArrayOfDoubles", &Dim (3,1)] "Total"
                                                         0

0                                      9.2160344228723545e-01
1                                     -1.2151225378478827e+00
2                                      5.5647724093751982e-01
   &DIPOLEMAGNITUDE [&Type "Double", &Units "a.u."]       1.6234354334259786e+00
$End
