           1           2   1.02066937494754     
           2           3   1.00733833437513     
           3           4   1.00141606677716     
           4           5  0.922687974192941     
           5           6   1.17001451468926     
           5           7  0.171460131421460     
           6           7   1.68115234628880     
           6           8  0.998065521694296     
           1           9  0.986741425688970     
           1          10  0.987123861881212     
           1          11  0.986768534423957     
           2          12  0.977386551542063     
           2          13  0.977876935223569     
           3          14  0.971582571037283     
           3          15  0.972400486386113     
           4          16  0.966887637525544     
           4          17  0.966034536431407     
           8          18  0.952779550827220     
           8          19  0.956216926722102     
           8          20  0.980412161632084     
