*************************************************
******************* ORCA 6.0.0 ******************
*************************************************
$Calculation_Status
   &GeometryIndex 1
   &ListStatus       OUT
   &VERSION [&Type "String"] "6.0.0"
   &PROGNAME [&Type "String"] "LeanSCF"
   &STATUS [&Type "String"] "NORMAL TERMINATION"
$End
$Geometry
   &GeometryIndex 1
   &ListStatus       OUT
   &NATOMS [&Type "Integer"] 26
   &NCORELESSECP [&Type "Integer"] 0
   &NGHOSTATOMS [&Type "Integer"] 0
   &CartesianCoordinates [&Type "Coordinates", &Dim(26,4), &Units "Bohr"] 
              C      1.390383213713   -0.596622828512   -2.991056348373
              C      2.843088778773   -0.733495290636   -0.509601203851
              C      5.535027164359   -1.684325217942   -0.936801244885
              C      1.699779180758   -2.333881215269    1.527315610581
              N     -0.446745180427   -3.282827427849    1.929529054889
              O     -2.448256578854   -2.855348933213    0.195444948455
              C     -3.674920576885   -0.593299250564    0.391060184479
              O     -2.957967526282    1.136963199214    1.721456115668
              N     -5.701790843549   -0.607518296438   -1.107823839926
              C     -7.402235811485    1.521350746920   -1.320149319250
              S      2.867409606651    2.450549363919    1.045467804778
              C      5.292724931404    4.110607526141   -0.758666691050
              H      2.555810504849    0.292839826564   -4.430899287844
              H      0.889822062845   -2.488691484523   -3.624592325625
              H     -0.326508407562    0.514139263053   -2.781139441224
              H      6.645356874868   -1.526781671674    0.784313508198
              H      6.450985093758   -0.615895501711   -2.430017828491
              H      5.465672599339   -3.660505425248   -1.501860658272
              H      3.003965662669   -2.825754525037    3.030535234221
              H     -6.098634852336   -2.207991874884   -2.064105323071
              H     -9.283541564993    1.000296079645   -0.668064630629
              H     -7.497619490163    2.154194131229   -3.276281919000
              H     -6.665655216580    3.036437901137   -0.140782793989
              H      7.141465728353    3.327199137235   -0.356568147192
              H      5.191391402183    6.046748646979   -0.093607334411
              H      4.849351490673    4.036637049170   -2.757454008247
$End
$SCF_Energy
   &GeometryIndex 1
   &ListStatus       OUT
   &SCF_ENERGY [&Type "Double"]      -9.3188406314967722e+02
$End
$DFT_Energy
   &GeometryIndex 1
   &ListStatus       OUT
   &NALPHAEL [&Type "Integer"] 50
   &NBETAEL [&Type "Integer"] 50
   &NTOTALEL [&Type "Integer"] 101
   &EEXCHANGE [&Type "Double"]      -9.5535465417223136e+01
   &ECORR [&Type "Double"]      -3.5049711333582625e+00
   &ECNL [&Type "Double"]       0.0000000000000000e+00
   &EXC [&Type "Double"]      -9.9040436550581404e+01
   &EEMBED [&Type "Double"]       0.0000000000000000e+00
   &FINALEN [&Type "Double"]      -9.3188406314967722e+02  "No Van der Waals correction"
$End
$Mulliken_Population_Analysis
   &GeometryIndex 1
   &ListStatus       OUT
   &NATOMS [&Type "Integer"] 26
   &ATNO [&Type "ArrayOfIntegers", &Dim (26,1)] 
                                                         0

0                                                        6
1                                                        6
2                                                        6
3                                                        6
4                                                        7
5                                                        8
6                                                        6
7                                                        8
8                                                        7
9                                                        6
10                                                      16
11                                                       6
12                                                       1
13                                                       1
14                                                       1
15                                                       1
16                                                       1
17                                                       1
18                                                       1
19                                                       1
20                                                       1
21                                                       1
22                                                       1
23                                                       1
24                                                       1
25                                                       1
   &ATOMICCHARGES [&Type "ArrayOfDoubles", &Dim (26,1)] 
                                                         0

0                                     -1.7780412568905923e-01
1                                     -3.4141436310621920e-01
2                                     -2.1732860292346423e-01
3                                     -4.9648213986515088e-02
4                                      6.7228007356053610e-02
5                                     -2.4876116362876211e-01
6                                      1.8542504310894792e-01
7                                     -2.2200029467836657e-01
8                                     -2.9135550052035164e-01
9                                     -1.7330706472178736e-01
10                                     1.9014172306341948e-04
11                                    -3.7688095290775703e-01
12                                     9.7513605027289452e-02
13                                     1.0651677597171239e-01
14                                     1.4234130560170499e-01
15                                     1.2006573430488199e-01
16                                     1.1537189783903323e-01
17                                     1.1665001161377764e-01
18                                     1.0839379945907934e-01
19                                     2.3248992958558312e-01
20                                     1.1548921580427640e-01
21                                     1.1290156751952796e-01
22                                     1.4233294834645616e-01
23                                     1.4368599694749962e-01
24                                     1.5125773376810769e-01
25                                     1.4064656818531773e-01
$End
$Loewdin_Population_Analysis
   &GeometryIndex 1
   &ListStatus       OUT
   &NATOMS [&Type "Integer"] 26
   &ATNO [&Type "ArrayOfIntegers", &Dim (26,1)] 
                                                         0

0                                                        6
1                                                        6
2                                                        6
3                                                        6
4                                                        7
5                                                        8
6                                                        6
7                                                        8
8                                                        7
9                                                        6
10                                                      16
11                                                       6
12                                                       1
13                                                       1
14                                                       1
15                                                       1
16                                                       1
17                                                       1
18                                                       1
19                                                       1
20                                                       1
21                                                       1
22                                                       1
23                                                       1
24                                                       1
25                                                       1
   &ATOMICCHARGES [&Type "ArrayOfDoubles", &Dim (26,1)] 
                                                         0

0                                      6.5665058217457997e-05
1                                      3.4914035302589406e-03
2                                      2.4971196549343288e-04
3                                      1.2482722172796343e-02
4                                      1.3238818489313733e-01
5                                      3.3171185185307994e-01
6                                      1.7434390869372790e-01
7                                      2.7774008640525877e-01
8                                      6.0278807307791782e-02
9                                      6.2039053938388600e-03
10                                     2.9401905894469060e-05
11                                     1.8050932062274436e-05
12                                     6.3306986962784315e-07
13                                     1.0645655946552057e-05
14                                     3.3750565866040272e-07
15                                     1.0163364214840910e-06
16                                     8.0778344198055042e-06
17                                     3.3091783562764600e-06
18                                     5.8353611338493775e-07
19                                     8.0403693490609010e-04
20                                     6.3782608903462475e-05
21                                     5.4669577511584183e-05
22                                     4.7601104545488430e-05
23                                     1.0482751263549258e-07
24                                     3.5342233496456787e-07
25                                     1.1482959424842205e-06
$End
$Mayer_Population_Analysis
   &GeometryIndex 1
   &ListStatus       OUT
   &NATOMS [&Type "Integer"] 26 "Total number of atoms"
   &BONDTHRESH [&Type "Double"]       1.0000000000000001e-01  "The threshold for printing"
   &NBONDORDERSPRINT [&Type "Integer"] 25 "The number of bond orders larger than threshold"
   &BONDORDERS [&Type "ArrayOfDoubles", &Dim (25,1)] "The bond orders"
                                                         0

0                                      1.0557674958670866e+00
1                                      9.3324082169521205e-01
2                                      9.3312515515081984e-01
3                                      9.2520336033683892e-01
4                                      1.0358262927603203e+00
5                                      9.1629843243676978e-01
6                                      1.0107525584853307e+00
7                                      9.4044258176813167e-01
8                                      9.3288934766524090e-01
9                                      9.3885414640556264e-01
10                                     2.0341653641947319e+00
11                                     9.1892132580787511e-01
12                                     8.7850414465906068e-01
13                                     1.0415718896626371e+00
14                                     2.0313720995590465e+00
15                                     1.2231865732859761e+00
16                                     1.0217434568836146e+00
17                                     8.5732447137109624e-01
18                                     9.5871518654224142e-01
19                                     9.5923664666794650e-01
20                                     9.3751562691194135e-01
21                                     1.0426197353052953e+00
22                                     9.3465814381372658e-01
23                                     9.4465225279297338e-01
24                                     9.3898407716032251e-01
   &COMPONENTS [&Type "ArrayOfIntegers", &Dim (25,4)] "The indices and atomic numbers of the bonding atoms"
                                                         0                           1                           2                           3

0                                                        0                           6                           1                           6
1                                                        0                           6                          12                           1
2                                                        0                           6                          13                           1
3                                                        0                           6                          14                           1
4                                                        1                           6                           2                           6
5                                                        1                           6                           3                           6
6                                                        1                           6                          10                          16
7                                                        2                           6                          15                           1
8                                                        2                           6                          16                           1
9                                                        2                           6                          17                           1
10                                                       3                           6                           4                           7
11                                                       3                           6                          18                           1
12                                                       4                           7                           5                           8
13                                                       5                           8                           6                           6
14                                                       6                           6                           7                           8
15                                                       6                           6                           8                           7
16                                                       8                           7                           9                           6
17                                                       8                           7                          19                           1
18                                                       9                           6                          20                           1
19                                                       9                           6                          21                           1
20                                                       9                           6                          22                           1
21                                                      10                          16                          11                           6
22                                                      11                           6                          23                           1
23                                                      11                           6                          24                           1
24                                                      11                           6                          25                           1
   &ATNO [&Type "ArrayOfIntegers", &Dim (26,1)] "Atomic number of the elements"
                                                         0

0                                                        6
1                                                        6
2                                                        6
3                                                        6
4                                                        7
5                                                        8
6                                                        6
7                                                        8
8                                                        7
9                                                        6
10                                                      16
11                                                       6
12                                                       1
13                                                       1
14                                                       1
15                                                       1
16                                                       1
17                                                       1
18                                                       1
19                                                       1
20                                                       1
21                                                       1
22                                                       1
23                                                       1
24                                                       1
25                                                       1
   &NA [&Type "ArrayOfDoubles", &Dim (26,1)] "Mulliken gross atomic population"
                                                         0

0                                      6.1778041256890486e+00
1                                      6.3414143631062361e+00
2                                      6.2173286029234545e+00
3                                      6.0496482139865018e+00
4                                      6.9327719926439419e+00
5                                      8.2487611636287728e+00
6                                      5.8145749568910556e+00
7                                      8.2220002946783470e+00
8                                      7.2913555005203445e+00
9                                      6.1733070647217891e+00
10                                     1.5999809858276937e+01
11                                     6.3768809529077632e+00
12                                     9.0248639497270977e-01
13                                     8.9348322402828695e-01
14                                     8.5765869439829456e-01
15                                     8.7993426569511768e-01
16                                     8.8462810216096710e-01
17                                     8.8334998838622270e-01
18                                     8.9160620054092043e-01
19                                     7.6751007041441699e-01
20                                     8.8451078419572393e-01
21                                     8.8709843248047204e-01
22                                     8.5766705165354429e-01
23                                     8.5631400305250038e-01
24                                     8.4874226623189297e-01
25                                     8.5935343181468271e-01
   &ZA [&Type "ArrayOfDoubles", &Dim (26,1)] "Total nuclear charge"
                                                         0

0                                      6.0000000000000000e+00
1                                      6.0000000000000000e+00
2                                      6.0000000000000000e+00
3                                      6.0000000000000000e+00
4                                      7.0000000000000000e+00
5                                      8.0000000000000000e+00
6                                      6.0000000000000000e+00
7                                      8.0000000000000000e+00
8                                      7.0000000000000000e+00
9                                      6.0000000000000000e+00
10                                     1.6000000000000000e+01
11                                     6.0000000000000000e+00
12                                     1.0000000000000000e+00
13                                     1.0000000000000000e+00
14                                     1.0000000000000000e+00
15                                     1.0000000000000000e+00
16                                     1.0000000000000000e+00
17                                     1.0000000000000000e+00
18                                     1.0000000000000000e+00
19                                     1.0000000000000000e+00
20                                     1.0000000000000000e+00
21                                     1.0000000000000000e+00
22                                     1.0000000000000000e+00
23                                     1.0000000000000000e+00
24                                     1.0000000000000000e+00
25                                     1.0000000000000000e+00
   &QA [&Type "ArrayOfDoubles", &Dim (26,1)] "Mulliken gross atomic charge"
                                                         0

0                                     -1.7780412568904858e-01
1                                     -3.4141436310623607e-01
2                                     -2.1732860292345446e-01
3                                     -4.9648213986501766e-02
4                                      6.7228007356058050e-02
5                                     -2.4876116362877276e-01
6                                      1.8542504310894437e-01
7                                     -2.2200029467834703e-01
8                                     -2.9135550052034453e-01
9                                     -1.7330706472178914e-01
10                                     1.9014172306341948e-04
11                                    -3.7688095290776324e-01
12                                     9.7513605027290229e-02
13                                     1.0651677597171305e-01
14                                     1.4234130560170544e-01
15                                     1.2006573430488232e-01
16                                     1.1537189783903290e-01
17                                     1.1665001161377730e-01
18                                     1.0839379945907957e-01
19                                     2.3248992958558301e-01
20                                     1.1548921580427607e-01
21                                     1.1290156751952796e-01
22                                     1.4233294834645571e-01
23                                     1.4368599694749962e-01
24                                     1.5125773376810703e-01
25                                     1.4064656818531729e-01
   &VA [&Type "ArrayOfDoubles", &Dim (26,1)] "Mayer's total valence"
                                                         0

0                                      3.8485738962236860e+00
1                                      4.0904418261278455e+00
2                                      3.8681731704142885e+00
3                                      3.9876570416497019e+00
4                                      3.0686810481964701e+00
5                                      2.1195843958435483e+00
6                                      4.4347971197545517e+00
7                                      2.3066803870676358e+00
8                                      3.2223533223371597e+00
9                                      3.9004445504572822e+00
10                                     2.1765098767896229e+00
11                                     3.9097436535910544e+00
12                                     9.6731755741326009e-01
13                                     9.6539828261078842e-01
14                                     9.7892993664206751e-01
15                                     9.7028835218038223e-01
16                                     9.6549561561863007e-01
17                                     9.5460386917248152e-01
18                                     9.6803736882025215e-01
19                                     9.2444131661746787e-01
20                                     9.5296974852734884e-01
21                                     9.5331504524479616e-01
22                                     9.9567145543911739e-01
23                                     9.4183965491255550e-01
24                                     9.4768128893506198e-01
25                                     9.4576159098703227e-01
   &BVA [&Type "ArrayOfDoubles", &Dim (26,1)] "Mayer's bonded valence"
                                                         0

0                                      3.8485738962236598e+00
1                                      4.0904418261277780e+00
2                                      3.8681731704143285e+00
3                                      3.9876570416497494e+00
4                                      3.0686810481964786e+00
5                                      2.1195843958435341e+00
6                                      4.4347971197545126e+00
7                                      2.3066803870676691e+00
8                                      3.2223533223371570e+00
9                                      3.9004445504572547e+00
10                                     2.1765098767896460e+00
11                                     3.9097436535910473e+00
12                                     9.6731755741325642e-01
13                                     9.6539828261078175e-01
14                                     9.7892993664207151e-01
15                                     9.7028835218038190e-01
16                                     9.6549561561863029e-01
17                                     9.5460386917248052e-01
18                                     9.6803736882025371e-01
19                                     9.2444131661746620e-01
20                                     9.5296974852734473e-01
21                                     9.5331504524478494e-01
22                                     9.9567145543911728e-01
23                                     9.4183965491255772e-01
24                                     9.4768128893506343e-01
25                                     9.4576159098703239e-01
   &FA [&Type "ArrayOfDoubles", &Dim (26,1)] "Mayer's free valence"
                                                         0

0                                      0.0000000000000000e+00
1                                      0.0000000000000000e+00
2                                      0.0000000000000000e+00
3                                      0.0000000000000000e+00
4                                      0.0000000000000000e+00
5                                      0.0000000000000000e+00
6                                      0.0000000000000000e+00
7                                      0.0000000000000000e+00
8                                      0.0000000000000000e+00
9                                      0.0000000000000000e+00
10                                     0.0000000000000000e+00
11                                     0.0000000000000000e+00
12                                     0.0000000000000000e+00
13                                     0.0000000000000000e+00
14                                     0.0000000000000000e+00
15                                     0.0000000000000000e+00
16                                     0.0000000000000000e+00
17                                     0.0000000000000000e+00
18                                     0.0000000000000000e+00
19                                     0.0000000000000000e+00
20                                     0.0000000000000000e+00
21                                     0.0000000000000000e+00
22                                     0.0000000000000000e+00
23                                     0.0000000000000000e+00
24                                     0.0000000000000000e+00
25                                     0.0000000000000000e+00
$End
$VdW_Correction
   &GeometryIndex 1
   &ListStatus       OUT
   &VDW [&Type "Double"]      -2.8812329223143425e-02
$End
$Calculation_Info
   &GeometryIndex 1
   &ListStatus       OUT
   &MULT [&Type "Integer"] 1
   &CHARGE [&Type "Integer"] 0
   &NUMOFATOMS [&Type "Integer"] 26
   &NUMOFELECTRONS [&Type "Integer"] 102
   &NUMOFFCELECTRONS [&Type "Integer"] 1
   &NUMOFCORRELECTRONS [&Type "Integer"] 0
   &NUMOFBASISFUNCTS [&Type "Integer"] 200
   &NUMOFAUXCBASISFUNCTS [&Type "Integer"] 0
   &NUMOFAUXJBASISFUNCTS [&Type "Integer"] 744
   &NUMOFAUXJKBASISFUNCTS [&Type "Integer"] 0
   &NUMOFCABSBASISFUNCTS [&Type "Integer"] 0
   &TOTALENERGY [&Type "Double"]      -9.3179488099610035e+02  "Hartrees"
$End
$SCF_Dipole_Moment
   &GeometryIndex 1
   &ListStatus       OUT
   &METHOD [&Type "String"] "SCF"
   &LEVEL [&Type "String"] "Relaxed density"
   &MULT [&Type "Integer"] 1
   &STATE [&Type "Integer"] -1
   &IRREP [&Type "Integer"] 0
   &NATOMS [&Type "Integer"] 26
   &DODIPOLEATOM [&Type "Boolean"] false
   &DIPOLEELECCONTRIB [&Type "ArrayOfDoubles", &Dim (3,1)] "Electronic contribution"
                                                         0

0                                     -5.8405764651230445e+00
1                                     -3.4735357278117265e+00
2                                      8.5428643159438789e+00
   &DIPOLENUCCONTRIB [&Type "ArrayOfDoubles", &Dim (3,1)] "Nuclear contribution"
                                                         0

0                                      6.0131208466496258e+00
1                                      3.4540397350489833e+00
2                                     -1.0081921368861920e+01
   &DIPOLETOTAL [&Type "ArrayOfDoubles", &Dim (3,1)] "Total"
                                                         0

0                                      1.7254438152658125e-01
1                                     -1.9495992762743164e-02
2                                     -1.5390570529180412e+00
   &DIPOLEMAGNITUDE [&Type "Double", &Units "a.u."]       1.5488215744452172e+00
$End
