           1           2  0.978574575114649     
           2           3   1.00492100208419     
           2           4   1.00854959016833     
           4           5   1.85745799260890     
           5           6  0.979618563341402     
           6           7  0.998904039536230     
           6           8  0.110896757714573     
           7           8   1.60160344730850     
           7           9   1.28509761337300     
           8           9  0.184319931757675     
           9          10  0.991806008342594     
           2          11  0.915048053451984     
          11          12   1.01403469800804     
           1          13  0.982788943329966     
           1          14  0.978547377340373     
           1          15  0.978662832661223     
           3          16  0.982199742492291     
           3          17  0.983199501319888     
           3          18  0.976762753883557     
           4          19  0.940282107251496     
           9          20  0.915336331215331     
          10          21  0.972224691797987     
          10          22  0.978000305333405     
          10          23  0.972399690110965     
          12          24  0.984746381995210     
          12          25  0.975956731306233     
          12          26  0.980064081236358     
