$hessian                                                                        
        0.4647010133  -0.0188179872  -0.0064941321  -0.1874192381  -0.0397316202
       -0.0168006281  -0.0191662962  -0.0060315271   0.0049637925  -0.0012656590
       -0.0004216922   0.0030425564  -0.0002139484   0.0001051316   0.0000276500
       -0.0000338669  -0.0000427819  -0.0001768894   0.0002853470   0.0000544865
        0.0000490319   0.0001156640  -0.0000110145  -0.0001163663  -0.0001130988
       -0.0001046293   0.0000624624  -0.0001460153   0.0000297400  -0.0000153019
        0.0000837264  -0.0000314640  -0.0000274839  -0.0003337234  -0.0001222548
       -0.0000082580  -0.0425469960  -0.0020479512  -0.0014799954  -0.0825032403
       -0.0077916438   0.0902756817  -0.1065737276   0.0829493800  -0.0663915949
       -0.0213753317  -0.0039657436  -0.0040571494  -0.0048755022  -0.0039725726
       -0.0013035870   0.0010195885   0.0001798877  -0.0008078958   0.0005440802
       -0.0001063080  -0.0008628986  -0.0000803887   0.0000098925   0.0000745939
       -0.0000669107  -0.0000371639  -0.0000188107  -0.0000552621  -0.0001283469
        0.0000463342  -0.0000242578   0.0000198168   0.0000068598  -0.0000038756
       -0.0000028263   0.0000094518  -0.0000012174  -0.0000209451   0.0000063891
        0.0000491368   0.0000401374  -0.0000038123
       -0.0188179872   0.5149360574  -0.0020884304  -0.0397160906  -0.0814340791
       -0.0053662121  -0.0050496055  -0.0014100106   0.0015108961  -0.0004481801
        0.0003543064   0.0007460549   0.0000020870  -0.0001069163   0.0000592623
        0.0002044625   0.0000207840   0.0000193634   0.0000358517   0.0001488358
       -0.0000013578  -0.0000540113  -0.0001638208  -0.0000455811   0.0000356590
       -0.0001647185  -0.0000190610  -0.0001066843   0.0001701519  -0.0000399789
       -0.0000579539  -0.0001269408  -0.0000017047  -0.0001134056   0.0000126797
       -0.0000066859  -0.0018141386  -0.2320518888  -0.0968006359  -0.0078000253
       -0.0461338928   0.0194707799   0.0826854833  -0.1496116694   0.0848027824
        0.0179076251   0.0055957936   0.0029059224  -0.0270512010  -0.0113889760
       -0.0046756335  -0.0006746330   0.0002801401  -0.0003258024   0.0009233946
        0.0008306122  -0.0001829144  -0.0000972185   0.0001030236  -0.0000438417
       -0.0000178462   0.0000201243   0.0000062759  -0.0000286586   0.0000819225
        0.0000727535   0.0000099585   0.0000120364  -0.0000031703   0.0000138931
        0.0000182663   0.0000040349  -0.0000026307   0.0000198423   0.0000007067
        0.0000318556  -0.0000116633   0.0000021777
       -0.0064941321  -0.0020884304   0.5229091051  -0.0154816899  -0.0049231335
       -0.0656624225   0.0249606762   0.0079770648  -0.0024419073   0.0018386441
        0.0003085651  -0.0043188850   0.0006756073   0.0002218527   0.0001582224
        0.0000003604   0.0000421338   0.0003486579  -0.0007158019  -0.0002553258
       -0.0000779596  -0.0002979685   0.0002975644   0.0002659451   0.0006070651
        0.0002721107   0.0001611782   0.0003940117  -0.0002704617   0.0000856555
        0.0000170673   0.0000495720  -0.0000473643   0.0007436204   0.0002252142
        0.0000733193  -0.0015643970  -0.0968509464  -0.0949724260   0.0900973238
        0.0194131014  -0.2411490064  -0.0664515053   0.0848069604  -0.1136037399
       -0.0166050019  -0.0039445765  -0.0018705511  -0.0133950231  -0.0058539915
       -0.0013504615   0.0010226660  -0.0002540001   0.0009189236   0.0005762465
        0.0008158231   0.0008610564   0.0000211666  -0.0000001515  -0.0001344627
        0.0000903225   0.0000752631   0.0000110443   0.0000258600  -0.0000171111
       -0.0001561429   0.0000012520  -0.0000046042   0.0000121291  -0.0000151730
        0.0000122383  -0.0000049137  -0.0000046957  -0.0000118740   0.0000208029
       -0.0000465013  -0.0000428573  -0.0000357969
       -0.1874192381  -0.0397160906  -0.0154816899   0.4697102110  -0.0202849169
        0.0258397252  -0.0763885838  -0.0004859765   0.0484324807  -0.0233537784
       -0.0070189353   0.0220215068  -0.0005252194   0.0014764019   0.0006886736
       -0.0005194197  -0.0000978381  -0.0013166635   0.0011993520   0.0002001909
        0.0000864806   0.0001179396  -0.0004379142  -0.0012451211  -0.0001605120
       -0.0013317289   0.0005101306  -0.0004225370   0.0002179159  -0.0000578678
        0.0001206811  -0.0000993410  -0.0000009277  -0.0011022101  -0.0003605259
        0.0000444191  -0.0040878462  -0.0046885433  -0.0020308796  -0.0165955401
       -0.0054800585   0.0011296874  -0.0214289860  -0.0030650385  -0.0047838207
       -0.1015385439   0.0787917128  -0.0643797509  -0.0420605671   0.0000297347
       -0.0028957460   0.0053886908   0.0015022058  -0.0111987734  -0.0006003489
        0.0007663596   0.0037558264  -0.0000685553   0.0000087268   0.0003964875
       -0.0001171713  -0.0000882525  -0.0000582708  -0.0001980314  -0.0000002596
        0.0005133556   0.0000047099   0.0000430877  -0.0000054617  -0.0000101054
        0.0000005179   0.0000285266  -0.0000349689   0.0000013691  -0.0000265143
        0.0000905786   0.0001171965   0.0000341873
       -0.0397316202  -0.0814340791  -0.0049231335  -0.0202849169   0.5301351574
        0.0053006669  -0.0009950674  -0.0665175422   0.0109949806  -0.0076690007
       -0.0008772834   0.0072488085  -0.0011361253  -0.0003176637  -0.0003993140
        0.0002892085  -0.0001401861  -0.0005396543   0.0002726067   0.0003843870
        0.0000011242  -0.0000172700  -0.0005636203  -0.0002922633   0.0009011732
       -0.0004777786   0.0008465407  -0.0002360230   0.0003115245  -0.0000380261
       -0.0000971875  -0.0001483737  -0.0000186836  -0.0003677138  -0.0000691756
        0.0000235173  -0.0273546689  -0.0118692546  -0.0048113629  -0.0042199223
       -0.0009742073   0.0003917100   0.0184082302   0.0060126679   0.0024938543
        0.0786645745  -0.1465860298   0.0801218394   0.0001519397  -0.2243801942
       -0.0923306605  -0.0073550459  -0.0028925892   0.0206904131   0.0107406037
        0.0004484938  -0.0250697123  -0.0001860689  -0.0000543597   0.0002832408
       -0.0000712405  -0.0000282171   0.0000075209   0.0001820134   0.0000141201
        0.0000015029  -0.0000031639   0.0000095804  -0.0000013250   0.0000104958
        0.0000121051  -0.0000034272   0.0000586562   0.0000068742   0.0000100209
        0.0000455333  -0.0000043558   0.0000118223
       -0.0168006281  -0.0053662121  -0.0656624225   0.0258397252   0.0053006669
        0.4742828482   0.0388611703   0.0078017378  -0.1639574188   0.0111624190
        0.0039004575   0.0026889731  -0.0014923412  -0.0015801157  -0.0003496238
        0.0003951512   0.0001136181   0.0000031030   0.0010266784   0.0003918948
        0.0001901698   0.0010254521  -0.0003278540   0.0001571762  -0.0022131575
        0.0003213520  -0.0005866592  -0.0007137489   0.0005475827  -0.0001076595
       -0.0000346873  -0.0001474152  -0.0000778031  -0.0012187736  -0.0003934518
       -0.0001358033  -0.0133815036  -0.0060000284  -0.0020757759   0.0261504000
        0.0085530901   0.0008040686  -0.0166743792  -0.0038921272  -0.0025933480
       -0.0641622062   0.0806289561  -0.1100168060  -0.0024474176  -0.0926768587
       -0.0922808324   0.0065247320   0.0054166861  -0.0215886330   0.0081587206
       -0.0025242460  -0.0190383346   0.0000376540  -0.0001011010   0.0001174035
       -0.0001044923  -0.0001344909   0.0000150271  -0.0000669874   0.0000549305
        0.0001741723  -0.0000053649   0.0000128837   0.0000079764   0.0000446770
        0.0000254693   0.0000479487  -0.0000099196  -0.0000129169   0.0000038320
        0.0000988275   0.0000874924  -0.0000215788
       -0.0191662962  -0.0050496055   0.0249606762  -0.0763885838  -0.0009950674
        0.0388611703   0.4733641133  -0.0215218647   0.0368693769  -0.1927314200
       -0.0424375852  -0.0176904614  -0.0117273459  -0.0104347426  -0.0021676863
        0.0015386913  -0.0007620968  -0.0008933676  -0.0002026522  -0.0001707041
       -0.0002337889  -0.0005690813   0.0031773694  -0.0010594273  -0.0305705775
       -0.0016272836  -0.0050163450  -0.0013187260  -0.0002652536  -0.0001534113
        0.0001685143  -0.0000601330   0.0000454993  -0.0006267021  -0.0001971573
        0.0001634125   0.0008758625   0.0006507172   0.0004628384  -0.0061802708
       -0.0021738554   0.0007074968   0.0008861921  -0.0003060979   0.0009784002
        0.0052589178   0.0009835994  -0.0107804780  -0.0010936252   0.0010253659
        0.0037616790  -0.1010475015   0.0789362756  -0.0660655029  -0.0417616253
        0.0012561947  -0.0043165088   0.0008103746   0.0013920556   0.0007808565
       -0.0002745472  -0.0000176401   0.0000204151   0.0006788141  -0.0014220110
        0.0007431218   0.0000010821   0.0000354431  -0.0000085083   0.0000004813
       -0.0000490046  -0.0000518053  -0.0000133812  -0.0000360387   0.0000402554
        0.0000892928   0.0000691205   0.0000420929
       -0.0060315271  -0.0014100106   0.0079770648  -0.0004859765  -0.0665175422
        0.0078017378  -0.0215218647   0.5378043503   0.0061411831  -0.0426750368
       -0.0809712562  -0.0051968942  -0.0278898573  -0.0138559389  -0.0032854394
       -0.0007472972  -0.0046264598   0.0007039794   0.0000811123  -0.0004995528
       -0.0000022699   0.0023127440  -0.0017506904   0.0002033762   0.0156764884
        0.0048157952   0.0015114236   0.0017203313   0.0000038235   0.0003484476
       -0.0002232865  -0.0001233452  -0.0000186566  -0.0002254618   0.0001396404
       -0.0000727668  -0.0003900502   0.0005235826   0.0009669302  -0.0022137244
       -0.0001459756   0.0002668313   0.0005970580   0.0004261411  -0.0004501302
       -0.0075404528  -0.0030589181   0.0202667429   0.0107176658   0.0007660900
       -0.0243087172   0.0792137020  -0.1485929507   0.0805571353   0.0007856557
       -0.2243478998  -0.0932234860  -0.0014491389   0.0009115558  -0.0004644231
       -0.0014343324  -0.0006436192  -0.0002392224   0.0015612315   0.0010328527
        0.0004948336   0.0000048000  -0.0000082950   0.0000001690   0.0000442072
        0.0000522341  -0.0000240285   0.0000232403   0.0000472262   0.0000279374
        0.0000897702   0.0000291626   0.0000182423
        0.0049637925   0.0015108961  -0.0024419073   0.0484324807   0.0109949806
       -0.1639574188   0.0368693769   0.0061411831   0.4523410095  -0.0268083412
       -0.0084395237  -0.0596538878  -0.0012476099  -0.0002107018   0.0003978859
       -0.0014244756  -0.0002067078   0.0063251261  -0.0017925659  -0.0006836673
        0.0001816361  -0.0026506436   0.0015589174   0.0057925242  -0.0051656915
       -0.0011615764  -0.0003242723   0.0005914142  -0.0008305714   0.0001590206
        0.0000483467   0.0002170745  -0.0000612058   0.0021081305   0.0005962575
       -0.0007701980  -0.0009509365  -0.0000648647   0.0008481393  -0.0004593244
       -0.0001203279   0.0011627250  -0.0008743249  -0.0004892905   0.0009362646
        0.0070507551   0.0049400712  -0.0207257007   0.0082830347  -0.0017175968
       -0.0181363772  -0.0650237073   0.0809777049  -0.1079054604  -0.0033453525
       -0.0929592104  -0.0900980142   0.0007708666   0.0003333056  -0.0020314585
        0.0000546234   0.0001193983   0.0001621972   0.0007506886  -0.0003238392
       -0.0020625581   0.0000046737  -0.0000262092   0.0000267028   0.0000028572
        0.0000047380  -0.0000212825  -0.0000674788  -0.0000055858   0.0000616072
       -0.0001205888  -0.0001548543  -0.0002050971
       -0.0012656590  -0.0004481801   0.0018386441  -0.0233537784  -0.0076690007
        0.0111624190  -0.1927314200  -0.0426750368  -0.0268083412   0.6114873563
        0.0012177546   0.0653119997  -0.0996155448  -0.0877031418  -0.0052093409
       -0.0005609548  -0.0324358448   0.0011421454  -0.0005917443   0.0178846292
        0.0001572209  -0.0575377754  -0.0023304938  -0.0081830858  -0.2068530623
        0.1462756023  -0.0301639045  -0.0046335574  -0.0026415979  -0.0018266707
        0.0011096649   0.0008472108  -0.0000196697  -0.0012656657  -0.0003975913
       -0.0002605263   0.0000498481   0.0001894576   0.0002196812  -0.0003596867
       -0.0001762942   0.0000103293   0.0001664526  -0.0000832327   0.0002169804
        0.0008540339   0.0001813898  -0.0007566445   0.0003302505   0.0002138476
       -0.0004909020  -0.0221266224  -0.0017814504  -0.0034672977  -0.0046527661
       -0.0054967240  -0.0003158692   0.0025575816   0.0216796810  -0.0007990030
       -0.0050668949  -0.0024254970  -0.0019363556   0.0041098036  -0.0026849776
        0.0001824625   0.0002187144  -0.0000184339   0.0000441817  -0.0002125325
        0.0001245480   0.0001372253  -0.0003154253   0.0001895001  -0.0001655005
        0.0002593841   0.0001638761  -0.0000201779
       -0.0004216922   0.0003543064   0.0003085651  -0.0070189353  -0.0008772834
        0.0039004575  -0.0424375852  -0.0809712562  -0.0084395237   0.0012177546
        0.6649290454  -0.0198197126  -0.0126761411  -0.3206653403   0.0072380016
       -0.0895970179  -0.0127063564  -0.0135435109   0.0148634753  -0.0598235154
        0.0042977083   0.0508331749   0.0556616979   0.0061434476   0.0718392926
       -0.1891658439   0.0159940741  -0.0011822330  -0.0036281518   0.0001077035
        0.0001712024  -0.0004814252   0.0000418502   0.0055488571   0.0026532018
        0.0007206857   0.0000592245   0.0000897602   0.0000645258  -0.0000756462
        0.0001761419  -0.0000306855  -0.0000094505  -0.0000625612   0.0000989053
       -0.0004288640  -0.0002508356   0.0002230501   0.0009018412   0.0002374068
       -0.0005578373   0.0180477176   0.0049492544   0.0034955402  -0.0265264240
       -0.0132584754  -0.0044184255  -0.0011028547  -0.0227920257   0.0003626667
       -0.0015442592   0.0008388383  -0.0000425470   0.0195726407  -0.0245902490
        0.0038251214   0.0000471105   0.0001213185   0.0000006709   0.0002015820
       -0.0004605817   0.0001479185   0.0002630707  -0.0004834153  -0.0000443173
       -0.0005458407   0.0002063451  -0.0000743323
        0.0030425564   0.0007460549  -0.0043188850   0.0220215068   0.0072488085
        0.0026889731  -0.0176904614  -0.0051968942  -0.0596538878   0.0653119997
       -0.0198197126   0.1559298664  -0.0072376216  -0.0041595857  -0.0484788595
        0.0021107228  -0.0043327134   0.0012136534   0.0007311322   0.0047705580
       -0.0041192068  -0.0107566562  -0.0029362839  -0.0048162503  -0.0270195598
        0.0276720755  -0.0506138040  -0.0016187472  -0.0000735580   0.0067233369
        0.0000332288   0.0001590140   0.0009727229  -0.0011112125  -0.0003837864
       -0.0003482752  -0.0000637227  -0.0000134923  -0.0000808404   0.0015118963
        0.0004784604  -0.0000728346  -0.0000476678  -0.0000293543  -0.0000850542
        0.0006802742   0.0002649824   0.0004025155   0.0006234031   0.0002242703
        0.0004222631  -0.0160967366  -0.0036767592  -0.0017001155  -0.0129813277
       -0.0055922588  -0.0010858489   0.0003592003   0.0043175538   0.0000068199
       -0.0018017187  -0.0000982476   0.0068850717  -0.0000599776   0.0002568026
        0.0003086422   0.0000354090   0.0000045577   0.0000025588  -0.0004292858
        0.0002690213  -0.0002317218   0.0003701010  -0.0001927846  -0.0001322347
        0.0000832651   0.0000932713   0.0001813949
       -0.0002139484   0.0000020870   0.0006756073  -0.0005252194  -0.0011361253
       -0.0014923412  -0.0117273459  -0.0278898573  -0.0012476099  -0.0996155448
       -0.0126761411  -0.0072376216   0.6526493921  -0.0030364731   0.0854495407
       -0.3039545930  -0.1069204051  -0.0375077060  -0.0562952876   0.0539933873
       -0.0105048373  -0.0204901796  -0.0357019866  -0.0014756519   0.0406422392
        0.0072480031   0.0062348506  -0.0053021458   0.0044971531  -0.0009665170
        0.0003480263  -0.0004733111   0.0000190272  -0.0051093696   0.0009051293
       -0.0018663957  -0.0000284307   0.0000398596  -0.0000090715  -0.0002578912
       -0.0000469397   0.0000862387   0.0000874120  -0.0000587925  -0.0000197153
       -0.0000710766  -0.0000381859   0.0002759863   0.0000678449  -0.0000964014
       -0.0001243657   0.0005872255  -0.0020094978   0.0005618538  -0.0043979923
       -0.0025619334  -0.0008635877  -0.1769869821   0.1262610618  -0.0274523299
       -0.0070294257  -0.0041383801  -0.0009808266  -0.0025678639   0.0036226507
       -0.0015469531   0.0000535029  -0.0001022975   0.0000165362   0.0000084904
        0.0003644905   0.0001514143   0.0000392795   0.0003707477  -0.0001558810
        0.0000898840  -0.0004178424  -0.0000196435
        0.0001051316  -0.0001069163   0.0002218527   0.0014764019  -0.0003176637
       -0.0015801157  -0.0104347426  -0.0138559389  -0.0002107018  -0.0877031418
       -0.3206653403  -0.0041595857  -0.0030364731   0.6646765326  -0.0190418595
       -0.0316391089  -0.1139704420  -0.0027412934   0.0002199511   0.0543253214
       -0.0020298498  -0.0310905779  -0.0360541413  -0.0038155417   0.0613707003
       -0.0559288566   0.0117482746  -0.0021334387   0.0024752750  -0.0004001265
        0.0004638266  -0.0001684995   0.0000959552   0.0003932941  -0.0044775278
        0.0005267510  -0.0000080544   0.0000397670   0.0000216244  -0.0000104671
        0.0000056358  -0.0000584155   0.0001233707   0.0000147067   0.0000295570
       -0.0001007669  -0.0003192386   0.0002388366   0.0000118684   0.0003257332
       -0.0003017002   0.0017688580   0.0008464633   0.0004099179  -0.0011010244
       -0.0004905661  -0.0002490909   0.1257420083  -0.1627270866   0.0243433432
       -0.0279355704  -0.0118423694  -0.0040015272   0.0031554559  -0.0022533806
        0.0009067518   0.0000990307   0.0000966417   0.0000103994  -0.0001576700
        0.0003716653   0.0002323567  -0.0000717391   0.0003554176  -0.0003016561
        0.0004928777  -0.0003551921   0.0001058436
        0.0000276500   0.0000592623   0.0001582224   0.0006886736  -0.0003993140
       -0.0003496238  -0.0021676863  -0.0032854394   0.0003978859  -0.0052093409
        0.0072380016  -0.0484788595   0.0854495407  -0.0190418595   0.1239611508
       -0.0395976740  -0.0144635915  -0.0477880036  -0.0086966017   0.0069101044
       -0.0036076977  -0.0018420805  -0.0047497372  -0.0034151071   0.0044293508
        0.0031547121   0.0023017780  -0.0007878764   0.0006606807  -0.0002671956
        0.0000239646  -0.0000690321   0.0000985529  -0.0018897207   0.0005267378
        0.0067208436   0.0000630702   0.0000562741  -0.0000078878  -0.0000501450
       -0.0000049641   0.0000300203   0.0000048960  -0.0000138195  -0.0000266537
       -0.0000635285   0.0000296658   0.0001167726  -0.0000921193   0.0001332658
        0.0002175570   0.0002798962  -0.0005398468   0.0002824307  -0.0014491942
       -0.0010849100   0.0001334728  -0.0273624569   0.0242514281  -0.0370919347
       -0.0001349627  -0.0002447026  -0.0001119895  -0.0016101957   0.0008480163
        0.0065255589   0.0000079295  -0.0000203356  -0.0000193185  -0.0000322362
        0.0000835430  -0.0000042484   0.0000524956   0.0000137966  -0.0000224746
       -0.0000416481  -0.0000479362   0.0002467485
       -0.0000338669   0.0002044625   0.0000003604  -0.0005194197   0.0002892085
        0.0003951512   0.0015386913  -0.0007472972  -0.0014244756  -0.0005609548
       -0.0895970179   0.0021107228  -0.3039545930  -0.0316391089  -0.0395976740
        0.6565274731   0.0061404688   0.0864285680  -0.2124884514   0.0750309176
       -0.0287767221   0.0348581767   0.0637699292   0.0037636460  -0.0549171406
        0.0158488640  -0.0091189472   0.0065351045  -0.0074463267   0.0005659899
       -0.0004787270   0.0000533021  -0.0002497004  -0.0481665718   0.0221089488
       -0.0090922891   0.0000732309   0.0000503107   0.0000149272  -0.0000233173
       -0.0000198065   0.0000133564  -0.0000353529  -0.0000198656   0.0000100841
        0.0000709416   0.0000621944  -0.0002516377  -0.0002176305   0.0000334439
        0.0001500740   0.0000256412   0.0001701623  -0.0000059362  -0.0007003780
       -0.0002155235   0.0002897133  -0.0240873246  -0.0048709295  -0.0035194292
       -0.0541810669  -0.0501599640  -0.0019007093  -0.0004582964   0.0002269536
       -0.0001010432  -0.0001058955  -0.0001777654  -0.0000137007   0.0001115746
       -0.0005578674  -0.0002773811   0.0000114509  -0.0004591914   0.0003253531
        0.0011767024   0.0019214976   0.0002616993
       -0.0000427819   0.0000207840   0.0000421338  -0.0000978381  -0.0001401861
        0.0001136181  -0.0007620968  -0.0046264598  -0.0002067078  -0.0324358448
       -0.0127063564  -0.0043327134  -0.1069204051  -0.1139704420  -0.0144635915
        0.0061404688   0.6655479530  -0.0181764352   0.1588849519  -0.2067301713
        0.0304771514   0.0120822310  -0.0476027999   0.0033574847   0.0097125374
       -0.0004597221   0.0014811917  -0.0055156327  -0.0021176826  -0.0006410734
        0.0012731074  -0.0023088219   0.0003436806  -0.0098162541   0.0066440992
       -0.0015661260   0.0000356193   0.0000528114   0.0000235172   0.0000141638
        0.0000021021  -0.0000048033   0.0000270013  -0.0000275851   0.0000131221
       -0.0000644616   0.0000314305  -0.0000855478  -0.0000400380  -0.0000538605
       -0.0000024486   0.0003528340  -0.0001063097   0.0000983195  -0.0010646695
       -0.0004201114  -0.0001116140   0.0193904012   0.0046787823   0.0028715998
       -0.0497961494  -0.2887185972   0.0011425049   0.0002633652   0.0008324024
        0.0000167579  -0.0000375831  -0.0004015957   0.0000106550   0.0000443189
        0.0002497092   0.0002404781   0.0001173200   0.0002143125  -0.0002319586
       -0.0017445652   0.0021163151  -0.0004091953
       -0.0001768894   0.0000193634   0.0003486579  -0.0013166635  -0.0005396543
        0.0000031030  -0.0008933676   0.0007039794   0.0063251261   0.0011421454
       -0.0135435109   0.0012136534  -0.0375077060  -0.0027412934  -0.0477880036
        0.0864285680  -0.0181764352   0.1202111788  -0.0318395646   0.0174358612
       -0.0494683675   0.0055214498   0.0114885502  -0.0025031748  -0.0086260394
        0.0024466504  -0.0036722995   0.0005040890  -0.0009324530   0.0045654224
       -0.0003350038   0.0001276810   0.0012835991  -0.0078469522   0.0033621409
        0.0028681829   0.0000210854   0.0000157807   0.0000071457  -0.0001417498
       -0.0000447062   0.0000148615   0.0000054594  -0.0000055663  -0.0000007777
        0.0000052849  -0.0000285733  -0.0000393131  -0.0001116327  -0.0000416640
       -0.0000450404   0.0003371430  -0.0001065023   0.0000464111   0.0007863354
        0.0004655230   0.0002314319  -0.0043529718  -0.0009221147  -0.0008920328
       -0.0019126261   0.0010296053  -0.0315741502  -0.0000547793   0.0000058845
       -0.0002061881  -0.0000132842  -0.0000133656  -0.0000163121  -0.0000177185
        0.0001728317  -0.0000626695   0.0000366803  -0.0003455086   0.0000764291
        0.0003587082   0.0001674964  -0.0009268734
        0.0002853470   0.0000358517  -0.0007158019   0.0011993520   0.0002726067
        0.0010266784  -0.0002026522   0.0000811123  -0.0017925659  -0.0005917443
        0.0148634753   0.0007311322  -0.0562952876   0.0002199511  -0.0086966017
       -0.2124884514   0.1588849519  -0.0318395646   0.6297039520  -0.0306470316
        0.0811005369  -0.0653765523  -0.0876130145   0.0008305715  -0.0057961034
       -0.0305661228   0.0005582996  -0.0160004613   0.0467542920  -0.0044602383
       -0.0053020758  -0.0007219416  -0.0010182286  -0.2582238533  -0.0528276886
       -0.0333968605  -0.0000717414   0.0001005215   0.0001329098   0.0002555477
        0.0000584548  -0.0001720297   0.0000189206  -0.0001033322   0.0001431775
       -0.0002309363  -0.0000055789  -0.0000073040  -0.0001451024  -0.0001490341
       -0.0001087621   0.0006453982  -0.0001615769   0.0006193061   0.0005307079
        0.0005746859   0.0005336885  -0.0029368222  -0.0020430196  -0.0015588183
        0.0029755094  -0.0040462815   0.0005818499  -0.0041644437  -0.0014635224
       -0.0018686575   0.0000436417   0.0015944250  -0.0000733853   0.0003723066
        0.0000582149   0.0002072954   0.0003762873   0.0001259010  -0.0000608955
       -0.0085807429  -0.0132762991  -0.0006957319
        0.0000544865   0.0001488358  -0.0002553258   0.0002001909   0.0003843870
        0.0003918948  -0.0001707041  -0.0004995528  -0.0006836673   0.0178846292
       -0.0598235154   0.0047705580   0.0539933873   0.0543253214   0.0069101044
        0.0750309176  -0.2067301713   0.0174358612  -0.0306470316   0.6490590393
       -0.0227938313  -0.0048539253  -0.2629433449   0.0062447052  -0.0809375644
       -0.0040463512  -0.0130054377   0.0127416089  -0.0447184871   0.0036366754
        0.0011463773  -0.0019522394   0.0002791622  -0.0248794123  -0.0850046978
       -0.0021006413   0.0000271972   0.0000756465   0.0000581992   0.0000918186
        0.0000397176  -0.0000899147  -0.0000792170  -0.0000548887   0.0000584620
       -0.0000385840   0.0000806782  -0.0001736833  -0.0001859690  -0.0000094511
        0.0002143767   0.0002456208   0.0000559180   0.0000134939  -0.0001527967
        0.0003872799   0.0003121595  -0.0024167233   0.0003350562  -0.0001076770
        0.0204523690  -0.0254045529   0.0041083970  -0.0003646060   0.0008376817
        0.0001430544  -0.0005029869  -0.0006826828  -0.0000560573   0.0003708013
       -0.0008185632  -0.0003030784   0.0002571401  -0.0008078711   0.0004548916
       -0.0372670245  -0.0122331918  -0.0054626815
        0.0000490319  -0.0000013578  -0.0000779596   0.0000864806   0.0000011242
        0.0001901698  -0.0002337889  -0.0000022699   0.0001816361   0.0001572209
        0.0042977083  -0.0041192068  -0.0105048373  -0.0020298498  -0.0036076977
       -0.0287767221   0.0304771514  -0.0494683675   0.0811005369  -0.0227938313
        0.1316008364  -0.0018795931  -0.0064735756  -0.0516816377   0.0020944421
       -0.0047289865  -0.0024399526  -0.0033552289   0.0088594571   0.0020332744
       -0.0011022974  -0.0000033008   0.0013901982  -0.0344005350  -0.0064544058
       -0.0378508213  -0.0000155201   0.0000022499   0.0000157008   0.0000319226
        0.0000057192  -0.0000283508  -0.0000004417  -0.0000100631   0.0000179768
       -0.0000454432   0.0000032193  -0.0000158055  -0.0000149183  -0.0000336816
       -0.0000472859   0.0001181051  -0.0000980191   0.0000952376   0.0000631165
        0.0001484128   0.0000567943  -0.0014762421  -0.0000804493   0.0069268294
       -0.0003299451   0.0002693828   0.0004651945  -0.0018520126   0.0000095139
        0.0075978014  -0.0000040324   0.0002765129   0.0001465763  -0.0000480924
        0.0002730480  -0.0000537878   0.0001709846  -0.0001922387  -0.0000745150
        0.0001678096  -0.0017214704  -0.0012528377
        0.0001156640  -0.0000540113  -0.0002979685   0.0001179396  -0.0000172700
        0.0010254521  -0.0005690813   0.0023127440  -0.0026506436  -0.0575377754
        0.0508331749  -0.0107566562  -0.0204901796  -0.0310905779  -0.0018420805
        0.0348581767   0.0120822310   0.0055214498  -0.0653765523  -0.0048539253
       -0.0018795931   0.6452175276   0.0415711624   0.0812932604  -0.2939587501
       -0.1111880734  -0.0353931155  -0.1980511997   0.0818771941  -0.0286720494
        0.0068614558   0.0136996001   0.0012926620  -0.0398076216  -0.0469395389
       -0.0050659431  -0.0000758505   0.0000223080   0.0000907020   0.0001535279
       -0.0000039169  -0.0001104177   0.0001223498  -0.0000928495   0.0000999813
       -0.0002078633  -0.0001415488   0.0002344323  -0.0000892191  -0.0002466617
       -0.0002070343  -0.0006839641  -0.0005475020   0.0004050872   0.0002523258
        0.0002789696   0.0002011772   0.0004680715  -0.0012808616  -0.0000025412
       -0.0027025042   0.0029642392  -0.0017393810  -0.0064186009  -0.0057412722
       -0.0007424212   0.0000629536  -0.0002696618  -0.0000810149   0.0008996893
       -0.0015399981  -0.0013330029   0.0007395690  -0.0018040591   0.0015177681
       -0.0039000886   0.0001701052  -0.0009081094
       -0.0000110145  -0.0001638208   0.0002975644  -0.0004379142  -0.0005636203
       -0.0003278540   0.0031773694  -0.0017506904   0.0015589174  -0.0023304938
        0.0556616979  -0.0029362839  -0.0357019866  -0.0360541413  -0.0047497372
        0.0637699292  -0.0476027999   0.0114885502  -0.0876130145  -0.2629433449
       -0.0064735756   0.0415711624   0.6083403762  -0.0095949525  -0.0337444966
       -0.1212229406  -0.0024388613   0.0585194523  -0.1234499006   0.0121065478
        0.0300403911  -0.0331411177   0.0056466268  -0.0090792927  -0.0186631534
       -0.0007814342   0.0000156300  -0.0000539065  -0.0000790166  -0.0001760775
       -0.0000122391   0.0001259752   0.0000115844   0.0000792105  -0.0000712223
        0.0000102616  -0.0000879232  -0.0000188583   0.0001905651   0.0001395772
       -0.0001720557   0.0005350671   0.0003116923   0.0001748872  -0.0000642672
       -0.0005330610  -0.0001953777  -0.0008486084   0.0003275637  -0.0001632630
        0.0022332281  -0.0007370663   0.0006284343  -0.0291839257  -0.0127270784
       -0.0041517469  -0.0003540385  -0.0069775172   0.0001846494   0.0002473065
        0.0018395543   0.0012988568   0.0005929405   0.0018268376  -0.0012408104
       -0.0013697575  -0.0018421881  -0.0001159598
       -0.0001163663  -0.0000455811   0.0002659451  -0.0012451211  -0.0002922633
        0.0001571762  -0.0010594273   0.0002033762   0.0057925242  -0.0081830858
        0.0061434476  -0.0048162503  -0.0014756519  -0.0038155417  -0.0034151071
        0.0037636460   0.0033574847  -0.0025031748   0.0008305715   0.0062447052
       -0.0516816377   0.0812932604  -0.0095949525   0.1332082347  -0.0383755170
       -0.0147645325  -0.0485796707  -0.0279851708   0.0158968533  -0.0380069588
        0.0007721659   0.0030491348  -0.0041926370  -0.0063253382  -0.0065801839
        0.0019554110  -0.0000132082  -0.0000037425   0.0000204405  -0.0000797568
       -0.0000454648  -0.0000219703   0.0000043593  -0.0000027363   0.0000114207
       -0.0000891396   0.0000265567  -0.0000716014  -0.0000262223  -0.0000504303
       -0.0000628271   0.0006282524   0.0000762798   0.0002525129   0.0002652832
        0.0003774594   0.0000923924  -0.0000050724  -0.0001969391   0.0006037636
       -0.0017184242   0.0007470190   0.0074298413  -0.0000180079  -0.0004514565
        0.0001832380  -0.0000690240   0.0001950320   0.0005845858   0.0008954191
       -0.0014746572   0.0004873430  -0.0008429883   0.0008523289   0.0006808710
       -0.0008254356   0.0001488041   0.0016261348
       -0.0001130988   0.0000356590   0.0006070651  -0.0001605120   0.0009011732
       -0.0022131575  -0.0305705775   0.0156764884  -0.0051656915  -0.2068530623
        0.0718392926  -0.0270195598   0.0406422392   0.0613707003   0.0044293508
       -0.0549171406   0.0097125374  -0.0086260394  -0.0057961034  -0.0809375644
        0.0020944421  -0.2939587501  -0.0337444966  -0.0383755170   0.6503525345
        0.0114724847   0.0854458154  -0.0429706227   0.0025127897  -0.0075810015
       -0.0007269283  -0.0016541142   0.0002485786   0.0067652177   0.0024238719
        0.0002706777   0.0001031773   0.0001404562  -0.0000127710  -0.0001700352
       -0.0000639593   0.0000301059  -0.0000244899  -0.0000528359   0.0000130633
        0.0001139757  -0.0000403525  -0.0002784259  -0.0002048179   0.0001763461
        0.0003271474  -0.0050764726  -0.0007027620  -0.0010214791   0.0004355434
        0.0018111241   0.0004812208   0.0006521008  -0.0013690325  -0.0008627061
       -0.0004385517   0.0004739770  -0.0000641214  -0.0565861055  -0.0590190613
       -0.0024569769  -0.0000504279  -0.0010101069  -0.0000310846   0.0002712191
        0.0001043004  -0.0003247851   0.0002775761   0.0001803757   0.0003544623
       -0.0009958877  -0.0002372909  -0.0002686126
       -0.0001046293  -0.0001647185   0.0002721107  -0.0013317289  -0.0004777786
        0.0003213520  -0.0016272836   0.0048157952  -0.0011615764   0.1462756023
       -0.1891658439   0.0276720755   0.0072480031  -0.0559288566   0.0031547121
        0.0158488640  -0.0004597221   0.0024466504  -0.0305661228  -0.0040463512
       -0.0047289865  -0.1111880734  -0.1212229406  -0.0147645325   0.0114724847
        0.6599045769  -0.0165948949   0.0277284676   0.0048559076   0.0043314504
        0.0016454534   0.0021128810   0.0001369439  -0.0002789036  -0.0062115469
        0.0003120242  -0.0000430287   0.0000033553  -0.0000478186  -0.0001533725
       -0.0000497762   0.0001135059   0.0000095999  -0.0000021866  -0.0000317531
       -0.0002235717   0.0002966068   0.0001297666   0.0001900858  -0.0001556594
        0.0000075692  -0.0020983323  -0.0001261685  -0.0003312258  -0.0018191548
        0.0009101511  -0.0002074805  -0.0010830135  -0.0057324511   0.0001844558
        0.0003394723   0.0008635801  -0.0000030234  -0.0585984279  -0.2894091749
       -0.0010300538  -0.0000427066  -0.0003297717   0.0000236334   0.0000246799
        0.0003529159  -0.0003533018  -0.0001327270   0.0003686743   0.0003263426
       -0.0014916363  -0.0010014974  -0.0001779452
        0.0000624624  -0.0000190610   0.0001611782   0.0005101306   0.0008465407
       -0.0005866592  -0.0050163450   0.0015114236  -0.0003242723  -0.0301639045
        0.0159940741  -0.0506138040   0.0062348506   0.0117482746   0.0023017780
       -0.0091189472   0.0014811917  -0.0036722995   0.0005582996  -0.0130054377
       -0.0024399526  -0.0353931155  -0.0024388613  -0.0485796707   0.0854458154
       -0.0165948949   0.1191615446  -0.0083363372   0.0004015887   0.0027408841
        0.0000812906  -0.0003900156  -0.0015922031   0.0003885755   0.0007778966
        0.0048991419   0.0000229559   0.0000293553  -0.0000231084  -0.0000351472
       -0.0000155866   0.0000288111   0.0001094171  -0.0000120734   0.0000099028
        0.0000418595  -0.0002751906   0.0002774557  -0.0000895045   0.0000144396
        0.0001820754  -0.0017021502   0.0000280248   0.0001908546   0.0002052395
        0.0006622621   0.0003140553  -0.0010120775   0.0002078730   0.0069427960
       -0.0000568729   0.0000420408  -0.0001597469  -0.0024666496  -0.0009140420
       -0.0307402432  -0.0000599471  -0.0001374142   0.0003279419   0.0003952417
        0.0002022188   0.0001338636  -0.0003395809  -0.0001750857   0.0001200572
       -0.0002655589   0.0000304585   0.0009396197
       -0.0001460153  -0.0001066843   0.0003940117  -0.0004225370  -0.0002360230
       -0.0007137489  -0.0013187260   0.0017203313   0.0005914142  -0.0046335574
       -0.0011822330  -0.0016187472  -0.0053021458  -0.0021334387  -0.0007878764
        0.0065351045  -0.0055156327   0.0005040890  -0.0160004613   0.0127416089
       -0.0033552289  -0.1980511997   0.0585194523  -0.0279851708  -0.0429706227
        0.0277284676  -0.0083363372   0.3311071183  -0.0470405716   0.0444430402
       -0.0832648318  -0.0341442440  -0.0049199194   0.0161202496   0.0024879061
        0.0026522040   0.0000703892  -0.0000266730  -0.0000919957  -0.0001396997
       -0.0000152092   0.0001426933   0.0000557064   0.0000746631  -0.0000764387
        0.0000973963   0.0000086662  -0.0001112530   0.0001901857   0.0001284278
       -0.0001084102  -0.0007977543   0.0001470091  -0.0002731844   0.0000444042
       -0.0002373507  -0.0001847301  -0.0002889227   0.0001998094   0.0001221219
        0.0003167726   0.0000697616   0.0000615465   0.0021624694   0.0006616592
        0.0005836018   0.0035639453   0.0302054385  -0.0005359839  -0.0022631672
       -0.0168548746  -0.0015512904  -0.0041339730  -0.0252225337   0.0011380112
       -0.0005301274  -0.0019777325   0.0000175815
        0.0000297400   0.0001701519  -0.0002704617   0.0002179159   0.0003115245
        0.0005475827  -0.0002652536   0.0000038235  -0.0008305714  -0.0026415979
       -0.0036281518  -0.0000735580   0.0044971531   0.0024752750   0.0006606807
       -0.0074463267  -0.0021176826  -0.0009324530   0.0467542920  -0.0447184871
        0.0088594571   0.0818771941  -0.1234499006   0.0158968533   0.0025127897
        0.0048559076   0.0004015887  -0.0470405716   0.4529155108  -0.0201419180
       -0.0495206140  -0.1949673057  -0.0030267935  -0.0102736851  -0.0004902943
       -0.0016134574  -0.0000261164   0.0000010686   0.0000812853   0.0001370471
       -0.0000217693  -0.0001099358   0.0000167434  -0.0000763425   0.0000581720
        0.0000160130  -0.0000561551   0.0000445772  -0.0001532142  -0.0001761817
        0.0000190036   0.0001409528  -0.0002202668   0.0001861013   0.0000820466
        0.0002272982   0.0001811733   0.0002522307  -0.0004532577   0.0000227228
        0.0007688238  -0.0019938145   0.0001890573   0.0004557588  -0.0009948532
        0.0000586433   0.0033185268  -0.0270055258   0.0014226519  -0.0108353143
       -0.0326850684  -0.0120194227  -0.0140567949  -0.0302720158   0.0102870730
        0.0011822609   0.0023665127   0.0001019480
       -0.0000153019  -0.0000399789   0.0000856555  -0.0000578678  -0.0000380261
       -0.0001076595  -0.0001534113   0.0003484476   0.0001590206  -0.0018266707
        0.0001077035   0.0067233369  -0.0009665170  -0.0004001265  -0.0002671956
        0.0005659899  -0.0006410734   0.0045654224  -0.0044602383   0.0036366754
        0.0020332744  -0.0286720494   0.0121065478  -0.0380069588  -0.0075810015
        0.0043314504   0.0027408841   0.0444430402  -0.0201419180   0.0668653967
       -0.0043923596  -0.0005533103  -0.0458761635   0.0030560419   0.0003327039
       -0.0010186514   0.0000091756   0.0000053283  -0.0000246438  -0.0000360479
        0.0000016002   0.0000337152   0.0000223090   0.0000002001  -0.0000036620
       -0.0000075105  -0.0000168041  -0.0000176941   0.0000175441   0.0000308519
       -0.0000206791  -0.0000407821   0.0000194435  -0.0000938230   0.0000416502
       -0.0000393515  -0.0000657585   0.0001439149   0.0000016855  -0.0011714164
        0.0000336352   0.0000675502  -0.0000533872   0.0006272216   0.0000748676
       -0.0017740493   0.0003149697   0.0056335546   0.0007581092  -0.0051224183
       -0.0291254015   0.0026702439   0.0041447460   0.0246843518   0.0021064502
       -0.0000880619  -0.0003869719  -0.0002397669
        0.0000837264  -0.0000579539   0.0000170673   0.0001206811  -0.0000971875
       -0.0000346873   0.0001685143  -0.0002232865   0.0000483467   0.0011096649
        0.0001712024   0.0000332288   0.0003480263   0.0004638266   0.0000239646
       -0.0004787270   0.0012731074  -0.0003350038  -0.0053020758   0.0011463773
       -0.0011022974   0.0068614558   0.0300403911   0.0007721659  -0.0007269283
        0.0016454534   0.0000812906  -0.0832648318  -0.0495206140  -0.0043923596
        0.5240830771  -0.0226934180   0.0069240238   0.0013659758   0.0002571289
        0.0002504091  -0.0000066110   0.0000188918  -0.0000045863  -0.0000441658
        0.0000112290   0.0000198465  -0.0000472348   0.0000169219  -0.0000090790
       -0.0000887112   0.0000384604  -0.0000278961  -0.0000161011   0.0000660564
        0.0000392794  -0.0000058475   0.0000481499  -0.0000332872  -0.0000200535
        0.0000454387   0.0000167492  -0.0000079622   0.0002171377   0.0000473294
       -0.0001079953   0.0003702945   0.0000150868  -0.0013364506   0.0021365746
       -0.0002385707  -0.2424687127   0.0813153451  -0.0337306500  -0.0721560117
       -0.0194053133  -0.0710233427  -0.1280309945  -0.0270395141   0.1026602966
       -0.0000317068  -0.0002446998  -0.0000173246
       -0.0000314640  -0.0001269408   0.0000495720  -0.0000993410  -0.0001483737
       -0.0001474152  -0.0000601330  -0.0001233452   0.0002170745   0.0008472108
       -0.0004814252   0.0001590140  -0.0004733111  -0.0001684995  -0.0000690321
        0.0000533021  -0.0023088219   0.0001276810  -0.0007219416  -0.0019522394
       -0.0000033008   0.0136996001  -0.0331411177   0.0030491348  -0.0016541142
        0.0021128810  -0.0003900156  -0.0341442440  -0.1949673057  -0.0005533103
       -0.0226934180   0.4018813296  -0.0009140216   0.0035540477   0.0019054925
        0.0004801115   0.0000062435   0.0000329074  -0.0000139123  -0.0000167759
        0.0000263005   0.0000235595  -0.0000067011   0.0000365673  -0.0000105319
       -0.0000455009   0.0000699890   0.0000047133   0.0000655482   0.0000778276
        0.0000421022  -0.0000193089   0.0000922749  -0.0000914613  -0.0000565386
       -0.0000202782  -0.0000461620  -0.0001020919   0.0002172020  -0.0000357158
        0.0005762498  -0.0000650866   0.0000790912   0.0003582431  -0.0002717615
        0.0000575465   0.0880455262  -0.0726201102   0.0147149654  -0.0195953910
       -0.0526805942  -0.0515810088  -0.0272907975  -0.0472623035   0.0348763610
       -0.0001948985  -0.0001145685  -0.0000250396
       -0.0000274839  -0.0000017047  -0.0000473643  -0.0000009277  -0.0000186836
       -0.0000778031   0.0000454993  -0.0000186566  -0.0000612058  -0.0000196697
        0.0000418502   0.0009727229   0.0000190272   0.0000959552   0.0000985529
       -0.0002497004   0.0003436806   0.0012835991  -0.0010182286   0.0002791622
        0.0013901982   0.0012926620   0.0056466268  -0.0041926370   0.0002485786
        0.0001369439  -0.0015922031  -0.0049199194  -0.0030267935  -0.0458761635
        0.0069240238  -0.0009140216   0.4860128291   0.0001158368  -0.0000396365
       -0.0003204953   0.0000028298  -0.0000019182   0.0000218833   0.0000070780
       -0.0000057109  -0.0000030323  -0.0000069660   0.0000133909   0.0000015436
        0.0000649545   0.0000086234   0.0000207726   0.0000155502  -0.0000084935
        0.0000173899  -0.0000188572   0.0000244787   0.0000150726  -0.0000426621
       -0.0000018608   0.0000601050   0.0000597230   0.0000140516  -0.0003373828
        0.0000062392   0.0000503982  -0.0002949589  -0.0001929950   0.0003348740
       -0.0002816546  -0.0339381360   0.0136648499  -0.0494723910  -0.0717485986
       -0.0511190468  -0.2190034066   0.1033979766   0.0345277786  -0.1684562420
       -0.0000158345  -0.0000261374   0.0001222707
       -0.0003337234  -0.0001134056   0.0007436204  -0.0011022101  -0.0003677138
       -0.0012187736  -0.0006267021  -0.0002254618   0.0021081305  -0.0012656657
        0.0055488571  -0.0011112125  -0.0051093696   0.0003932941  -0.0018897207
       -0.0481665718  -0.0098162541  -0.0078469522  -0.2582238533  -0.0248794123
       -0.0344005350  -0.0398076216  -0.0090792927  -0.0063253382   0.0067652177
       -0.0002789036   0.0003885755   0.0161202496  -0.0102736851   0.0030560419
        0.0013659758   0.0035540477   0.0001158368   0.3664446497   0.0690798130
        0.0512068379   0.0001127958  -0.0000810837  -0.0001293102  -0.0002515919
       -0.0000592224   0.0001801578   0.0000758304   0.0001205028  -0.0001353322
        0.0002230023  -0.0000330973  -0.0000571753   0.0002218843   0.0001709229
       -0.0000940444  -0.0003530913   0.0001200262  -0.0004120359  -0.0002553128
       -0.0004255072  -0.0004404548  -0.0029392108  -0.0000802403  -0.0004779337
        0.0027905468  -0.0012109823   0.0007373607  -0.0007662086  -0.0004076301
       -0.0000600069   0.0001322562  -0.0000365726   0.0000428471  -0.0005066225
       -0.0000300608  -0.0000587979  -0.0004661455  -0.0000548053  -0.0001238126
       -0.0340785076  -0.0215341327  -0.0037979724
       -0.0001222548   0.0000126797   0.0002252142  -0.0003605259  -0.0000691756
       -0.0003934518  -0.0001971573   0.0001396404   0.0005962575  -0.0003975913
        0.0026532018  -0.0003837864   0.0009051293  -0.0044775278   0.0005267378
        0.0221089488   0.0066440992   0.0033621409  -0.0528276886  -0.0850046978
       -0.0064544058  -0.0469395389  -0.0186631534  -0.0065801839   0.0024238719
       -0.0062115469   0.0007778966   0.0024879061  -0.0004902943   0.0003327039
        0.0002571289   0.0019054925  -0.0000396365   0.0690798130   0.5166341795
       -0.0065787989   0.0000407812  -0.0000242281  -0.0000319995  -0.0000538832
       -0.0000246023   0.0000472691   0.0000341337   0.0000277238  -0.0000405615
        0.0001300690  -0.0000298177  -0.0000262690   0.0000376892   0.0000276465
       -0.0000112229  -0.0001610481   0.0000303130  -0.0001432986   0.0000002092
       -0.0001275799  -0.0001385630   0.0006355493   0.0001849382   0.0001038603
        0.0015950046   0.0017149929   0.0001035546  -0.0017366854  -0.0009025964
       -0.0002560719   0.0001221911   0.0001651316   0.0000128422  -0.0001770326
        0.0001581936   0.0000139063  -0.0001702991   0.0001609570  -0.0000770930
        0.0032852800  -0.4144339699   0.0150529593
       -0.0000082580  -0.0000066859   0.0000733193   0.0000444191   0.0000235173
       -0.0001358033   0.0001634125  -0.0000727668  -0.0007701980  -0.0002605263
        0.0007206857  -0.0003482752  -0.0018663957   0.0005267510   0.0067208436
       -0.0090922891  -0.0015661260   0.0028681829  -0.0333968605  -0.0021006413
       -0.0378508213  -0.0050659431  -0.0007814342   0.0019554110   0.0002706777
        0.0003120242   0.0048991419   0.0026522040  -0.0016134574  -0.0010186514
        0.0002504091   0.0004801115  -0.0003204953   0.0512068379  -0.0065787989
        0.0318778219   0.0000142185  -0.0000011958  -0.0000205959  -0.0000235291
       -0.0000062076   0.0000266842   0.0000139300   0.0000077283  -0.0000201408
        0.0000215665  -0.0000273020  -0.0000253272   0.0000105832   0.0000394017
       -0.0000238621  -0.0001156205   0.0000664244  -0.0000824711  -0.0001040493
       -0.0001441072  -0.0000794651  -0.0005371936  -0.0000236587   0.0000589146
        0.0006888838  -0.0003147932  -0.0017968799  -0.0000457030  -0.0000425003
       -0.0001971424   0.0000286538  -0.0000138050  -0.0000621117   0.0000126600
       -0.0000762068   0.0000794005  -0.0001753978   0.0000577827   0.0000383146
       -0.0046866902   0.0111352603  -0.0058457938
       -0.0425469960  -0.0018141386  -0.0015643970  -0.0040878462  -0.0273546689
       -0.0133815036   0.0008758625  -0.0003900502  -0.0009509365   0.0000498481
        0.0000592245  -0.0000637227  -0.0000284307  -0.0000080544   0.0000630702
        0.0000732309   0.0000356193   0.0000210854  -0.0000717414   0.0000271972
       -0.0000155201  -0.0000758505   0.0000156300  -0.0000132082   0.0001031773
       -0.0000430287   0.0000229559   0.0000703892  -0.0000261164   0.0000091756
       -0.0000066110   0.0000062435   0.0000028298   0.0001127958   0.0000407812
        0.0000142185   0.0510750414   0.0048679241   0.0025386385   0.0002142782
        0.0117836084   0.0071822561  -0.0002052523   0.0160560644   0.0069403645
        0.0008832412  -0.0004326606  -0.0000705141  -0.0059522662  -0.0032294708
       -0.0011396041  -0.0000804190   0.0001198803   0.0000319368  -0.0003104295
        0.0001932179   0.0004134477  -0.0000049349   0.0000496120  -0.0000255329
        0.0000221061   0.0000269308   0.0000008220  -0.0000866303   0.0000190425
       -0.0000098873   0.0000148525   0.0000032657   0.0000007860  -0.0000151614
       -0.0000014590   0.0000122428  -0.0000113343  -0.0000047638  -0.0000182501
       -0.0000109196   0.0000001696  -0.0000007532
       -0.0020479512  -0.2320518888  -0.0968509464  -0.0046885433  -0.0118692546
       -0.0060000284   0.0006507172   0.0005235826  -0.0000648647   0.0001894576
        0.0000897602  -0.0000134923   0.0000398596   0.0000397670   0.0000562741
        0.0000503107   0.0000528114   0.0000157807   0.0001005215   0.0000756465
        0.0000022499   0.0000223080  -0.0000539065  -0.0000037425   0.0001404562
        0.0000033553   0.0000293553  -0.0000266730   0.0000010686   0.0000053283
        0.0000188918   0.0000329074  -0.0000019182  -0.0000810837  -0.0000242281
       -0.0000011958   0.0048679241   0.2682236911   0.1143090633   0.0009616992
        0.0001165309  -0.0015296895   0.0029504900  -0.0255917488  -0.0097546954
        0.0004795582   0.0007325358   0.0001584787  -0.0031447139  -0.0002720084
       -0.0007090317   0.0000672518  -0.0003500679  -0.0000072574  -0.0005431345
        0.0002600871   0.0004159650   0.0000454296  -0.0000000440  -0.0000326557
        0.0000157104  -0.0000026199  -0.0000009795  -0.0000685773   0.0000585225
       -0.0000162991   0.0000034145  -0.0000022987  -0.0000025133  -0.0000038565
       -0.0000000007   0.0000123142  -0.0000033484  -0.0000007309  -0.0000134518
        0.0000038816   0.0000085309  -0.0000020479
       -0.0014799954  -0.0968006359  -0.0949724260  -0.0020308796  -0.0048113629
       -0.0020757759   0.0004628384   0.0009669302   0.0008481393   0.0002196812
        0.0000645258  -0.0000808404  -0.0000090715   0.0000216244  -0.0000078878
        0.0000149272   0.0000235172   0.0000071457   0.0001329098   0.0000581992
        0.0000157008   0.0000907020  -0.0000790166   0.0000204405  -0.0000127710
       -0.0000478186  -0.0000231084  -0.0000919957   0.0000812853  -0.0000246438
       -0.0000045863  -0.0000139123   0.0000218833  -0.0001293102  -0.0000319995
       -0.0000205959   0.0025386385   0.1143090633   0.1071462507   0.0022071570
       -0.0284734094  -0.0184449350  -0.0006274490   0.0154708667   0.0074148020
       -0.0000190904  -0.0002441758  -0.0002390432  -0.0012879654  -0.0004523381
        0.0004009404  -0.0000823648   0.0000329253  -0.0000935519   0.0001302877
       -0.0000872277   0.0001144276   0.0000026578  -0.0000001956  -0.0000158217
       -0.0000076393  -0.0000127723   0.0000002376  -0.0000314654   0.0000210922
        0.0000153190   0.0000015727   0.0000026142  -0.0000048409   0.0000021941
       -0.0000029452   0.0000075449  -0.0000022596  -0.0000030743  -0.0000157577
        0.0000132771   0.0000082404   0.0000063966
       -0.0825032403  -0.0078000253   0.0900973238  -0.0165955401  -0.0042199223
        0.0261504000  -0.0061802708  -0.0022137244  -0.0004593244  -0.0003596867
       -0.0000756462   0.0015118963  -0.0002578912  -0.0000104671  -0.0000501450
       -0.0000233173   0.0000141638  -0.0001417498   0.0002555477   0.0000918186
        0.0000319226   0.0001535279  -0.0001760775  -0.0000797568  -0.0001700352
       -0.0001533725  -0.0000351472  -0.0001396997   0.0001370471  -0.0000360479
       -0.0000441658  -0.0000167759   0.0000070780  -0.0002515919  -0.0000538832
       -0.0000235291   0.0002142782   0.0009616992   0.0022071570   0.0981952289
        0.0111498537  -0.1051218294   0.0065306472   0.0020176462  -0.0144800655
        0.0003719365   0.0002495094   0.0004667840   0.0006527751   0.0001222073
        0.0002759044   0.0000054964   0.0000412761  -0.0002019954   0.0000849728
       -0.0000405345  -0.0002542799   0.0000086101   0.0000263990   0.0000524847
       -0.0000191079  -0.0000181984   0.0000014364   0.0000320127  -0.0000193376
        0.0000696546  -0.0000021261  -0.0000072511  -0.0000028951   0.0000163394
       -0.0000025150  -0.0000056621   0.0000073847  -0.0000036875   0.0000092286
        0.0000179153  -0.0000002019   0.0000111575
       -0.0077916438  -0.0461338928   0.0194131014  -0.0054800585  -0.0009742073
        0.0085530901  -0.0021738554  -0.0001459756  -0.0001203279  -0.0001762942
        0.0001761419   0.0004784604  -0.0000469397   0.0000056358  -0.0000049641
       -0.0000198065   0.0000021021  -0.0000447062   0.0000584548   0.0000397176
        0.0000057192  -0.0000039169  -0.0000122391  -0.0000454648  -0.0000639593
       -0.0000497762  -0.0000155866  -0.0000152092  -0.0000217693   0.0000016002
        0.0000112290   0.0000263005  -0.0000057109  -0.0000592224  -0.0000246023
       -0.0000062076   0.0117836084   0.0001165309  -0.0284734094   0.0111498537
        0.0501561388  -0.0226098128  -0.0074984317  -0.0033080914   0.0226698663
        0.0004769470   0.0001661884  -0.0001690659  -0.0001624987  -0.0000466894
        0.0004513435   0.0000768561   0.0000364345  -0.0001496214  -0.0000713189
       -0.0000118650   0.0000242820   0.0000219832   0.0000168448   0.0000263475
       -0.0000021160  -0.0000059966   0.0000011470  -0.0000122539  -0.0000054744
        0.0000097664  -0.0000045000  -0.0000024747   0.0000005397   0.0000001248
       -0.0000023773   0.0000025573   0.0000025433  -0.0000001242  -0.0000001641
        0.0000004247   0.0000035201   0.0000072205
        0.0902756817   0.0194707799  -0.2411490064   0.0011296874   0.0003917100
        0.0008040686   0.0007074968   0.0002668313   0.0011627250   0.0000103293
       -0.0000306855  -0.0000728346   0.0000862387  -0.0000584155   0.0000300203
        0.0000133564  -0.0000048033   0.0000148615  -0.0001720297  -0.0000899147
       -0.0000283508  -0.0001104177   0.0001259752  -0.0000219703   0.0000301059
        0.0001135059   0.0000288111   0.0001426933  -0.0001099358   0.0000337152
        0.0000198465   0.0000235595  -0.0000030323   0.0001801578   0.0000472691
        0.0000266842   0.0071822561  -0.0015296895  -0.0184449350  -0.1051218294
       -0.0226098128   0.2777947608   0.0063551427   0.0041468412  -0.0213058385
       -0.0000800193  -0.0003291346   0.0004108846  -0.0002405977   0.0002623597
        0.0003538772  -0.0001111957  -0.0002561423   0.0002239577  -0.0002345471
        0.0001624042   0.0001914154  -0.0000298816   0.0000013045  -0.0000189193
        0.0000172566   0.0000239157  -0.0000001867  -0.0000197035  -0.0000147280
       -0.0000234820   0.0000060448   0.0000008640   0.0000024401  -0.0000173982
       -0.0000039169  -0.0000046605  -0.0000060709  -0.0000012618   0.0000000426
       -0.0000126031   0.0000011206  -0.0000050477
       -0.1065737276   0.0826854833  -0.0664515053  -0.0214289860   0.0184082302
       -0.0166743792   0.0008861921   0.0005970580  -0.0008743249   0.0001664526
       -0.0000094505  -0.0000476678   0.0000874120   0.0001233707   0.0000048960
       -0.0000353529   0.0000270013   0.0000054594   0.0000189206  -0.0000792170
       -0.0000004417   0.0001223498   0.0000115844   0.0000043593  -0.0000244899
        0.0000095999   0.0001094171   0.0000557064   0.0000167434   0.0000223090
       -0.0000472348  -0.0000067011  -0.0000069660   0.0000758304   0.0000341337
        0.0000139300  -0.0002052523   0.0029504900  -0.0006274490   0.0065306472
       -0.0074984317   0.0063551427   0.1268238170  -0.0953630047   0.0789680511
       -0.0069555514  -0.0017907998  -0.0014022780   0.0008591947   0.0005161593
        0.0000151596  -0.0003099368  -0.0005396697   0.0006175473  -0.0000865570
        0.0000816904   0.0000200128  -0.0000460469  -0.0000986793   0.0000010898
        0.0000200900   0.0000025512  -0.0000026001   0.0000523373  -0.0000323923
       -0.0000477580  -0.0000004050  -0.0000106866   0.0000009127   0.0000041377
       -0.0000044170  -0.0000096526   0.0000214586  -0.0000050905   0.0000088077
       -0.0000110056  -0.0000255555  -0.0000020719
        0.0829493800  -0.1496116694   0.0848069604  -0.0030650385   0.0060126679
       -0.0038921272  -0.0003060979   0.0004261411  -0.0004892905  -0.0000832327
       -0.0000625612  -0.0000293543  -0.0000587925   0.0000147067  -0.0000138195
       -0.0000198656  -0.0000275851  -0.0000055663  -0.0001033322  -0.0000548887
       -0.0000100631  -0.0000928495   0.0000792105  -0.0000027363  -0.0000528359
       -0.0000021866  -0.0000120734   0.0000746631  -0.0000763425   0.0000002001
        0.0000169219   0.0000365673   0.0000133909   0.0001205028   0.0000277238
        0.0000077283   0.0160560644  -0.0255917488   0.0154708667   0.0020176462
       -0.0033080914   0.0041468412  -0.0953630047   0.1707797200  -0.0995059312
       -0.0019087065   0.0007362765  -0.0001991983  -0.0004005449   0.0007552726
       -0.0002731675   0.0001549354   0.0002248401  -0.0000874235   0.0001235110
       -0.0003406321   0.0000548592  -0.0000117854   0.0000209413   0.0000052695
       -0.0000007895   0.0000071424   0.0000007852  -0.0000172879  -0.0000315799
        0.0000161570   0.0000005701  -0.0000026230   0.0000002792  -0.0000081255
       -0.0000044715  -0.0000004220  -0.0000085154  -0.0000064967  -0.0000061699
       -0.0000133902  -0.0000003333   0.0000040052
       -0.0663915949   0.0848027824  -0.1136037399  -0.0047838207   0.0024938543
       -0.0025933480   0.0009784002  -0.0004501302   0.0009362646   0.0002169804
        0.0000989053  -0.0000850542  -0.0000197153   0.0000295570  -0.0000266537
        0.0000100841   0.0000131221  -0.0000007777   0.0001431775   0.0000584620
        0.0000179768   0.0000999813  -0.0000712223   0.0000114207   0.0000130633
       -0.0000317531   0.0000099028  -0.0000764387   0.0000581720  -0.0000036620
       -0.0000090790  -0.0000105319   0.0000015436  -0.0001353322  -0.0000405615
       -0.0000201408   0.0069403645  -0.0097546954   0.0074148020  -0.0144800655
        0.0226698663  -0.0213058385   0.0789680511  -0.0995059312   0.1290734110
       -0.0013660098  -0.0004770264   0.0003714354  -0.0000924711   0.0001118270
       -0.0002344851   0.0000322923   0.0001200816   0.0001282502  -0.0000583124
       -0.0000516625  -0.0000890801  -0.0000087027  -0.0000391207   0.0000180856
       -0.0000126306  -0.0000204685   0.0000008095   0.0000091887  -0.0000023958
       -0.0000232665  -0.0000040218  -0.0000008935  -0.0000022223   0.0000040273
       -0.0000025346   0.0000002005   0.0000123951   0.0000004141  -0.0000017832
        0.0000101890   0.0000018834   0.0000059491
       -0.0213753317   0.0179076251  -0.0166050019  -0.1015385439   0.0786645745
       -0.0641622062   0.0052589178  -0.0075404528   0.0070507551   0.0008540339
       -0.0004288640   0.0006802742  -0.0000710766  -0.0001007669  -0.0000635285
        0.0000709416  -0.0000644616   0.0000052849  -0.0002309363  -0.0000385840
       -0.0000454432  -0.0002078633   0.0000102616  -0.0000891396   0.0001139757
       -0.0002235717   0.0000418595   0.0000973963   0.0000160130  -0.0000075105
       -0.0000887112  -0.0000455009   0.0000649545   0.0002230023   0.0001300690
        0.0000215665   0.0008832412   0.0004795582  -0.0000190904   0.0003719365
        0.0004769470  -0.0000800193  -0.0069555514  -0.0019087065  -0.0013660098
        0.1230889703  -0.0899062698   0.0732045765  -0.0001398623   0.0028401695
       -0.0008245313  -0.0005936754  -0.0005798140   0.0024205685   0.0002863270
       -0.0001307157  -0.0003412822  -0.0000414122   0.0001032350  -0.0000041621
        0.0000105794   0.0000481462  -0.0000058321  -0.0000327413   0.0002519621
        0.0001715068   0.0000344335   0.0000006978  -0.0000224621   0.0000096616
        0.0000074200  -0.0000113004  -0.0000143759   0.0000568952  -0.0000229688
       -0.0000133355  -0.0000258662   0.0000091418
       -0.0039657436   0.0055957936  -0.0039445765   0.0787917128  -0.1465860298
        0.0806289561   0.0009835994  -0.0030589181   0.0049400712   0.0001813898
       -0.0002508356   0.0002649824  -0.0000381859  -0.0003192386   0.0000296658
        0.0000621944   0.0000314305  -0.0000285733  -0.0000055789   0.0000806782
        0.0000032193  -0.0001415488  -0.0000879232   0.0000265567  -0.0000403525
        0.0002966068  -0.0002751906   0.0000086662  -0.0000561551  -0.0000168041
        0.0000384604   0.0000699890   0.0000086234  -0.0000330973  -0.0000298177
       -0.0000273020  -0.0004326606   0.0007325358  -0.0002441758   0.0002495094
        0.0001661884  -0.0003291346  -0.0017907998   0.0007362765  -0.0004770264
       -0.0899062698   0.1669594055  -0.0955330915   0.0165833243  -0.0261222225
        0.0144419500  -0.0005926865   0.0008691856   0.0013035734  -0.0001009691
        0.0006664958  -0.0006987807   0.0001011111   0.0001356218  -0.0000526517
        0.0000319256   0.0000128193   0.0000116395   0.0000204312   0.0001156792
       -0.0000520809   0.0000032075  -0.0000082430   0.0000084772  -0.0000006509
       -0.0000008737  -0.0000024872  -0.0000025930   0.0000254383  -0.0000014913
       -0.0000043954   0.0000261129   0.0000156517
       -0.0040571494   0.0029059224  -0.0018705511  -0.0643797509   0.0801218394
       -0.1100168060  -0.0107804780   0.0202667429  -0.0207257007  -0.0007566445
        0.0002230501   0.0004025155   0.0002759863   0.0002388366   0.0001167726
       -0.0002516377  -0.0000855478  -0.0000393131  -0.0000073040  -0.0001736833
       -0.0000158055   0.0002344323  -0.0000188583  -0.0000716014  -0.0002784259
        0.0001297666   0.0002774557  -0.0001112530   0.0000445772  -0.0000176941
       -0.0000278961   0.0000047133   0.0000207726  -0.0000571753  -0.0000262690
       -0.0000253272  -0.0000705141   0.0001584787  -0.0002390432   0.0004667840
       -0.0001690659   0.0004108846  -0.0014022780  -0.0001991983   0.0003714354
        0.0732045765  -0.0955330915   0.1301762729   0.0061295692  -0.0089677410
        0.0072709710   0.0023293532   0.0013333347  -0.0064054784  -0.0006981926
        0.0002961466   0.0005558973  -0.0000644176  -0.0001165401  -0.0000340971
       -0.0000406565  -0.0000185526  -0.0000120835   0.0003216795  -0.0003529419
       -0.0001419287  -0.0000389600  -0.0000111992  -0.0000080208   0.0000172788
       -0.0000135163  -0.0000617706   0.0000481850  -0.0000080988   0.0000646136
       -0.0000051111  -0.0000291041   0.0000176303
       -0.0048755022  -0.0270512010  -0.0133950231  -0.0420605671   0.0001519397
       -0.0024474176  -0.0010936252   0.0107176658   0.0082830347   0.0003302505
        0.0009018412   0.0006234031   0.0000678449   0.0000118684  -0.0000921193
       -0.0002176305  -0.0000400380  -0.0001116327  -0.0001451024  -0.0001859690
       -0.0000149183  -0.0000892191   0.0001905651  -0.0000262223  -0.0002048179
        0.0001900858  -0.0000895045   0.0001901857  -0.0001532142   0.0000175441
       -0.0000161011   0.0000655482   0.0000155502   0.0002218843   0.0000376892
        0.0000105832  -0.0059522662  -0.0031447139  -0.0012879654   0.0006527751
       -0.0001624987  -0.0002405977   0.0008591947  -0.0004005449  -0.0000924711
       -0.0001398623   0.0165833243   0.0061295692   0.0526699339   0.0030524811
        0.0003569762   0.0003370052  -0.0001642568  -0.0006831181  -0.0008093353
       -0.0002582524   0.0029375422   0.0001373300  -0.0001632668   0.0000842992
        0.0000483514   0.0000003054   0.0000166345   0.0001207190  -0.0001222203
       -0.0000045067  -0.0000032972  -0.0000226684  -0.0000001798   0.0000063758
       -0.0000143940  -0.0000238912   0.0000100558  -0.0000019170   0.0000174165
       -0.0000445798  -0.0000181588   0.0000170147
       -0.0039725726  -0.0113889760  -0.0058539915   0.0000297347  -0.2243801942
       -0.0926768587   0.0010253659   0.0007660900  -0.0017175968   0.0002138476
        0.0002374068   0.0002242703  -0.0000964014   0.0003257332   0.0001332658
        0.0000334439  -0.0000538605  -0.0000416640  -0.0001490341  -0.0000094511
       -0.0000336816  -0.0002466617   0.0001395772  -0.0000504303   0.0001763461
       -0.0001556594   0.0000144396   0.0001284278  -0.0001761817   0.0000308519
        0.0000660564   0.0000778276  -0.0000084935   0.0001709229   0.0000276465
        0.0000394017  -0.0032294708  -0.0002720084  -0.0004523381   0.0001222073
       -0.0000466894   0.0002623597   0.0005161593   0.0007552726   0.0001118270
        0.0028401695  -0.0261222225  -0.0089677410   0.0030524811   0.2587736979
        0.1087935252  -0.0002131727   0.0006288295   0.0003626998  -0.0002528021
        0.0009205294  -0.0002845750   0.0000247488  -0.0000105436   0.0001084774
       -0.0000166669  -0.0000103428  -0.0000133620  -0.0001341565  -0.0000078624
        0.0000236272  -0.0000028923   0.0000012591   0.0000024896  -0.0000276675
       -0.0000078987   0.0000157092  -0.0000340276  -0.0000171941  -0.0000168197
       -0.0000243848   0.0000052152  -0.0000053922
       -0.0013035870  -0.0046756335  -0.0013504615  -0.0028957460  -0.0923306605
       -0.0922808324   0.0037616790  -0.0243087172  -0.0181363772  -0.0004909020
       -0.0005578373   0.0004222631  -0.0001243657  -0.0003017002   0.0002175570
        0.0001500740  -0.0000024486  -0.0000450404  -0.0001087621   0.0002143767
       -0.0000472859  -0.0002070343  -0.0001720557  -0.0000628271   0.0003271474
        0.0000075692   0.0001820754  -0.0001084102   0.0000190036  -0.0000206791
        0.0000392794   0.0000421022   0.0000173899  -0.0000940444  -0.0000112229
       -0.0000238621  -0.0011396041  -0.0007090317   0.0004009404   0.0002759044
        0.0004513435   0.0003538772   0.0000151596  -0.0002731675  -0.0002344851
       -0.0008245313   0.0144419500   0.0072709710   0.0003569762   0.1087935252
        0.1092647384  -0.0003822340  -0.0006687527   0.0005350635   0.0028859796
       -0.0003945152  -0.0062397330   0.0000206498   0.0003795374  -0.0001544513
       -0.0000494278  -0.0000043948  -0.0000089663  -0.0000884992   0.0000532649
       -0.0000657297  -0.0000082328   0.0000020206   0.0000045137  -0.0000250216
       -0.0000032655  -0.0000064021   0.0000083171   0.0000014488  -0.0000088017
        0.0000092361   0.0000072614   0.0000165453
        0.0010195885  -0.0006746330   0.0010226660   0.0053886908  -0.0073550459
        0.0065247320  -0.1010475015   0.0792137020  -0.0650237073  -0.0221266224
        0.0180477176  -0.0160967366   0.0005872255   0.0017688580   0.0002798962
        0.0000256412   0.0003528340   0.0003371430   0.0006453982   0.0002456208
        0.0001181051  -0.0006839641   0.0005350671   0.0006282524  -0.0050764726
       -0.0020983323  -0.0017021502  -0.0007977543   0.0001409528  -0.0000407821
       -0.0000058475  -0.0000193089  -0.0000188572  -0.0003530913  -0.0001610481
       -0.0001156205  -0.0000804190   0.0000672518  -0.0000823648   0.0000054964
        0.0000768561  -0.0001111957  -0.0003099368   0.0001549354   0.0000322923
       -0.0005936754  -0.0005926865   0.0023293532   0.0003370052  -0.0002131727
       -0.0003822340   0.1227384000  -0.0904962144   0.0734612171  -0.0000721594
        0.0024523672  -0.0007056533   0.0000842976  -0.0009629263  -0.0002901829
        0.0001147002   0.0000035025   0.0000242164   0.0001296775  -0.0004206508
       -0.0001859959  -0.0000098032  -0.0000111867   0.0000039432   0.0000290587
       -0.0000173671  -0.0000135148   0.0000266068  -0.0000304349   0.0000280418
        0.0000254607  -0.0000066577  -0.0000208633
        0.0001798877   0.0002801401  -0.0002540001   0.0015022058  -0.0028925892
        0.0054166861   0.0789362756  -0.1485929507   0.0809777049  -0.0017814504
        0.0049492544  -0.0036767592  -0.0020094978   0.0008464633  -0.0005398468
        0.0001701623  -0.0001063097  -0.0001065023  -0.0001615769   0.0000559180
       -0.0000980191  -0.0005475020   0.0003116923   0.0000762798  -0.0007027620
       -0.0001261685   0.0000280248   0.0001470091  -0.0002202668   0.0000194435
        0.0000481499   0.0000922749   0.0000244787   0.0001200262   0.0000303130
        0.0000664244   0.0001198803  -0.0003500679   0.0000329253   0.0000412761
        0.0000364345  -0.0002561423  -0.0005396697   0.0002248401   0.0001200816
       -0.0005798140   0.0008691856   0.0013333347  -0.0001642568   0.0006288295
       -0.0006687527  -0.0904962144   0.1692247787  -0.0966239007   0.0162385840
       -0.0251280874   0.0142052541  -0.0002250004  -0.0003051487  -0.0000000736
        0.0000135792   0.0000307662   0.0000228330  -0.0002226866   0.0001441062
       -0.0000814018   0.0000140181   0.0000009716   0.0000027051  -0.0000408812
       -0.0000057285   0.0000122645  -0.0000338157  -0.0000023463  -0.0000283919
       -0.0000259265   0.0000036950  -0.0000046499
       -0.0008078958  -0.0003258024   0.0009189236  -0.0111987734   0.0206904131
       -0.0215886330  -0.0660655029   0.0805571353  -0.1079054604  -0.0034672977
        0.0034955402  -0.0017001155   0.0005618538   0.0004099179   0.0002824307
       -0.0000059362   0.0000983195   0.0000464111   0.0006193061   0.0000134939
        0.0000952376   0.0004050872   0.0001748872   0.0002525129  -0.0010214791
       -0.0003312258   0.0001908546  -0.0002731844   0.0001861013  -0.0000938230
       -0.0000332872  -0.0000914613   0.0000150726  -0.0004120359  -0.0001432986
       -0.0000824711   0.0000319368  -0.0000072574  -0.0000935519  -0.0002019954
       -0.0001496214   0.0002239577   0.0006175473  -0.0000874235   0.0001282502
        0.0024205685   0.0013035734  -0.0064054784  -0.0006831181   0.0003626998
        0.0005350635   0.0734612171  -0.0966239007   0.1282415880   0.0061528800
       -0.0089243355   0.0070579250  -0.0002004717  -0.0005942648  -0.0000489928
        0.0000126792  -0.0000275276  -0.0000079056   0.0000063952  -0.0000099238
       -0.0000687218   0.0000082355   0.0000060005  -0.0000003902   0.0000067375
       -0.0000060959   0.0000092569   0.0000329608  -0.0000032707  -0.0000185205
        0.0000335729   0.0000273271   0.0000165800
        0.0005440802   0.0009233946   0.0005762465  -0.0006003489   0.0107406037
        0.0081587206  -0.0417616253   0.0007856557  -0.0033453525  -0.0046527661
       -0.0265264240  -0.0129813277  -0.0043979923  -0.0011010244  -0.0014491942
       -0.0007003780  -0.0010646695   0.0007863354   0.0005307079  -0.0001527967
        0.0000631165   0.0002523258  -0.0000642672   0.0002652832   0.0004355434
       -0.0018191548   0.0002052395   0.0000444042   0.0000820466   0.0000416502
       -0.0000200535  -0.0000565386  -0.0000426621  -0.0002553128   0.0000002092
       -0.0001040493  -0.0003104295  -0.0005431345   0.0001302877   0.0000849728
       -0.0000713189  -0.0002345471  -0.0000865570   0.0001235110  -0.0000583124
        0.0002863270  -0.0001009691  -0.0006981926  -0.0008093353  -0.0002528021
        0.0028859796  -0.0000721594   0.0162385840   0.0061528800   0.0525012263
        0.0021084122   0.0002511794  -0.0001319720   0.0001314838  -0.0002141424
       -0.0003521976  -0.0001382720   0.0000313181  -0.0005757399   0.0006616908
       -0.0004509114   0.0000486847   0.0000121241   0.0000236087  -0.0000501196
        0.0000378051   0.0000474233   0.0000040882   0.0000082677  -0.0000396510
        0.0000446266   0.0000375833  -0.0000009258
       -0.0001063080   0.0008306122   0.0008158231   0.0007663596   0.0004484938
       -0.0025242460   0.0012561947  -0.2243478998  -0.0929592104  -0.0054967240
       -0.0132584754  -0.0055922588  -0.0025619334  -0.0004905661  -0.0010849100
       -0.0002155235  -0.0004201114   0.0004655230   0.0005746859   0.0003872799
        0.0001484128   0.0002789696  -0.0005330610   0.0003774594   0.0018111241
        0.0009101511   0.0006622621  -0.0002373507   0.0002272982  -0.0000393515
        0.0000454387  -0.0000202782  -0.0000018608  -0.0004255072  -0.0001275799
       -0.0001441072   0.0001932179   0.0002600871  -0.0000872277  -0.0000405345
       -0.0000118650   0.0001624042   0.0000816904  -0.0003406321  -0.0000516625
       -0.0001307157   0.0006664958   0.0002961466  -0.0002582524   0.0009205294
       -0.0003945152   0.0024523672  -0.0251280874  -0.0089243355   0.0021084122
        0.2592302050   0.1092723351   0.0000464795   0.0003899044  -0.0001059469
       -0.0001990528  -0.0001094022   0.0000024914  -0.0000199405   0.0004129155
       -0.0002640709   0.0000154546   0.0000082185  -0.0000021540  -0.0000110837
        0.0000284255   0.0000319641   0.0000055586   0.0000138328  -0.0000335424
        0.0000669732   0.0000535090  -0.0000254221
       -0.0008628986  -0.0001829144   0.0008610564   0.0037558264  -0.0250697123
       -0.0190383346  -0.0043165088  -0.0932234860  -0.0900980142  -0.0003158692
       -0.0044184255  -0.0010858489  -0.0008635877  -0.0002490909   0.0001334728
        0.0002897133  -0.0001116140   0.0002314319   0.0005336885   0.0003121595
        0.0000567943   0.0002011772  -0.0001953777   0.0000923924   0.0004812208
       -0.0002074805   0.0003140553  -0.0001847301   0.0001811733  -0.0000657585
        0.0000167492  -0.0000461620   0.0000601050  -0.0004404548  -0.0001385630
       -0.0000794651   0.0004134477   0.0004159650   0.0001144276  -0.0002542799
        0.0000242820   0.0001914154   0.0000200128   0.0000548592  -0.0000890801
       -0.0003412822  -0.0006987807   0.0005558973   0.0029375422  -0.0002845750
       -0.0062397330  -0.0007056533   0.0142052541   0.0070579250   0.0002511794
        0.1092723351   0.1072927252  -0.0000059194  -0.0000515564  -0.0000439915
       -0.0000540264  -0.0000423946  -0.0000411261  -0.0006031406   0.0003767234
       -0.0001499570   0.0000337999   0.0000123068  -0.0000108710  -0.0000179478
       -0.0000037809   0.0000481877  -0.0000140866   0.0000071518  -0.0000786023
        0.0000460281   0.0000617037   0.0000108959
       -0.0000803887  -0.0000972185   0.0000211666  -0.0000685553  -0.0001860689
        0.0000376540   0.0008103746  -0.0014491389   0.0007708666   0.0025575816
       -0.0011028547   0.0003592003  -0.1769869821   0.1257420083  -0.0273624569
       -0.0240873246   0.0193904012  -0.0043529718  -0.0029368222  -0.0024167233
       -0.0014762421   0.0004680715  -0.0008486084  -0.0000050724   0.0006521008
       -0.0010830135  -0.0010120775  -0.0002889227   0.0002522307   0.0001439149
       -0.0000079622  -0.0001020919   0.0000597230  -0.0029392108   0.0006355493
       -0.0005371936  -0.0000049349   0.0000454296   0.0000026578   0.0000086101
        0.0000219832  -0.0000298816  -0.0000460469  -0.0000117854  -0.0000087027
       -0.0000414122   0.0001011111  -0.0000644176   0.0001373300   0.0000247488
        0.0000206498   0.0000842976  -0.0002250004  -0.0002004717  -0.0001319720
        0.0000464795  -0.0000059194   0.2020509985  -0.1394214204   0.0331097598
        0.0005439206   0.0006436181   0.0004627851   0.0000918211  -0.0001184887
        0.0000383863  -0.0000040100   0.0000019577  -0.0000006140   0.0000057591
        0.0000210810   0.0000171003   0.0000383029  -0.0000079712  -0.0000211172
        0.0001753762   0.0001437857   0.0000332742
        0.0000098925   0.0001030236  -0.0000001515   0.0000087268  -0.0000543597
       -0.0001011010   0.0013920556   0.0009115558   0.0003333056   0.0216796810
       -0.0227920257   0.0043175538   0.1262610618  -0.1627270866   0.0242514281
       -0.0048709295   0.0046787823  -0.0009221147  -0.0020430196   0.0003350562
       -0.0000804493  -0.0012808616   0.0003275637  -0.0001969391  -0.0013690325
       -0.0057324511   0.0002078730   0.0001998094  -0.0004532577   0.0000016855
        0.0002171377   0.0002172020   0.0000140516  -0.0000802403   0.0001849382
       -0.0000236587   0.0000496120  -0.0000000440  -0.0000001956   0.0000263990
        0.0000168448   0.0000013045  -0.0000986793   0.0000209413  -0.0000391207
        0.0001032350   0.0001356218  -0.0001165401  -0.0001632668  -0.0000105436
        0.0003795374  -0.0009629263  -0.0003051487  -0.0005942648   0.0001314838
        0.0003899044  -0.0000515564  -0.1394214204   0.1850121346  -0.0273578499
       -0.0007906789   0.0009824925  -0.0002410292   0.0011712957  -0.0013632276
        0.0002443311   0.0000382419   0.0000209035   0.0000061629  -0.0000653612
        0.0000153151   0.0000353166  -0.0000570453   0.0000178726  -0.0000521031
       -0.0000851705   0.0000679923  -0.0000154759
        0.0000745939  -0.0000438417  -0.0001344627   0.0003964875   0.0002832408
        0.0001174035   0.0007808565  -0.0004644231  -0.0020314585  -0.0007990030
        0.0003626667   0.0000068199  -0.0274523299   0.0243433432  -0.0370919347
       -0.0035194292   0.0028715998  -0.0008920328  -0.0015588183  -0.0001076770
        0.0069268294  -0.0000025412  -0.0001632630   0.0006037636  -0.0008627061
        0.0001844558   0.0069427960   0.0001221219   0.0000227228  -0.0011714164
        0.0000473294  -0.0000357158  -0.0003373828  -0.0004779337   0.0001038603
        0.0000589146  -0.0000255329  -0.0000326557  -0.0000158217   0.0000524847
        0.0000263475  -0.0000189193   0.0000010898   0.0000052695   0.0000180856
       -0.0000041621  -0.0000526517  -0.0000340971   0.0000842992   0.0001084774
       -0.0001544513  -0.0002901829  -0.0000000736  -0.0000489928  -0.0002141424
       -0.0001059469  -0.0000439915   0.0331097598  -0.0273578499   0.0295520912
        0.0005013593  -0.0000305455  -0.0024541761  -0.0000025864   0.0000599213
        0.0001804589  -0.0000012103  -0.0000013309  -0.0000039694   0.0000839849
       -0.0000797283   0.0000411680  -0.0000801608   0.0000846712   0.0000055347
        0.0000363721   0.0000191268  -0.0000207584
       -0.0000669107  -0.0000178462   0.0000903225  -0.0001171713  -0.0000712405
       -0.0001044923  -0.0002745472  -0.0014343324   0.0000546234  -0.0050668949
       -0.0015442592  -0.0018017187  -0.0070294257  -0.0279355704  -0.0001349627
       -0.0541810669  -0.0497961494  -0.0019126261   0.0029755094   0.0204523690
       -0.0003299451  -0.0027025042   0.0022332281  -0.0017184242  -0.0004385517
        0.0003394723  -0.0000568729   0.0003167726   0.0007688238   0.0000336352
       -0.0001079953   0.0005762498   0.0000062392   0.0027905468   0.0015950046
        0.0006888838   0.0000221061   0.0000157104  -0.0000076393  -0.0000191079
       -0.0000021160   0.0000172566   0.0000200900  -0.0000007895  -0.0000126306
        0.0000105794   0.0000319256  -0.0000406565   0.0000483514  -0.0000166669
       -0.0000494278   0.0001147002   0.0000135792   0.0000126792  -0.0003521976
       -0.0001990528  -0.0000540264   0.0005439206  -0.0007906789   0.0005013593
        0.0644242684   0.0566562136   0.0046338624  -0.0001116951  -0.0000287625
        0.0002005099   0.0000190175   0.0000790441   0.0000037289  -0.0000283466
       -0.0000123705  -0.0000079729  -0.0000289053  -0.0000285889   0.0000033187
       -0.0007605422  -0.0008831963  -0.0000150237
       -0.0000371639   0.0000201243   0.0000752631  -0.0000882525  -0.0000282171
       -0.0001344909  -0.0000176401  -0.0006436192   0.0001193983  -0.0024254970
        0.0008388383  -0.0000982476  -0.0041383801  -0.0118423694  -0.0002447026
       -0.0501599640  -0.2887185972   0.0010296053  -0.0040462815  -0.0254045529
        0.0002693828   0.0029642392  -0.0007370663   0.0007470190   0.0004739770
        0.0008635801   0.0000420408   0.0000697616  -0.0019938145   0.0000675502
        0.0003702945  -0.0000650866   0.0000503982  -0.0012109823   0.0017149929
       -0.0003147932   0.0000269308  -0.0000026199  -0.0000127723  -0.0000181984
       -0.0000059966   0.0000239157   0.0000025512   0.0000071424  -0.0000204685
        0.0000481462   0.0000128193  -0.0000185526   0.0000003054  -0.0000103428
       -0.0000043948   0.0000035025   0.0000307662  -0.0000275276  -0.0001382720
       -0.0001094022  -0.0000423946   0.0006436181   0.0009824925  -0.0000305455
        0.0566562136   0.3248759121  -0.0015620054  -0.0000157011   0.0000042417
       -0.0000523604   0.0000114522  -0.0001112200   0.0000054179  -0.0000431728
        0.0000134895  -0.0000116584  -0.0000435993   0.0000179401  -0.0000014933
        0.0011121129   0.0002905652   0.0001464166
       -0.0000188107   0.0000062759   0.0000110443  -0.0000582708   0.0000075209
        0.0000150271   0.0000204151  -0.0002392224   0.0001621972  -0.0019363556
       -0.0000425470   0.0068850717  -0.0009808266  -0.0040015272  -0.0001119895
       -0.0019007093   0.0011425049  -0.0315741502   0.0005818499   0.0041083970
        0.0004651945  -0.0017393810   0.0006284343   0.0074298413  -0.0000641214
       -0.0000030234  -0.0001597469   0.0000615465   0.0001890573  -0.0000533872
        0.0000150868   0.0000790912  -0.0002949589   0.0007373607   0.0001035546
       -0.0017968799   0.0000008220  -0.0000009795   0.0000002376   0.0000014364
        0.0000011470  -0.0000001867  -0.0000026001   0.0000007852   0.0000008095
       -0.0000058321   0.0000116395  -0.0000120835   0.0000166345  -0.0000133620
       -0.0000089663   0.0000242164   0.0000228330  -0.0000079056   0.0000313181
        0.0000024914  -0.0000411261   0.0004627851  -0.0002410292  -0.0024541761
        0.0046338624  -0.0015620054   0.0233608224   0.0002045372  -0.0000487530
       -0.0013520804   0.0000043605   0.0000156793  -0.0000182599   0.0000018999
       -0.0000573396  -0.0000061136  -0.0000042220   0.0000523764  -0.0000089191
       -0.0000870021  -0.0001619992  -0.0004293157
       -0.0000552621  -0.0000286586   0.0000258600  -0.0001980314   0.0001820134
       -0.0000669874   0.0006788141   0.0015612315   0.0007506886   0.0041098036
        0.0195726407  -0.0000599776  -0.0025678639   0.0031554559  -0.0016101957
       -0.0004582964   0.0002633652  -0.0000547793  -0.0041644437  -0.0003646060
       -0.0018520126  -0.0064186009  -0.0291839257  -0.0000180079  -0.0565861055
       -0.0585984279  -0.0024666496   0.0021624694   0.0004557588   0.0006272216
       -0.0013364506   0.0003582431  -0.0001929950  -0.0007662086  -0.0017366854
       -0.0000457030  -0.0000866303  -0.0000685773  -0.0000314654   0.0000320127
       -0.0000122539  -0.0000197035   0.0000523373  -0.0000172879   0.0000091887
       -0.0000327413   0.0000204312   0.0003216795   0.0001207190  -0.0001341565
       -0.0000884992   0.0001296775  -0.0002226866   0.0000063952  -0.0005757399
       -0.0000199405  -0.0006031406   0.0000918211   0.0011712957  -0.0000025864
       -0.0001116951  -0.0000157011   0.0002045372   0.0684868174   0.0616831405
        0.0054983653   0.0001191183  -0.0000541046   0.0000505782  -0.0014975180
        0.0013260972   0.0010106528  -0.0008166852   0.0010019941  -0.0013814655
       -0.0003113176  -0.0002946553  -0.0000109984
       -0.0001283469   0.0000819225  -0.0000171111  -0.0000002596   0.0000141201
        0.0000549305  -0.0014220110   0.0010328527  -0.0003238392  -0.0026849776
       -0.0245902490   0.0002568026   0.0036226507  -0.0022533806   0.0008480163
        0.0002269536   0.0008324024   0.0000058845  -0.0014635224   0.0008376817
        0.0000095139  -0.0057412722  -0.0127270784  -0.0004514565  -0.0590190613
       -0.2894091749  -0.0009140420   0.0006616592  -0.0009948532   0.0000748676
        0.0021365746  -0.0002717615   0.0003348740  -0.0004076301  -0.0009025964
       -0.0000425003   0.0000190425   0.0000585225   0.0000210922  -0.0000193376
       -0.0000054744  -0.0000147280  -0.0000323923  -0.0000315799  -0.0000023958
        0.0002519621   0.0001156792  -0.0003529419  -0.0001222203  -0.0000078624
        0.0000532649  -0.0004206508   0.0001441062  -0.0000099238   0.0006616908
        0.0004129155   0.0003767234  -0.0001184887  -0.0013632276   0.0000599213
       -0.0000287625   0.0000042417  -0.0000487530   0.0616831405   0.3290150579
       -0.0002465654   0.0004372080   0.0002479508   0.0000525008   0.0010382728
       -0.0001496025  -0.0001256088   0.0008931850  -0.0000872186   0.0004192266
       -0.0000234065  -0.0000033939  -0.0000177526
        0.0000463342   0.0000727535  -0.0001561429   0.0005133556   0.0000015029
        0.0001741723   0.0007431218   0.0004948336  -0.0020625581   0.0001824625
        0.0038251214   0.0003086422  -0.0015469531   0.0009067518   0.0065255589
       -0.0001010432   0.0000167579  -0.0002061881  -0.0018686575   0.0001430544
        0.0075978014  -0.0007424212  -0.0041517469   0.0001832380  -0.0024569769
       -0.0010300538  -0.0307402432   0.0005836018   0.0000586433  -0.0017740493
       -0.0002385707   0.0000575465  -0.0002816546  -0.0000600069  -0.0002560719
       -0.0001971424  -0.0000098873  -0.0000162991   0.0000153190   0.0000696546
        0.0000097664  -0.0000234820  -0.0000477580   0.0000161570  -0.0000232665
        0.0001715068  -0.0000520809  -0.0001419287  -0.0000045067   0.0000236272
       -0.0000657297  -0.0001859959  -0.0000814018  -0.0000687218  -0.0004509114
       -0.0002640709  -0.0001499570   0.0000383863   0.0002443311   0.0001804589
        0.0002005099  -0.0000523604  -0.0013520804   0.0054983653  -0.0002465654
        0.0231842148   0.0000367562  -0.0000215862  -0.0001863537   0.0007137385
       -0.0005770305   0.0001426182  -0.0010758631   0.0009348357  -0.0006049244
       -0.0000082415  -0.0000564150  -0.0002776008
       -0.0000242578   0.0000099585   0.0000012520   0.0000047099  -0.0000031639
       -0.0000053649   0.0000010821   0.0000048000   0.0000046737   0.0002187144
        0.0000471105   0.0000354090   0.0000535029   0.0000990307   0.0000079295
       -0.0001058955  -0.0000375831  -0.0000132842   0.0000436417  -0.0005029869
       -0.0000040324   0.0000629536  -0.0003540385  -0.0000690240  -0.0000504279
       -0.0000427066  -0.0000599471   0.0035639453   0.0033185268   0.0003149697
       -0.2424687127   0.0880455262  -0.0339381360   0.0001322562   0.0001221911
        0.0000286538   0.0000148525   0.0000034145   0.0000015727  -0.0000021261
       -0.0000045000   0.0000060448  -0.0000004050   0.0000005701  -0.0000040218
        0.0000344335   0.0000032075  -0.0000389600  -0.0000032972  -0.0000028923
       -0.0000082328  -0.0000098032   0.0000140181   0.0000082355   0.0000486847
        0.0000154546   0.0000337999  -0.0000040100   0.0000382419  -0.0000012103
        0.0000190175   0.0000114522   0.0000043605   0.0001191183   0.0004372080
        0.0000367562   0.2743787231  -0.1023033372   0.0391041997  -0.0137028912
        0.0040838008  -0.0042918093  -0.0223240477   0.0070261699  -0.0011485588
        0.0000002384  -0.0000294729  -0.0000052756
        0.0000198168   0.0000120364  -0.0000046042   0.0000430877   0.0000095804
        0.0000128837   0.0000354431  -0.0000082950  -0.0000262092  -0.0000184339
        0.0001213185   0.0000045577  -0.0001022975   0.0000966417  -0.0000203356
       -0.0001777654  -0.0004015957  -0.0000133656   0.0015944250  -0.0006826828
        0.0002765129  -0.0002696618  -0.0069775172   0.0001950320  -0.0010101069
       -0.0003297717  -0.0001374142   0.0302054385  -0.0270055258   0.0056335546
        0.0813153451  -0.0726201102   0.0136648499  -0.0000365726   0.0001651316
       -0.0000138050   0.0000032657  -0.0000022987   0.0000026142  -0.0000072511
       -0.0000024747   0.0000008640  -0.0000106866  -0.0000026230  -0.0000008935
        0.0000006978  -0.0000082430  -0.0000111992  -0.0000226684   0.0000012591
        0.0000020206  -0.0000111867   0.0000009716   0.0000060005   0.0000121241
        0.0000082185   0.0000123068   0.0000019577   0.0000209035  -0.0000013309
        0.0000790441  -0.0001112200   0.0000156793  -0.0000541046   0.0002479508
       -0.0000215862  -0.1023033372   0.0999853510  -0.0177760639  -0.0054991951
        0.0040320612  -0.0007688456  -0.0038154957   0.0034486342  -0.0010349898
        0.0000281180   0.0000022993   0.0000037667
        0.0000068598  -0.0000031703   0.0000121291  -0.0000054617  -0.0000013250
        0.0000079764  -0.0000085083   0.0000001690   0.0000267028   0.0000441817
        0.0000006709   0.0000025588   0.0000165362   0.0000103994  -0.0000193185
       -0.0000137007   0.0000106550  -0.0000163121  -0.0000733853  -0.0000560573
        0.0001465763  -0.0000810149   0.0001846494   0.0005845858  -0.0000310846
        0.0000236334   0.0003279419  -0.0005359839   0.0014226519   0.0007581092
       -0.0337306500   0.0147149654  -0.0494723910   0.0000428471   0.0000128422
       -0.0000621117   0.0000007860  -0.0000025133  -0.0000048409  -0.0000028951
        0.0000005397   0.0000024401   0.0000009127   0.0000002792  -0.0000022223
       -0.0000224621   0.0000084772  -0.0000080208  -0.0000001798   0.0000024896
        0.0000045137   0.0000039432   0.0000027051  -0.0000003902   0.0000236087
       -0.0000021540  -0.0000108710  -0.0000006140   0.0000061629  -0.0000039694
        0.0000037289   0.0000054179  -0.0000182599   0.0000505782   0.0000525008
       -0.0001863537   0.0391041997  -0.0177760639   0.0522280351  -0.0275558293
        0.0096154200  -0.0067501214   0.0227712157  -0.0082296861   0.0024287719
       -0.0000076280  -0.0000036591   0.0000248417
       -0.0000038756   0.0000138931  -0.0000151730  -0.0000101054   0.0000104958
        0.0000446770   0.0000004813   0.0000442072   0.0000028572  -0.0002125325
        0.0002015820  -0.0004292858   0.0000084904  -0.0001576700  -0.0000322362
        0.0001115746   0.0000443189  -0.0000177185   0.0003723066   0.0003708013
       -0.0000480924   0.0008996893   0.0002473065   0.0008954191   0.0002712191
        0.0000246799   0.0003952417  -0.0022631672  -0.0108353143  -0.0051224183
       -0.0721560117  -0.0195953910  -0.0717485986  -0.0005066225  -0.0001770326
        0.0000126600  -0.0000151614  -0.0000038565   0.0000021941   0.0000163394
        0.0000001248  -0.0000173982   0.0000041377  -0.0000081255   0.0000040273
        0.0000096616  -0.0000006509   0.0000172788   0.0000063758  -0.0000276675
       -0.0000250216   0.0000290587  -0.0000408812   0.0000067375  -0.0000501196
       -0.0000110837  -0.0000179478   0.0000057591  -0.0000653612   0.0000839849
       -0.0000283466  -0.0000431728   0.0000018999  -0.0014975180   0.0010382728
        0.0007137385  -0.0137028912  -0.0054991951  -0.0275558293   0.0828244556
        0.0300038063   0.0847778146   0.0058327245   0.0044521281   0.0180956901
        0.0000540779   0.0000137855  -0.0000245010
       -0.0000028263   0.0000182663   0.0000122383   0.0000005179   0.0000121051
        0.0000254693  -0.0000490046   0.0000522341   0.0000047380   0.0001245480
       -0.0004605817   0.0002690213   0.0003644905   0.0003716653   0.0000835430
       -0.0005578674   0.0002497092   0.0001728317   0.0000582149  -0.0008185632
        0.0002730480  -0.0015399981   0.0018395543  -0.0014746572   0.0001043004
        0.0003529159   0.0002022188  -0.0168548746  -0.0326850684  -0.0291254015
       -0.0194053133  -0.0526805942  -0.0511190468  -0.0000300608   0.0001581936
       -0.0000762068  -0.0000014590  -0.0000000007  -0.0000029452  -0.0000025150
       -0.0000023773  -0.0000039169  -0.0000044170  -0.0000044715  -0.0000025346
        0.0000074200  -0.0000008737  -0.0000135163  -0.0000143940  -0.0000078987
       -0.0000032655  -0.0000173671  -0.0000057285  -0.0000060959   0.0000378051
        0.0000284255  -0.0000037809   0.0000210810   0.0000153151  -0.0000797283
       -0.0000123705   0.0000134895  -0.0000573396   0.0013260972  -0.0001496025
       -0.0005770305   0.0040838008   0.0040320612   0.0096154200   0.0300038063
        0.0766330233   0.0679660492   0.0022670178   0.0031317709   0.0038927614
        0.0000933678  -0.0000929687   0.0000281269
        0.0000094518   0.0000040349  -0.0000049137   0.0000285266  -0.0000034272
        0.0000479487  -0.0000518053  -0.0000240285  -0.0000212825   0.0001372253
        0.0001479185  -0.0002317218   0.0001514143   0.0002323567  -0.0000042484
       -0.0002773811   0.0002404781  -0.0000626695   0.0002072954  -0.0003030784
       -0.0000537878  -0.0013330029   0.0012988568   0.0004873430  -0.0003247851
       -0.0003533018   0.0001338636  -0.0015512904  -0.0120194227   0.0026702439
       -0.0710233427  -0.0515810088  -0.2190034066  -0.0000587979   0.0000139063
        0.0000794005   0.0000122428   0.0000123142   0.0000075449  -0.0000056621
        0.0000025573  -0.0000046605  -0.0000096526  -0.0000004220   0.0000002005
       -0.0000113004  -0.0000024872  -0.0000617706  -0.0000238912   0.0000157092
       -0.0000064021  -0.0000135148   0.0000122645   0.0000092569   0.0000474233
        0.0000319641   0.0000481877   0.0000171003   0.0000353166   0.0000411680
       -0.0000079729  -0.0000116584  -0.0000061136   0.0010106528  -0.0001256088
        0.0001426182  -0.0042918093  -0.0007688456  -0.0067501214   0.0847778146
        0.0679660492   0.2505029508  -0.0074471877  -0.0048708451  -0.0279405176
        0.0000322491   0.0000504081  -0.0000191107
       -0.0000012174  -0.0000026307  -0.0000046957  -0.0000349689   0.0000586562
       -0.0000099196  -0.0000133812   0.0000232403  -0.0000674788  -0.0003154253
        0.0002630707   0.0003701010   0.0000392795  -0.0000717391   0.0000524956
        0.0000114509   0.0001173200   0.0000366803   0.0003762873   0.0002571401
        0.0001709846   0.0007395690   0.0005929405  -0.0008429883   0.0002775761
       -0.0001327270  -0.0003395809  -0.0041339730  -0.0140567949   0.0041447460
       -0.1280309945  -0.0272907975   0.1033979766  -0.0004661455  -0.0001702991
       -0.0001753978  -0.0000113343  -0.0000033484  -0.0000022596   0.0000073847
        0.0000025433  -0.0000060709   0.0000214586  -0.0000085154   0.0000123951
       -0.0000143759  -0.0000025930   0.0000481850   0.0000100558  -0.0000340276
        0.0000083171   0.0000266068  -0.0000338157   0.0000329608   0.0000040882
        0.0000055586  -0.0000140866   0.0000383029  -0.0000570453  -0.0000801608
       -0.0000289053  -0.0000435993  -0.0000042220  -0.0008166852   0.0008931850
       -0.0010758631  -0.0223240477  -0.0038154957   0.0227712157   0.0058327245
        0.0022670178  -0.0074471877   0.1487539681   0.0412101796  -0.1210225824
        0.0000527018   0.0000325766   0.0000464367
       -0.0000209451   0.0000198423  -0.0000118740   0.0000013691   0.0000068742
       -0.0000129169  -0.0000360387   0.0000472262  -0.0000055858   0.0001895001
       -0.0004834153  -0.0001927846   0.0003707477   0.0003554176   0.0000137966
       -0.0004591914   0.0002143125  -0.0003455086   0.0001259010  -0.0008078711
       -0.0001922387  -0.0018040591   0.0018268376   0.0008523289   0.0001803757
        0.0003686743  -0.0001750857  -0.0252225337  -0.0302720158   0.0246843518
       -0.0270395141  -0.0472623035   0.0345277786  -0.0000548053   0.0001609570
        0.0000577827  -0.0000047638  -0.0000007309  -0.0000030743  -0.0000036875
       -0.0000001242  -0.0000012618  -0.0000050905  -0.0000064967   0.0000004141
        0.0000568952   0.0000254383  -0.0000080988  -0.0000019170  -0.0000171941
        0.0000014488  -0.0000304349  -0.0000023463  -0.0000032707   0.0000082677
        0.0000138328   0.0000071518  -0.0000079712   0.0000178726   0.0000846712
       -0.0000285889   0.0000179401   0.0000523764   0.0010019941  -0.0000872186
        0.0009348357   0.0070261699   0.0034486342  -0.0082296861   0.0044521281
        0.0031317709  -0.0048708451   0.0412101796   0.0693812329  -0.0471713561
        0.0000960129  -0.0000971472   0.0000066506
        0.0000063891   0.0000007067   0.0000208029  -0.0000265143   0.0000100209
        0.0000038320   0.0000402554   0.0000279374   0.0000616072  -0.0001655005
       -0.0000443173  -0.0001322347  -0.0001558810  -0.0003016561  -0.0000224746
        0.0003253531  -0.0002319586   0.0000764291  -0.0000608955   0.0004548916
       -0.0000745150   0.0015177681  -0.0012408104   0.0006808710   0.0003544623
        0.0003263426   0.0001200572   0.0011380112   0.0102870730   0.0021064502
        0.1026602966   0.0348763610  -0.1684562420  -0.0001238126  -0.0000770930
        0.0000383146  -0.0000182501  -0.0000134518  -0.0000157577   0.0000092286
       -0.0000001641   0.0000000426   0.0000088077  -0.0000061699  -0.0000017832
       -0.0000229688  -0.0000014913   0.0000646136   0.0000174165  -0.0000168197
       -0.0000088017   0.0000280418  -0.0000283919  -0.0000185205  -0.0000396510
       -0.0000335424  -0.0000786023  -0.0000211172  -0.0000521031   0.0000055347
        0.0000033187  -0.0000014933  -0.0000089191  -0.0013814655   0.0004192266
       -0.0006049244  -0.0011485588  -0.0010349898   0.0024287719   0.0180956901
        0.0038927614  -0.0279405176  -0.1210225824  -0.0471713561   0.1917691807
       -0.0000178414  -0.0000395121  -0.0000132146
        0.0000491368   0.0000318556  -0.0000465013   0.0000905786   0.0000455333
        0.0000988275   0.0000892928   0.0000897702  -0.0001205888   0.0002593841
       -0.0005458407   0.0000832651   0.0000898840   0.0004928777  -0.0000416481
        0.0011767024  -0.0017445652   0.0003587082  -0.0085807429  -0.0372670245
        0.0001678096  -0.0039000886  -0.0013697575  -0.0008254356  -0.0009958877
       -0.0014916363  -0.0002655589  -0.0005301274   0.0011822609  -0.0000880619
       -0.0000317068  -0.0001948985  -0.0000158345  -0.0340785076   0.0032852800
       -0.0046866902  -0.0000109196   0.0000038816   0.0000132771   0.0000179153
        0.0000004247  -0.0000126031  -0.0000110056  -0.0000133902   0.0000101890
       -0.0000133355  -0.0000043954  -0.0000051111  -0.0000445798  -0.0000243848
        0.0000092361   0.0000254607  -0.0000259265   0.0000335729   0.0000446266
        0.0000669732   0.0000460281   0.0001753762  -0.0000851705   0.0000363721
       -0.0007605422   0.0011121129  -0.0000870021  -0.0003113176  -0.0000234065
       -0.0000082415   0.0000002384   0.0000281180  -0.0000076280   0.0000540779
        0.0000933678   0.0000322491   0.0000527018   0.0000960129  -0.0000178414
        0.0471433858   0.0362619279   0.0053392115
        0.0000401374  -0.0000116633  -0.0000428573   0.0001171965  -0.0000043558
        0.0000874924   0.0000691205   0.0000291626  -0.0001548543   0.0001638761
        0.0002063451   0.0000932713  -0.0004178424  -0.0003551921  -0.0000479362
        0.0019214976   0.0021163151   0.0001674964  -0.0132762991  -0.0122331918
       -0.0017214704   0.0001701052  -0.0018421881   0.0001488041  -0.0002372909
       -0.0010014974   0.0000304585  -0.0019777325   0.0023665127  -0.0003869719
       -0.0002446998  -0.0001145685  -0.0000261374  -0.0215341327  -0.4144339699
        0.0111352603   0.0000001696   0.0000085309   0.0000082404  -0.0000002019
        0.0000035201   0.0000011206  -0.0000255555  -0.0000003333   0.0000018834
       -0.0000258662   0.0000261129  -0.0000291041  -0.0000181588   0.0000052152
        0.0000072614  -0.0000066577   0.0000036950   0.0000273271   0.0000375833
        0.0000535090   0.0000617037   0.0001437857   0.0000679923   0.0000191268
       -0.0008831963   0.0002905652  -0.0001619992  -0.0002946553  -0.0000033939
       -0.0000564150  -0.0000294729   0.0000022993  -0.0000036591   0.0000137855
       -0.0000929687   0.0000504081   0.0000325766  -0.0000971472  -0.0000395121
        0.0362619279   0.4250106947  -0.0091689372
       -0.0000038123   0.0000021777  -0.0000357969   0.0000341873   0.0000118223
       -0.0000215788   0.0000420929   0.0000182423  -0.0002050971  -0.0000201779
       -0.0000743323   0.0001813949  -0.0000196435   0.0001058436   0.0002467485
        0.0002616993  -0.0004091953  -0.0009268734  -0.0006957319  -0.0054626815
       -0.0012528377  -0.0009081094  -0.0001159598   0.0016261348  -0.0002686126
       -0.0001779452   0.0009396197   0.0000175815   0.0001019480  -0.0002397669
       -0.0000173246  -0.0000250396   0.0001222707  -0.0037979724   0.0150529593
       -0.0058457938  -0.0000007532  -0.0000020479   0.0000063966   0.0000111575
        0.0000072205  -0.0000050477  -0.0000020719   0.0000040052   0.0000059491
        0.0000091418   0.0000156517   0.0000176303   0.0000170147  -0.0000053922
        0.0000165453  -0.0000208633  -0.0000046499   0.0000165800  -0.0000009258
       -0.0000254221   0.0000108959   0.0000332742  -0.0000154759  -0.0000207584
       -0.0000150237   0.0001464166  -0.0004293157  -0.0000109984  -0.0000177526
       -0.0002776008  -0.0000052756   0.0000037667   0.0000248417  -0.0000245010
        0.0000281269  -0.0000191107   0.0000464367   0.0000066506  -0.0000132146
        0.0053392115  -0.0091689372   0.0060777849
