$hessian                                                                        
        0.5014988440  -0.0232593261   0.0210054118  -0.1116277220  -0.0490502001
        0.0447006616  -0.0248210605  -0.0161462459   0.0138774952  -0.0057711546
        0.0006754930  -0.0009220924   0.0001254466  -0.0008455322   0.0010865268
       -0.0011571877  -0.0004248413  -0.0001496322  -0.0000686177   0.0001034200
       -0.0000927280   0.0000965064  -0.0000000272  -0.0000058858  -0.0548412003
        0.0505992221   0.0088599010  -0.0473081093  -0.0044166455  -0.0298224480
       -0.2606669157   0.0424949678  -0.0588012955   0.0008640186   0.0003413208
        0.0010249147   0.0025565582   0.0009329095  -0.0017861961   0.0007181397
       -0.0008814080   0.0003057072   0.0007331697  -0.0002457732   0.0008705303
       -0.0001678585   0.0001467566   0.0000189954  -0.0000787407  -0.0000038106
       -0.0001830366  -0.0000281312  -0.0000129583   0.0000063429  -0.0000380777
       -0.0000105744   0.0000114234  -0.0000179073   0.0000032533  -0.0000045955
       -0.0232593261   0.5005337995   0.0198403294  -0.0483911998  -0.1167997043
        0.0439370488  -0.0014753584   0.0010832223  -0.0011367743   0.0006891064
        0.0002357629   0.0000153454   0.0000890684  -0.0002461777   0.0001422420
        0.0001725639   0.0002537069  -0.0000013876  -0.0001183785   0.0002882032
       -0.0001720600   0.0000281014  -0.0000187288   0.0000050878   0.0507277631
       -0.2626559637  -0.0442100139  -0.0046098826  -0.0525834446  -0.0438285412
        0.0421104580  -0.0511972941   0.0097649396   0.0012114927   0.0024168774
       -0.0005028320  -0.0183498760  -0.0228482511   0.0165239026   0.0008950166
        0.0011299856  -0.0002609593   0.0002465684   0.0001541234   0.0000207080
        0.0000797660   0.0003149089  -0.0000164112  -0.0000397303  -0.0000956744
       -0.0001109785   0.0000165476   0.0000057646   0.0000050993   0.0000054840
        0.0000180978  -0.0000122798  -0.0000281849   0.0000107865  -0.0000024652
        0.0210054118   0.0198403294   0.5044672932   0.0440367685   0.0438820292
       -0.1078437470  -0.0004640017  -0.0022642053   0.0022198382  -0.0012333308
        0.0000629171   0.0002352071  -0.0000857148   0.0002401564   0.0002640224
       -0.0001899754  -0.0002092938   0.0000020542   0.0000534895  -0.0001660572
        0.0000837303  -0.0000365959   0.0000016921  -0.0000432338   0.0090333710
       -0.0439135031  -0.0530595256  -0.0298941934  -0.0441197542  -0.2704520310
       -0.0584360752   0.0098038568  -0.0588633004   0.0188432919   0.0184979536
       -0.0210341818  -0.0015391513  -0.0010562334   0.0025244790  -0.0001610437
       -0.0000794971   0.0001387295  -0.0009105389  -0.0003770936   0.0011395289
        0.0000474070  -0.0001414705  -0.0000613806  -0.0000850075   0.0000126201
        0.0002482631   0.0000005604  -0.0000152616   0.0000165777  -0.0000113393
        0.0000041413   0.0000102529   0.0000266678  -0.0000033261   0.0000074237
       -0.1116277220  -0.0483911998   0.0440367685   0.4558462915  -0.0101722294
        0.0036203315  -0.1795241002   0.0249465726  -0.0331949564  -0.0252114723
       -0.0013874518  -0.0000864356  -0.0010171066  -0.0016828323   0.0018267895
       -0.0016180581  -0.0005555908  -0.0001331458   0.0000014876  -0.0000635186
        0.0000086018   0.0001255596  -0.0000649929  -0.0000286666   0.0028286617
        0.0007907606  -0.0023785315   0.0010421592   0.0009235682   0.0012210944
       -0.0220346441  -0.0178680459   0.0157725690  -0.0458408327  -0.0045807872
       -0.0310847591  -0.0533499998   0.0506081714   0.0092127940  -0.0122070297
        0.0055295539  -0.0020757262  -0.0091926183   0.0007938877  -0.0055482237
        0.0009646786   0.0007036615  -0.0004959129   0.0009508102   0.0004571189
       -0.0006627086  -0.0000482816   0.0000345723   0.0000218890  -0.0000596047
       -0.0000049378  -0.0000418908  -0.0000281783  -0.0000162805   0.0000101196
       -0.0490502001  -0.1167997043   0.0438820292  -0.0101722294   0.5166730019
        0.0214034555   0.0250230804  -0.0699113738   0.0028538614  -0.0172115210
        0.0009631360  -0.0019675796   0.0002529967  -0.0020618413   0.0026252416
       -0.0023966629  -0.0008918641  -0.0003120285  -0.0002827502   0.0007608570
       -0.0004435010   0.0002240395   0.0000957340  -0.0000595001  -0.0180133579
       -0.0235086970   0.0164798973   0.0021488723   0.0027203255  -0.0000412189
        0.0011324666   0.0021037830  -0.0016638709  -0.0042057697  -0.0541397199
       -0.0434275288   0.0507333627  -0.2505574207  -0.0437880918   0.0284448467
       -0.0080290202   0.0063683842  -0.0053711909   0.0015826443  -0.0015603349
       -0.0013743871   0.0007435571   0.0000191228   0.0000784012   0.0002652947
       -0.0003871422   0.0000637877  -0.0000132688   0.0000141512   0.0000249819
       -0.0000171555   0.0000313783  -0.0000487664   0.0000217321  -0.0000267245
        0.0447006616   0.0439370488  -0.1078437470   0.0036203315   0.0214034555
        0.5192234706  -0.0330148452   0.0028478901  -0.0747282103   0.0148377974
       -0.0013074867   0.0020921270  -0.0003607859   0.0018875410  -0.0021575668
        0.0023563441   0.0010325387   0.0002967829   0.0003653464  -0.0006173328
        0.0005700778  -0.0001353125  -0.0000620277   0.0000107885  -0.0025022548
       -0.0006985403   0.0026978289   0.0186220101   0.0185493079  -0.0217220876
       -0.0028960682  -0.0031820398   0.0032097902  -0.0311327705  -0.0439596111
       -0.2589185150   0.0087708669  -0.0432954702  -0.0547553899   0.0047585650
       -0.0008171950   0.0019342370  -0.0293439412   0.0044182039  -0.0109646815
        0.0001296565  -0.0002829014   0.0002265220   0.0012258286   0.0001006256
        0.0008164897   0.0000016513   0.0000387018   0.0000005982  -0.0000292881
        0.0000238362  -0.0000109469   0.0000262068  -0.0000165444   0.0000224323
       -0.0248210605  -0.0014753584  -0.0004640017  -0.1795241002   0.0250230804
       -0.0330148452   0.4521645546  -0.0170880031   0.0074806799  -0.0993983730
       -0.0426362103   0.0429109358  -0.0199589571  -0.0121291639   0.0127810516
       -0.0092016808  -0.0024676462  -0.0008084963  -0.0021498543  -0.0024589063
        0.0006705062   0.0012770404  -0.0009483871   0.0002291664   0.0009700706
        0.0007560828  -0.0004454191   0.0008782507   0.0005056299  -0.0007192323
       -0.0022378931  -0.0022093704   0.0019476968  -0.0096571811   0.0007608933
       -0.0055817054  -0.0128106001   0.0056774002  -0.0021981183  -0.0530275044
        0.0523467239   0.0098988524  -0.0457542089  -0.0050729413  -0.0315425764
        0.0025845471   0.0012965722  -0.0027969336   0.0008807629   0.0001172905
        0.0016595993  -0.0001953938   0.0000622829   0.0000045126  -0.0000974296
       -0.0000348874  -0.0000206343   0.0000790105  -0.0000250816   0.0000089619
       -0.0161462459   0.0010832223  -0.0022642053   0.0249465726  -0.0699113738
        0.0028478901  -0.0170880031   0.5179934368   0.0230741375  -0.0412615566
       -0.1160364191   0.0437964762  -0.0073315585   0.0014962225  -0.0034420985
        0.0026803749   0.0027869464   0.0009467020   0.0017673114  -0.0011933889
        0.0000520656  -0.0005829879  -0.0000940899   0.0000004802  -0.0012661339
        0.0008831776  -0.0000662495   0.0000320517   0.0002811049  -0.0004152923
       -0.0033529192  -0.0015505669   0.0018171798  -0.0053305787   0.0015117346
       -0.0014549217   0.0289557002  -0.0084050311   0.0067346937   0.0534037929
       -0.2551329234  -0.0438013640  -0.0051054185  -0.0545831481  -0.0438436919
       -0.0159466355  -0.0216184157   0.0157010993   0.0014529513   0.0024764356
        0.0003084038   0.0000663589  -0.0000473481   0.0000148516   0.0000948011
        0.0000145417  -0.0000397484   0.0000121227   0.0000458825   0.0000335919
        0.0138774952  -0.0011367743   0.0022198382  -0.0331949564   0.0028538614
       -0.0747282103   0.0074806799   0.0230741375   0.5172187473   0.0417878305
        0.0436740145  -0.1048514157   0.0015933489  -0.0023242319   0.0029110904
       -0.0035722250  -0.0010310019   0.0001855180  -0.0014212966  -0.0002402177
        0.0000265681   0.0003766317   0.0000808103   0.0000641097   0.0000253596
       -0.0003521371   0.0002483478   0.0012822468   0.0000670137   0.0008987550
        0.0030910369   0.0019164303  -0.0010682958  -0.0295919263   0.0046551956
       -0.0110643101   0.0049249077  -0.0008355283   0.0019303807   0.0099130628
       -0.0433064812  -0.0546330836  -0.0319740904  -0.0445175354  -0.2604880262
       -0.0015824401  -0.0002185460   0.0023032220   0.0171379593   0.0176942214
       -0.0211742400  -0.0000301576  -0.0000690567   0.0000175311  -0.0001443241
        0.0000130712  -0.0000354182   0.0000208574   0.0000027545   0.0000188915
       -0.0057711546   0.0006891064  -0.0012333308  -0.0252114723  -0.0172115210
        0.0148377974  -0.0993983730  -0.0412615566   0.0417878305   0.4562044178
       -0.0045778962  -0.0046336380  -0.1661358180   0.0074516787  -0.0183187979
       -0.0455431413  -0.0140556961  -0.0039656957  -0.0229305626   0.0212253644
       -0.0128258118   0.0021086275   0.0004298390  -0.0005581567  -0.0001157924
        0.0000579002  -0.0000266125  -0.0000745618   0.0000389833  -0.0001032814
       -0.0014620777  -0.0010151121   0.0008463916   0.0008583547  -0.0001802086
        0.0007559065   0.0007444038  -0.0008852402   0.0002927564   0.0026599427
        0.0009183741  -0.0025077166   0.0001652550   0.0004626230   0.0019477908
       -0.0548950780   0.0536058544   0.0111749901  -0.0404060015  -0.0056309738
       -0.0274984171  -0.0000866493  -0.0000125780   0.0001512505  -0.0001776012
       -0.0000477308  -0.0000410740  -0.0005327178  -0.0000012102  -0.0000821814
        0.0006754930   0.0002357629   0.0000629171  -0.0013874518   0.0009631360
       -0.0013074867  -0.0426362103  -0.1160364191   0.0436740145  -0.0045778962
        0.5197795947   0.0065726856   0.0206002920  -0.0631172752  -0.0005889543
       -0.0374184960  -0.0027341566  -0.0003004807   0.0327908908  -0.0106968413
        0.0127645636   0.0005925766  -0.0033276617   0.0045615484   0.0000321346
        0.0003275673   0.0000026361  -0.0000635678  -0.0000570859  -0.0001267524
        0.0001638342   0.0002239888   0.0000033759   0.0002538963   0.0001312905
        0.0000291248   0.0011032967   0.0011665509  -0.0002735704  -0.0181015835
       -0.0232199634   0.0168595079   0.0013298324   0.0023844400  -0.0002547060
        0.0522732211  -0.2572103289  -0.0340967611  -0.0068683771  -0.0482849535
       -0.0480440511   0.0001308376  -0.0003346396   0.0000741956  -0.0004648462
        0.0000665805   0.0000381179   0.0015721235  -0.0002595865   0.0003500753
       -0.0009220924   0.0000153454   0.0002352071  -0.0000864356  -0.0019675796
        0.0020921270   0.0429109358   0.0437964762  -0.1048514157  -0.0046336380
        0.0065726856   0.4734439959  -0.0170336404  -0.0024469081  -0.0713354829
        0.0047280965   0.0023137593   0.0162905776  -0.0161864233   0.0121050467
       -0.0021439706  -0.0005588031   0.0034054311   0.0048188382   0.0000710246
       -0.0001134114  -0.0000654296  -0.0000960218  -0.0000180472   0.0003860645
       -0.0002146972  -0.0000414325   0.0002326742  -0.0008165828  -0.0002502209
        0.0011929196  -0.0002197008  -0.0000080632   0.0000731288  -0.0016895612
       -0.0005492975   0.0020816022   0.0184548748   0.0188105330  -0.0206525059
        0.0104129430  -0.0352944459  -0.0458493929  -0.0335022328  -0.0464814785
       -0.2560204791   0.0007263603  -0.0003515473   0.0002949806  -0.0012389972
        0.0004617179  -0.0003641980  -0.0001054084   0.0000414368   0.0001407589
        0.0001254466   0.0000890684  -0.0000857148  -0.0010171066   0.0002529967
       -0.0003607859  -0.0199589571  -0.0073315585   0.0015933489  -0.1661358180
        0.0206002920  -0.0170336404   0.6774669167   0.1949455253  -0.0064303079
       -0.3554241995  -0.2770509629   0.0681781824  -0.0928815202   0.0225584453
       -0.0138872794  -0.0168635117   0.0339168894  -0.0155241667  -0.0001566952
        0.0001590942   0.0001011413  -0.0001654616  -0.0001122545  -0.0001272995
        0.0003594307  -0.0000868407   0.0001555955  -0.0003474449  -0.0002073134
        0.0005857050  -0.0002894891  -0.0005060691   0.0001390026   0.0006472391
        0.0002894202   0.0003526267   0.0007226324  -0.0000057455  -0.0008988120
       -0.0105839920   0.0061536266  -0.0057261625  -0.0078633784   0.0010445553
       -0.0071379402   0.0003146082   0.0016472020  -0.0018923611  -0.0008718618
        0.0024358574  -0.0007248975  -0.0070768378   0.0012077719  -0.0012762346
       -0.0008455322  -0.0002461777   0.0002401564  -0.0016828323  -0.0020618413
        0.0018875410  -0.0121291639   0.0014962225  -0.0023242319   0.0074516787
       -0.0631172752  -0.0024469081   0.1949455253   0.6149096804  -0.1385103950
       -0.2625123048  -0.3273581499   0.0663529500   0.0324288921  -0.2061963540
        0.0631165965   0.0250481592  -0.0133087523   0.0108377547  -0.0001525894
       -0.0000121980  -0.0001028201  -0.0001123221   0.0001360988  -0.0000277535
        0.0000137163  -0.0001224187   0.0001457079   0.0002452675   0.0001599485
        0.0000094955   0.0002924136  -0.0001650210  -0.0001443771  -0.0012869139
       -0.0014221380  -0.0007594402  -0.0004943562   0.0010267935   0.0006380237
        0.0293556337  -0.0078402281   0.0052329879  -0.0067326530   0.0026614062
       -0.0027958166  -0.0019221387   0.0012613378  -0.0030925581  -0.0018625712
        0.0018696155   0.0013646774  -0.0000479088  -0.0016705491   0.0003784096
        0.0010865268   0.0001422420   0.0002640224   0.0018267895   0.0026252416
       -0.0021575668   0.0127810516  -0.0034420985   0.0029110904  -0.0183187979
       -0.0005889543  -0.0713354829  -0.0064303079  -0.1385103950   0.2481550373
        0.0632765921   0.0651669482  -0.0816961256  -0.0177759678   0.0601389329
       -0.0808758856  -0.0123386541   0.0103974832  -0.0069619042   0.0000423337
        0.0000196428   0.0000843253   0.0000370412  -0.0000995364  -0.0000268005
        0.0002225929   0.0001821300  -0.0001553991  -0.0002198878  -0.0000894722
        0.0000075585  -0.0002502315  -0.0000389061   0.0000678896   0.0001398753
        0.0002301555   0.0008391694   0.0016988025  -0.0002620768  -0.0007240048
        0.0048784821  -0.0003161685   0.0012762130  -0.0301691962   0.0029446129
       -0.0111725604  -0.0003105935   0.0011709622   0.0016485250   0.0021772892
       -0.0015396990   0.0003716547  -0.0023537402   0.0018689555  -0.0005197558
       -0.0011571877   0.0001725639  -0.0001899754  -0.0016180581  -0.0023966629
        0.0023563441  -0.0092016808   0.0026803749  -0.0035722250  -0.0455431413
       -0.0374184960   0.0047280965  -0.3554241995  -0.2625123048   0.0632765921
        0.3978529892   0.3289321488  -0.0769860126   0.0068061128  -0.0319242100
        0.0096127856   0.0039983675   0.0048596448  -0.0021564582   0.0001288452
       -0.0000181010  -0.0000447830   0.0001134945   0.0000326813   0.0000135685
       -0.0004181373  -0.0001403884   0.0000834640   0.0002802817   0.0000468065
       -0.0001019143   0.0002153192   0.0000925063  -0.0000204976   0.0004443298
        0.0002648825  -0.0001236695   0.0001148207   0.0001980098   0.0000479167
        0.0026500460  -0.0015761125   0.0014897658  -0.0018086336  -0.0007195618
        0.0001913432   0.0004522440   0.0000829516   0.0016576756   0.0007063756
       -0.0017512733  -0.0002566555   0.0014078119   0.0010945404  -0.0000053610
       -0.0004248413   0.0002537069  -0.0002092938  -0.0005555908  -0.0008918641
        0.0010325387  -0.0024676462   0.0027869464  -0.0010310019  -0.0140556961
       -0.0027341566   0.0023137593  -0.2770509629  -0.3273581499   0.0651669482
        0.3289321488   0.4273513277  -0.1126047109  -0.0341234025  -0.1022622289
        0.0460921805  -0.0018281622   0.0010321486  -0.0026031089   0.0001269060
        0.0000033002   0.0000104779   0.0001111063  -0.0000055095   0.0000214165
       -0.0002319665  -0.0000316697  -0.0000067534   0.0000963719  -0.0000602759
       -0.0001794910  -0.0000795131   0.0002075660   0.0000594631   0.0008158652
        0.0004401649   0.0001391778   0.0000859772  -0.0003389878   0.0001870724
       -0.0003623280   0.0007077318   0.0014380167   0.0009018002  -0.0005030202
        0.0006124734   0.0002786549  -0.0000217266   0.0008686923   0.0005284073
        0.0004166070  -0.0004511774  -0.0006971280   0.0010080897  -0.0008566794
       -0.0001496322  -0.0000013876   0.0000020542  -0.0001331458  -0.0003120285
        0.0002967829  -0.0008084963   0.0009467020   0.0001855180  -0.0039656957
       -0.0003004807   0.0162905776   0.0681781824   0.0663529500  -0.0816961256
       -0.0769860126  -0.1126047109   0.0600483133   0.0101017306   0.0467291688
        0.0089625966   0.0015919675  -0.0007084045  -0.0029309799  -0.0000334842
        0.0000060871   0.0000061866  -0.0000224882   0.0000354064   0.0000006236
       -0.0000263872  -0.0000557920   0.0000520444   0.0000025319   0.0000285363
        0.0000315591   0.0000159847  -0.0000613997  -0.0000637138  -0.0001747641
       -0.0000286191  -0.0001536605  -0.0003051495  -0.0000455744  -0.0000000794
       -0.0010335883  -0.0000719138  -0.0009111145   0.0026845478   0.0008293963
        0.0006526910   0.0002347437  -0.0006434780  -0.0009162917   0.0004536594
        0.0001894163  -0.0002131332   0.0003754963  -0.0002838739   0.0003561512
       -0.0000686177  -0.0001183785   0.0000534895   0.0000014876  -0.0002827502
        0.0003653464  -0.0021498543   0.0017673114  -0.0014212966  -0.0229305626
        0.0327908908  -0.0161864233  -0.0928815202   0.0324288921  -0.0177759678
        0.0068061128  -0.0341234025   0.0101017306   0.3905514893  -0.0388011926
        0.0569258916  -0.1898469708  -0.0061180227  -0.0159159748   0.0000331502
       -0.0000415299  -0.0000206463   0.0000338090   0.0000418117   0.0000369878
       -0.0000771243   0.0000397288  -0.0000422750   0.0000646902   0.0000859157
       -0.0001352731   0.0001203923   0.0001780464  -0.0000947702  -0.0018022360
       -0.0004447649  -0.0002278731   0.0000929212   0.0001160907   0.0004301249
       -0.0062808529   0.0019565718  -0.0017514720  -0.0019133503   0.0007122418
       -0.0008786339  -0.0336940953  -0.0029670909  -0.0098142478  -0.0367024548
        0.0072092575   0.0014948931  -0.0093564133   0.0055703737  -0.0051436102
        0.0001034200   0.0002882032  -0.0001660572  -0.0000635186   0.0007608570
       -0.0006173328  -0.0024589063  -0.0011933889  -0.0002402177   0.0212253644
       -0.0106968413   0.0121050467   0.0225584453  -0.2061963540   0.0601389329
       -0.0319242100  -0.1022622289   0.0467291688  -0.0388011926   0.3875499446
       -0.1275496909   0.0074587023  -0.0645786748   0.0041229071   0.0000579173
        0.0000662014   0.0000724844   0.0000168130  -0.0001125875  -0.0000235463
       -0.0000380794  -0.0000290064   0.0000244000  -0.0001186635  -0.0001810506
        0.0002247970  -0.0002092677  -0.0001456462   0.0001743833   0.0002343370
        0.0011754414   0.0002501868   0.0002237762  -0.0002511941  -0.0007752476
        0.0014762355  -0.0001718042   0.0002324496   0.0009191360  -0.0011348986
        0.0004103426  -0.0214148126   0.0059219577  -0.0025595300   0.0114022180
       -0.0015288334  -0.0000873930   0.0293522858  -0.0072800964   0.0075339163
       -0.0000927280  -0.0001720600   0.0000837303   0.0000086018  -0.0004435010
        0.0005700778   0.0006705062   0.0000520656   0.0000265681  -0.0128258118
        0.0127645636  -0.0021439706  -0.0138872794   0.0631165965  -0.0808758856
        0.0096127856   0.0460921805   0.0089625966   0.0569258916  -0.1275496909
        0.1287329060  -0.0199748564   0.0029885343  -0.0572632241  -0.0000203347
       -0.0000303688  -0.0000771719  -0.0000573394   0.0000511209   0.0000718751
        0.0000361605   0.0000061528   0.0000062006   0.0002291235   0.0000924474
        0.0000036047   0.0001214600   0.0001267435  -0.0000856184  -0.0001778933
       -0.0004316748  -0.0005594858  -0.0004756458   0.0004836565   0.0009043070
       -0.0015922196   0.0003410014   0.0002144202   0.0000584034  -0.0001370238
        0.0001462644  -0.0206574572   0.0025994118  -0.0040409803   0.0221546353
       -0.0049309357   0.0095643173  -0.0200560023   0.0049807805  -0.0042405312
        0.0000965064   0.0000281014  -0.0000365959   0.0001255596   0.0002240395
       -0.0001353125   0.0012770404  -0.0005829879   0.0003766317   0.0021086275
        0.0005925766  -0.0005588031  -0.0168635117   0.0250481592  -0.0123386541
        0.0039983675  -0.0018281622   0.0015919675  -0.1898469708   0.0074587023
       -0.0199748564   0.3969142257   0.0257373477  -0.0258060703  -0.0000777621
       -0.0000042219  -0.0000011252  -0.0000782189  -0.0000016416   0.0000071601
       -0.0000270626  -0.0000465728   0.0000535327  -0.0000719732   0.0000426046
        0.0001211803  -0.0001239581  -0.0001092507  -0.0000448421  -0.0006388912
        0.0002886555  -0.0001102597  -0.0004061028   0.0001137617  -0.0001973197
       -0.0005555184  -0.0002901168  -0.0005719955  -0.0008310971   0.0005209222
        0.0001337563  -0.0717607638  -0.0727193242  -0.0409870783  -0.0866394328
        0.0172793948   0.0965262983  -0.0365990636  -0.0017519873   0.0019523860
       -0.0000000272  -0.0000187288   0.0000016921  -0.0000649929   0.0000957340
       -0.0000620277  -0.0009483871  -0.0000940899   0.0000808103   0.0004298390
       -0.0033276617   0.0034054311   0.0339168894  -0.0133087523   0.0103974832
        0.0048596448   0.0010321486  -0.0007084045  -0.0061180227  -0.0645786748
        0.0029885343   0.0257373477   0.5291795612  -0.0144981514   0.0000002292
        0.0000329691  -0.0000069313   0.0000149192   0.0000111648  -0.0000251191
       -0.0000059810   0.0000226609  -0.0000059135  -0.0000379277  -0.0000098319
       -0.0000248657  -0.0000380586   0.0000234557   0.0000168582   0.0000375526
        0.0001765739   0.0000411638   0.0001419101  -0.0000380884  -0.0001804933
        0.0011042398  -0.0002222453   0.0005525237   0.0009856301  -0.0003519321
        0.0002549479  -0.0690561841  -0.1924274398  -0.0862770552   0.0168044423
       -0.0493676631  -0.0335109007  -0.0077630629  -0.2068291599   0.1175604180
       -0.0000058858   0.0000050878  -0.0000432338  -0.0000286666  -0.0000595001
        0.0000107885   0.0002291664   0.0000004802   0.0000641097  -0.0005581567
        0.0045615484   0.0048188382  -0.0155241667   0.0108377547  -0.0069619042
       -0.0021564582  -0.0026031089  -0.0029309799  -0.0159159748   0.0041229071
       -0.0572632241  -0.0258060703  -0.0144981514   0.5026862391  -0.0000100369
       -0.0000158425   0.0000143304   0.0000168182  -0.0000083452  -0.0000059951
       -0.0000115291  -0.0000089956   0.0000243027  -0.0000538917   0.0000080134
       -0.0000051454   0.0000190274  -0.0000454369   0.0000062812  -0.0000363039
       -0.0000745270   0.0000660550   0.0000101912  -0.0000215357  -0.0001896226
       -0.0014626032   0.0002514893  -0.0003696291   0.0009932589  -0.0002222698
        0.0002957752  -0.0389378061  -0.0884102971  -0.0933272568   0.0932361257
       -0.0314071084  -0.2208059503   0.0060029623   0.1175878377  -0.1260837786
       -0.0548412003   0.0507277631   0.0090333710   0.0028286617  -0.0180133579
       -0.0025022548   0.0009700706  -0.0012661339   0.0000253596  -0.0001157924
        0.0000321346   0.0000710246  -0.0001566952  -0.0001525894   0.0000423337
        0.0001288452   0.0001269060  -0.0000334842   0.0000331502   0.0000579173
       -0.0000203347  -0.0000777621   0.0000002292  -0.0000100369   0.0622771656
       -0.0570194546  -0.0125180403   0.0014223836  -0.0037389814  -0.0012545886
       -0.0105799266   0.0318022060   0.0055813003   0.0003424010   0.0002565332
       -0.0005402467  -0.0017264647  -0.0030858984   0.0019880311  -0.0004401354
        0.0001221026   0.0002450057  -0.0000628320   0.0000440083  -0.0000506969
       -0.0000003969   0.0001365774  -0.0000113222   0.0000337004  -0.0000078716
       -0.0000427490  -0.0000003547  -0.0000023745   0.0000060594  -0.0000066228
       -0.0000135697  -0.0000030893  -0.0000281952  -0.0000061465  -0.0000056417
        0.0505992221  -0.2626559637  -0.0439135031   0.0007907606  -0.0235086970
       -0.0006985403   0.0007560828   0.0008831776  -0.0003521371   0.0000579002
        0.0003275673  -0.0001134114   0.0001590942  -0.0000121980   0.0000196428
       -0.0000181010   0.0000033002   0.0000060871  -0.0000415299   0.0000662014
       -0.0000303688  -0.0000042219   0.0000329691  -0.0000158425  -0.0570194546
        0.3065813478   0.0489757197   0.0024737365  -0.0097126833  -0.0050905006
        0.0052266566  -0.0095064599  -0.0016921439   0.0004879426   0.0005161754
       -0.0002577598  -0.0030043947  -0.0030654322   0.0031068544  -0.0006880176
        0.0002498902   0.0002002408  -0.0000079091  -0.0002596452  -0.0001306665
        0.0001590145   0.0000746555  -0.0000142016   0.0000505655  -0.0000272425
        0.0000068291   0.0000011238   0.0000030036   0.0000043061   0.0000106774
        0.0000006360   0.0000040893   0.0000108521   0.0000093975  -0.0000146935
        0.0088599010  -0.0442100139  -0.0530595256  -0.0023785315   0.0164798973
        0.0026978289  -0.0004454191  -0.0000662495   0.0002483478  -0.0000266125
        0.0000026361  -0.0000654296   0.0001011413  -0.0001028201   0.0000843253
       -0.0000447830   0.0000104779   0.0000061866  -0.0000206463   0.0000724844
       -0.0000771719  -0.0000011252  -0.0000069313   0.0000143304  -0.0125180403
        0.0489757197   0.0590810620   0.0072870984  -0.0325553555  -0.0101142726
       -0.0027972234   0.0078809681   0.0019542313  -0.0003078419   0.0007083305
        0.0004556814   0.0022691605   0.0030134843  -0.0010961610   0.0000269539
       -0.0000320121   0.0001607435   0.0000186631  -0.0002031350  -0.0002509386
       -0.0000182811  -0.0000212249  -0.0000166255   0.0000100366   0.0000726443
       -0.0000100152  -0.0000049702  -0.0000162189   0.0000075835   0.0000082717
        0.0000112973  -0.0000079630  -0.0000177522  -0.0000139787  -0.0000122177
       -0.0473081093  -0.0046098826  -0.0298941934   0.0010421592   0.0021488723
        0.0186220101   0.0008782507   0.0000320517   0.0012822468  -0.0000745618
       -0.0000635678  -0.0000960218  -0.0001654616  -0.0001123221   0.0000370412
        0.0001134945   0.0001111063  -0.0000224882   0.0000338090   0.0000168130
       -0.0000573394  -0.0000782189   0.0000149192   0.0000168182   0.0014223836
        0.0024737365   0.0072870984   0.0534740007   0.0076382249   0.0328911964
       -0.0073375307  -0.0057060304  -0.0323284102  -0.0018313127  -0.0023273984
        0.0028812821   0.0003393272   0.0005565626  -0.0003156410  -0.0000691563
        0.0000723610  -0.0000087361  -0.0004530599  -0.0003099885  -0.0001949091
        0.0000384395   0.0000587444  -0.0000019845   0.0000091675   0.0000062761
       -0.0001270391  -0.0000121547  -0.0000021013   0.0000174041   0.0000002260
       -0.0000040972  -0.0000033998  -0.0000216921   0.0000057202   0.0000150652
       -0.0044166455  -0.0525834446  -0.0441197542   0.0009235682   0.0027203255
        0.0185493079   0.0005056299   0.0002811049   0.0000670137   0.0000389833
       -0.0000570859  -0.0000180472  -0.0001122545   0.0001360988  -0.0000995364
        0.0000326813  -0.0000055095   0.0000354064   0.0000418117  -0.0001125875
        0.0000511209  -0.0000016416   0.0000111648  -0.0000083452  -0.0037389814
       -0.0097126833  -0.0325553555   0.0076382249   0.0589300925   0.0488405825
        0.0014836196   0.0015893873   0.0057090622  -0.0026013979  -0.0015734734
        0.0030826570   0.0002533701   0.0005183733   0.0007041176   0.0000054521
       -0.0002354985  -0.0002041609  -0.0000826960   0.0001232138  -0.0000536465
       -0.0000060351  -0.0000073638   0.0000720812   0.0000186375  -0.0000231338
       -0.0000292214  -0.0000051383  -0.0000031336   0.0000040726   0.0000024834
        0.0000127557  -0.0000070050   0.0000203284  -0.0000086027  -0.0000203497
       -0.0298224480  -0.0438285412  -0.2704520310   0.0012210944  -0.0000412189
       -0.0217220876  -0.0007192323  -0.0004152923   0.0008987550  -0.0001032814
       -0.0001267524   0.0003860645  -0.0001272995  -0.0000277535  -0.0000268005
        0.0000135685   0.0000214165   0.0000006236   0.0000369878  -0.0000235463
        0.0000718751   0.0000071601  -0.0000251191  -0.0000059951  -0.0012545886
       -0.0050905006  -0.0101142726   0.0328911964   0.0488405825   0.3153423641
       -0.0048855873  -0.0023279119  -0.0124252398   0.0027901668   0.0031945385
       -0.0024854502  -0.0004768125  -0.0002490946   0.0004675601   0.0000277672
       -0.0001164166  -0.0002637506   0.0006128857   0.0002273203   0.0002990389
       -0.0000596411   0.0000054516  -0.0000326511  -0.0001317791  -0.0000209619
        0.0000470950  -0.0000144943   0.0000122557   0.0000065095   0.0000034045
        0.0000045588   0.0000061643  -0.0000090672  -0.0000130145   0.0000022285
       -0.2606669157   0.0421104580  -0.0584360752  -0.0220346441   0.0011324666
       -0.0028960682  -0.0022378931  -0.0033529192   0.0030910369  -0.0014620777
        0.0001638342  -0.0002146972   0.0003594307   0.0000137163   0.0002225929
       -0.0004181373  -0.0002319665  -0.0000263872  -0.0000771243  -0.0000380794
        0.0000361605  -0.0000270626  -0.0000059810  -0.0000115291  -0.0105799266
        0.0052266566  -0.0027972234  -0.0073375307   0.0014836196  -0.0048855873
        0.3032919220  -0.0469596755   0.0663222962   0.0002764039   0.0004865910
       -0.0000390369   0.0003691874   0.0000776305  -0.0004638149   0.0003298800
       -0.0002031019  -0.0000614446   0.0002754763   0.0000759002   0.0002093916
       -0.0000260310  -0.0000102008  -0.0000396276  -0.0000125493   0.0000619395
       -0.0000231684  -0.0000113655  -0.0000194259  -0.0000036625  -0.0000126004
       -0.0000062330   0.0000198548   0.0000015582  -0.0000052294  -0.0000030102
        0.0424949678  -0.0511972941   0.0098038568  -0.0178680459   0.0021037830
       -0.0031820398  -0.0022093704  -0.0015505669   0.0019164303  -0.0010151121
        0.0002239888  -0.0000414325  -0.0000868407  -0.0001224187   0.0001821300
       -0.0001403884  -0.0000316697  -0.0000557920   0.0000397288  -0.0000290064
        0.0000061528  -0.0000465728   0.0000226609  -0.0000089956   0.0318022060
       -0.0095064599   0.0078809681  -0.0057060304   0.0015893873  -0.0023279119
       -0.0469596755   0.0579416656  -0.0135678808   0.0002171633   0.0002618043
       -0.0003852345  -0.0005113138   0.0003044417  -0.0002496147  -0.0001222052
       -0.0000226418   0.0001032312   0.0000535673  -0.0001097788   0.0000028223
        0.0000137501   0.0000619719  -0.0000326478   0.0000225401   0.0000124027
       -0.0000475259   0.0000011112   0.0000207483   0.0000054423   0.0000108263
        0.0000140305  -0.0000006076   0.0000096943   0.0000129514  -0.0000013507
       -0.0588012955   0.0097649396  -0.0588633004   0.0157725690  -0.0016638709
        0.0032097902   0.0019476968   0.0018171798  -0.0010682958   0.0008463916
        0.0000033759   0.0002326742   0.0001555955   0.0001457079  -0.0001553991
        0.0000834640  -0.0000067534   0.0000520444  -0.0000422750   0.0000244000
        0.0000062006   0.0000535327  -0.0000059135   0.0000243027   0.0055813003
       -0.0016921439   0.0019542313  -0.0323284102   0.0057090622  -0.0124252398
        0.0663222962  -0.0135678808   0.0665014321   0.0005352821  -0.0001690067
        0.0003322165  -0.0001910117  -0.0003946284   0.0001972234  -0.0000313286
       -0.0000042185  -0.0001165784   0.0001446843   0.0001172260   0.0000103528
       -0.0000114676  -0.0000391316   0.0000031097  -0.0000220737  -0.0000358066
        0.0000654919  -0.0000090982  -0.0000014807   0.0000136870   0.0000008886
        0.0000041336   0.0000186476  -0.0000067403  -0.0000051900   0.0000074093
        0.0008640186   0.0012114927   0.0188432919  -0.0458408327  -0.0042057697
       -0.0311327705  -0.0096571811  -0.0053305787  -0.0295919263   0.0008583547
        0.0002538963  -0.0008165828  -0.0003474449   0.0002452675  -0.0002198878
        0.0002802817   0.0000963719   0.0000025319   0.0000646902  -0.0001186635
        0.0002291235  -0.0000719732  -0.0000379277  -0.0000538917   0.0003424010
        0.0004879426  -0.0003078419  -0.0018313127  -0.0026013979   0.0027901668
        0.0002764039   0.0002171633   0.0005352821   0.0591238163   0.0073957565
        0.0353439753   0.0019524504   0.0020613263   0.0066185748   0.0008988581
       -0.0003693780  -0.0002328469  -0.0062999931   0.0008714047  -0.0025608040
       -0.0000588468  -0.0000506931  -0.0000182775  -0.0005608598  -0.0001176711
        0.0005824458   0.0000036786   0.0000089936  -0.0000117999  -0.0000093435
       -0.0000017427   0.0000083373   0.0000128343  -0.0000157931  -0.0000071002
        0.0003413208   0.0024168774   0.0184979536  -0.0045807872  -0.0541397199
       -0.0439596111   0.0007608933   0.0015117346   0.0046551956  -0.0001802086
        0.0001312905  -0.0002502209  -0.0002073134   0.0001599485  -0.0000894722
        0.0000468065  -0.0000602759   0.0000285363   0.0000859157  -0.0001810506
        0.0000924474   0.0000426046  -0.0000098319   0.0000080134   0.0002565332
        0.0005161754   0.0007083305  -0.0023273984  -0.0015734734   0.0031945385
        0.0004865910   0.0002618043  -0.0001690067   0.0073957565   0.0603070373
        0.0476436153  -0.0030389958  -0.0102277639  -0.0319882509   0.0002205243
        0.0002544584   0.0007847325   0.0009963232   0.0007001883   0.0008674148
        0.0000266964  -0.0002569931  -0.0002495829  -0.0003390765   0.0001662589
        0.0001960353  -0.0000054447   0.0000089941  -0.0000049563   0.0000017977
        0.0000006951   0.0000126544   0.0000174615   0.0000136459   0.0000216333
        0.0010249147  -0.0005028320  -0.0210341818  -0.0310847591  -0.0434275288
       -0.2589185150  -0.0055817054  -0.0014549217  -0.0110643101   0.0007559065
        0.0000291248   0.0011929196   0.0005857050   0.0000094955   0.0000075585
       -0.0001019143  -0.0001794910   0.0000315591  -0.0001352731   0.0002247970
        0.0000036047   0.0001211803  -0.0000248657  -0.0000051454  -0.0005402467
       -0.0002577598   0.0004556814   0.0028812821   0.0030826570  -0.0024854502
       -0.0000390369  -0.0003852345   0.0003322165   0.0353439753   0.0476436153
        0.3024535235  -0.0007219271  -0.0055004184  -0.0106657547   0.0004122342
        0.0001266574   0.0002365468  -0.0025555610   0.0008287788  -0.0005760175
       -0.0000801355  -0.0001343621  -0.0002565194  -0.0003073503  -0.0000539464
        0.0002770696   0.0000071142  -0.0000029590  -0.0000098193   0.0000193113
       -0.0000103325   0.0000369789  -0.0000037141  -0.0000104740  -0.0000119452
        0.0025565582  -0.0183498760  -0.0015391513  -0.0533499998   0.0507333627
        0.0087708669  -0.0128106001   0.0289557002   0.0049249077   0.0007444038
        0.0011032967  -0.0002197008  -0.0002894891   0.0002924136  -0.0002502315
        0.0002153192  -0.0000795131   0.0000159847   0.0001203923  -0.0002092677
        0.0001214600  -0.0001239581  -0.0000380586   0.0000190274  -0.0017264647
       -0.0030043947   0.0022691605   0.0003393272   0.0002533701  -0.0004768125
        0.0003691874  -0.0005113138  -0.0001910117   0.0019524504  -0.0030389958
       -0.0007219271   0.0680702025  -0.0575175893  -0.0118004763  -0.0063090071
        0.0018750351  -0.0014644371   0.0009173730   0.0002009751   0.0003939168
       -0.0005928823  -0.0007012926   0.0000837238  -0.0000808159   0.0000363729
        0.0000498966  -0.0000251871  -0.0000041083  -0.0000062750  -0.0000014690
        0.0000112555   0.0000017446   0.0000246591  -0.0000073719   0.0000193345
        0.0009329095  -0.0228482511  -0.0010562334   0.0506081714  -0.2505574207
       -0.0432954702   0.0056774002  -0.0084050311  -0.0008355283  -0.0008852402
        0.0011665509  -0.0000080632  -0.0005060691  -0.0001650210  -0.0000389061
        0.0000925063   0.0002075660  -0.0000613997   0.0001780464  -0.0001456462
        0.0001267435  -0.0001092507   0.0000234557  -0.0000454369  -0.0030858984
       -0.0030654322   0.0030134843   0.0005565626   0.0005183733  -0.0002490946
        0.0000776305   0.0003044417  -0.0003946284   0.0020613263  -0.0102277639
       -0.0055004184  -0.0575175893   0.2930918714   0.0474349493   0.0019544724
       -0.0001985266   0.0009161282  -0.0003471673   0.0002317879   0.0001420701
        0.0002343071   0.0002843387  -0.0000437547   0.0000925938  -0.0002599980
       -0.0000939603  -0.0000118892   0.0000414871   0.0000075558  -0.0000018718
       -0.0000007414  -0.0000118668  -0.0000009505   0.0000039592  -0.0000061701
       -0.0017861961   0.0165239026   0.0025244790   0.0092127940  -0.0437880918
       -0.0547553899  -0.0021981183   0.0067346937   0.0019303807   0.0002927564
       -0.0002735704   0.0000731288   0.0001390026  -0.0001443771   0.0000678896
       -0.0000204976   0.0000594631  -0.0000637138  -0.0000947702   0.0001743833
       -0.0000856184  -0.0000448421   0.0000168582   0.0000062812   0.0019880311
        0.0031068544  -0.0010961610  -0.0003156410   0.0007041176   0.0004675601
       -0.0004638149  -0.0002496147   0.0001972234   0.0066185748  -0.0319882509
       -0.0106657547  -0.0118004763   0.0474349493   0.0606406254  -0.0015517755
        0.0009151027   0.0005166615  -0.0002475168   0.0007895647   0.0002860578
        0.0003043851   0.0002067418   0.0001662930  -0.0000197618  -0.0002450615
       -0.0002437003  -0.0000019764   0.0000153545   0.0000083182   0.0000040964
       -0.0000081846   0.0000079063  -0.0000142532   0.0000151652   0.0000175331
        0.0007181397   0.0008950166  -0.0001610437  -0.0122070297   0.0284448467
        0.0047585650  -0.0530275044   0.0534037929   0.0099130628   0.0026599427
       -0.0181015835  -0.0016895612   0.0006472391  -0.0012869139   0.0001398753
        0.0004443298   0.0008158652  -0.0001747641  -0.0018022360   0.0002343370
       -0.0001778933  -0.0006388912   0.0000375526  -0.0000363039  -0.0004401354
       -0.0006880176   0.0000269539  -0.0000691563   0.0000054521   0.0000277672
        0.0003298800  -0.0001222052  -0.0000313286   0.0008988581   0.0002205243
        0.0004122342  -0.0063090071   0.0019544724  -0.0015517755   0.0679491046
       -0.0601636263  -0.0122800221   0.0020625726  -0.0032848838  -0.0008496212
       -0.0018199339  -0.0026454122   0.0020394938   0.0004774074   0.0002493003
       -0.0003567909   0.0001346536   0.0000265131   0.0000371927   0.0000246066
       -0.0000206671   0.0000100146  -0.0000328401   0.0000256365  -0.0000560550
       -0.0008814080   0.0011299856  -0.0000794971   0.0055295539  -0.0080290202
       -0.0008171950   0.0523467239  -0.2551329234  -0.0433064812   0.0009183741
       -0.0232199634  -0.0005492975   0.0002894202  -0.0014221380   0.0002301555
        0.0002648825   0.0004401649  -0.0000286191  -0.0004447649   0.0011754414
       -0.0004316748   0.0002886555   0.0001765739  -0.0000745270   0.0001221026
        0.0002498902  -0.0000320121   0.0000723610  -0.0002354985  -0.0001164166
       -0.0002031019  -0.0000226418  -0.0000042185  -0.0003693780   0.0002544584
        0.0001266574   0.0018750351  -0.0001985266   0.0009151027  -0.0601636263
        0.2970442250   0.0473284549   0.0021009663  -0.0100180277  -0.0055778876
       -0.0025090855  -0.0026475597   0.0026993521   0.0004564923   0.0005295375
       -0.0003259818   0.0001136614  -0.0000184926   0.0000416976   0.0001274508
       -0.0000566724  -0.0000044558   0.0000656853   0.0000011874   0.0000068441
        0.0003057072  -0.0002609593   0.0001387295  -0.0020757262   0.0063683842
        0.0019342370   0.0098988524  -0.0438013640  -0.0546330836  -0.0025077166
        0.0168595079   0.0020816022   0.0003526267  -0.0007594402   0.0008391694
       -0.0001236695   0.0001391778  -0.0001536605  -0.0002278731   0.0002501868
       -0.0005594858  -0.0001102597   0.0000411638   0.0000660550   0.0002450057
        0.0002002408   0.0001607435  -0.0000087361  -0.0002041609  -0.0002637506
       -0.0000614446   0.0001032312  -0.0001165784  -0.0002328469   0.0007847325
        0.0002365468  -0.0014644371   0.0009161282   0.0005166615  -0.0122800221
        0.0473284549   0.0608813789   0.0065749366  -0.0317569330  -0.0104618795
        0.0019660404   0.0029596769  -0.0010540276  -0.0002528635   0.0008091337
        0.0004877764   0.0000345814  -0.0000108667  -0.0000255970   0.0000662044
        0.0000212268  -0.0000396961  -0.0000983593   0.0000124785  -0.0000351413
        0.0007331697   0.0002465684  -0.0009105389  -0.0091926183  -0.0053711909
       -0.0293439412  -0.0457542089  -0.0051054185  -0.0319740904   0.0001652550
        0.0013298324   0.0184548748   0.0007226324  -0.0004943562   0.0016988025
        0.0001148207   0.0000859772  -0.0003051495   0.0000929212   0.0002237762
       -0.0004756458  -0.0004061028   0.0001419101   0.0000101912  -0.0000628320
       -0.0000079091   0.0000186631  -0.0004530599  -0.0000826960   0.0006128857
        0.0002754763   0.0000535673   0.0001446843  -0.0062999931   0.0009963232
       -0.0025555610   0.0009173730  -0.0003471673  -0.0002475168   0.0020625726
        0.0021009663   0.0065749366   0.0584856362   0.0081249617   0.0361351000
        0.0003641876   0.0003962264  -0.0002977114  -0.0018166941  -0.0022714971
        0.0024581114  -0.0000325000  -0.0000363500   0.0000236662   0.0000901886
       -0.0000311540  -0.0000309350  -0.0000062243   0.0000476300   0.0000091743
       -0.0002457732   0.0001541234  -0.0003770936   0.0007938877   0.0015826443
        0.0044182039  -0.0050729413  -0.0545831481  -0.0445175354   0.0004626230
        0.0023844400   0.0188105330  -0.0000057455   0.0010267935  -0.0002620768
        0.0001980098  -0.0003389878  -0.0000455744   0.0001160907  -0.0002511941
        0.0004836565   0.0001137617  -0.0000380884  -0.0000215357   0.0000440083
       -0.0002596452  -0.0002031350  -0.0003099885   0.0001232138   0.0002273203
        0.0000759002  -0.0001097788   0.0001172260   0.0008714047   0.0007001883
        0.0008287788   0.0002009751   0.0002317879   0.0007895647  -0.0032848838
       -0.0100180277  -0.0317569330   0.0081249617   0.0604104995   0.0479709508
        0.0001764834   0.0004603325   0.0005930939  -0.0022318159  -0.0013942445
        0.0029526105  -0.0000435884  -0.0000041920   0.0000017116  -0.0000485098
       -0.0000198298   0.0000196850   0.0000651403  -0.0000568868  -0.0000294511
        0.0008705303   0.0000207080   0.0011395289  -0.0055482237  -0.0015603349
       -0.0109646815  -0.0315425764  -0.0438436919  -0.2604880262   0.0019477908
       -0.0002547060  -0.0206525059  -0.0008988120   0.0006380237  -0.0007240048
        0.0000479167   0.0001870724  -0.0000000794   0.0004301249  -0.0007752476
        0.0009043070  -0.0001973197  -0.0001804933  -0.0001896226  -0.0000506969
       -0.0001306665  -0.0002509386  -0.0001949091  -0.0000536465   0.0002990389
        0.0002093916   0.0000028223   0.0000103528  -0.0025608040   0.0008674148
       -0.0005760175   0.0003939168   0.0001420701   0.0002860578  -0.0008496212
       -0.0055778876  -0.0104618795   0.0361351000   0.0479709508   0.3036958586
       -0.0004137451  -0.0002828369   0.0003319169   0.0024140781   0.0027673687
       -0.0023139429  -0.0001034191   0.0000466834  -0.0000445941  -0.0000528354
        0.0000202565   0.0000166846  -0.0000358868  -0.0000038595  -0.0000174526
       -0.0001678585   0.0000797660   0.0000474070   0.0009646786  -0.0013743871
        0.0001296565   0.0025845471  -0.0159466355  -0.0015824401  -0.0548950780
        0.0522732211   0.0104129430  -0.0105839920   0.0293556337   0.0048784821
        0.0026500460  -0.0003623280  -0.0010335883  -0.0062808529   0.0014762355
       -0.0015922196  -0.0005555184   0.0011042398  -0.0014626032  -0.0000003969
        0.0001590145  -0.0000182811   0.0000384395  -0.0000060351  -0.0000596411
       -0.0000260310   0.0000137501  -0.0000114676  -0.0000588468   0.0000266964
       -0.0000801355  -0.0005928823   0.0002343071   0.0003043851  -0.0018199339
       -0.0025090855   0.0019660404   0.0003641876   0.0001764834  -0.0004137451
        0.0659096732  -0.0618164932  -0.0106451542   0.0027152478  -0.0029619797
       -0.0007071899  -0.0000240777   0.0000799654  -0.0000026232   0.0001890557
       -0.0000605896  -0.0000118292  -0.0004104072   0.0000582208  -0.0001179959
        0.0001467566   0.0003149089  -0.0001414705   0.0007036615   0.0007435571
       -0.0002829014   0.0012965722  -0.0216184157  -0.0002185460   0.0536058544
       -0.2572103289  -0.0352944459   0.0061536266  -0.0078402281  -0.0003161685
       -0.0015761125   0.0007077318  -0.0000719138   0.0019565718  -0.0001718042
        0.0003410014  -0.0002901168  -0.0002222453   0.0002514893   0.0001365774
        0.0000746555  -0.0000212249   0.0000587444  -0.0000073638   0.0000054516
       -0.0000102008   0.0000619719  -0.0000391316  -0.0000506931  -0.0002569931
       -0.0001343621  -0.0007012926   0.0002843387   0.0002067418  -0.0026454122
       -0.0026475597   0.0029596769   0.0003962264   0.0004603325  -0.0002828369
       -0.0618164932   0.2976861124   0.0385702158   0.0026507498  -0.0103904702
       -0.0055531994  -0.0000002936   0.0000042202   0.0000261526  -0.0001024349
        0.0000036857  -0.0000085488   0.0000877087   0.0000238945   0.0000040203
        0.0000189954  -0.0000164112  -0.0000613806  -0.0004959129   0.0000191228
        0.0002265220  -0.0027969336   0.0157010993   0.0023032220   0.0111749901
       -0.0340967611  -0.0458493929  -0.0057261625   0.0052329879   0.0012762130
        0.0014897658   0.0014380167  -0.0009111145  -0.0017514720   0.0002324496
        0.0002144202  -0.0005719955   0.0005525237  -0.0003696291  -0.0000113222
       -0.0000142016  -0.0000166255  -0.0000019845   0.0000720812  -0.0000326511
       -0.0000396276  -0.0000326478   0.0000031097  -0.0000182775  -0.0002495829
       -0.0002565194   0.0000837238  -0.0000437547   0.0001662930   0.0020394938
        0.0026993521  -0.0010540276  -0.0002977114   0.0005930939   0.0003319169
       -0.0106451542   0.0385702158   0.0528819791   0.0075357566  -0.0307118417
       -0.0088143288   0.0000584293   0.0000365028   0.0000233208   0.0000530108
       -0.0000294854  -0.0000425093  -0.0000976117   0.0000472408  -0.0000188179
       -0.0000787407  -0.0000397303  -0.0000850075   0.0009508102   0.0000784012
        0.0012258286   0.0008807629   0.0014529513   0.0171379593  -0.0404060015
       -0.0068683771  -0.0335022328  -0.0078633784  -0.0067326530  -0.0301691962
       -0.0018086336   0.0009018002   0.0026845478  -0.0019133503   0.0009191360
        0.0000584034  -0.0008310971   0.0009856301   0.0009932589   0.0000337004
        0.0000505655   0.0000100366   0.0000091675   0.0000186375  -0.0001317791
       -0.0000125493   0.0000225401  -0.0000220737  -0.0005608598  -0.0003390765
       -0.0003073503  -0.0000808159   0.0000925938  -0.0000197618   0.0004774074
        0.0004564923  -0.0002528635  -0.0018166941  -0.0022318159   0.0024140781
        0.0027152478   0.0026507498   0.0075357566   0.0503803840   0.0085028081
        0.0323905353   0.0002203471  -0.0000362953   0.0000834064  -0.0003173660
        0.0001382811  -0.0001004371   0.0000216593  -0.0000226391   0.0000568911
       -0.0000038106  -0.0000956744   0.0000126201   0.0004571189   0.0002652947
        0.0001006256   0.0001172905   0.0024764356   0.0176942214  -0.0056309738
       -0.0482849535  -0.0464814785   0.0010445553   0.0026614062   0.0029446129
       -0.0007195618  -0.0005030202   0.0008293963   0.0007122418  -0.0011348986
       -0.0001370238   0.0005209222  -0.0003519321  -0.0002222698  -0.0000078716
       -0.0000272425   0.0000726443   0.0000062761  -0.0000231338  -0.0000209619
        0.0000619395   0.0000124027  -0.0000358066  -0.0001176711   0.0001662589
       -0.0000539464   0.0000363729  -0.0002599980  -0.0002450615   0.0002493003
        0.0005295375   0.0008091337  -0.0022714971  -0.0013942445   0.0027673687
       -0.0029619797  -0.0103904702  -0.0307118417   0.0085028081   0.0563847328
        0.0526531158  -0.0000585317  -0.0000217871  -0.0000283988   0.0000680163
       -0.0000231227   0.0000290895  -0.0000049446   0.0000144091   0.0000239605
       -0.0001830366  -0.0001109785   0.0002482631  -0.0006627086  -0.0003871422
        0.0008164897   0.0016595993   0.0003084038  -0.0211742400  -0.0274984171
       -0.0480440511  -0.2560204791  -0.0071379402  -0.0027958166  -0.0111725604
        0.0001913432   0.0006124734   0.0006526910  -0.0008786339   0.0004103426
        0.0001462644   0.0001337563   0.0002549479   0.0002957752  -0.0000427490
        0.0000068291  -0.0000100152  -0.0001270391  -0.0000292214   0.0000470950
       -0.0000231684  -0.0000475259   0.0000654919   0.0005824458   0.0001960353
        0.0002770696   0.0000498966  -0.0000939603  -0.0002437003  -0.0003567909
       -0.0003259818   0.0004877764   0.0024581114   0.0029526105  -0.0023139429
       -0.0007071899  -0.0055531994  -0.0088143288   0.0323905353   0.0526531158
        0.2966872411   0.0001531027  -0.0000009279   0.0000084468  -0.0000322989
        0.0000275161   0.0000003831   0.0000311820  -0.0000334695   0.0000162796
       -0.0000281312   0.0000165476   0.0000005604  -0.0000482816   0.0000637877
        0.0000016513  -0.0001953938   0.0000663589  -0.0000301576  -0.0000866493
        0.0001308376   0.0007263603   0.0003146082  -0.0019221387  -0.0003105935
        0.0004522440   0.0002786549   0.0002347437  -0.0336940953  -0.0214148126
       -0.0206574572  -0.0717607638  -0.0690561841  -0.0389378061  -0.0000003547
        0.0000011238  -0.0000049702  -0.0000121547  -0.0000051383  -0.0000144943
       -0.0000113655   0.0000011112  -0.0000090982   0.0000036786  -0.0000054447
        0.0000071142  -0.0000251871  -0.0000118892  -0.0000019764   0.0001346536
        0.0001136614   0.0000345814  -0.0000325000  -0.0000435884  -0.0001034191
       -0.0000240777  -0.0000002936   0.0000584293   0.0002203471  -0.0000585317
        0.0001531027   0.0977546767   0.0846457874   0.0521638839   0.0061039147
        0.0097650211   0.0065673794   0.0009348320  -0.0025648702   0.0001221660
       -0.0000129583   0.0000057646  -0.0000152616   0.0000345723  -0.0000132688
        0.0000387018   0.0000622829  -0.0000473481  -0.0000690567  -0.0000125780
       -0.0003346396  -0.0003515473   0.0016472020   0.0012613378   0.0011709622
        0.0000829516  -0.0000217266  -0.0006434780  -0.0029670909   0.0059219577
        0.0025994118  -0.0727193242  -0.1924274398  -0.0884102971  -0.0000023745
        0.0000030036  -0.0000162189  -0.0000021013  -0.0000031336   0.0000122557
       -0.0000194259   0.0000207483  -0.0000014807   0.0000089936   0.0000089941
       -0.0000029590  -0.0000041083   0.0000414871   0.0000153545   0.0000265131
       -0.0000184926  -0.0000108667  -0.0000363500  -0.0000041920   0.0000466834
        0.0000799654   0.0000042202   0.0000365028  -0.0000362953  -0.0000217871
       -0.0000009279   0.0846457874   0.2149403838   0.1018646988  -0.0017386267
       -0.0063129349  -0.0053841838  -0.0090370349  -0.0230029341  -0.0108782933
        0.0000063429   0.0000050993   0.0000165777   0.0000218890   0.0000141512
        0.0000005982   0.0000045126   0.0000148516   0.0000175311   0.0001512505
        0.0000741956   0.0002949806  -0.0018923611  -0.0030925581   0.0016485250
        0.0016576756   0.0008686923  -0.0009162917  -0.0098142478  -0.0025595300
       -0.0040409803  -0.0409870783  -0.0862770552  -0.0933272568   0.0000060594
        0.0000043061   0.0000075835   0.0000174041   0.0000040726   0.0000065095
       -0.0000036625   0.0000054423   0.0000136870  -0.0000117999  -0.0000049563
       -0.0000098193  -0.0000062750   0.0000075558   0.0000083182   0.0000371927
        0.0000416976  -0.0000255970   0.0000236662   0.0000017116  -0.0000445941
       -0.0000026232   0.0000261526   0.0000233208   0.0000834064  -0.0000283988
        0.0000084468   0.0521638839   0.1018646988   0.1053725385  -0.0079030168
       -0.0249582817  -0.0169980097   0.0064477813   0.0139881526   0.0079439321
       -0.0000380777   0.0000054840  -0.0000113393  -0.0000596047   0.0000249819
       -0.0000292881  -0.0000974296   0.0000948011  -0.0001443241  -0.0001776012
       -0.0004648462  -0.0012389972  -0.0008718618  -0.0018625712   0.0021772892
        0.0007063756   0.0005284073   0.0004536594  -0.0367024548   0.0114022180
        0.0221546353  -0.0866394328   0.0168044423   0.0932361257  -0.0000066228
        0.0000106774   0.0000082717   0.0000002260   0.0000024834   0.0000034045
       -0.0000126004   0.0000108263   0.0000008886  -0.0000093435   0.0000017977
        0.0000193113  -0.0000014690  -0.0000018718   0.0000040964   0.0000246066
        0.0001274508   0.0000662044   0.0000901886  -0.0000485098  -0.0000528354
        0.0001890557  -0.0001024349   0.0000530108  -0.0003173660   0.0000680163
       -0.0000322989   0.0061039147  -0.0017386267  -0.0079030168   0.1171210047
       -0.0238414329  -0.1119062736   0.0006984923  -0.0010212928   0.0031414761
       -0.0000105744   0.0000180978   0.0000041413  -0.0000049378  -0.0000171555
        0.0000238362  -0.0000348874   0.0000145417   0.0000130712  -0.0000477308
        0.0000665805   0.0004617179   0.0024358574   0.0018696155  -0.0015396990
       -0.0017512733   0.0004166070   0.0001894163   0.0072092575  -0.0015288334
       -0.0049309357   0.0172793948  -0.0493676631  -0.0314071084  -0.0000135697
        0.0000006360   0.0000112973  -0.0000040972   0.0000127557   0.0000045588
       -0.0000062330   0.0000140305   0.0000041336  -0.0000017427   0.0000006951
       -0.0000103325   0.0000112555  -0.0000007414  -0.0000081846  -0.0000206671
       -0.0000566724   0.0000212268  -0.0000311540  -0.0000198298   0.0000202565
       -0.0000605896   0.0000036857  -0.0000294854   0.0001382811  -0.0000231227
        0.0000275161   0.0097650211  -0.0063129349  -0.0249582817  -0.0238414329
        0.0518454024   0.0393630702  -0.0110101775   0.0030643051   0.0227397851
        0.0000114234  -0.0000122798   0.0000102529  -0.0000418908   0.0000313783
       -0.0000109469  -0.0000206343  -0.0000397484  -0.0000354182  -0.0000410740
        0.0000381179  -0.0003641980  -0.0007248975   0.0013646774   0.0003716547
       -0.0002566555  -0.0004511774  -0.0002131332   0.0014948931  -0.0000873930
        0.0095643173   0.0965262983  -0.0335109007  -0.2208059503  -0.0000030893
        0.0000040893  -0.0000079630  -0.0000033998  -0.0000070050   0.0000061643
        0.0000198548  -0.0000006076   0.0000186476   0.0000083373   0.0000126544
        0.0000369789   0.0000017446  -0.0000118668   0.0000079063   0.0000100146
       -0.0000044558  -0.0000396961  -0.0000309350   0.0000196850   0.0000166846
       -0.0000118292  -0.0000085488  -0.0000425093  -0.0001004371   0.0000290895
        0.0000003831   0.0065673794  -0.0053841838  -0.0169980097  -0.1119062736
        0.0393630702   0.2474366692   0.0085011708  -0.0013445949  -0.0189518342
       -0.0000179073  -0.0000281849   0.0000266678  -0.0000281783  -0.0000487664
        0.0000262068   0.0000790105   0.0000121227   0.0000208574  -0.0005327178
        0.0015721235  -0.0001054084  -0.0070768378  -0.0000479088  -0.0023537402
        0.0014078119  -0.0006971280   0.0003754963  -0.0093564133   0.0293522858
       -0.0200560023  -0.0365990636  -0.0077630629   0.0060029623  -0.0000281952
        0.0000108521  -0.0000177522  -0.0000216921   0.0000203284  -0.0000090672
        0.0000015582   0.0000096943  -0.0000067403   0.0000128343   0.0000174615
       -0.0000037141   0.0000246591  -0.0000009505  -0.0000142532  -0.0000328401
        0.0000656853  -0.0000983593  -0.0000062243   0.0000651403  -0.0000358868
       -0.0004104072   0.0000877087  -0.0000976117   0.0000216593  -0.0000049446
        0.0000311820   0.0009348320  -0.0090370349   0.0064477813   0.0006984923
       -0.0110101775   0.0085011708   0.0509296192  -0.0025752443   0.0013662111
        0.0000032533   0.0000107865  -0.0000033261  -0.0000162805   0.0000217321
       -0.0000165444  -0.0000250816   0.0000458825   0.0000027545  -0.0000012102
       -0.0002595865   0.0000414368   0.0012077719  -0.0016705491   0.0018689555
        0.0010945404   0.0010080897  -0.0002838739   0.0055703737  -0.0072800964
        0.0049807805  -0.0017519873  -0.2068291599   0.1175878377  -0.0000061465
        0.0000093975  -0.0000139787   0.0000057202  -0.0000086027  -0.0000130145
       -0.0000052294   0.0000129514  -0.0000051900  -0.0000157931   0.0000136459
       -0.0000104740  -0.0000073719   0.0000039592   0.0000151652   0.0000256365
        0.0000011874   0.0000124785   0.0000476300  -0.0000568868  -0.0000038595
        0.0000582208   0.0000238945   0.0000472408  -0.0000226391   0.0000144091
       -0.0000334695  -0.0025648702  -0.0230029341   0.0139881526  -0.0010212928
        0.0030643051  -0.0013445949  -0.0025752443   0.2348775747  -0.1368164769
       -0.0000045955  -0.0000024652   0.0000074237   0.0000101196  -0.0000267245
        0.0000224323   0.0000089619   0.0000335919   0.0000188915  -0.0000821814
        0.0003500753   0.0001407589  -0.0012762346   0.0003784096  -0.0005197558
       -0.0000053610  -0.0008566794   0.0003561512  -0.0051436102   0.0075339163
       -0.0042405312   0.0019523860   0.1175604180  -0.1260837786  -0.0000056417
       -0.0000146935  -0.0000122177   0.0000150652  -0.0000203497   0.0000022285
       -0.0000030102  -0.0000013507   0.0000074093  -0.0000071002   0.0000216333
       -0.0000119452   0.0000193345  -0.0000061701   0.0000175331  -0.0000560550
        0.0000068441  -0.0000351413   0.0000091743  -0.0000294511  -0.0000174526
       -0.0001179959   0.0000040203  -0.0000188179   0.0000568911   0.0000239605
        0.0000162796   0.0001221660  -0.0108782933   0.0079439321   0.0031414761
        0.0227397851  -0.0189518342   0.0013662111  -0.1368164769   0.1413584342
