*************************************************
******************* ORCA 6.0.0 ******************
*************************************************
$Calculation_Status
   &GeometryIndex 1
   &ListStatus       OUT
   &VERSION [&Type "String"] "6.0.0"
   &PROGNAME [&Type "String"] "LeanSCF"
   &STATUS [&Type "String"] "NORMAL TERMINATION"
$End
$Geometry
   &GeometryIndex 1
   &ListStatus       OUT
   &NATOMS [&Type "Integer"] 33
   &NCORELESSECP [&Type "Integer"] 0
   &NGHOSTATOMS [&Type "Integer"] 0
   &CartesianCoordinates [&Type "Coordinates", &Dim(33,4), &Units "Bohr"] 
              C     -5.887551439921    3.845776602771   -2.168959537746
              C     -5.040244517651    1.865874633135   -0.325064967088
              C     -6.338833752640    1.562886031991    1.933810811670
              C     -5.638753036409   -0.285150779046    3.643743444648
              C     -3.576932838209   -1.796014304647    3.138032145856
              C     -2.204798543664   -1.470443724513    0.917373822390
              C     -2.980678021389    0.308776838906   -0.882201550781
              C     -1.684631094684    0.530377193496   -3.394343633526
              N     -0.138878741086   -3.068001142407    0.484153533413
              C      2.222298859352   -2.445124696426   -0.351178130663
              C      3.715995644289   -4.358144612291   -1.424817127560
              C      6.015878432155   -3.828934805430   -2.510879333160
              C      6.915570456174   -1.359050278470   -2.581494658261
              C      5.538301214474    0.529517924440   -1.440367465841
              C      3.231444655739    0.022274226318   -0.252921772897
              C      2.134655450731    2.024856220551    1.323281695842
              O      1.021117165714    1.689160785990    3.311695653012
              O      2.620533949969    4.356361435909    0.481114491340
              H     -6.741252861324    2.968649394116   -3.825028722236
              H     -7.284484283599    5.076222945485   -1.302514924092
              H     -4.299839650709    4.986705822379   -2.803587754216
              H     -7.925666798224    2.777822046271    2.349450598778
              H     -6.681196152151   -0.526522696424    5.380671060545
              H     -2.974612127111   -3.208535802127    4.481300261624
              H     -0.341195385720    2.094278974637   -3.401067429154
              H     -0.655705203772   -1.187257519307   -3.849059230354
              H     -3.067320902037    0.873406380605   -4.874327292338
              H     -0.389055583783   -4.890763785943    0.989038552475
              H      3.004323850620   -6.270615009592   -1.416321947628
              H      7.114570350440   -5.335820347348   -3.336305977296
              H      8.695680575478   -0.934578532376   -3.476160538564
              H      6.253442906453    2.438281466893   -1.386184671590
              H      2.056577015469    5.634711851591    1.682808611242
$End
$SCF_Energy
   &GeometryIndex 1
   &ListStatus       OUT
   &SCF_ENERGY [&Type "Double"]      -7.8427431283115357e+02
$End
$DFT_Energy
   &GeometryIndex 1
   &ListStatus       OUT
   &NALPHAEL [&Type "Integer"] 64
   &NBETAEL [&Type "Integer"] 64
   &NTOTALEL [&Type "Integer"] 128
   &EEXCHANGE [&Type "Double"]      -1.0585380872725824e+02
   &ECORR [&Type "Double"]      -4.3175057471638691e+00
   &ECNL [&Type "Double"]       0.0000000000000000e+00
   &EXC [&Type "Double"]      -1.1017131447442210e+02
   &EEMBED [&Type "Double"]       0.0000000000000000e+00
   &FINALEN [&Type "Double"]      -7.8427431283115357e+02  "No Van der Waals correction"
$End
$Mulliken_Population_Analysis
   &GeometryIndex 1
   &ListStatus       OUT
   &NATOMS [&Type "Integer"] 33
   &ATNO [&Type "ArrayOfIntegers", &Dim (33,1)] 
                                                         0

0                                                        6
1                                                        6
2                                                        6
3                                                        6
4                                                        6
5                                                        6
6                                                        6
7                                                        6
8                                                        7
9                                                        6
10                                                       6
11                                                       6
12                                                       6
13                                                       6
14                                                       6
15                                                       6
16                                                       8
17                                                       8
18                                                       1
19                                                       1
20                                                       1
21                                                       1
22                                                       1
23                                                       1
24                                                       1
25                                                       1
26                                                       1
27                                                       1
28                                                       1
29                                                       1
30                                                       1
31                                                       1
32                                                       1
   &ATOMICCHARGES [&Type "ArrayOfDoubles", &Dim (33,1)] 
                                                         0

0                                     -2.2379282526725852e-01
1                                     -4.7268172227969529e-02
2                                     -1.2039319358641798e-01
3                                     -4.3418939098635256e-02
4                                     -1.0704689771464349e-01
5                                      1.1869113670701203e-01
6                                     -6.6150422752787819e-02
7                                     -1.9976425740866954e-01
8                                     -2.0791434674911269e-01
9                                      1.2796827817185541e-01
10                                    -1.3620047179065775e-01
11                                    -3.9751280733372418e-02
12                                    -4.2865846725061552e-02
13                                    -1.1153860524299120e-01
14                                    -2.1109814176336172e-02
15                                     1.0886870622298517e-01
16                                    -1.7683603350753074e-01
17                                    -3.0189219592998029e-01
18                                     1.1825090118361148e-01
19                                     1.0003847062678495e-01
20                                     1.0760259404228600e-01
21                                     2.7096808851356124e-02
22                                     4.3827465450422265e-02
23                                     1.9522923623687349e-02
24                                     1.2855891569437305e-01
25                                     1.1827051936401511e-01
26                                     1.0233298275229163e-01
27                                     2.3153971972272314e-01
28                                     2.1178899621394187e-02
29                                     5.3935308929657477e-02
30                                     4.8508851959343513e-02
31                                     5.5225260595731851e-02
32                                     3.1452555939208038e-01
$End
$Loewdin_Population_Analysis
   &GeometryIndex 1
   &ListStatus       OUT
   &NATOMS [&Type "Integer"] 33
   &ATNO [&Type "ArrayOfIntegers", &Dim (33,1)] 
                                                         0

0                                                        6
1                                                        6
2                                                        6
3                                                        6
4                                                        6
5                                                        6
6                                                        6
7                                                        6
8                                                        7
9                                                        6
10                                                       6
11                                                       6
12                                                       6
13                                                       6
14                                                       6
15                                                       6
16                                                       8
17                                                       8
18                                                       1
19                                                       1
20                                                       1
21                                                       1
22                                                       1
23                                                       1
24                                                       1
25                                                       1
26                                                       1
27                                                       1
28                                                       1
29                                                       1
30                                                       1
31                                                       1
32                                                       1
   &ATOMICCHARGES [&Type "ArrayOfDoubles", &Dim (33,1)] 
                                                         0

0                                      9.1298147350704960e-06
1                                      1.1290736886436902e-04
2                                      2.1588264055118924e-05
3                                      9.7349646746159441e-05
4                                      1.0455482097358464e-03
5                                      1.6165409280702475e-03
6                                      7.2933312864010462e-04
7                                      1.6408198355727030e-04
8                                      4.4686197750377233e-03
9                                      1.1414584770254740e-02
10                                     1.5982947071165037e-03
11                                     2.2452824296763493e-04
12                                     5.0656092198036551e-04
13                                     3.0073087276655205e-03
14                                     2.5691117003777318e-02
15                                     2.1659392216445303e-01
16                                     6.9039388948660441e-01
17                                     4.1593338256605786e-02
18                                     7.5017908991736675e-09
19                                     2.6790399527866034e-07
20                                     7.9922375797996842e-07
21                                     3.5201489148141170e-07
22                                     7.5335359951575379e-07
23                                     6.9243478119639089e-06
24                                     6.4677400066238986e-06
25                                     2.5719947923715614e-06
26                                     4.4364836872094556e-06
27                                     6.7647291045561984e-05
28                                     1.5940654578148137e-05
29                                     3.3265477137569878e-06
30                                     2.9761098716919942e-09
31                                     3.2874453388738337e-07
32                                     6.0152982081880578e-04
$End
$Mayer_Population_Analysis
   &GeometryIndex 1
   &ListStatus       OUT
   &NATOMS [&Type "Integer"] 33 "Total number of atoms"
   &BONDTHRESH [&Type "Double"]       1.0000000000000001e-01  "The threshold for printing"
   &NBONDORDERSPRINT [&Type "Integer"] 34 "The number of bond orders larger than threshold"
   &BONDORDERS [&Type "ArrayOfDoubles", &Dim (34,1)] "The bond orders"
                                                         0

0                                      1.1349888156784518e+00
1                                      9.2315835483656450e-01
2                                      9.3627774790104779e-01
3                                      9.2490805620955352e-01
4                                      1.3963039694984425e+00
5                                      1.3982259180168306e+00
6                                      1.3356726885185279e+00
7                                      9.6045689879678475e-01
8                                      1.3564848995666403e+00
9                                      9.6051500702160919e-01
10                                     1.3556434328621536e+00
11                                     9.6372341407460116e-01
12                                     1.3929612082880998e+00
13                                     9.9650752543304566e-01
14                                     1.1941148413723597e+00
15                                     9.0028581608615821e-01
16                                     9.1346220425637481e-01
17                                     9.1031271393273150e-01
18                                     1.1758169898568884e+00
19                                     8.4789405123391914e-01
20                                     1.2989324353407472e+00
21                                     1.3174283653610495e+00
22                                     1.4073656670002581e+00
23                                     9.5801508327252538e-01
24                                     1.3142888287509993e+00
25                                     9.6065313764243299e-01
26                                     1.3815341502326519e+00
27                                     9.6792089863804720e-01
28                                     1.3547086476989525e+00
29                                     9.5791179366556012e-01
30                                     9.6482840077087939e-01
31                                     2.0828283145945710e+00
32                                     1.2510900792953430e+00
33                                     8.2315435079763288e-01
   &COMPONENTS [&Type "ArrayOfIntegers", &Dim (34,4)] "The indices and atomic numbers of the bonding atoms"
                                                         0                           1                           2                           3

0                                                        0                           6                           1                           6
1                                                        0                           6                          18                           1
2                                                        0                           6                          19                           1
3                                                        0                           6                          20                           1
4                                                        1                           6                           2                           6
5                                                        1                           6                           6                           6
6                                                        2                           6                           3                           6
7                                                        2                           6                          21                           1
8                                                        3                           6                           4                           6
9                                                        3                           6                          22                           1
10                                                       4                           6                           5                           6
11                                                       4                           6                          23                           1
12                                                       5                           6                           6                           6
13                                                       5                           6                           8                           7
14                                                       6                           6                           7                           6
15                                                       7                           6                          24                           1
16                                                       7                           6                          25                           1
17                                                       7                           6                          26                           1
18                                                       8                           7                           9                           6
19                                                       8                           7                          27                           1
20                                                       9                           6                          10                           6
21                                                       9                           6                          14                           6
22                                                      10                           6                          11                           6
23                                                      10                           6                          28                           1
24                                                      11                           6                          12                           6
25                                                      11                           6                          29                           1
26                                                      12                           6                          13                           6
27                                                      12                           6                          30                           1
28                                                      13                           6                          14                           6
29                                                      13                           6                          31                           1
30                                                      14                           6                          15                           6
31                                                      15                           6                          16                           8
32                                                      15                           6                          17                           8
33                                                      17                           8                          32                           1
   &ATNO [&Type "ArrayOfIntegers", &Dim (33,1)] "Atomic number of the elements"
                                                         0

0                                                        6
1                                                        6
2                                                        6
3                                                        6
4                                                        6
5                                                        6
6                                                        6
7                                                        6
8                                                        7
9                                                        6
10                                                       6
11                                                       6
12                                                       6
13                                                       6
14                                                       6
15                                                       6
16                                                       8
17                                                       8
18                                                       1
19                                                       1
20                                                       1
21                                                       1
22                                                       1
23                                                       1
24                                                       1
25                                                       1
26                                                       1
27                                                       1
28                                                       1
29                                                       1
30                                                       1
31                                                       1
32                                                       1
   &NA [&Type "ArrayOfDoubles", &Dim (33,1)] "Mulliken gross atomic population"
                                                         0

0                                      6.2237928252672479e+00
1                                      6.0472681722279660e+00
2                                      6.1203931935864162e+00
3                                      6.0434189390986299e+00
4                                      6.1070468977146559e+00
5                                      5.8813088632929871e+00
6                                      6.0661504227527860e+00
7                                      6.1997642574086766e+00
8                                      7.2079143467491118e+00
9                                      5.8720317218281490e+00
10                                     6.1362004717906578e+00
11                                     6.0397512807333609e+00
12                                     6.0428658467250509e+00
13                                     6.1115386052429912e+00
14                                     6.0211098141763291e+00
15                                     5.8911312937770122e+00
16                                     8.1768360335075503e+00
17                                     8.3018921959299785e+00
18                                     8.8174909881638830e-01
19                                     8.9996152937321461e-01
20                                     8.9239740595771377e-01
21                                     9.7290319114864376e-01
22                                     9.5617253454957840e-01
23                                     9.8047707637631287e-01
24                                     8.7144108430562606e-01
25                                     8.8172948063598566e-01
26                                     8.9766701724770959e-01
27                                     7.6846028027727697e-01
28                                     9.7882110037860504e-01
29                                     9.4606469107034208e-01
30                                     9.5149114804065671e-01
31                                     9.4477473940426882e-01
32                                     6.8547444060791862e-01
   &ZA [&Type "ArrayOfDoubles", &Dim (33,1)] "Total nuclear charge"
                                                         0

0                                      6.0000000000000000e+00
1                                      6.0000000000000000e+00
2                                      6.0000000000000000e+00
3                                      6.0000000000000000e+00
4                                      6.0000000000000000e+00
5                                      6.0000000000000000e+00
6                                      6.0000000000000000e+00
7                                      6.0000000000000000e+00
8                                      7.0000000000000000e+00
9                                      6.0000000000000000e+00
10                                     6.0000000000000000e+00
11                                     6.0000000000000000e+00
12                                     6.0000000000000000e+00
13                                     6.0000000000000000e+00
14                                     6.0000000000000000e+00
15                                     6.0000000000000000e+00
16                                     8.0000000000000000e+00
17                                     8.0000000000000000e+00
18                                     1.0000000000000000e+00
19                                     1.0000000000000000e+00
20                                     1.0000000000000000e+00
21                                     1.0000000000000000e+00
22                                     1.0000000000000000e+00
23                                     1.0000000000000000e+00
24                                     1.0000000000000000e+00
25                                     1.0000000000000000e+00
26                                     1.0000000000000000e+00
27                                     1.0000000000000000e+00
28                                     1.0000000000000000e+00
29                                     1.0000000000000000e+00
30                                     1.0000000000000000e+00
31                                     1.0000000000000000e+00
32                                     1.0000000000000000e+00
   &QA [&Type "ArrayOfDoubles", &Dim (33,1)] "Mulliken gross atomic charge"
                                                         0

0                                     -2.2379282526724786e-01
1                                     -4.7268172227965977e-02
2                                     -1.2039319358641620e-01
3                                     -4.3418939098629927e-02
4                                     -1.0704689771465592e-01
5                                      1.1869113670701292e-01
6                                     -6.6150422752786042e-02
7                                     -1.9976425740867665e-01
8                                     -2.0791434674911180e-01
9                                      1.2796827817185097e-01
10                                    -1.3620047179065775e-01
11                                    -3.9751280733360872e-02
12                                    -4.2865846725050893e-02
13                                    -1.1153860524299120e-01
14                                    -2.1109814176329067e-02
15                                     1.0886870622298783e-01
16                                    -1.7683603350755028e-01
17                                    -3.0189219592997851e-01
18                                     1.1825090118361170e-01
19                                     1.0003847062678539e-01
20                                     1.0760259404228623e-01
21                                     2.7096808851356236e-02
22                                     4.3827465450421599e-02
23                                     1.9522923623687127e-02
24                                     1.2855891569437394e-01
25                                     1.1827051936401434e-01
26                                     1.0233298275229041e-01
27                                     2.3153971972272303e-01
28                                     2.1178899621394964e-02
29                                     5.3935308929657921e-02
30                                     4.8508851959343291e-02
31                                     5.5225260595731185e-02
32                                     3.1452555939208138e-01
   &VA [&Type "ArrayOfDoubles", &Dim (33,1)] "Mayer's total valence"
                                                         0

0                                      3.9414046430303018e+00
1                                      4.1242419266951469e+00
2                                      3.8047537320300933e+00
3                                      3.7828115352607901e+00
4                                      3.8405407025132496e+00
5                                      3.9938738122328772e+00
6                                      4.1780985899863765e+00
7                                      3.9578094904593644e+00
8                                      3.2017444084392537e+00
9                                      4.0442690213843111e+00
10                                     3.8072881265942993e+00
11                                     3.8141251905926143e+00
12                                     3.7668771725583330e+00
13                                     3.8733626466110724e+00
14                                     3.7830277139517197e+00
15                                     4.3435576962783884e+00
16                                     2.3284402343752033e+00
17                                     2.1774890806567284e+00
18                                     9.5132997088821880e-01
19                                     9.6567390637203609e-01
20                                     9.5705173387984055e-01
21                                     9.6066803902981268e-01
22                                     9.4927342482545862e-01
23                                     9.6620249478687070e-01
24                                     9.6341763157347582e-01
25                                     9.6027508361334846e-01
26                                     9.6120433550099338e-01
27                                     9.1506821087952062e-01
28                                     9.6574577528816452e-01
29                                     9.4908607520560184e-01
30                                     9.5085580085038490e-01
31                                     9.7391615871452186e-01
32                                     9.0660343056452053e-01
   &BVA [&Type "ArrayOfDoubles", &Dim (33,1)] "Mayer's bonded valence"
                                                         0

0                                      3.9414046430302507e+00
1                                      4.1242419266951744e+00
2                                      3.8047537320300853e+00
3                                      3.7828115352607372e+00
4                                      3.8405407025132452e+00
5                                      3.9938738122328430e+00
6                                      4.1780985899863454e+00
7                                      3.9578094904593200e+00
8                                      3.2017444084392510e+00
9                                      4.0442690213843004e+00
10                                     3.8072881265942509e+00
11                                     3.8141251905926494e+00
12                                     3.7668771725584085e+00
13                                     3.8733626466111093e+00
14                                     3.7830277139517428e+00
15                                     4.3435576962783351e+00
16                                     2.3284402343751336e+00
17                                     2.1774890806566365e+00
18                                     9.5132997088821691e-01
19                                     9.6567390637202843e-01
20                                     9.5705173387982623e-01
21                                     9.6066803902980435e-01
22                                     9.4927342482545274e-01
23                                     9.6620249478688680e-01
24                                     9.6341763157347926e-01
25                                     9.6027508361334968e-01
26                                     9.6120433550099227e-01
27                                     9.1506821087951951e-01
28                                     9.6574577528816419e-01
29                                     9.4908607520561428e-01
30                                     9.5085580085040966e-01
31                                     9.7391615871452930e-01
32                                     9.0660343056451675e-01
   &FA [&Type "ArrayOfDoubles", &Dim (33,1)] "Mayer's free valence"
                                                         0

0                                      0.0000000000000000e+00
1                                      0.0000000000000000e+00
2                                      0.0000000000000000e+00
3                                      0.0000000000000000e+00
4                                      0.0000000000000000e+00
5                                      0.0000000000000000e+00
6                                      0.0000000000000000e+00
7                                      0.0000000000000000e+00
8                                      0.0000000000000000e+00
9                                      0.0000000000000000e+00
10                                     0.0000000000000000e+00
11                                     0.0000000000000000e+00
12                                     0.0000000000000000e+00
13                                     0.0000000000000000e+00
14                                     0.0000000000000000e+00
15                                     0.0000000000000000e+00
16                                     0.0000000000000000e+00
17                                     0.0000000000000000e+00
18                                     0.0000000000000000e+00
19                                     0.0000000000000000e+00
20                                     0.0000000000000000e+00
21                                     0.0000000000000000e+00
22                                     0.0000000000000000e+00
23                                     0.0000000000000000e+00
24                                     0.0000000000000000e+00
25                                     0.0000000000000000e+00
26                                     0.0000000000000000e+00
27                                     0.0000000000000000e+00
28                                     0.0000000000000000e+00
29                                     0.0000000000000000e+00
30                                     0.0000000000000000e+00
31                                     0.0000000000000000e+00
32                                     0.0000000000000000e+00
$End
$VdW_Correction
   &GeometryIndex 1
   &ListStatus       OUT
   &VDW [&Type "Double"]      -4.7251914657767097e-02
$End
$Calculation_Info
   &GeometryIndex 1
   &ListStatus       OUT
   &MULT [&Type "Integer"] 1
   &CHARGE [&Type "Integer"] 0
   &NUMOFATOMS [&Type "Integer"] 33
   &NUMOFELECTRONS [&Type "Integer"] 128
   &NUMOFFCELECTRONS [&Type "Integer"] 1
   &NUMOFCORRELECTRONS [&Type "Integer"] 0
   &NUMOFBASISFUNCTS [&Type "Integer"] 282
   &NUMOFAUXCBASISFUNCTS [&Type "Integer"] 0
   &NUMOFAUXJBASISFUNCTS [&Type "Integer"] 1047
   &NUMOFAUXJKBASISFUNCTS [&Type "Integer"] 0
   &NUMOFCABSBASISFUNCTS [&Type "Integer"] 0
   &TOTALENERGY [&Type "Double"]      -7.8418204218131132e+02  "Hartrees"
$End
$SCF_Dipole_Moment
   &GeometryIndex 1
   &ListStatus       OUT
   &METHOD [&Type "String"] "SCF"
   &LEVEL [&Type "String"] "Relaxed density"
   &MULT [&Type "Integer"] 1
   &STATE [&Type "Integer"] -1
   &IRREP [&Type "Integer"] 0
   &NATOMS [&Type "Integer"] 33
   &DODIPOLEATOM [&Type "Boolean"] false
   &DIPOLEELECCONTRIB [&Type "ArrayOfDoubles", &Dim (3,1)] "Electronic contribution"
                                                         0

0                                      6.5235432425646822e+00
1                                     -2.3982115526523846e+00
2                                      6.9103483208300229e+00
   &DIPOLENUCCONTRIB [&Type "ArrayOfDoubles", &Dim (3,1)] "Nuclear contribution"
                                                         0

0                                     -6.5428507379505767e+00
1                                      2.2705463610546115e+00
2                                     -7.3101388593910572e+00
   &DIPOLETOTAL [&Type "ArrayOfDoubles", &Dim (3,1)] "Total"
                                                         0

0                                     -1.9307495385894491e-02
1                                     -1.2766519159777312e-01
2                                     -3.9979053856103430e-01
   &DIPOLEMAGNITUDE [&Type "Double", &Units "a.u."]       4.2012338098074753e-01
$End
