           1           2   1.00973809967723     
           2           3   1.00845065035999     
           2           4  0.993759753562251     
           4           5   1.00457901535279     
           5           6  0.922421825222334     
           6           7   1.16536987301903     
           6           8  0.169152975888736     
           7           8   1.68534487720583     
           7           9  0.999991589424072     
           1          10  0.985942908193307     
           1          11  0.985353191859416     
           1          12  0.985262201086891     
           2          13  0.968630755705202     
           3          14  0.986162237819366     
           3          15  0.986274347649265     
           3          16  0.985586265406788     
           4          17  0.973717207657009     
           4          18  0.972479037017507     
           5          19  0.966782196311180     
           5          20  0.968344697450751     
           9          21  0.949356351504999     
           9          22  0.957631913239354     
           9          23  0.979558765946549     
