$hessian                                                                        
        0.4859949242   0.0047814669   0.0318202742  -0.1337195140   0.0136577804
        0.0664133941  -0.0158777981  -0.0032633091   0.0138558679   0.0002631421
        0.0001163474  -0.0002906284  -0.0000576623  -0.0000325069   0.0000648967
       -0.0000024713   0.0000527271   0.0000509813  -0.1154065032  -0.1097987072
        0.0029159456  -0.0843020779  -0.0149244271  -0.0905376066  -0.1250958117
        0.1073319014  -0.0341985801   0.0069059332  -0.0015436006  -0.0057204176
       -0.0172182891   0.0054974271   0.0150821196   0.0011949431   0.0011058772
       -0.0005910057  -0.0017313782  -0.0025053538   0.0006457893  -0.0008793090
       -0.0004442770   0.0004441687   0.0000143450   0.0000643524   0.0001624661
       -0.0000428638  -0.0000442128   0.0000123720  -0.0000468742  -0.0000025260
       -0.0000188586   0.0000072650  -0.0000489595  -0.0001111784
        0.0047814669   0.5210386263  -0.0044252893   0.0129267228  -0.0677331127
       -0.0118519800  -0.0168638593  -0.0004592029   0.0165363495   0.0001132047
        0.0002581666  -0.0000454771   0.0003309939  -0.0004948490   0.0000158534
        0.0000106459   0.0001706931  -0.0002124901  -0.1095880443  -0.2104414998
        0.0073475574  -0.0149172145  -0.0501705803  -0.0325942210   0.1073489249
       -0.1859578110   0.0430748231   0.0042004540  -0.0000297014  -0.0052518852
        0.0177666732  -0.0040855598  -0.0158173731  -0.0015395405   0.0014409822
        0.0006461497  -0.0037730056  -0.0037402016   0.0017862178  -0.0004689820
       -0.0000843788   0.0004491275  -0.0001181103   0.0001006488   0.0001150045
       -0.0001215989   0.0000856635   0.0000016364  -0.0000367984   0.0001434592
        0.0000771617  -0.0000519325  -0.0000413422   0.0001488349
        0.0318202742  -0.0044252893   0.4944121756   0.0646868947  -0.0127099568
       -0.1338813002   0.0068448572   0.0039552502  -0.0042165538   0.0003743209
        0.0001134166  -0.0004012996   0.0000827854  -0.0001122205  -0.0000549475
       -0.0001471052  -0.0001454915  -0.0002178134   0.0030843885   0.0076488925
       -0.0429616139  -0.0906348826  -0.0322978965  -0.2352958037  -0.0342096903
        0.0431101434  -0.0571841305   0.0201378812  -0.0049059804  -0.0256550085
       -0.0017226995   0.0000452314   0.0035760920  -0.0000416287  -0.0006091016
        0.0003272539   0.0007499256   0.0007777186   0.0008403381  -0.0008810709
       -0.0005795255   0.0003762622  -0.0001555476  -0.0000250776   0.0001153579
        0.0000231386   0.0000606455   0.0000843563   0.0000175001   0.0000586069
        0.0000669683  -0.0000293416   0.0000406347   0.0000696669
       -0.1337195140   0.0129267228   0.0646868947   0.4901495606  -0.0284835664
        0.0319660039  -0.1009687984  -0.0549465401   0.0089961312  -0.0126010197
       -0.0164841225  -0.0023334326  -0.0002887199  -0.0003138124   0.0001733304
        0.0000325567  -0.0000652398   0.0001762697  -0.0151686857  -0.0002444538
        0.0140285634   0.0084513386  -0.0007610186  -0.0057043479  -0.0176004129
        0.0058974694   0.0140035946  -0.0876563799  -0.0185493675  -0.0894681225
       -0.1248436741   0.1049196879  -0.0379882287   0.0080438431   0.0132379103
       -0.0018276010  -0.0116431726  -0.0162041423   0.0051023574   0.0004756292
        0.0003190254   0.0008172557  -0.0020054519  -0.0011069886  -0.0026414487
        0.0001299819  -0.0000701020  -0.0000092853  -0.0001020634  -0.0001407650
        0.0000125559  -0.0006850178   0.0000693035   0.0000095099
        0.0136577804  -0.0677331127  -0.0127099568  -0.0284835664   0.4904860889
       -0.0041258449  -0.0535944682  -0.1551327885   0.0150824400  -0.0079568775
       -0.0074013084  -0.0048013824   0.0004826038   0.0002561614   0.0002863112
       -0.0001647307  -0.0005182955   0.0001963688  -0.0188870185   0.0011509811
        0.0173008960   0.0035676851  -0.0002914792  -0.0044616415   0.0184416373
       -0.0046518529  -0.0160510808  -0.0187108036  -0.0538536979  -0.0409135948
        0.1055947122  -0.1753106196   0.0454612420  -0.0115807182  -0.0278496052
        0.0046683579  -0.0019144184  -0.0004719833   0.0004971221  -0.0000312430
        0.0003525171   0.0003451551  -0.0007403617   0.0006083038  -0.0007502611
        0.0003082013   0.0001892245  -0.0000175697   0.0000749565   0.0000428853
       -0.0000051537  -0.0000633705   0.0001285814  -0.0000014075
        0.0664133941  -0.0118519800  -0.1338813002   0.0319660039  -0.0041258449
        0.5052075254   0.0068046641   0.0121611077  -0.0674612648  -0.0123446569
       -0.0175921038   0.0014909222   0.0000841451  -0.0002957890   0.0002068675
       -0.0002001160  -0.0000257277  -0.0004863942   0.0038185904   0.0006619538
       -0.0028702803   0.0191939717  -0.0042174721  -0.0247368291  -0.0017995472
       -0.0008452474   0.0039352933  -0.0896338260  -0.0405956005  -0.2143310462
       -0.0375079690   0.0444984470  -0.0601908342   0.0018606697   0.0041219200
        0.0003441122   0.0143518742   0.0204585391  -0.0053881763   0.0000870974
       -0.0003969531   0.0007607206  -0.0036084996  -0.0019533572  -0.0032164961
        0.0001053525   0.0000222229   0.0001614923   0.0000936275  -0.0000506880
        0.0001167315   0.0003152240   0.0000265733   0.0003389562
       -0.0158777981  -0.0168638593   0.0068448572  -0.1009687984  -0.0535944682
        0.0068046641   0.4931041297  -0.0330007038  -0.0272608455  -0.1133715696
       -0.0139299623  -0.0579256965  -0.0176015594   0.0001761565  -0.0180945405
        0.0006365874  -0.0006992794   0.0001352740  -0.0032007567  -0.0002267437
        0.0034298144   0.0005040902  -0.0000780839  -0.0005226061   0.0005377546
       -0.0012044131  -0.0001795744  -0.0103326634  -0.0157024641  -0.0006281197
        0.0086262150   0.0126272965  -0.0018542396  -0.1296037347   0.1110733056
       -0.0096459917  -0.1070467604   0.0115775237   0.1037600199   0.0081622967
        0.0025826076   0.0088929520  -0.0103272519  -0.0056893043  -0.0123661855
       -0.0027155249   0.0023405005  -0.0007656748   0.0004212210   0.0000516010
       -0.0003739262  -0.0009458771   0.0005602908  -0.0002501813
       -0.0032633091  -0.0004592029   0.0039552502  -0.0549465401  -0.1551327885
        0.0121611077  -0.0330007038   0.4873582039   0.0045596777  -0.0115281695
       -0.0676574170  -0.0161006563   0.0119882951   0.0026934332   0.0137868457
       -0.0004958383   0.0000602246   0.0003437030   0.0008918282   0.0009146959
       -0.0005015372  -0.0000513109   0.0002708842  -0.0001150172   0.0011871845
        0.0012522582  -0.0006564050  -0.0070876669  -0.0086935068  -0.0002464266
       -0.0115599008  -0.0261747090   0.0040967986   0.1102047518  -0.1805682490
        0.0141061961   0.0113933312  -0.0445637159  -0.0152481247  -0.0005134392
        0.0005341074  -0.0015603939  -0.0176412842  -0.0078628423  -0.0206856852
        0.0038623953  -0.0017558277   0.0012594191  -0.0002199053  -0.0000380371
        0.0005157852   0.0007802821  -0.0001775114   0.0003294628
        0.0138558679   0.0165363495  -0.0042165538   0.0089961312   0.0150824400
       -0.0674612648  -0.0272608455   0.0045596777   0.4966246852  -0.0569384791
       -0.0195889307  -0.1440199910  -0.0086710456   0.0049047120  -0.0037613666
        0.0005978401   0.0001775554  -0.0007882414   0.0036268693   0.0003040770
       -0.0028738006  -0.0002565596   0.0004038140   0.0005173390  -0.0006086971
        0.0002998170   0.0005381483  -0.0142107638  -0.0214695954   0.0005146461
        0.0034549528   0.0072721794  -0.0001935519  -0.0099107487   0.0146382628
       -0.0449782893   0.1034147612  -0.0153783577  -0.2056424015  -0.0151057211
       -0.0057811694  -0.0262535096  -0.0012121588  -0.0006471116   0.0000284736
       -0.0005729070  -0.0004335221   0.0014002791   0.0000853366  -0.0003160813
        0.0000653848   0.0007161673  -0.0005641167   0.0005000144
        0.0002631421   0.0001132047   0.0003743209  -0.0126010197  -0.0079568775
       -0.0123446569  -0.1133715696  -0.0115281695  -0.0569384791   0.4795427719
        0.0047751618  -0.0160055150  -0.1494695304   0.0725645808  -0.0156145660
       -0.0104743806   0.0134965298   0.0054651997  -0.0000536499  -0.0000002501
       -0.0001385818  -0.0008225836  -0.0005338294  -0.0003855409  -0.0000413824
       -0.0000941467  -0.0000939713  -0.0015439491  -0.0026266574   0.0000451585
        0.0004976092   0.0010087049   0.0001887624  -0.0159140576  -0.0009648019
       -0.0187366528   0.0088671443   0.0015491798   0.0094717707  -0.1025419075
       -0.0005557544   0.1001952770  -0.0723438681  -0.0838028749   0.0115467345
       -0.0138732649   0.0114089405  -0.0052011884   0.0054924196   0.0055948576
       -0.0023045719  -0.0016119238  -0.0024477981   0.0004765003
        0.0001163474   0.0002581666   0.0001134166  -0.0164841225  -0.0074013084
       -0.0175921038  -0.0139299623  -0.0676574170  -0.0195889307   0.0047751618
        0.4754255459  -0.0043516943   0.0721360269  -0.1203952145   0.0105883350
        0.0188718699  -0.0196918859  -0.0042529801  -0.0000052485   0.0001170307
       -0.0001686786  -0.0001586583  -0.0001047779  -0.0002139615  -0.0002018236
       -0.0000999281  -0.0000671181  -0.0037269492  -0.0042267496  -0.0003159151
       -0.0000481326   0.0012353308  -0.0008817690   0.0143223162   0.0018974946
        0.0170988040  -0.0017219292   0.0001730520  -0.0034292424  -0.0007581356
       -0.0392155090  -0.0002281033  -0.0781563350  -0.2245057688   0.0266548055
        0.0013993918   0.0014686504  -0.0003790582   0.0056264471   0.0046834370
       -0.0054360079  -0.0020562645  -0.0019601489   0.0024502019
       -0.0002906284  -0.0000454771  -0.0004012996  -0.0023334326  -0.0048013824
        0.0014909222  -0.0579256965  -0.0161006563  -0.1440199910  -0.0160055150
       -0.0043516943   0.4965585684  -0.0121229620   0.0076588645  -0.0684021068
        0.0145223419  -0.0126410557   0.0032769836   0.0002883712   0.0000695036
        0.0000433827   0.0007849394   0.0006480244   0.0002264356   0.0000818870
       -0.0000533787  -0.0000399666   0.0004450634   0.0008115289   0.0011841429
        0.0001057114   0.0001270211   0.0005388840  -0.0050929875  -0.0002674244
       -0.0045861017  -0.0155695635  -0.0053478294  -0.0273145760   0.1011723258
       -0.0015913927  -0.2091195729   0.0112642057   0.0262538751  -0.0440152750
       -0.0193160778   0.0145248219  -0.0058216216  -0.0014737829  -0.0063896294
        0.0003271223   0.0014658005   0.0014962808   0.0000740695
       -0.0000576623   0.0003309939   0.0000827854  -0.0002887199   0.0004826038
        0.0000841451  -0.0176015594   0.0119882951  -0.0086710456  -0.1494695304
        0.0721360269  -0.0121229620   0.3958474806  -0.2243563149   0.0270174909
       -0.1105492217   0.1221920300   0.0884350163   0.0001100454   0.0000557659
       -0.0000461840  -0.0002151697  -0.0000554616   0.0002699260   0.0000461578
       -0.0000608402   0.0000237867   0.0003749483   0.0000731298   0.0001394460
       -0.0000703281  -0.0003188736  -0.0003710488  -0.0021653827  -0.0004529152
       -0.0024927717   0.0005827014  -0.0002705065   0.0009259215  -0.0166284644
        0.0161393958   0.0027240808   0.0056451128  -0.0002660006   0.0008333965
       -0.0983785923  -0.0064330210  -0.1047792696  -0.0118804636   0.0189437232
        0.0169794550   0.0046986480  -0.0101280308  -0.0090321684
       -0.0000325069  -0.0004948490  -0.0001122205  -0.0003138124   0.0002561614
       -0.0002957890   0.0001761565   0.0026934332   0.0049047120   0.0725645808
       -0.1203952145   0.0076588645  -0.2243563149   0.4854735340   0.2616809221
        0.1258014571  -0.2759361225  -0.2323162370  -0.0000965927  -0.0000807572
        0.0000000279   0.0001661652   0.0001774126  -0.0001763783   0.0000429465
        0.0000181745   0.0000370340  -0.0002602101  -0.0000598225  -0.0000995254
       -0.0011420680  -0.0000308363   0.0000742962  -0.0005244012   0.0008436783
       -0.0011813958   0.0001569664   0.0003017273  -0.0002966597   0.0047615034
       -0.0038856555  -0.0028379340   0.0230404829  -0.0280841071   0.0009608878
       -0.0078898353  -0.0412047697  -0.0191254288   0.0087105568  -0.0169705236
       -0.0129542322  -0.0008050741  -0.0026214635  -0.0059209439
        0.0000648967   0.0000158534  -0.0000549475   0.0001733304   0.0002863112
        0.0002068675  -0.0180945405   0.0137868457  -0.0037613666  -0.0156145660
        0.0105883350  -0.0684021068   0.0270174909   0.2616809221   0.6178519073
        0.0930672882  -0.2357226033  -0.2948787421   0.0000941509   0.0000619297
        0.0000404876   0.0000556003  -0.0000836674   0.0001671235   0.0000303526
       -0.0000131006  -0.0000851581   0.0001955654   0.0000254564   0.0000982917
       -0.0004544261  -0.0004574781   0.0000878444  -0.0036727748  -0.0002435758
       -0.0035386730   0.0001282251   0.0003004490   0.0005180448   0.0198255348
       -0.0180335545  -0.0006043029  -0.0021898586   0.0017682551   0.0013869881
       -0.1064341513  -0.0175252767  -0.2268317711  -0.0004379187   0.0029177532
        0.0019011558   0.0062458008  -0.0193528542  -0.0241016427
       -0.0000024713   0.0000106459  -0.0001471052   0.0000325567  -0.0001647307
       -0.0002001160   0.0006365874  -0.0004958383   0.0005978401  -0.0104743806
        0.0188718699   0.0145223419  -0.1105492217   0.1258014571   0.0930672882
        0.4160652185  -0.2552716058   0.0548149880  -0.0000504879  -0.0000250786
        0.0000278843  -0.0000241944   0.0000390170  -0.0000553264  -0.0000766208
        0.0000344760   0.0001017072  -0.0000904628   0.0001063702   0.0000617434
       -0.0011048944   0.0001526123  -0.0000609158   0.0001126038  -0.0001084370
        0.0003765352  -0.0007421066   0.0006239397   0.0000685220  -0.0029746953
        0.0028530449   0.0002828212  -0.0011556188   0.0009340806   0.0003032464
        0.0036035830  -0.0087678061  -0.0102556043  -0.2012738019   0.1242073049
       -0.0474828521  -0.0919315929  -0.0088013220  -0.1060229981
        0.0000527271   0.0001706931  -0.0001454915  -0.0000652398  -0.0005182955
       -0.0000257277  -0.0006992794   0.0000602246   0.0001775554   0.0134965298
       -0.0196918859  -0.0126410557   0.1221920300  -0.2759361225  -0.2357226033
       -0.2552716058   0.4673913766   0.2561006584   0.0000751564   0.0000577193
       -0.0000008603   0.0000252683  -0.0000916519   0.0000875244  -0.0001927789
        0.0001143929   0.0000202749  -0.0000215042   0.0001054477  -0.0000367049
        0.0002122809   0.0006300011  -0.0000231412  -0.0002340057   0.0002232212
       -0.0003564753   0.0003747121  -0.0002930125  -0.0002438441   0.0013787241
       -0.0009107410   0.0008946722   0.0016602738  -0.0005957339   0.0000703991
        0.0012595225  -0.0038517500  -0.0062083195   0.1253709510  -0.1246747684
        0.0293550914  -0.0096137622  -0.0421891148  -0.0313019522
        0.0000509813  -0.0002124901  -0.0002178134   0.0001762697   0.0001963688
       -0.0004863942   0.0001352740   0.0003437030  -0.0007882414   0.0054651997
       -0.0042529801   0.0032769836   0.0884350163  -0.2323162370  -0.2948787421
        0.0548149880   0.2561006584   0.6185661443  -0.0000584021  -0.0000206649
        0.0000567925   0.0000326490   0.0000045000   0.0000288363  -0.0000003854
        0.0000178868   0.0000129659  -0.0001465248   0.0000469653   0.0000587017
        0.0001745424  -0.0001529731   0.0006024157  -0.0003511260   0.0000022640
        0.0000321355  -0.0007319875   0.0009840586   0.0004617993  -0.0005929330
        0.0010047544   0.0011486926  -0.0008134850   0.0023200360   0.0001111919
        0.0065779076  -0.0211694538  -0.0256747597  -0.0455994920   0.0276369391
       -0.0530240861  -0.1075684925  -0.0305333353  -0.2492866224
       -0.1154065032  -0.1095880443   0.0030843885  -0.0151686857  -0.0188870185
        0.0038185904  -0.0032007567   0.0008918282   0.0036268693  -0.0000536499
       -0.0000052485   0.0002883712   0.0001100454  -0.0000965927   0.0000941509
       -0.0000504879   0.0000751564  -0.0000584021   0.1339033688   0.1283172690
       -0.0069573689  -0.0097330005  -0.0150303705  -0.0027639976   0.0095337730
        0.0153808695  -0.0008701698   0.0007343962  -0.0000815427  -0.0003824954
       -0.0000766125  -0.0002758470  -0.0003243577  -0.0000042172   0.0002883725
       -0.0000036246  -0.0008481798  -0.0011127544   0.0004506436   0.0002136120
        0.0001219055   0.0000282442   0.0000314876   0.0000453917  -0.0000277884
        0.0000031765   0.0000083956   0.0000004353  -0.0000154655   0.0000143642
       -0.0000040232   0.0000276994  -0.0000661340   0.0000005343
       -0.1097987072  -0.2104414998   0.0076488925  -0.0002444538   0.0011509811
        0.0006619538  -0.0002267437   0.0009146959   0.0003040770  -0.0000002501
        0.0001170307   0.0000695036   0.0000557659  -0.0000807572   0.0000619297
       -0.0000250786   0.0000577193  -0.0000206649   0.1283172690   0.2423012065
       -0.0083094488  -0.0053806679  -0.0071251142  -0.0019898673  -0.0130420723
       -0.0278791219   0.0014596981   0.0002977254   0.0001914959   0.0002852669
        0.0001020353   0.0004452973  -0.0002416127   0.0000212083   0.0002949701
       -0.0001489088  -0.0002096468   0.0000317345   0.0000485762   0.0001010027
       -0.0000254898   0.0001667444   0.0000663668   0.0000337940   0.0000028156
       -0.0000155836   0.0000041426  -0.0000231701  -0.0000234715   0.0000288612
        0.0000045643   0.0000053022  -0.0000199462   0.0000196505
        0.0029159456   0.0073475574  -0.0429616139   0.0140285634   0.0173008960
       -0.0028702803   0.0034298144  -0.0005015372  -0.0028738006  -0.0001385818
       -0.0001686786   0.0000433827  -0.0000461840   0.0000000279   0.0000404876
        0.0000278843  -0.0000008603   0.0000567925  -0.0069573689  -0.0083094488
        0.0499840201  -0.0177559045  -0.0257406171  -0.0017863402   0.0037577794
        0.0083145557   0.0001529800   0.0002018187   0.0007089481   0.0002673729
       -0.0003782090   0.0001285514   0.0003593159  -0.0000734797  -0.0002259705
       -0.0000974132   0.0008260051   0.0009392680  -0.0004295653   0.0002002982
        0.0001300108   0.0000233414  -0.0000094712   0.0000265008   0.0000985530
        0.0000049446  -0.0000103662  -0.0000079635  -0.0000052772   0.0000207770
        0.0000039549  -0.0000285773   0.0000403854  -0.0000032241
       -0.0843020779  -0.0149172145  -0.0906348826   0.0084513386   0.0035676851
        0.0191939717   0.0005040902  -0.0000513109  -0.0002565596  -0.0008225836
       -0.0001586583   0.0007849394  -0.0002151697   0.0001661652   0.0000556003
       -0.0000241944   0.0000252683   0.0000326490  -0.0097330005  -0.0053806679
       -0.0177559045   0.0986214770   0.0185796461   0.1036452720  -0.0102948948
       -0.0012161023  -0.0190757714  -0.0022679579   0.0005995525   0.0044723471
        0.0009105502  -0.0001485027   0.0002706471  -0.0000791099   0.0000270617
       -0.0000919089  -0.0000498426   0.0000519288  -0.0001864256  -0.0009589080
       -0.0011546982  -0.0001482141   0.0002231222   0.0000617160  -0.0001680173
       -0.0000305433  -0.0000021461  -0.0000667892   0.0000273642  -0.0000336330
       -0.0000377112   0.0000403403  -0.0000160898  -0.0000332422
       -0.0149244271  -0.0501705803  -0.0322978965  -0.0007610186  -0.0002914792
       -0.0042174721  -0.0000780839   0.0002708842   0.0004038140  -0.0005338294
       -0.0001047779   0.0006480244  -0.0000554616   0.0001774126  -0.0000836674
        0.0000390170  -0.0000916519   0.0000045000  -0.0150303705  -0.0071251142
       -0.0257406171   0.0185796461   0.0550214501   0.0396736124   0.0129697028
        0.0023596239   0.0235061164   0.0007412335   0.0005793892  -0.0010053032
       -0.0001722470  -0.0000718166  -0.0005865372   0.0001624220  -0.0001167299
        0.0001166934  -0.0000159175  -0.0000832829  -0.0001044332  -0.0010706510
       -0.0001938303  -0.0002103751   0.0000848639  -0.0000747170  -0.0000854417
        0.0000373108  -0.0000116273   0.0000204598   0.0000328932  -0.0000682874
       -0.0000170569  -0.0000050828  -0.0000048652  -0.0000244199
       -0.0905376066  -0.0325942210  -0.2352958037  -0.0057043479  -0.0044616415
       -0.0247368291  -0.0005226061  -0.0001150172   0.0005173390  -0.0003855409
       -0.0002139615   0.0002264356   0.0002699260  -0.0001763783   0.0001671235
       -0.0000553264   0.0000875244   0.0000288363  -0.0027639976  -0.0019898673
       -0.0017863402   0.1036452720   0.0396736124   0.2741354197  -0.0073987029
        0.0003434664  -0.0104629512   0.0041746092  -0.0010858155  -0.0042788034
       -0.0005863792   0.0000737562   0.0007651618  -0.0001362987   0.0000824412
       -0.0002564823  -0.0002915967  -0.0000161333   0.0001197176   0.0004925433
        0.0004335535   0.0008874174  -0.0000496806  -0.0000596978   0.0000269830
       -0.0000683731   0.0000180357   0.0000201734  -0.0000195705   0.0000202638
        0.0000030947  -0.0000623233  -0.0000199203  -0.0000804921
       -0.1250958117   0.1073489249  -0.0342096903  -0.0176004129   0.0184416373
       -0.0017995472   0.0005377546   0.0011871845  -0.0006086971  -0.0000413824
       -0.0002018236   0.0000818870   0.0000461578   0.0000429465   0.0000303526
       -0.0000766208  -0.0001927789  -0.0000003854   0.0095337730  -0.0130420723
        0.0037577794  -0.0102948948   0.0129697028  -0.0073987029   0.1459091879
       -0.1269144889   0.0363971758   0.0006992843  -0.0002225763  -0.0004916695
       -0.0036007616   0.0013358868   0.0042303253  -0.0002528932  -0.0008934170
        0.0003914411   0.0003092435   0.0000197886  -0.0001435258  -0.0001750293
        0.0001655437  -0.0002149907  -0.0000338882  -0.0000450036   0.0000462070
        0.0000754930  -0.0000004534   0.0000042025   0.0000337040  -0.0000267635
       -0.0000178736   0.0000270969   0.0000277623  -0.0000542884
        0.1073319014  -0.1859578110   0.0431101434   0.0058974694  -0.0046518529
       -0.0008452474  -0.0012044131   0.0012522582   0.0002998170  -0.0000941467
       -0.0000999281  -0.0000533787  -0.0000608402   0.0000181745  -0.0000131006
        0.0000344760   0.0001143929   0.0000178868   0.0153808695  -0.0278791219
        0.0083145557  -0.0012161023   0.0023596239   0.0003434664  -0.1269144889
        0.2146822929  -0.0499559551  -0.0001424223  -0.0001226017  -0.0000621065
        0.0009609936   0.0002535376  -0.0014199586   0.0000551479   0.0002478664
        0.0001380690  -0.0001632515  -0.0001264801   0.0000296597   0.0001626920
       -0.0000174613   0.0000497616  -0.0000209153   0.0000062095   0.0000094368
        0.0000040050  -0.0000301622   0.0000289990   0.0000054556  -0.0000245841
       -0.0000033563  -0.0000164300  -0.0000243526   0.0000113077
       -0.0341985801   0.0430748231  -0.0571841305   0.0140035946  -0.0160510808
        0.0039352933  -0.0001795744  -0.0006564050   0.0005381483  -0.0000939713
       -0.0000671181  -0.0000399666   0.0000237867   0.0000370340  -0.0000851581
        0.0001017072   0.0000202749   0.0000129659  -0.0008701698   0.0014596981
        0.0001529800  -0.0190757714   0.0235061164  -0.0104629512   0.0363971758
       -0.0499559551   0.0648872531   0.0002377010  -0.0004856136   0.0006154277
        0.0039913546  -0.0010940518  -0.0024967375   0.0000105860   0.0002800684
        0.0001324573  -0.0001242790  -0.0001533501   0.0000385476  -0.0001285350
        0.0001562619  -0.0000825751  -0.0000689315  -0.0000475711   0.0000236954
       -0.0000013648  -0.0000059031  -0.0000151791  -0.0000077850  -0.0000109447
        0.0000046758  -0.0000169437  -0.0000062835   0.0000252537
        0.0069059332   0.0042004540   0.0201378812  -0.0876563799  -0.0187108036
       -0.0896338260  -0.0103326634  -0.0070876669  -0.0142107638  -0.0015439491
       -0.0037269492   0.0004450634   0.0003749483  -0.0002602101   0.0001955654
       -0.0000904628  -0.0000215042  -0.0001465248   0.0007343962   0.0002977254
        0.0002018187  -0.0022679579   0.0007412335   0.0041746092   0.0006992843
       -0.0001424223   0.0002377010   0.1050842446   0.0261961383   0.0994391280
       -0.0108060758  -0.0013373273  -0.0200815929   0.0002211602   0.0002547101
        0.0000420206  -0.0003265827  -0.0001373757  -0.0004773919  -0.0000513073
        0.0000962266   0.0002988822  -0.0007930770  -0.0004347803  -0.0007623266
        0.0000508481   0.0000887958   0.0000966616   0.0000560678   0.0000041559
        0.0000944056  -0.0002584267  -0.0000204002  -0.0000513109
       -0.0015436006  -0.0000297014  -0.0049059804  -0.0185493675  -0.0538536979
       -0.0405956005  -0.0157024641  -0.0086935068  -0.0214695954  -0.0026266574
       -0.0042267496   0.0008115289   0.0000731298  -0.0000598225   0.0000254564
        0.0001063702   0.0001054477   0.0000469653  -0.0000815427   0.0001914959
        0.0007089481   0.0005995525   0.0005793892  -0.0010858155  -0.0002225763
       -0.0001226017  -0.0004856136   0.0261961383   0.0623234655   0.0472475201
        0.0123699799   0.0035362195   0.0214529035   0.0000721568  -0.0000123453
       -0.0003096781   0.0000671506   0.0007942369  -0.0004779239   0.0002142760
       -0.0000392109   0.0001237970  -0.0009828479  -0.0005495349  -0.0010761702
        0.0000063012   0.0000228301  -0.0000519232   0.0000050183   0.0000061902
       -0.0000080116  -0.0000010172   0.0000278960   0.0000491933
       -0.0057204176  -0.0052518852  -0.0256550085  -0.0894681225  -0.0409135948
       -0.2143310462  -0.0006281197  -0.0002464266   0.0005146461   0.0000451585
       -0.0003159151   0.0011841429   0.0001394460  -0.0000995254   0.0000982917
        0.0000617434  -0.0000367049   0.0000587017  -0.0003824954   0.0002852669
        0.0002673729   0.0044723471  -0.0010053032  -0.0042788034  -0.0004916695
       -0.0000621065   0.0006154277   0.0994391280   0.0472475201   0.2518744586
       -0.0078553451  -0.0000537893  -0.0112126346   0.0001562074  -0.0002069710
       -0.0001073475   0.0003389125   0.0005568489   0.0010158373   0.0001600445
        0.0001615740   0.0001273725  -0.0001279481  -0.0000798876  -0.0001354720
        0.0000479751   0.0000066215  -0.0000226271   0.0000150214   0.0000102229
        0.0000199303  -0.0002018659   0.0000040553  -0.0000332423
       -0.0172182891   0.0177666732  -0.0017226995  -0.1248436741   0.1055947122
       -0.0375079690   0.0086262150  -0.0115599008   0.0034549528   0.0004976092
       -0.0000481326   0.0001057114  -0.0000703281  -0.0011420680  -0.0004544261
       -0.0011048944   0.0002122809   0.0001745424  -0.0000766125   0.0001020353
       -0.0003782090   0.0009105502  -0.0001722470  -0.0005863792  -0.0036007616
        0.0009609936   0.0039913546  -0.0108060758   0.0123699799  -0.0078553451
        0.1494277614  -0.1212126184   0.0394528256  -0.0008986364  -0.0032668097
        0.0004346421   0.0001317372   0.0000471513  -0.0000715588  -0.0000697376
        0.0001177281   0.0000669784  -0.0000525434   0.0002060696   0.0001311624
        0.0001032390   0.0001621492  -0.0000028711  -0.0000428256   0.0001810631
       -0.0000413633  -0.0009127334  -0.0003190600   0.0008086513
        0.0054974271  -0.0040855598   0.0000452314   0.1049196879  -0.1753106196
        0.0444984470   0.0126272965  -0.0261747090   0.0072721794   0.0010087049
        0.0012353308   0.0001270211  -0.0003188736  -0.0000308363  -0.0004574781
        0.0001526123   0.0006300011  -0.0001529731  -0.0002758470   0.0004452973
        0.0001285514  -0.0001485027  -0.0000718166   0.0000737562   0.0013358868
        0.0002535376  -0.0010940518  -0.0013373273   0.0035362195  -0.0000537893
       -0.1212126184   0.2053592834  -0.0525521053  -0.0028715663  -0.0059194509
        0.0014186192   0.0002525914   0.0001291984   0.0001207095   0.0001616133
       -0.0002734144  -0.0001339960   0.0002896603   0.0003020348   0.0000661970
       -0.0000337138  -0.0001431921   0.0000947845   0.0001431450  -0.0001616200
        0.0001982697  -0.0001901764   0.0002803156   0.0004006271
        0.0150821196  -0.0158173731   0.0035760920  -0.0379882287   0.0454612420
       -0.0601908342  -0.0018542396   0.0040967986  -0.0001935519   0.0001887624
       -0.0008817690   0.0005388840  -0.0003710488   0.0000742962   0.0000878444
       -0.0000609158  -0.0000231412   0.0006024157  -0.0003243577  -0.0002416127
        0.0003593159   0.0002706471  -0.0005865372   0.0007651618   0.0042303253
       -0.0014199586  -0.0024967375  -0.0200815929   0.0214529035  -0.0112126346
        0.0394528256  -0.0525521053   0.0691267844   0.0007750363   0.0004081405
        0.0003634425  -0.0000683631   0.0001701947  -0.0002371775   0.0001312793
       -0.0001415373  -0.0001414002  -0.0000264349  -0.0000393432  -0.0001317152
        0.0000802083  -0.0000637840  -0.0002013694  -0.0000971509  -0.0000219790
       -0.0001888719   0.0006611285   0.0001255650  -0.0004256481
        0.0011949431  -0.0015395405  -0.0000416287   0.0080438431  -0.0115807182
        0.0018606697  -0.1296037347   0.1102047518  -0.0099107487  -0.0159140576
        0.0143223162  -0.0050929875  -0.0021653827  -0.0005244012  -0.0036727748
        0.0001126038  -0.0002340057  -0.0003511260  -0.0000042172   0.0000212083
       -0.0000734797  -0.0000791099   0.0001624220  -0.0001362987  -0.0002528932
        0.0000551479   0.0000105860   0.0002211602   0.0000721568   0.0001562074
       -0.0008986364  -0.0028715663   0.0007750363   0.1537541376  -0.1253800096
        0.0142049294  -0.0137534817   0.0165883519   0.0022999146   0.0004438953
        0.0000870391   0.0003061207  -0.0003461046   0.0002740921   0.0001513764
       -0.0009749279   0.0006515237  -0.0003815479   0.0000389216  -0.0000123468
       -0.0000435057   0.0001830413  -0.0002964214  -0.0000607429
        0.0011058772   0.0014409822  -0.0006091016   0.0132379103  -0.0278496052
        0.0041219200   0.1110733056  -0.1805682490   0.0146382628  -0.0009648019
        0.0018974946  -0.0002674244  -0.0004529152   0.0008436783  -0.0002435758
       -0.0001084370   0.0002232212   0.0000022640   0.0002883725   0.0002949701
       -0.0002259705   0.0000270617  -0.0001167299   0.0000824412  -0.0008934170
        0.0002478664   0.0002800684   0.0002547101  -0.0000123453  -0.0002069710
       -0.0032668097  -0.0059194509   0.0004081405  -0.1253800096   0.2134360923
       -0.0163195473   0.0057659088  -0.0046149746  -0.0015890069  -0.0000341032
       -0.0000627011   0.0002193448  -0.0005757125   0.0008416433  -0.0004356400
       -0.0000258735  -0.0000404188   0.0000402112  -0.0000407399  -0.0000350340
        0.0000244425  -0.0000103267  -0.0000064395   0.0000801420
       -0.0005910057   0.0006461497   0.0003272539  -0.0018276010   0.0046683579
        0.0003441122  -0.0096459917   0.0141061961  -0.0449782893  -0.0187366528
        0.0170988040  -0.0045861017  -0.0024927717  -0.0011813958  -0.0035386730
        0.0003765352  -0.0003564753   0.0000321355  -0.0000036246  -0.0001489088
       -0.0000974132  -0.0000919089   0.0001166934  -0.0002564823   0.0003914411
        0.0001380690   0.0001324573   0.0000420206  -0.0003096781  -0.0001073475
        0.0004346421   0.0014186192   0.0003634425   0.0142049294  -0.0163195473
        0.0521953467   0.0190410412  -0.0217139678  -0.0004155337  -0.0000993713
        0.0004506331   0.0001472981   0.0001513977   0.0003849196   0.0006958713
       -0.0011280617   0.0007611555  -0.0004433395   0.0000850227   0.0001041258
        0.0001269866  -0.0001100406   0.0001362495   0.0000582762
       -0.0017313782  -0.0037730056   0.0007499256  -0.0116431726  -0.0019144184
        0.0143518742  -0.1070467604   0.0113933312   0.1034147612   0.0088671443
       -0.0017219292  -0.0155695635   0.0005827014   0.0001569664   0.0001282251
       -0.0007421066   0.0003747121  -0.0007319875  -0.0008481798  -0.0002096468
        0.0008260051  -0.0000498426  -0.0000159175  -0.0002915967   0.0003092435
       -0.0001632515  -0.0001242790  -0.0003265827   0.0000671506   0.0003389125
        0.0001317372   0.0002525914  -0.0000683631  -0.0137534817   0.0057659088
        0.0190410412   0.1278885865  -0.0108538471  -0.1185088631  -0.0014867432
       -0.0005273490  -0.0036605045   0.0003151397   0.0001554340  -0.0000179173
        0.0000640566  -0.0000914495   0.0002233080  -0.0000386052  -0.0001855023
        0.0001085796  -0.0004917562   0.0012902224  -0.0002095577
       -0.0025053538  -0.0037402016   0.0007777186  -0.0162041423  -0.0004719833
        0.0204585391   0.0115775237  -0.0445637159  -0.0153783577   0.0015491798
        0.0001730520  -0.0053478294  -0.0002705065   0.0003017273   0.0003004490
        0.0006239397  -0.0002930125   0.0009840586  -0.0011127544   0.0000317345
        0.0009392680   0.0000519288  -0.0000832829  -0.0000161333   0.0000197886
       -0.0001264801  -0.0001533501  -0.0001373757   0.0007942369   0.0005568489
        0.0000471513   0.0001291984   0.0001701947   0.0165883519  -0.0046149746
       -0.0217139678  -0.0108538471   0.0535534869   0.0198756738  -0.0007941502
        0.0003468663  -0.0008025136   0.0001534153  -0.0001800983  -0.0003614724
        0.0000427150  -0.0001432583  -0.0001582973  -0.0001220379   0.0000805602
       -0.0002894823   0.0013461738  -0.0011938551   0.0001586531
        0.0006457893   0.0017862178   0.0008403381   0.0051023574   0.0004971221
       -0.0053881763   0.1037600199  -0.0152481247  -0.2056424015   0.0094717707
       -0.0034292424  -0.0273145760   0.0009259215  -0.0002966597   0.0005180448
        0.0000685220  -0.0002438441   0.0004617993   0.0004506436   0.0000485762
       -0.0004295653  -0.0001864256  -0.0001044332   0.0001197176  -0.0001435258
        0.0000296597   0.0000385476  -0.0004773919  -0.0004779239   0.0010158373
       -0.0000715588   0.0001207095  -0.0002371775   0.0022999146  -0.0015890069
       -0.0004155337  -0.1185088631   0.0198756738   0.2402410550  -0.0035801982
       -0.0016131051  -0.0051054057   0.0002628943  -0.0000654542   0.0002311121
        0.0002024205  -0.0001174568   0.0001857264   0.0002282399  -0.0000487938
        0.0001635118  -0.0004505305   0.0008760856   0.0007171459
       -0.0008793090  -0.0004689820  -0.0008810709   0.0004756292  -0.0000312430
        0.0000870974   0.0081622967  -0.0005134392  -0.0151057211  -0.1025419075
       -0.0007581356   0.1011723258  -0.0166284644   0.0047615034   0.0198255348
       -0.0029746953   0.0013787241  -0.0005929330   0.0002136120   0.0001010027
        0.0002002982  -0.0009589080  -0.0010706510   0.0004925433  -0.0001750293
        0.0001626920  -0.0001285350  -0.0000513073   0.0002142760   0.0001600445
       -0.0000697376   0.0001616133   0.0001312793   0.0004438953  -0.0000341032
       -0.0000993713  -0.0014867432  -0.0007941502  -0.0035801982   0.1241113116
       -0.0010815560  -0.1158884690  -0.0081183646  -0.0037360785   0.0141357903
        0.0000297262   0.0001749224   0.0005132062   0.0007224989   0.0018470365
       -0.0001997894  -0.0002745036  -0.0003134316  -0.0002420319
       -0.0004442770  -0.0000843788  -0.0005795255   0.0003190254   0.0003525171
       -0.0003969531   0.0025826076   0.0005341074  -0.0057811694  -0.0005557544
       -0.0392155090  -0.0015913927   0.0161393958  -0.0038856555  -0.0180335545
        0.0028530449  -0.0009107410   0.0010047544   0.0001219055  -0.0000254898
        0.0001300108  -0.0011546982  -0.0001938303   0.0004335535   0.0001655437
       -0.0000174613   0.0001562619   0.0000962266  -0.0000392109   0.0001615740
        0.0001177281  -0.0002734144  -0.0001415373   0.0000870391  -0.0000627011
        0.0004506331  -0.0005273490   0.0003468663  -0.0016131051  -0.0010815560
        0.0480828072   0.0000793170  -0.0179792000  -0.0036436037   0.0261299665
       -0.0004150279   0.0004129997  -0.0003963100  -0.0005073513  -0.0017317720
        0.0000559359   0.0001826970   0.0003544701  -0.0000684597
        0.0004441687   0.0004491275   0.0003762622   0.0008172557   0.0003451551
        0.0007607206   0.0088929520  -0.0015603939  -0.0262535096   0.1001952770
       -0.0002281033  -0.2091195729   0.0027240808  -0.0028379340  -0.0006043029
        0.0002828212   0.0008946722   0.0011486926   0.0000282442   0.0001667444
        0.0000233414  -0.0001482141  -0.0002103751   0.0008874174  -0.0002149907
        0.0000497616  -0.0000825751   0.0002988822   0.0001237970   0.0001273725
        0.0000669784  -0.0001339960  -0.0001414002   0.0003061207   0.0002193448
        0.0001472981  -0.0036605045  -0.0008025136  -0.0051054057  -0.1158884690
        0.0000793170   0.2442281072   0.0065482250   0.0031281174  -0.0072313396
       -0.0006878669   0.0002245384   0.0009266886  -0.0000200763  -0.0002300757
       -0.0000222912   0.0000151157   0.0003228159  -0.0000655034
        0.0000143450  -0.0001181103  -0.0001555476  -0.0020054519  -0.0007403617
       -0.0036084996  -0.0103272519  -0.0176412842  -0.0012121588  -0.0723438681
       -0.0781563350   0.0112642057   0.0056451128   0.0230404829  -0.0021898586
       -0.0011556188   0.0016602738  -0.0008134850   0.0000314876   0.0000663668
       -0.0000094712   0.0002231222   0.0000848639  -0.0000496806  -0.0000338882
       -0.0000209153  -0.0000689315  -0.0007930770  -0.0009828479  -0.0001279481
       -0.0000525434   0.0002896603  -0.0000264349  -0.0003461046  -0.0005757125
        0.0001513977   0.0003151397   0.0001534153   0.0002628943  -0.0081183646
       -0.0179792000   0.0065482250   0.0903295153   0.0918353954  -0.0108115016
       -0.0001196652  -0.0001737506   0.0001518163  -0.0014662313  -0.0010180484
        0.0010824328   0.0002033423   0.0002761074  -0.0003874542
        0.0000643524   0.0001006488  -0.0000250776  -0.0011069886   0.0006083038
       -0.0019533572  -0.0056893043  -0.0078628423  -0.0006471116  -0.0838028749
       -0.2245057688   0.0262538751  -0.0002660006  -0.0280841071   0.0017682551
        0.0009340806  -0.0005957339   0.0023200360   0.0000453917   0.0000337940
        0.0000265008   0.0000617160  -0.0000747170  -0.0000596978  -0.0000450036
        0.0000062095  -0.0000475711  -0.0004347803  -0.0005495349  -0.0000798876
        0.0002060696   0.0003020348  -0.0000393432   0.0002740921   0.0008416433
        0.0003849196   0.0001554340  -0.0001800983  -0.0000654542  -0.0037360785
       -0.0036436037   0.0031281174   0.0918353954   0.2629993883  -0.0302441709
        0.0002503678   0.0000583523   0.0000378602   0.0017051350   0.0011036369
       -0.0013205185  -0.0004510037  -0.0005576057   0.0005626254
        0.0001624661   0.0001150045   0.0001153579  -0.0026414487  -0.0007502611
       -0.0032164961  -0.0123661855  -0.0206856852   0.0000284736   0.0115467345
        0.0266548055  -0.0440152750   0.0008333965   0.0009608878   0.0013869881
        0.0003032464   0.0000703991   0.0001111919  -0.0000277884   0.0000028156
        0.0000985530  -0.0001680173  -0.0000854417   0.0000269830   0.0000462070
        0.0000094368   0.0000236954  -0.0007623266  -0.0010761702  -0.0001354720
        0.0001311624   0.0000661970  -0.0001317152   0.0001513764  -0.0004356400
        0.0006958713  -0.0000179173  -0.0003614724   0.0002311121   0.0141357903
        0.0261299665  -0.0072313396  -0.0108115016  -0.0302441709   0.0521915553
       -0.0004039374  -0.0002113066  -0.0000099450  -0.0000237399  -0.0000773422
       -0.0000201414  -0.0000875168  -0.0000820223  -0.0001493972
       -0.0000428638  -0.0001215989   0.0000231386   0.0001299819   0.0003082013
        0.0001053525  -0.0027155249   0.0038623953  -0.0005729070  -0.0138732649
        0.0013993918  -0.0193160778  -0.0983785923  -0.0078898353  -0.1064341513
        0.0036035830   0.0012595225   0.0065779076   0.0000031765  -0.0000155836
        0.0000049446  -0.0000305433   0.0000373108  -0.0000683731   0.0000754930
        0.0000040050  -0.0000013648   0.0000508481   0.0000063012   0.0000479751
        0.0001032390  -0.0000337138   0.0000802083  -0.0009749279  -0.0000258735
       -0.0011280617   0.0000640566   0.0000427150   0.0002024205   0.0000297262
       -0.0004150279  -0.0006878669  -0.0001196652   0.0002503678  -0.0004039374
        0.1080807147  -0.0024407601   0.1206334864  -0.0013068597  -0.0024856992
        0.0026861669   0.0053014229   0.0062578814  -0.0017488606
       -0.0000442128   0.0000856635   0.0000606455  -0.0000701020   0.0001892245
        0.0000222229   0.0023405005  -0.0017558277  -0.0004335221   0.0114089405
        0.0014686504   0.0145248219  -0.0064330210  -0.0412047697  -0.0175252767
       -0.0087678061  -0.0038517500  -0.0211694538   0.0000083956   0.0000041426
       -0.0000103662  -0.0000021461  -0.0000116273   0.0000180357  -0.0000004534
       -0.0000301622  -0.0000059031   0.0000887958   0.0000228301   0.0000066215
        0.0001621492  -0.0001431921  -0.0000637840   0.0006515237  -0.0000404188
        0.0007611555  -0.0000914495  -0.0001432583  -0.0001174568   0.0001749224
        0.0004129997   0.0002245384  -0.0001737506   0.0000583523  -0.0002113066
       -0.0024407601   0.0434259187   0.0296136969  -0.0033390061  -0.0023863962
        0.0010129930   0.0065274798   0.0038996204  -0.0067076621
        0.0000123720   0.0000016364   0.0000843563  -0.0000092853  -0.0000175697
        0.0001614923  -0.0007656748   0.0012594191   0.0014002791  -0.0052011884
       -0.0003790582  -0.0058216216  -0.1047792696  -0.0191254288  -0.2268317711
       -0.0102556043  -0.0062083195  -0.0256747597   0.0000004353  -0.0000231701
       -0.0000079635  -0.0000667892   0.0000204598   0.0000201734   0.0000042025
        0.0000289990  -0.0000151791   0.0000966616  -0.0000519232  -0.0000226271
       -0.0000028711   0.0000947845  -0.0002013694  -0.0003815479   0.0000402112
       -0.0004433395   0.0002233080  -0.0001582973   0.0001857264   0.0005132062
       -0.0003963100   0.0009266886   0.0001518163   0.0000378602  -0.0000099450
        0.1206334864   0.0296136969   0.2570853049   0.0012870499   0.0022343124
       -0.0000670389  -0.0014603076  -0.0069713028  -0.0007684059
       -0.0000468742  -0.0000367984   0.0000175001  -0.0001020634   0.0000749565
        0.0000936275   0.0004212210  -0.0002199053   0.0000853366   0.0054924196
        0.0056264471  -0.0014737829  -0.0118804636   0.0087105568  -0.0004379187
       -0.2012738019   0.1253709510  -0.0455994920  -0.0000154655  -0.0000234715
       -0.0000052772   0.0000273642   0.0000328932  -0.0000195705   0.0000337040
        0.0000054556  -0.0000077850   0.0000560678   0.0000050183   0.0000150214
       -0.0000428256   0.0001431450  -0.0000971509   0.0000389216  -0.0000407399
        0.0000850227  -0.0000386052  -0.0001220379   0.0002282399   0.0007224989
       -0.0005073513  -0.0000200763  -0.0014662313   0.0017051350  -0.0000237399
       -0.0013068597  -0.0033390061   0.0012870499   0.2206716335  -0.1466668867
        0.0510564593  -0.0112906401   0.0092816385  -0.0051834640
       -0.0000025260   0.0001434592   0.0000586069  -0.0001407650   0.0000428853
       -0.0000506880   0.0000516010  -0.0000380371  -0.0003160813   0.0055948576
        0.0046834370  -0.0063896294   0.0189437232  -0.0169705236   0.0029177532
        0.1242073049  -0.1246747684   0.0276369391   0.0000143642   0.0000288612
        0.0000207770  -0.0000336330  -0.0000682874   0.0000202638  -0.0000267635
       -0.0000245841  -0.0000109447   0.0000041559   0.0000061902   0.0000102229
        0.0001810631  -0.0001616200  -0.0000219790  -0.0000123468  -0.0000350340
        0.0001041258  -0.0001855023   0.0000805602  -0.0000487938   0.0018470365
       -0.0017317720  -0.0002300757  -0.0010180484   0.0011036369  -0.0000773422
       -0.0024856992  -0.0023863962   0.0022343124  -0.1466668867   0.1378193740
       -0.0250125547  -0.0002719355   0.0021826189  -0.0008449124
       -0.0000188586   0.0000771617   0.0000669683   0.0000125559  -0.0000051537
        0.0001167315  -0.0003739262   0.0005157852   0.0000653848  -0.0023045719
       -0.0054360079   0.0003271223   0.0169794550  -0.0129542322   0.0019011558
       -0.0474828521   0.0293550914  -0.0530240861  -0.0000040232   0.0000045643
        0.0000039549  -0.0000377112  -0.0000170569   0.0000030947  -0.0000178736
       -0.0000033563   0.0000046758   0.0000944056  -0.0000080116   0.0000199303
       -0.0000413633   0.0001982697  -0.0001888719  -0.0000435057   0.0000244425
        0.0001269866   0.0001085796  -0.0002894823   0.0001635118  -0.0001997894
        0.0000559359  -0.0000222912   0.0010824328  -0.0013205185  -0.0000201414
        0.0026861669   0.0010129930  -0.0000670389   0.0510564593  -0.0250125547
        0.0574418546  -0.0214955799   0.0138021305  -0.0069189418
        0.0000072650  -0.0000519325  -0.0000293416  -0.0006850178  -0.0000633705
        0.0003152240  -0.0009458771   0.0007802821   0.0007161673  -0.0016119238
       -0.0020562645   0.0014658005   0.0046986480  -0.0008050741   0.0062458008
       -0.0919315929  -0.0096137622  -0.1075684925   0.0000276994   0.0000053022
       -0.0000285773   0.0000403403  -0.0000050828  -0.0000623233   0.0000270969
       -0.0000164300  -0.0000169437  -0.0002584267  -0.0000010172  -0.0002018659
       -0.0009127334  -0.0001901764   0.0006611285   0.0001830413  -0.0000103267
       -0.0001100406  -0.0004917562   0.0013461738  -0.0004505305  -0.0002745036
        0.0001826970   0.0000151157   0.0002033423  -0.0004510037  -0.0000875168
        0.0053014229   0.0065274798  -0.0014603076  -0.0112906401  -0.0002719355
       -0.0214955799   0.0979136154   0.0046944412   0.1220922830
       -0.0000489595  -0.0000413422   0.0000406347   0.0000693035   0.0001285814
        0.0000265733   0.0005602908  -0.0001775114  -0.0005641167  -0.0024477981
       -0.0019601489   0.0014962808  -0.0101280308  -0.0026214635  -0.0193528542
       -0.0088013220  -0.0421891148  -0.0305333353  -0.0000661340  -0.0000199462
        0.0000403854  -0.0000160898  -0.0000048652  -0.0000199203   0.0000277623
       -0.0000243526  -0.0000062835  -0.0000204002   0.0000278960   0.0000040553
       -0.0003190600   0.0002803156   0.0001255650  -0.0002964214  -0.0000064395
        0.0001362495   0.0012902224  -0.0011938551   0.0008760856  -0.0003134316
        0.0003544701   0.0003228159   0.0002761074  -0.0005576057  -0.0000820223
        0.0062578814   0.0038996204  -0.0069713028   0.0092816385   0.0021826189
        0.0138021305   0.0046944412   0.0419231425   0.0406590589
       -0.0001111784   0.0001488349   0.0000696669   0.0000095099  -0.0000014075
        0.0003389562  -0.0002501813   0.0003294628   0.0005000144   0.0004765003
        0.0024502019   0.0000740695  -0.0090321684  -0.0059209439  -0.0241016427
       -0.1060229981  -0.0313019522  -0.2492866224   0.0000005343   0.0000196505
       -0.0000032241  -0.0000332422  -0.0000244199  -0.0000804921  -0.0000542884
        0.0000113077   0.0000252537  -0.0000513109   0.0000491933  -0.0000332423
        0.0008086513   0.0004006271  -0.0004256481  -0.0000607429   0.0000801420
        0.0000582762  -0.0002095577   0.0001586531   0.0007171459  -0.0002420319
       -0.0000684597  -0.0000655034  -0.0003874542   0.0005626254  -0.0001493972
       -0.0017488606  -0.0067076621  -0.0007684059  -0.0051834640  -0.0008449124
       -0.0069189418   0.1220922830   0.0406590589   0.2800497373
