*************************************************
******************* ORCA 6.0.0 ******************
*************************************************
$Calculation_Status
   &GeometryIndex 1
   &ListStatus       OUT
   &VERSION [&Type "String"] "6.0.0"
   &PROGNAME [&Type "String"] "LeanSCF"
   &STATUS [&Type "String"] "NORMAL TERMINATION"
$End
$Geometry
   &GeometryIndex 1
   &ListStatus       OUT
   &NATOMS [&Type "Integer"] 26
   &NCORELESSECP [&Type "Integer"] 0
   &NGHOSTATOMS [&Type "Integer"] 0
   &CartesianCoordinates [&Type "Coordinates", &Dim(26,4), &Units "Bohr"] 
              C     -6.652416274520    0.378812721818   -2.505087137934
              C     -6.290349448899   -1.546086558656   -0.395513219423
              C     -4.880063259331   -0.423935092784    1.876851909005
              C     -2.223438322447    0.305869541169    1.196767834039
              C     -1.554929127321    2.799518144516    0.745594191344
              C      0.891197464107    3.399429637907    0.057936704036
              C      2.745970974956    1.560621839238   -0.207333877724
              C      2.098809081684   -0.966789782658    0.251696426095
              C     -0.375383400843   -1.530860672935    0.942317808626
              O      3.648830924905   -3.037342855267    0.095518690728
              C      6.250393492618   -2.769201734534   -0.464608817129
              O      5.154084636150    2.223825765816   -0.903243960819
              H     -7.659403810533   -0.466734979372   -4.083652959549
              H     -7.735432423196    1.990353428455   -1.831027489473
              H     -4.831440184496    1.053611141892   -3.178166521387
              H     -5.226930051250   -3.160218929444   -1.116225795320
              H     -8.132999186466   -2.227247082856    0.234806775785
              H     -4.837067850339   -1.826474851222    3.389028514401
              H     -5.903013217699    1.232527748871    2.555789666650
              H     -2.940647789989    4.283794720454    0.929045471137
              H      1.391106409259    5.348964144721   -0.290672415379
              H     -0.807898968804   -3.494636198601    1.283928461286
              H      7.207030063241   -1.600813005574    0.940563933392
              H      6.540515403751   -1.962279482965   -2.340399628848
              H      6.999661976750   -4.683840215195   -0.405613011357
              H      5.250966408071    4.038608848377   -1.124439433836
$End
$SCF_Energy
   &GeometryIndex 1
   &ListStatus       OUT
   &SCF_ENERGY [&Type "Double"]      -5.3881489442713132e+02
$End
$DFT_Energy
   &GeometryIndex 1
   &ListStatus       OUT
   &NALPHAEL [&Type "Integer"] 44
   &NBETAEL [&Type "Integer"] 44
   &NTOTALEL [&Type "Integer"] 89
   &EEXCHANGE [&Type "Double"]      -7.3000474831611669e+01
   &ECORR [&Type "Double"]      -3.0089676572126769e+00
   &ECNL [&Type "Double"]       0.0000000000000000e+00
   &EXC [&Type "Double"]      -7.6009442488824348e+01
   &EEMBED [&Type "Double"]       0.0000000000000000e+00
   &FINALEN [&Type "Double"]      -5.3881489442713132e+02  "No Van der Waals correction"
$End
$Mulliken_Population_Analysis
   &GeometryIndex 1
   &ListStatus       OUT
   &NATOMS [&Type "Integer"] 26
   &ATNO [&Type "ArrayOfIntegers", &Dim (26,1)] 
                                                         0

0                                                        6
1                                                        6
2                                                        6
3                                                        6
4                                                        6
5                                                        6
6                                                        6
7                                                        6
8                                                        6
9                                                        8
10                                                       6
11                                                       8
12                                                       1
13                                                       1
14                                                       1
15                                                       1
16                                                       1
17                                                       1
18                                                       1
19                                                       1
20                                                       1
21                                                       1
22                                                       1
23                                                       1
24                                                       1
25                                                       1
   &ATOMICCHARGES [&Type "ArrayOfDoubles", &Dim (26,1)] 
                                                         0

0                                     -2.9105205394209221e-01
1                                     -1.8529343392819264e-01
2                                     -8.9483073934417234e-02
3                                      1.0007135644628473e-01
4                                     -1.2185080435515605e-01
5                                     -1.7010964608897616e-01
6                                      1.5139712931520410e-01
7                                      1.9369186340296274e-01
8                                     -2.3575554238241292e-01
9                                     -2.7602979298755237e-01
10                                    -9.5041351277601827e-02
11                                    -3.5506627433094984e-01
12                                     1.0089522749082658e-01
13                                     9.1729486844359664e-02
14                                     1.2235640120514890e-01
15                                     9.1387721883447792e-02
16                                     8.5486560624253860e-02
17                                     8.4263387438464843e-02
18                                     7.4912548447140681e-02
19                                     2.9143308271321056e-02
20                                     1.7565952701949050e-02
21                                     3.1126285460639780e-02
22                                     1.0678707850984237e-01
23                                     1.0907134922916084e-01
24                                     1.1222815464972657e-01
25                                     3.1756816130666543e-01
$End
$Loewdin_Population_Analysis
   &GeometryIndex 1
   &ListStatus       OUT
   &NATOMS [&Type "Integer"] 26
   &ATNO [&Type "ArrayOfIntegers", &Dim (26,1)] 
                                                         0

0                                                        6
1                                                        6
2                                                        6
3                                                        6
4                                                        6
5                                                        6
6                                                        6
7                                                        6
8                                                        6
9                                                        8
10                                                       6
11                                                       8
12                                                       1
13                                                       1
14                                                       1
15                                                       1
16                                                       1
17                                                       1
18                                                       1
19                                                       1
20                                                       1
21                                                       1
22                                                       1
23                                                       1
24                                                       1
25                                                       1
   &ATOMICCHARGES [&Type "ArrayOfDoubles", &Dim (26,1)] 
                                                         0

0                                      7.8321181713135994e-06
1                                      5.8329488152481074e-05
2                                      3.4366254935216107e-03
3                                      4.3185276116028661e-02
4                                      3.7211628341264021e-02
5                                      5.1606255906894542e-02
6                                      1.4427061033101746e-01
7                                      1.7525626850647458e-01
8                                      6.1476032374329935e-02
9                                      2.8620651568187599e-01
10                                     1.3988833924201556e-02
11                                     1.7569789324356830e-01
12                                     4.0629408222388193e-08
13                                     8.7689063968926179e-08
14                                     1.1830356337443422e-08
15                                     3.4676991376500262e-06
16                                     1.6149410225674982e-06
17                                     2.2711469860871615e-05
18                                     3.8547861826621416e-05
19                                     1.2849502313779881e-03
20                                     2.0070887333476003e-03
21                                     2.3267469496993350e-03
22                                     1.7667843043552979e-05
23                                     1.6125232491207552e-05
24                                     4.4647267297955764e-05
25                                     1.8341900965631768e-03
$End
$Mayer_Population_Analysis
   &GeometryIndex 1
   &ListStatus       OUT
   &NATOMS [&Type "Integer"] 26 "Total number of atoms"
   &BONDTHRESH [&Type "Double"]       1.0000000000000001e-01  "The threshold for printing"
   &NBONDORDERSPRINT [&Type "Integer"] 26 "The number of bond orders larger than threshold"
   &BONDORDERS [&Type "ArrayOfDoubles", &Dim (26,1)] "The bond orders"
                                                         0

0                                      1.1533678165888928e+00
1                                      9.5108598373327491e-01
2                                      9.5431070927544137e-01
3                                      9.4704187323912425e-01
4                                      1.1147471310159505e+00
5                                      9.2635363775093660e-01
6                                      9.2452435368962194e-01
7                                      1.0693934461740693e+00
8                                      9.0234794961926434e-01
9                                      9.0846813779494862e-01
10                                     1.3689554495509018e+00
11                                     1.3308321870381610e+00
12                                     1.3297595292281854e+00
13                                     9.6447122747627834e-01
14                                     1.3191593010928948e+00
15                                     9.5464585418909143e-01
16                                     1.3086093207258844e+00
17                                     1.1487941763889054e+00
18                                     1.3578488897173313e+00
19                                     1.1490820183310928e+00
20                                     9.6511119213535324e-01
21                                     9.6900916249046432e-01
22                                     9.5069535865177413e-01
23                                     9.4979288323182065e-01
24                                     9.5752079202662521e-01
25                                     8.3823629738528438e-01
   &COMPONENTS [&Type "ArrayOfIntegers", &Dim (26,4)] "The indices and atomic numbers of the bonding atoms"
                                                         0                           1                           2                           3

0                                                        0                           6                           1                           6
1                                                        0                           6                          12                           1
2                                                        0                           6                          13                           1
3                                                        0                           6                          14                           1
4                                                        1                           6                           2                           6
5                                                        1                           6                          15                           1
6                                                        1                           6                          16                           1
7                                                        2                           6                           3                           6
8                                                        2                           6                          17                           1
9                                                        2                           6                          18                           1
10                                                       3                           6                           4                           6
11                                                       3                           6                           8                           6
12                                                       4                           6                           5                           6
13                                                       4                           6                          19                           1
14                                                       5                           6                           6                           6
15                                                       5                           6                          20                           1
16                                                       6                           6                           7                           6
17                                                       6                           6                          11                           8
18                                                       7                           6                           8                           6
19                                                       7                           6                           9                           8
20                                                       8                           6                          21                           1
21                                                       9                           8                          10                           6
22                                                      10                           6                          22                           1
23                                                      10                           6                          23                           1
24                                                      10                           6                          24                           1
25                                                      11                           8                          25                           1
   &ATNO [&Type "ArrayOfIntegers", &Dim (26,1)] "Atomic number of the elements"
                                                         0

0                                                        6
1                                                        6
2                                                        6
3                                                        6
4                                                        6
5                                                        6
6                                                        6
7                                                        6
8                                                        6
9                                                        8
10                                                       6
11                                                       8
12                                                       1
13                                                       1
14                                                       1
15                                                       1
16                                                       1
17                                                       1
18                                                       1
19                                                       1
20                                                       1
21                                                       1
22                                                       1
23                                                       1
24                                                       1
25                                                       1
   &NA [&Type "ArrayOfDoubles", &Dim (26,1)] "Mulliken gross atomic population"
                                                         0

0                                      6.2910520539420931e+00
1                                      6.1852934339281909e+00
2                                      6.0894830739344181e+00
3                                      5.8999286435537073e+00
4                                      6.1218508043551383e+00
5                                      6.1701096460889868e+00
6                                      5.8486028706847879e+00
7                                      5.8063081365970355e+00
8                                      6.2357555423824085e+00
9                                      8.2760297929875577e+00
10                                     6.0950413512776063e+00
11                                     8.3550662743309747e+00
12                                     8.9910477250917331e-01
13                                     9.0827051315564056e-01
14                                     8.7764359879485099e-01
15                                     9.0861227811655221e-01
16                                     9.1451343937574614e-01
17                                     9.1573661256153516e-01
18                                     9.2508745155285865e-01
19                                     9.7085669172867783e-01
20                                     9.8243404729805039e-01
21                                     9.6887371453935889e-01
22                                     8.9321292149015730e-01
23                                     8.9092865077083860e-01
24                                     8.8777184535027320e-01
25                                     6.8243183869333446e-01
   &ZA [&Type "ArrayOfDoubles", &Dim (26,1)] "Total nuclear charge"
                                                         0

0                                      6.0000000000000000e+00
1                                      6.0000000000000000e+00
2                                      6.0000000000000000e+00
3                                      6.0000000000000000e+00
4                                      6.0000000000000000e+00
5                                      6.0000000000000000e+00
6                                      6.0000000000000000e+00
7                                      6.0000000000000000e+00
8                                      6.0000000000000000e+00
9                                      8.0000000000000000e+00
10                                     6.0000000000000000e+00
11                                     8.0000000000000000e+00
12                                     1.0000000000000000e+00
13                                     1.0000000000000000e+00
14                                     1.0000000000000000e+00
15                                     1.0000000000000000e+00
16                                     1.0000000000000000e+00
17                                     1.0000000000000000e+00
18                                     1.0000000000000000e+00
19                                     1.0000000000000000e+00
20                                     1.0000000000000000e+00
21                                     1.0000000000000000e+00
22                                     1.0000000000000000e+00
23                                     1.0000000000000000e+00
24                                     1.0000000000000000e+00
25                                     1.0000000000000000e+00
   &QA [&Type "ArrayOfDoubles", &Dim (26,1)] "Mulliken gross atomic charge"
                                                         0

0                                     -2.9105205394209310e-01
1                                     -1.8529343392819086e-01
2                                     -8.9483073934418123e-02
3                                      1.0007135644629273e-01
4                                     -1.2185080435513829e-01
5                                     -1.7010964608898682e-01
6                                      1.5139712931521210e-01
7                                      1.9369186340296451e-01
8                                     -2.3575554238240848e-01
9                                     -2.7602979298755770e-01
10                                    -9.5041351277606267e-02
11                                    -3.5506627433097471e-01
12                                     1.0089522749082669e-01
13                                     9.1729486844359442e-02
14                                     1.2235640120514901e-01
15                                     9.1387721883447792e-02
16                                     8.5486560624253860e-02
17                                     8.4263387438464843e-02
18                                     7.4912548447141347e-02
19                                     2.9143308271322166e-02
20                                     1.7565952701949605e-02
21                                     3.1126285460641112e-02
22                                     1.0678707850984270e-01
23                                     1.0907134922916140e-01
24                                     1.1222815464972680e-01
25                                     3.1756816130666554e-01
   &VA [&Type "ArrayOfDoubles", &Dim (26,1)] "Mayer's total valence"
                                                         0

0                                      4.0111824358392871e+00
1                                      4.1530428849192145e+00
2                                      3.9928522723344839e+00
3                                      3.9065825657559046e+00
4                                      3.8213482090066551e+00
5                                      3.7673253287631607e+00
6                                      3.9192764071176200e+00
7                                      3.9996805999624780e+00
8                                      3.8201063643607056e+00
9                                      2.2548586961274473e+00
10                                     3.8753360215266479e+00
11                                     2.1269545988829730e+00
12                                     9.5019811372856144e-01
13                                     9.5778497411589991e-01
14                                     9.6118854092697914e-01
15                                     9.5251906396185049e-01
16                                     9.4250618923072038e-01
17                                     9.4874760008780323e-01
18                                     9.5885273705691820e-01
19                                     9.6261172812660534e-01
20                                     9.6494464074426367e-01
21                                     9.8362846978608587e-01
22                                     9.6447661908423499e-01
23                                     9.6572504419214311e-01
24                                     9.5163304108188651e-01
25                                     8.7889757790883394e-01
   &BVA [&Type "ArrayOfDoubles", &Dim (26,1)] "Mayer's bonded valence"
                                                         0

0                                      4.0111824358392845e+00
1                                      4.1530428849191834e+00
2                                      3.9928522723344844e+00
3                                      3.9065825657559028e+00
4                                      3.8213482090067492e+00
5                                      3.7673253287631199e+00
6                                      3.9192764071176009e+00
7                                      3.9996805999624940e+00
8                                      3.8201063643607154e+00
9                                      2.2548586961274291e+00
10                                     3.8753360215266541e+00
11                                     2.1269545988829166e+00
12                                     9.5019811372856311e-01
13                                     9.5778497411589125e-01
14                                     9.6118854092698802e-01
15                                     9.5251906396184194e-01
16                                     9.4250618923070550e-01
17                                     9.4874760008780079e-01
18                                     9.5885273705692464e-01
19                                     9.6261172812660944e-01
20                                     9.6494464074424724e-01
21                                     9.8362846978607876e-01
22                                     9.6447661908424054e-01
23                                     9.6572504419215244e-01
24                                     9.5163304108188984e-01
25                                     8.7889757790882761e-01
   &FA [&Type "ArrayOfDoubles", &Dim (26,1)] "Mayer's free valence"
                                                         0

0                                      0.0000000000000000e+00
1                                      0.0000000000000000e+00
2                                      0.0000000000000000e+00
3                                      0.0000000000000000e+00
4                                      0.0000000000000000e+00
5                                      0.0000000000000000e+00
6                                      0.0000000000000000e+00
7                                      0.0000000000000000e+00
8                                      0.0000000000000000e+00
9                                      0.0000000000000000e+00
10                                     0.0000000000000000e+00
11                                     0.0000000000000000e+00
12                                     0.0000000000000000e+00
13                                     0.0000000000000000e+00
14                                     0.0000000000000000e+00
15                                     0.0000000000000000e+00
16                                     0.0000000000000000e+00
17                                     0.0000000000000000e+00
18                                     0.0000000000000000e+00
19                                     0.0000000000000000e+00
20                                     0.0000000000000000e+00
21                                     0.0000000000000000e+00
22                                     0.0000000000000000e+00
23                                     0.0000000000000000e+00
24                                     0.0000000000000000e+00
25                                     0.0000000000000000e+00
$End
$VdW_Correction
   &GeometryIndex 1
   &ListStatus       OUT
   &VDW [&Type "Double"]      -2.7253554755711278e-02
$End
$Calculation_Info
   &GeometryIndex 1
   &ListStatus       OUT
   &MULT [&Type "Integer"] 1
   &CHARGE [&Type "Integer"] 0
   &NUMOFATOMS [&Type "Integer"] 26
   &NUMOFELECTRONS [&Type "Integer"] 90
   &NUMOFFCELECTRONS [&Type "Integer"] 1
   &NUMOFCORRELECTRONS [&Type "Integer"] 0
   &NUMOFBASISFUNCTS [&Type "Integer"] 196
   &NUMOFAUXCBASISFUNCTS [&Type "Integer"] 0
   &NUMOFAUXJBASISFUNCTS [&Type "Integer"] 742
   &NUMOFAUXJKBASISFUNCTS [&Type "Integer"] 0
   &NUMOFCABSBASISFUNCTS [&Type "Integer"] 0
   &TOTALENERGY [&Type "Double"]      -5.3872720501428705e+02  "Hartrees"
$End
$SCF_Dipole_Moment
   &GeometryIndex 1
   &ListStatus       OUT
   &METHOD [&Type "String"] "SCF"
   &LEVEL [&Type "String"] "Relaxed density"
   &MULT [&Type "Integer"] 1
   &STATE [&Type "Integer"] -1
   &IRREP [&Type "Integer"] 0
   &NATOMS [&Type "Integer"] 26
   &DODIPOLEATOM [&Type "Boolean"] false
   &DIPOLEELECCONTRIB [&Type "ArrayOfDoubles", &Dim (3,1)] "Electronic contribution"
                                                         0

0                                      1.0580404209251672e+01
1                                      1.3484801928085459e+00
2                                      2.3430281865018001e+00
   &DIPOLENUCCONTRIB [&Type "ArrayOfDoubles", &Dim (3,1)] "Nuclear contribution"
                                                         0

0                                     -1.0200455091562096e+01
1                                     -7.3834953225992539e-01
2                                     -2.5070078745677522e+00
   &DIPOLETOTAL [&Type "ArrayOfDoubles", &Dim (3,1)] "Total"
                                                         0

0                                      3.7994911768957529e-01
1                                      6.1013066054862053e-01
2                                     -1.6397968806595209e-01
   &DIPOLEMAGNITUDE [&Type "Double", &Units "a.u."]       7.3723137010899753e-01
$End
