           1           2   1.02003676605045     
           2           3   1.00746979060923     
           3           4   1.00623901076347     
           4           5  0.982831176821339     
           5           6   1.70292662836592     
           5           7   1.15239073443728     
           6           7  0.166882073514041     
           7           8  0.939109830689210     
           1           9  0.987287212361725     
           1          10  0.986206678363917     
           1          11  0.986841689605770     
           2          12  0.977618251055614     
           2          13  0.977377100409031     
           3          14  0.975420282427254     
           3          15  0.976668477209445     
           4          16  0.952087758602131     
           4          17  0.940178055066057     
           8          18  0.976334920082273     
           8          19  0.976768768151502     
           8          20  0.976854230531630     
