           1           2   1.01888252221074     
           2           3  0.978759095990499     
           3           4   1.05699723729472     
           4           5   1.77404641603961     
           5           6   1.12734768125064     
           4           7  0.103415081916401     
           6           7   1.78343761800172     
           1           8  0.987108405413860     
           1           9  0.985159769769657     
           1          10  0.986935339820004     
           2          11  0.979088551155172     
           2          12  0.977584175580265     
           3          13  0.935453020401619     
           3          14  0.971727498933423     
           4          15  0.958481234941206     
           5          16  0.958058035189442     
           6          17  0.932410474956636     
