$hessian                                                                        
        0.5139372337   0.0113714949   0.0202298152  -0.0791726403   0.0214393447
        0.0358538407  -0.0139593281   0.0101689704   0.0240666542   0.0003622811
       -0.0000065830  -0.0000106574   0.0009615580   0.0002253478   0.0001691168
       -0.0004243630  -0.0001951026   0.0002994723  -0.0004287413   0.0000474425
       -0.0001827443   0.0001752079   0.0000312280  -0.0000761880  -0.1168316892
        0.0346556269  -0.1059117244  -0.0445960013  -0.0083640126  -0.0001688487
       -0.2599132818  -0.0640823917   0.0341439764  -0.0001057615   0.0022117242
        0.0022010489   0.0051161204  -0.0073628676  -0.0138546809   0.0008515180
        0.0010537184  -0.0001815671  -0.0051211228  -0.0011759686   0.0026033602
       -0.0001768936  -0.0000173128   0.0000769753  -0.0006210539   0.0000084963
        0.0007149601  -0.0000282095   0.0000008061   0.0000005529  -0.0000072944
       -0.0000029825   0.0000125847  -0.0000175386  -0.0000069790   0.0000140530
        0.0113714949   0.5091479617  -0.0251697398   0.0208208795  -0.0965733870
       -0.0513754886  -0.0008404342   0.0031923227   0.0051397167  -0.0001512345
       -0.0000152252   0.0001908948   0.0001533326   0.0001224029  -0.0000836925
       -0.0000863967   0.0000045509   0.0001040928  -0.0000793177   0.0000454926
        0.0000029300  -0.0000093223  -0.0000245888  -0.0000151323   0.0345218576
       -0.0611996311   0.0510253382  -0.0085357499  -0.2784120584   0.0299545994
       -0.0638892504  -0.0627645366   0.0115552050   0.0105430938  -0.0181620549
       -0.0262120108  -0.0011240358   0.0029361258   0.0028111341  -0.0007576781
        0.0013163520   0.0009817197  -0.0021028561   0.0002770883   0.0011906749
       -0.0001424283   0.0000091334  -0.0001016399   0.0003073876   0.0000925442
       -0.0000053367  -0.0000039151   0.0000010817  -0.0000006280   0.0000181120
        0.0000052355  -0.0000048198  -0.0000135391   0.0000011904   0.0000121827
        0.0202298152  -0.0251697398   0.4831440396   0.0343497959  -0.0513833784
       -0.1599987326   0.0091181185  -0.0026503425  -0.0094537337   0.0000070266
       -0.0000427167  -0.0002217429   0.0000817299   0.0001739182  -0.0004361807
       -0.0000558403  -0.0000601670   0.0003688648  -0.0000250443  -0.0000605796
        0.0001251342   0.0000313905   0.0000032627  -0.0000625210  -0.1060994435
        0.0516400510  -0.1936003485  -0.0001684263   0.0297750401  -0.0470556426
        0.0346670899   0.0117404027  -0.0478747320   0.0003907686  -0.0016840043
        0.0005253246   0.0065407145  -0.0120378602  -0.0265741945  -0.0005813975
       -0.0004514505   0.0004334882   0.0018221293   0.0003661318   0.0003643922
        0.0000590388   0.0000750884   0.0000743557  -0.0003620141  -0.0002337382
        0.0002329901   0.0000097475   0.0000009105  -0.0000003642   0.0000042249
       -0.0000021677   0.0000019104  -0.0000194242   0.0000013393   0.0000076927
       -0.0791726403   0.0208208795   0.0343497959   0.4739922904  -0.0123156206
        0.0281082970  -0.1703204254  -0.0388676778   0.0320254797  -0.0265467824
       -0.0048274649   0.0004762984  -0.0022309271   0.0006568204  -0.0023568229
        0.0006720682   0.0002429777  -0.0004117282  -0.0014612110  -0.0000865372
       -0.0000608387  -0.0002274987   0.0000744144  -0.0001738337   0.0058196835
       -0.0072008685  -0.0132501728  -0.0000617824   0.0016335585   0.0006678714
       -0.0129678023   0.0125924839   0.0251420231  -0.0431429141   0.0048917394
       -0.0027875450  -0.1304101656   0.0301999613  -0.1096486433  -0.0038117681
       -0.0041876972   0.0015007428  -0.0115390309  -0.0030060433   0.0054870989
        0.0009825845  -0.0005242448   0.0006491341   0.0005159578  -0.0000817106
        0.0002945770  -0.0001199296  -0.0000303223   0.0000291141   0.0000066695
        0.0000271155  -0.0000098785   0.0000236241  -0.0000117632  -0.0000309692
        0.0214393447  -0.0965733870  -0.0513833784  -0.0123156206   0.5202721229
       -0.0190416146  -0.0389590580  -0.0810549336   0.0115560784   0.0050520234
        0.0017438587  -0.0021897551   0.0000392512  -0.0004346405   0.0015646277
        0.0001807609   0.0002949179  -0.0005496703   0.0011278072   0.0000601025
        0.0001634811   0.0001035580  -0.0000410579   0.0001605906  -0.0027541487
        0.0033442745   0.0041815583   0.0107703735  -0.0190098240  -0.0262242890
       -0.0024325700   0.0034566286   0.0054153191   0.0050814919  -0.2667475681
        0.0349861454   0.0297322115  -0.0560439338   0.0371022041  -0.0283687072
       -0.0139915962   0.0086159776   0.0099369538   0.0037211604  -0.0041180308
        0.0014146584   0.0008897768  -0.0000703434  -0.0000985751   0.0000940951
       -0.0001396329   0.0000469373   0.0000116270  -0.0000092062   0.0000243880
        0.0000161755  -0.0000039316  -0.0000210802  -0.0000077987  -0.0000161301
        0.0358538407  -0.0513754886  -0.1599987326   0.0281082970  -0.0190416146
        0.4942222821   0.0287148499   0.0111646243  -0.0725954621  -0.0176622155
       -0.0049697628   0.0045453312  -0.0018326961   0.0011979300  -0.0032863283
        0.0003725105  -0.0001995013   0.0005518250  -0.0014260208  -0.0001604158
        0.0002084529  -0.0004453366   0.0000694786  -0.0002227828   0.0064359837
       -0.0113799686  -0.0259629921   0.0001997046  -0.0025395209   0.0009958684
        0.0047989081  -0.0032792195  -0.0072968904  -0.0026742925   0.0343641177
       -0.0485711523  -0.1093826675   0.0371784329  -0.1731361348   0.0040714320
        0.0022379841  -0.0004931661   0.0252263836   0.0074271443  -0.0097062180
       -0.0002491910  -0.0003870761   0.0005145511  -0.0000470099  -0.0002942002
        0.0002146976  -0.0000706976  -0.0000124746   0.0000147920   0.0000109673
       -0.0000005471  -0.0000011551  -0.0000027500   0.0000000780   0.0000032144
       -0.0139593281  -0.0008404342   0.0091181185  -0.1703204254  -0.0389590580
        0.0287148499   0.4601629946  -0.0053419529  -0.0150704047  -0.1189968731
        0.0256958526  -0.0589882020  -0.0270022356   0.0039867624  -0.0120816244
        0.0007404066   0.0019472284  -0.0049602083  -0.0070895843  -0.0008241249
        0.0003332600  -0.0010783362   0.0001869213  -0.0009563176   0.0004064145
       -0.0000462777  -0.0003907053   0.0006308328  -0.0005166532  -0.0006068041
       -0.0002654745   0.0009421524   0.0021584326  -0.0039262378  -0.0041091308
        0.0016752571  -0.0241689706  -0.0071258805   0.0029651902  -0.0415125707
        0.0004851023   0.0011014183  -0.0536659220   0.0229176816   0.0492027062
       -0.0014478004   0.0029554628  -0.0017252848   0.0018451642  -0.0013143781
       -0.0004829204  -0.0004041516  -0.0000896802   0.0001034712  -0.0000133811
        0.0000712184  -0.0000226706   0.0000654787  -0.0000208116  -0.0000875617
        0.0101689704   0.0031923227  -0.0026503425  -0.0388676778  -0.0810549336
        0.0111646243  -0.0053419529   0.5272851444   0.0165251794   0.0260142086
       -0.0776130683   0.0242968767  -0.0016154787   0.0013044544  -0.0025917101
       -0.0012123248  -0.0001070067  -0.0009567707  -0.0027638381   0.0008942318
       -0.0001048721  -0.0003921733   0.0004285712  -0.0001920407  -0.0000300713
        0.0002718579   0.0002589441   0.0013381039   0.0010802596  -0.0005708271
        0.0018741740  -0.0005845124  -0.0027398284  -0.0285440514  -0.0139801273
        0.0085443482   0.0047036559   0.0021765068  -0.0006799386  -0.0003788022
       -0.2721654951   0.0194332483   0.0234853294  -0.0837253350  -0.0817554049
        0.0199969333  -0.0110896284   0.0201365187  -0.0083500314   0.0036776572
       -0.0081394097  -0.0001739367  -0.0000208550   0.0000237880   0.0001222653
        0.0000162040  -0.0000232356  -0.0000333021   0.0000137518   0.0000208527
        0.0240666542   0.0051397167  -0.0094537337   0.0320254797   0.0115560784
       -0.0725954621  -0.0150704047   0.0165251794   0.4991678306  -0.0595068217
        0.0242451091  -0.1289555060  -0.0030024929  -0.0027659692   0.0048638250
        0.0023827427   0.0000124950   0.0000938796   0.0042153413   0.0003997109
        0.0014310345   0.0004926826   0.0000666879   0.0005216927   0.0001224321
        0.0004450898   0.0004944128  -0.0001716720   0.0007680727   0.0008200268
        0.0026157093  -0.0019644852  -0.0042359950   0.0050531054   0.0033654805
       -0.0010354213  -0.0195058355  -0.0062874309   0.0036557515   0.0004785778
        0.0203504387  -0.0467889252   0.0493970227  -0.0819575326  -0.2223277156
       -0.0051342056   0.0046559943  -0.0044831585  -0.0185190485   0.0054339807
       -0.0211455244   0.0002124569   0.0000190744  -0.0000271054  -0.0000249104
        0.0000486524   0.0000101949  -0.0001268135  -0.0000563430  -0.0000101010
        0.0003622811  -0.0001512345   0.0000070266  -0.0265467824   0.0050520234
       -0.0176622155  -0.1189968731   0.0260142086  -0.0595068217   0.4528367301
       -0.0051055580   0.0075845654  -0.1534276142  -0.0240531824   0.0408377181
       -0.0135423550  -0.0096551945   0.0161341929  -0.0510860385  -0.0026049065
       -0.0069756122  -0.0001135193   0.0008586318  -0.0032525734  -0.0007020906
        0.0000912971  -0.0003941321  -0.0000789588   0.0000850082   0.0000072196
       -0.0002039805  -0.0000238312  -0.0003131159   0.0012518599   0.0009900857
       -0.0003029426  -0.0061039097  -0.0014091643   0.0006693428  -0.0029377579
        0.0036777149  -0.0033527341   0.0023309479  -0.0018646904  -0.0005762118
       -0.0383434423  -0.0091023716  -0.0007938283  -0.0429847668   0.0176006673
        0.0273869799  -0.0011569935  -0.0002917055   0.0004246003  -0.0004357069
       -0.0000049640   0.0000766557  -0.0001210293  -0.0001028342   0.0000018862
       -0.0000065830  -0.0000152252  -0.0000427167  -0.0048274649   0.0017438587
       -0.0049697628   0.0256958526  -0.0776130683   0.0242451091  -0.0051055580
        0.4952868104   0.0060827995  -0.0178571180  -0.0748738551   0.0031430151
       -0.0179178298   0.0087826665   0.0205327928   0.0020931722   0.0067963448
       -0.0030442519   0.0007740334   0.0041301558   0.0027034262   0.0003242370
        0.0000935873  -0.0001336238  -0.0000692908   0.0002105067   0.0001009965
       -0.0000570822   0.0000540050   0.0000178149  -0.0010391756   0.0011550666
       -0.0007873105  -0.0024280907   0.0001995742   0.0000504178   0.0216868546
       -0.0114005612   0.0222536652  -0.0076364897   0.0036425195  -0.0082231567
       -0.0124664841  -0.2667594466   0.0384381141   0.0185546458  -0.0915810397
       -0.1004304983   0.0002658276   0.0001749996   0.0000148046   0.0009007823
        0.0000243336   0.0000753116  -0.0008842387  -0.0000512327  -0.0000269466
       -0.0000106574   0.0001908948  -0.0002217429   0.0004762984  -0.0021897551
        0.0045453312  -0.0589882020   0.0242968767  -0.1289555060   0.0075845654
        0.0060827995   0.5049914474   0.0273896488   0.0019532887  -0.0711870895
        0.0376122164   0.0226179088  -0.0273232472  -0.0181736565  -0.0038055025
        0.0096552611  -0.0031645786   0.0025395146  -0.0021629244   0.0007957713
        0.0001661887   0.0004693785   0.0000175897  -0.0000670432   0.0000846591
        0.0003246513  -0.0000685943   0.0000584009   0.0005487384  -0.0002521435
        0.0003640596   0.0018772596   0.0004340581   0.0010057429  -0.0047053265
        0.0039276123  -0.0044487082  -0.0202018151   0.0069229705  -0.0253538095
        0.0002724442   0.0357027425  -0.0435260692   0.0294800174  -0.0984276820
       -0.2180186668  -0.0012101900  -0.0001762525   0.0003010388   0.0003527869
        0.0001242933  -0.0000957053  -0.0002775615   0.0000278245  -0.0001818506
        0.0009615580   0.0001533326   0.0000817299  -0.0022309271   0.0000392512
       -0.0018326961  -0.0270022356  -0.0016154787  -0.0030024929  -0.1534276142
       -0.0178571180   0.0273896488   0.5065813712   0.0696124460  -0.1013889863
       -0.1171920445  -0.0644713580   0.1492453954  -0.1466485373   0.0162513311
       -0.0611956950  -0.0454751306   0.0050246889  -0.0220326602  -0.0004386718
       -0.0000271700   0.0002528547  -0.0003873203  -0.0000907411   0.0000533716
        0.0005541424   0.0002102093  -0.0000933587  -0.0002782528   0.0004896567
       -0.0002808776  -0.0001242862  -0.0003533886   0.0004562699  -0.0000581731
       -0.0001949191   0.0000280023  -0.0002058007   0.0001077892   0.0003868567
       -0.0023993885  -0.0038730596   0.0056092130  -0.0056925649  -0.0032213336
        0.0079591546  -0.0071949392  -0.0011538808   0.0008113608   0.0003095021
        0.0010471529  -0.0009353867   0.0003493131  -0.0000774106  -0.0015117043
        0.0002253478   0.0001224029   0.0001739182   0.0006568204  -0.0004346405
        0.0011979300   0.0039867624   0.0013044544  -0.0027659692  -0.0240531824
       -0.0748738551   0.0019532887   0.0696124460   0.2931602563  -0.2307113633
       -0.0570182654  -0.1488208418   0.1942638794   0.0214468393  -0.0667261959
        0.0333844524   0.0014977080   0.0020135498  -0.0046856468  -0.0001789252
       -0.0000422865   0.0000698744   0.0000064941  -0.0000745364  -0.0000261701
        0.0000616603   0.0000332195   0.0000157785  -0.0001250982   0.0000141599
       -0.0000117074   0.0006280582   0.0002400275   0.0000584987   0.0015952530
       -0.0005035618  -0.0000025190  -0.0000886098   0.0009872577   0.0001459812
       -0.0286093656  -0.0115422796   0.0120239790   0.0136714159   0.0032967366
       -0.0053871815  -0.0009098468   0.0000252539   0.0011018912  -0.0025073813
        0.0000024140  -0.0012554175   0.0001018694   0.0018184652   0.0004565029
        0.0001691168  -0.0000836925  -0.0004361807  -0.0023568229   0.0015646277
       -0.0032863283  -0.0120816244  -0.0025917101   0.0048638250   0.0408377181
        0.0031430151  -0.0711870895  -0.1013889863  -0.2307113633   0.7446926049
        0.1298369909   0.1922343979  -0.5142362507  -0.0746586760   0.0319486297
       -0.1532140986  -0.0132473794  -0.0031649757   0.0072297002   0.0001744192
       -0.0000811109  -0.0000166654   0.0000347980   0.0001142185   0.0000635365
       -0.0000841455  -0.0000787407   0.0001348537   0.0003003624   0.0000450413
        0.0000612953  -0.0017580223  -0.0002082106  -0.0001075530  -0.0015520978
        0.0010102342   0.0006945910  -0.0023439913  -0.0015449632  -0.0008918544
        0.0051383654   0.0041408459  -0.0017205186   0.0256517328   0.0037111389
       -0.0139497507   0.0019063210   0.0009937098  -0.0018128259   0.0020337889
        0.0020191033   0.0022007209   0.0033881324  -0.0024601954   0.0009179884
       -0.0004243630  -0.0000863967  -0.0000558403   0.0006720682   0.0001807609
        0.0003725105   0.0007404066  -0.0012123248   0.0023827427  -0.0135423550
       -0.0179178298   0.0376122164  -0.1171920445  -0.0570182654   0.1298369909
        0.1260752105   0.0638746827  -0.1360338808   0.0063226378   0.0120454792
       -0.0345287197   0.0023305440   0.0026170088  -0.0045026402   0.0001849189
        0.0000091488  -0.0001624423   0.0001154678  -0.0000154841  -0.0000248327
       -0.0002033272  -0.0000392409   0.0000205096   0.0000505242  -0.0000117519
        0.0000922273  -0.0000314109   0.0001195453  -0.0000988063   0.0003916152
       -0.0001733858  -0.0000209702  -0.0000262520   0.0001003277   0.0002713798
       -0.0042586940  -0.0011535849   0.0020709073  -0.0044751520  -0.0012863645
        0.0020504027   0.0014038690   0.0003052036  -0.0008415153   0.0009425995
        0.0005506595   0.0011862047   0.0009237368  -0.0008881876   0.0003735557
       -0.0001951026   0.0000045509  -0.0000601670   0.0002429777   0.0002949179
       -0.0001995013   0.0019472284  -0.0001070067   0.0000124950  -0.0096551945
        0.0087826665   0.0226179088  -0.0644713580  -0.1488208418   0.1922343979
        0.0638746827   0.1360422220  -0.2590961324   0.0113471464   0.0077598542
        0.0472904323  -0.0003752328  -0.0022988291  -0.0027753306   0.0000905652
       -0.0000091602  -0.0000553856  -0.0000131379   0.0000441009   0.0000185560
       -0.0000378371  -0.0000269768  -0.0000111435   0.0001174675  -0.0000071537
        0.0000262245  -0.0001426672   0.0000235676  -0.0000976694  -0.0007330038
        0.0004989486   0.0001921758   0.0002306694  -0.0006023680  -0.0003326229
        0.0009567437   0.0004408332  -0.0006953240  -0.0035301331  -0.0012446989
        0.0015384626  -0.0002109698   0.0002468233  -0.0005769028   0.0003325467
       -0.0000935212   0.0006860596   0.0002246091  -0.0009279288  -0.0007165331
        0.0002994723   0.0001040928   0.0003688648  -0.0004117282  -0.0005496703
        0.0005518250  -0.0049602083  -0.0009567707   0.0000938796   0.0161341929
        0.0205327928  -0.0273232472   0.1492453954   0.1942638794  -0.5142362507
       -0.1360338808  -0.2590961324   0.6378978437  -0.0326914837   0.0479655021
       -0.1000102838   0.0025415415  -0.0027363318   0.0026901459  -0.0002547455
        0.0000206882   0.0000500951  -0.0000838022  -0.0000970892  -0.0000491827
        0.0000744227   0.0000930644  -0.0000018948  -0.0002235316   0.0000781931
       -0.0001790499   0.0003421712  -0.0001463002   0.0001838149   0.0005725036
       -0.0009863365  -0.0002297020   0.0006720628   0.0009583642   0.0011913983
        0.0031877466   0.0003125794  -0.0017228799   0.0019037021   0.0008340337
       -0.0004402807   0.0008817333  -0.0004691023   0.0012321126  -0.0004736037
       -0.0011383310  -0.0002475751  -0.0007219604   0.0010128742   0.0001803671
       -0.0004287413  -0.0000793177  -0.0000250443  -0.0014612110   0.0011278072
       -0.0014260208  -0.0070895843  -0.0027638381   0.0042153413  -0.0510860385
        0.0020931722  -0.0181736565  -0.1466485373   0.0214468393  -0.0746586760
        0.0063226378   0.0113471464  -0.0326914837   0.4442499511   0.0144522983
        0.0507954264  -0.1651343803  -0.0306305743   0.0505668594   0.0002294494
       -0.0000102735  -0.0000427955   0.0001772417   0.0000330157  -0.0000622822
       -0.0001006697  -0.0000836984   0.0000472782   0.0002230997  -0.0001751823
        0.0000182872  -0.0007651768  -0.0000916329  -0.0001285275   0.0004085268
        0.0001802270  -0.0000033337   0.0008111090  -0.0000283584   0.0000907545
       -0.0009938090  -0.0004517622  -0.0015842403  -0.0006224006   0.0011956655
       -0.0009587109  -0.0287798510  -0.0028680054   0.0019982582  -0.0225382721
       -0.0143694619   0.0071145948  -0.0267733435  -0.0003240665   0.0149079712
        0.0000474425   0.0000454926  -0.0000605796  -0.0000865372   0.0000601025
       -0.0001604158  -0.0008241249   0.0008942318   0.0003997109  -0.0026049065
        0.0067963448  -0.0038055025   0.0162513311  -0.0667261959   0.0319486297
        0.0120454792   0.0077598542   0.0479655021   0.0144522983   0.1116022940
       -0.0992524580  -0.0255429568  -0.0619338318   0.0168227918  -0.0000066446
       -0.0000617969   0.0000031346  -0.0000470591   0.0000195780   0.0000059614
        0.0000333016   0.0000029795   0.0000229714   0.0000350575   0.0000483086
       -0.0000104934  -0.0000968430  -0.0000371726   0.0000203855  -0.0003035733
        0.0000681999  -0.0000226945  -0.0001022976  -0.0001964118   0.0001054877
        0.0013523564   0.0008575939   0.0006747512  -0.0010734422   0.0000564923
        0.0001691187   0.0092174730   0.0024158338  -0.0024903588  -0.0355366378
       -0.0058315233   0.0083445436   0.0127902834   0.0041596264  -0.0006804862
       -0.0001827443   0.0000029300   0.0001251342  -0.0000608387   0.0001634811
        0.0002084529   0.0003332600  -0.0001048721   0.0014310345  -0.0069756122
       -0.0030442519   0.0096552611  -0.0611956950   0.0333844524  -0.1532140986
       -0.0345287197   0.0472904323  -0.1000102838   0.0507954264  -0.0992524580
        0.3313516555   0.0374842916   0.0154089431  -0.0834549871   0.0000066811
       -0.0000335158   0.0000214248   0.0000487644   0.0000281328  -0.0000549170
       -0.0000231408  -0.0000290603  -0.0000127300   0.0000728576  -0.0001274739
       -0.0000114487   0.0001157580   0.0000304718  -0.0000800501   0.0003621658
        0.0000251120  -0.0003582248   0.0007087174   0.0003707685   0.0000140068
       -0.0002491897  -0.0003012074  -0.0009290393  -0.0011524040   0.0013418397
       -0.0001202662  -0.0237907793  -0.0042266357   0.0055452351   0.0069647791
        0.0031260259  -0.0016799857   0.0312664223   0.0059468854  -0.0084261736
        0.0001752079  -0.0000093223   0.0000313905  -0.0002274987   0.0001035580
       -0.0004453366  -0.0010783362  -0.0003921733   0.0004926826  -0.0001135193
        0.0007740334  -0.0031645786  -0.0454751306   0.0014977080  -0.0132473794
        0.0023305440  -0.0003752328   0.0025415415  -0.1651343803  -0.0255429568
        0.0374842916   0.4010041177  -0.0239550684   0.0378231729  -0.0000938699
       -0.0000083190  -0.0000577591  -0.0000521170  -0.0000211865  -0.0000162178
       -0.0000418826   0.0000314715   0.0000128499  -0.0000447235   0.0000975097
       -0.0000348692  -0.0002292083  -0.0000822058   0.0000716898  -0.0000863308
       -0.0002167908   0.0000037611  -0.0001259249   0.0000930656   0.0002110175
       -0.0005047909   0.0002715953  -0.0000011855  -0.0002262639  -0.0001624460
       -0.0004006723  -0.1003113511   0.0478200400  -0.1036680139  -0.0410529367
       -0.0257982789   0.0008216357  -0.0487116049   0.0258749990   0.0415419795
        0.0000312280  -0.0000245888   0.0000032627   0.0000744144  -0.0000410579
        0.0000694786   0.0001869213   0.0004285712   0.0000666879   0.0008586318
        0.0041301558   0.0025395146   0.0050246889   0.0020135498  -0.0031649757
        0.0026170088  -0.0022988291  -0.0027363318  -0.0306305743  -0.0619338318
        0.0154089431  -0.0239550684   0.4993820480  -0.0108611731  -0.0000087021
        0.0000292867  -0.0000246977   0.0000088119  -0.0000138004   0.0000012364
       -0.0000171883   0.0000065309  -0.0000134413  -0.0000281417  -0.0000022056
        0.0000085356   0.0000313935  -0.0000125787   0.0000039152  -0.0000042894
       -0.0000528286  -0.0000418840  -0.0000289431   0.0000246419  -0.0000100794
        0.0004960796   0.0003250065  -0.0004236509  -0.0005592185  -0.0002103376
        0.0003095537   0.0445450052  -0.0740090087   0.0695906771  -0.0217542113
       -0.2702669522   0.0255697968   0.0231121536  -0.0974737715  -0.0962953679
       -0.0000761880  -0.0000151323  -0.0000625210  -0.0001738337   0.0001605906
       -0.0002227828  -0.0009563176  -0.0001920407   0.0005216927  -0.0032525734
        0.0027034262  -0.0021629244  -0.0220326602  -0.0046856468   0.0072297002
       -0.0045026402  -0.0027753306   0.0026901459   0.0505668594   0.0168227918
       -0.0834549871   0.0378231729  -0.0108611731   0.5267283608   0.0000434593
        0.0000074595   0.0000323637   0.0000285170  -0.0000025945   0.0000054035
        0.0000057371  -0.0000128037   0.0000231783   0.0000115076  -0.0000452895
        0.0000211727  -0.0000973703  -0.0000232606   0.0000062132   0.0000299189
        0.0000100708   0.0000498118   0.0000563598  -0.0000571150   0.0000232400
        0.0004013300  -0.0000805522  -0.0000534621  -0.0000173696  -0.0000096233
        0.0003743162  -0.0971062896   0.0702144477  -0.1955673186   0.0010675066
        0.0252677977  -0.0453959298   0.0381808740  -0.0964260221  -0.2107856734
       -0.1168316892   0.0345218576  -0.1060994435   0.0058196835  -0.0027541487
        0.0064359837   0.0004064145  -0.0000300713   0.0001224321  -0.0007020906
        0.0003242370   0.0007957713  -0.0004386718  -0.0001789252   0.0001744192
        0.0001849189   0.0000905652  -0.0002547455   0.0002294494  -0.0000066446
        0.0000066811  -0.0000938699  -0.0000087021   0.0000434593   0.1356676075
       -0.0410826303   0.1228381108   0.0001709923   0.0007692790  -0.0003239531
       -0.0233926999   0.0081961443  -0.0257874976   0.0002702742  -0.0003882249
       -0.0000958478   0.0004067600   0.0006188893   0.0019423893  -0.0000668753
       -0.0000267224  -0.0000359125  -0.0001253576   0.0000597873  -0.0001483948
       -0.0000061622   0.0002147388   0.0000770845  -0.0015399376  -0.0003291301
        0.0003328572   0.0000116464   0.0000014445  -0.0000024401   0.0000122839
        0.0000094593  -0.0000053032   0.0000173235  -0.0000012028  -0.0000156505
        0.0346556269  -0.0611996311   0.0516400510  -0.0072008685   0.0033442745
       -0.0113799686  -0.0000462777   0.0002718579   0.0004450898   0.0000912971
        0.0000935873   0.0001661887  -0.0000271700  -0.0000422865  -0.0000811109
        0.0000091488  -0.0000091602   0.0000206882  -0.0000102735  -0.0000617969
       -0.0000335158  -0.0000083190   0.0000292867   0.0000074595  -0.0410826303
        0.0676943190  -0.0570356761   0.0194269389  -0.0129743396   0.0270271443
       -0.0058453805   0.0028004207  -0.0066423785  -0.0005639869   0.0005495152
       -0.0006191233   0.0007466892  -0.0004907087  -0.0033780578   0.0001013541
       -0.0002041249   0.0000955567  -0.0000166324  -0.0000753777  -0.0000002325
        0.0001558613  -0.0002088420  -0.0002017948  -0.0003822337   0.0004890828
       -0.0000348106   0.0000029616   0.0000055660   0.0000022663  -0.0000096677
       -0.0000056845   0.0000080108   0.0000035621  -0.0000059581  -0.0000057863
       -0.1059117244   0.0510253382  -0.1936003485  -0.0132501728   0.0041815583
       -0.0259629921  -0.0003907053   0.0002589441   0.0004944128  -0.0003941321
       -0.0001336238   0.0004693785   0.0002528547   0.0000698744  -0.0000166654
       -0.0001624423  -0.0000553856   0.0000500951  -0.0000427955   0.0000031346
        0.0000214248  -0.0000577591  -0.0000246977   0.0000323637   0.1228381108
       -0.0570356761   0.2260600050  -0.0045935950   0.0046146381  -0.0053805926
       -0.0006084830  -0.0004757507   0.0022097508  -0.0003577390   0.0004833889
        0.0008741801   0.0018282664  -0.0030883320  -0.0056676168  -0.0001275517
        0.0000609058  -0.0001953602  -0.0001997171   0.0000928414   0.0001709644
        0.0001945481  -0.0002999862  -0.0000843249   0.0010122087   0.0003248644
        0.0005263037  -0.0000149459  -0.0000043294   0.0000069987  -0.0000101571
       -0.0000005044  -0.0000045768  -0.0000040685   0.0000027977  -0.0000034003
       -0.0445960013  -0.0085357499  -0.0001684263  -0.0000617824   0.0107703735
        0.0001997046   0.0006308328   0.0013381039  -0.0001716720  -0.0000789588
       -0.0000692908   0.0000175897  -0.0003873203   0.0000064941   0.0000347980
        0.0001154678  -0.0000131379  -0.0000838022   0.0001772417  -0.0000470591
        0.0000487644  -0.0000521170   0.0000088119   0.0000285170   0.0001709923
        0.0194269389  -0.0045935950   0.0485738324   0.0091431382  -0.0020698497
       -0.0041923909  -0.0327848874   0.0049194396  -0.0001572973   0.0015315955
        0.0020920694   0.0000622934  -0.0004715652  -0.0003511098  -0.0001855398
       -0.0002329489   0.0004028737   0.0000190632  -0.0001397753  -0.0000950313
        0.0000822960  -0.0001394620  -0.0000260692  -0.0001368317   0.0002094968
       -0.0001755912   0.0000142757  -0.0000004445   0.0000035260  -0.0000031033
        0.0000031488  -0.0000014444   0.0000050475  -0.0000037804  -0.0000106911
       -0.0083640126  -0.2784120584   0.0297750401   0.0016335585  -0.0190098240
       -0.0025395209  -0.0005166532   0.0010802596   0.0007680727   0.0000850082
        0.0002105067  -0.0000670432  -0.0000907411  -0.0000745364   0.0001142185
       -0.0000154841   0.0000441009  -0.0000970892   0.0000330157   0.0000195780
        0.0000281328  -0.0000211865  -0.0000138004  -0.0000025945   0.0007692790
       -0.0129743396   0.0046146381   0.0091431382   0.3238723616  -0.0319641511
       -0.0036719283  -0.0137062837   0.0027713448   0.0010514117  -0.0017159051
       -0.0038350533  -0.0003059290   0.0003262323   0.0002897957   0.0005001397
        0.0003914799  -0.0002366302  -0.0003018421   0.0001187095   0.0001642374
       -0.0001758448   0.0000324495   0.0000283237   0.0002667870  -0.0001838886
        0.0001909475  -0.0000055071  -0.0000067865  -0.0000015586  -0.0000121575
        0.0000107462   0.0000010760  -0.0000010516  -0.0000090014  -0.0000021861
       -0.0001688487   0.0299545994  -0.0470556426   0.0006678714  -0.0262242890
        0.0009958684  -0.0006068041  -0.0005708271   0.0008200268   0.0000072196
        0.0001009965   0.0000846591   0.0000533716  -0.0000261701   0.0000635365
       -0.0000248327   0.0000185560  -0.0000491827  -0.0000622822   0.0000059614
       -0.0000549170  -0.0000162178   0.0000012364   0.0000054035  -0.0003239531
        0.0270271443  -0.0053805926  -0.0020698497  -0.0319641511   0.0543054820
        0.0005667139   0.0052621194  -0.0000821881   0.0020914019  -0.0036523976
       -0.0041185609  -0.0000653366  -0.0004364537   0.0005953079   0.0003065482
        0.0002691023  -0.0000667635  -0.0002256605   0.0000530571   0.0000961031
       -0.0000332125  -0.0000131352  -0.0001492058  -0.0000930982   0.0001959456
       -0.0000096007  -0.0000029082   0.0000025806  -0.0000006971  -0.0000032968
       -0.0000027701   0.0000049267   0.0000031745  -0.0000011050  -0.0000039629
       -0.2599132818  -0.0638892504   0.0346670899  -0.0129678023  -0.0024325700
        0.0047989081  -0.0002654745   0.0018741740   0.0026157093  -0.0002039805
       -0.0000570822   0.0003246513   0.0005541424   0.0000616603  -0.0000841455
       -0.0002033272  -0.0000378371   0.0000744227  -0.0001006697   0.0000333016
       -0.0000231408  -0.0000418826  -0.0000171883   0.0000057371  -0.0233926999
       -0.0058453805  -0.0006084830  -0.0041923909  -0.0036719283   0.0005667139
        0.3004009011   0.0740815800  -0.0421781966  -0.0000810086   0.0001755025
       -0.0002870735   0.0007346604  -0.0003607401  -0.0002591452   0.0001840873
        0.0002392020  -0.0001502778  -0.0008027577  -0.0001132839   0.0003850999
        0.0000039302  -0.0000751316   0.0000222148   0.0002748015   0.0000352936
        0.0001202332   0.0000046098   0.0000031869  -0.0000075679   0.0000045704
       -0.0000048971   0.0000047665   0.0000035726   0.0000013886   0.0000124836
       -0.0640823917  -0.0627645366   0.0117404027   0.0125924839   0.0034566286
       -0.0032792195   0.0009421524  -0.0005845124  -0.0019644852  -0.0000238312
        0.0000540050  -0.0000685943   0.0002102093   0.0000332195  -0.0000787407
       -0.0000392409  -0.0000269768   0.0000930644  -0.0000836984   0.0000029795
       -0.0000290603   0.0000314715   0.0000065309  -0.0000128037   0.0081961443
        0.0028004207  -0.0004757507  -0.0327848874  -0.0137062837   0.0052621194
        0.0740815800   0.0699865552  -0.0113011539   0.0004041320   0.0001933136
       -0.0000389527  -0.0000290705   0.0002776136   0.0004640983   0.0000563108
        0.0000187756  -0.0001323880   0.0005538096   0.0002994563  -0.0002796088
       -0.0000065047   0.0000317543  -0.0000028017  -0.0000106530  -0.0000783469
        0.0000967554  -0.0000048995   0.0000023886  -0.0000006673  -0.0000017093
       -0.0000055994   0.0000015594  -0.0000014072   0.0000026145   0.0000062270
        0.0341439764   0.0115552050  -0.0478747320   0.0251420231   0.0054153191
       -0.0072968904   0.0021584326  -0.0027398284  -0.0042359950  -0.0003131159
        0.0000178149   0.0000584009  -0.0000933587   0.0000157785   0.0001348537
        0.0000205096  -0.0000111435  -0.0000018948   0.0000472782   0.0000229714
       -0.0000127300   0.0000128499  -0.0000134413   0.0000231783  -0.0257874976
       -0.0066423785   0.0022097508   0.0049194396   0.0027713448  -0.0000821881
       -0.0421781966  -0.0113011539   0.0571197974  -0.0000636362   0.0002478575
        0.0003981184   0.0006686029   0.0004780692   0.0003272909  -0.0002237766
       -0.0001678086  -0.0000228197   0.0013870555   0.0002658347  -0.0006973948
        0.0000074909  -0.0000383714  -0.0000462967   0.0001674293   0.0001243563
       -0.0000018952  -0.0000022333  -0.0000052143   0.0000074627  -0.0000060036
        0.0000009828  -0.0000050083  -0.0000072696   0.0000038055  -0.0000010080
       -0.0001057615   0.0105430938   0.0003907686  -0.0431429141   0.0050814919
       -0.0026742925  -0.0039262378  -0.0285440514   0.0050531054   0.0012518599
       -0.0010391756   0.0005487384  -0.0002782528  -0.0001250982   0.0003003624
        0.0000505242   0.0001174675  -0.0002235316   0.0002230997   0.0000350575
        0.0000728576  -0.0000447235  -0.0000281417   0.0000115076   0.0002702742
       -0.0005639869  -0.0003577390  -0.0001572973   0.0010514117   0.0020914019
       -0.0000810086   0.0004041320  -0.0000636362   0.0524733833  -0.0049067076
       -0.0007756467  -0.0012050280   0.0207343935  -0.0056080492  -0.0053058378
       -0.0030780510   0.0016897948   0.0004920788  -0.0001309777  -0.0002074058
       -0.0005424063   0.0004154833  -0.0002682025  -0.0000153605   0.0000199610
        0.0000272988   0.0000180481   0.0000048840  -0.0000090078   0.0000174055
        0.0000193954   0.0000037063   0.0000081544  -0.0000105813  -0.0000020304
        0.0022117242  -0.0181620549  -0.0016840043   0.0048917394  -0.2667475681
        0.0343641177  -0.0041091308  -0.0139801273   0.0033654805   0.0009900857
        0.0011550666  -0.0002521435   0.0004896567   0.0000141599   0.0000450413
       -0.0000117519  -0.0000071537   0.0000781931  -0.0001751823   0.0000483086
       -0.0001274739   0.0000975097  -0.0000022056  -0.0000452895  -0.0003882249
        0.0005495152   0.0004833889   0.0015315955  -0.0017159051  -0.0036523976
        0.0001755025   0.0001933136   0.0002478575  -0.0049067076   0.3106352554
       -0.0385372389   0.0024364662  -0.0114036721   0.0045560047  -0.0028720102
       -0.0008661203   0.0012142813   0.0002373478   0.0002445224   0.0001248271
       -0.0005632927   0.0003046334  -0.0001780767  -0.0000641764  -0.0002583243
       -0.0000179048   0.0000081973   0.0000061328  -0.0000090365   0.0000019496
       -0.0000102264   0.0000105117   0.0000187023   0.0000024498   0.0000138619
        0.0022010489  -0.0262120108   0.0005253246  -0.0027875450   0.0349861454
       -0.0485711523   0.0016752571   0.0085443482  -0.0010354213  -0.0003029426
       -0.0007873105   0.0003640596  -0.0002808776  -0.0000117074   0.0000612953
        0.0000922273   0.0000262245  -0.0001790499   0.0000182872  -0.0000104934
       -0.0000114487  -0.0000348692   0.0000085356   0.0000211727  -0.0000958478
       -0.0006191233   0.0008741801   0.0020920694  -0.0038350533  -0.0041185609
       -0.0002870735  -0.0000389527   0.0003981184  -0.0007756467  -0.0385372389
        0.0575701788  -0.0031846537   0.0257123169  -0.0059019116   0.0018362700
        0.0005238460   0.0000691886   0.0000144319   0.0003924366  -0.0001479088
       -0.0001403271  -0.0000125992   0.0002551630  -0.0000458915  -0.0001329017
       -0.0001623068  -0.0000027822  -0.0000043514   0.0000051133  -0.0000009029
        0.0000070986  -0.0000072026   0.0000097680   0.0000007909  -0.0000088315
        0.0051161204  -0.0011240358   0.0065407145  -0.1304101656   0.0297322115
       -0.1093826675  -0.0241689706   0.0047036559  -0.0195058355  -0.0061039097
       -0.0024280907   0.0018772596  -0.0001242862   0.0006280582  -0.0017580223
       -0.0000314109  -0.0001426672   0.0003421712  -0.0007651768  -0.0000968430
        0.0001157580  -0.0002292083   0.0000313935  -0.0000973703   0.0004067600
        0.0007466892   0.0018282664   0.0000622934  -0.0003059290  -0.0000653366
        0.0007346604  -0.0000290705   0.0006686029  -0.0012050280   0.0024364662
       -0.0031846537   0.1559384257  -0.0345066710   0.1229407130   0.0004185219
        0.0000634124  -0.0003626664   0.0001169398   0.0005076488  -0.0004321463
        0.0001737523  -0.0002837224   0.0002490160   0.0000822111   0.0000715466
        0.0002103873  -0.0000354449  -0.0000026639   0.0000076864   0.0000122609
       -0.0000080490   0.0000015414   0.0000116554   0.0000066602   0.0000065818
       -0.0073628676   0.0029361258  -0.0120378602   0.0301999613  -0.0560439338
        0.0371784329  -0.0071258805   0.0021765068  -0.0062874309  -0.0014091643
        0.0001995742   0.0004340581  -0.0003533886   0.0002400275  -0.0002082106
        0.0001195453   0.0000235676  -0.0001463002  -0.0000916329  -0.0000371726
        0.0000304718  -0.0000822058  -0.0000125787  -0.0000232606   0.0006188893
       -0.0004907087  -0.0030883320  -0.0004715652   0.0003262323  -0.0004364537
       -0.0003607401   0.0002776136   0.0004780692   0.0207343935  -0.0114036721
        0.0257123169  -0.0345066710   0.0615050456  -0.0410012343  -0.0003276410
        0.0001179190  -0.0003590940   0.0005376413   0.0001658647  -0.0001642224
       -0.0001524974   0.0001061758   0.0000051570   0.0000235646  -0.0000865419
       -0.0000787082  -0.0000067112  -0.0000044367   0.0000000471   0.0000026881
        0.0000048713  -0.0000008893   0.0000142823  -0.0000004795  -0.0000065566
       -0.0138546809   0.0028111341  -0.0265741945  -0.1096486433   0.0371022041
       -0.1731361348   0.0029651902  -0.0006799386   0.0036557515   0.0006693428
        0.0000504178   0.0010057429   0.0004562699   0.0000584987  -0.0001075530
       -0.0000988063  -0.0000976694   0.0001838149  -0.0001285275   0.0000203855
       -0.0000800501   0.0000716898   0.0000039152   0.0000062132   0.0019423893
       -0.0033780578  -0.0056676168  -0.0003511098   0.0002897957   0.0005953079
       -0.0002591452   0.0004640983   0.0003272909  -0.0056080492   0.0045560047
       -0.0059019116   0.1229407130  -0.0410012343   0.2049108487  -0.0000326105
       -0.0002719050   0.0000155752   0.0005701369   0.0000918396   0.0007571893
        0.0001327581  -0.0000895668  -0.0000348482   0.0002249833   0.0000717337
        0.0000319518   0.0000051416  -0.0000000024   0.0000027292   0.0000001031
       -0.0000142936  -0.0000015661   0.0000028548   0.0000126406   0.0000114594
        0.0008515180  -0.0007576781  -0.0005813975  -0.0038117681  -0.0283687072
        0.0040714320  -0.0415125707  -0.0003788022   0.0004785778  -0.0029377579
        0.0216868546  -0.0047053265  -0.0000581731   0.0015952530  -0.0015520978
        0.0003916152  -0.0007330038   0.0005725036   0.0004085268  -0.0003035733
        0.0003621658  -0.0000863308  -0.0000042894   0.0000299189  -0.0000668753
        0.0001013541  -0.0001275517  -0.0001855398   0.0005001397   0.0003065482
        0.0001840873   0.0000563108  -0.0002237766  -0.0053058378  -0.0028720102
        0.0018362700   0.0004185219  -0.0003276410  -0.0000326105   0.0528205231
        0.0000680753   0.0016031386   0.0010855637   0.0082748861   0.0004768411
       -0.0029148364   0.0015437410  -0.0029687944   0.0007071515  -0.0000581012
        0.0004577105   0.0000379856  -0.0000105526   0.0000136666  -0.0000372969
       -0.0000212415  -0.0000129698   0.0000114935   0.0000089859  -0.0000042484
        0.0010537184   0.0013163520  -0.0004514505  -0.0041876972  -0.0139915962
        0.0022379841   0.0004851023  -0.2721654951   0.0203504387   0.0036777149
       -0.0114005612   0.0039276123  -0.0001949191  -0.0005035618   0.0010102342
       -0.0001733858   0.0004989486  -0.0009863365   0.0001802270   0.0000681999
        0.0000251120  -0.0002167908  -0.0000528286   0.0000100708  -0.0000267224
       -0.0002041249   0.0000609058  -0.0002329489   0.0003914799   0.0002691023
        0.0002392020   0.0000187756  -0.0001678086  -0.0030780510  -0.0008661203
        0.0005238460   0.0000634124   0.0001179190  -0.0002719050   0.0000680753
        0.3157202355  -0.0253093162   0.0010839622  -0.0192894908  -0.0027679631
        0.0016813812  -0.0002349470   0.0018537427  -0.0003884770   0.0005768472
       -0.0002913277  -0.0000161223  -0.0000032939  -0.0000264093  -0.0000163525
        0.0000399377   0.0000110698  -0.0000013287  -0.0000366758  -0.0000076018
       -0.0001815671   0.0009817197   0.0004334882   0.0015007428   0.0086159776
       -0.0004931661   0.0011014183   0.0194332483  -0.0467889252  -0.0033527341
        0.0222536652  -0.0044487082   0.0000280023  -0.0000025190   0.0006945910
       -0.0000209702   0.0001921758  -0.0002297020  -0.0000033337  -0.0000226945
       -0.0003582248   0.0000037611  -0.0000418840   0.0000498118  -0.0000359125
        0.0000955567  -0.0001953602   0.0004028737  -0.0002366302  -0.0000667635
       -0.0001502778  -0.0001323880  -0.0000228197   0.0016897948   0.0012142813
        0.0000691886  -0.0003626664  -0.0003590940   0.0000155752   0.0016031386
       -0.0253093162   0.0536753023   0.0009482253  -0.0298216048  -0.0002147133
       -0.0034278799   0.0023220004  -0.0025447972   0.0002317786   0.0008258997
        0.0004187612   0.0000174540   0.0000053936  -0.0000006964  -0.0000040694
       -0.0000114131   0.0000130938   0.0000122216  -0.0000023744  -0.0000059357
       -0.0051211228  -0.0021028561   0.0018221293  -0.0115390309   0.0099369538
        0.0252263836  -0.0536659220   0.0234853294   0.0493970227   0.0023309479
       -0.0076364897  -0.0202018151  -0.0002058007  -0.0000886098  -0.0023439913
       -0.0000262520   0.0002306694   0.0006720628   0.0008111090  -0.0001022976
        0.0007087174  -0.0001259249  -0.0000289431   0.0000563598  -0.0001253576
       -0.0000166324  -0.0001997171   0.0000190632  -0.0003018421  -0.0002256605
       -0.0008027577   0.0005538096   0.0013870555   0.0004920788   0.0002373478
        0.0000144319   0.0001169398   0.0005376413   0.0005701369   0.0010855637
        0.0010839622   0.0009482253   0.0692255242  -0.0265119634  -0.0546093572
        0.0004309495  -0.0002116515   0.0001785657  -0.0029017957   0.0009179816
       -0.0034017506   0.0000394293   0.0000030713   0.0000158667   0.0000095762
        0.0000040226  -0.0000095609  -0.0000472172   0.0000104967  -0.0000051047
       -0.0011759686   0.0002770883   0.0003661318  -0.0030060433   0.0037211604
        0.0074271443   0.0229176816  -0.0837253350  -0.0819575326  -0.0018646904
        0.0036425195   0.0069229705   0.0001077892   0.0009872577  -0.0015449632
        0.0001003277  -0.0006023680   0.0009583642  -0.0000283584  -0.0001964118
        0.0003707685   0.0000930656   0.0000246419  -0.0000571150   0.0000597873
       -0.0000753777   0.0000928414  -0.0001397753   0.0001187095   0.0000530571
       -0.0001132839   0.0002994563   0.0002658347  -0.0001309777   0.0002445224
        0.0003924366   0.0005076488   0.0001658647   0.0000918396   0.0082748861
       -0.0192894908  -0.0298216048  -0.0265119634   0.0934086636   0.0945948937
       -0.0000292490   0.0003536461   0.0005232387   0.0009409932   0.0006473752
        0.0013218229   0.0000006761  -0.0000085368   0.0000171690  -0.0000043444
       -0.0000235667  -0.0000165152   0.0000017988   0.0000301812  -0.0000007821
        0.0026033602   0.0011906749   0.0003643922   0.0054870989  -0.0041180308
       -0.0097062180   0.0492027062  -0.0817554049  -0.2223277156  -0.0005762118
       -0.0082231567  -0.0253538095   0.0003868567   0.0001459812  -0.0008918544
        0.0002713798  -0.0003326229   0.0011913983   0.0000907545   0.0001054877
        0.0000140068   0.0002110175  -0.0000100794   0.0000232400  -0.0001483948
       -0.0000002325   0.0001709644  -0.0000950313   0.0001642374   0.0000961031
        0.0003850999  -0.0002796088  -0.0006973948  -0.0002074058   0.0001248271
       -0.0001479088  -0.0004321463  -0.0001642224   0.0007571893   0.0004768411
       -0.0027679631  -0.0002147133  -0.0546093572   0.0945948937   0.2601124246
        0.0004294485  -0.0001867715   0.0001348013  -0.0035209276   0.0015100010
       -0.0035662133   0.0000357354  -0.0000107117   0.0000190397   0.0000130531
       -0.0000194692  -0.0000154413  -0.0000038771   0.0000321710   0.0000377094
       -0.0001768936  -0.0001424283   0.0000590388   0.0009825845   0.0014146584
       -0.0002491910  -0.0014478004   0.0199969333  -0.0051342056  -0.0383434423
       -0.0124664841   0.0002724442  -0.0023993885  -0.0286093656   0.0051383654
       -0.0042586940   0.0009567437   0.0031877466  -0.0009938090   0.0013523564
       -0.0002491897  -0.0005047909   0.0004960796   0.0004013300  -0.0000061622
        0.0001558613   0.0001945481   0.0000822960  -0.0001758448  -0.0000332125
        0.0000039302  -0.0000065047   0.0000074909  -0.0005424063  -0.0005632927
       -0.0001403271   0.0001737523  -0.0001524974   0.0001327581  -0.0029148364
        0.0016813812  -0.0034278799   0.0004309495  -0.0000292490   0.0004294485
        0.0473815986   0.0106554598  -0.0003756660   0.0023757766   0.0053406129
       -0.0001684757   0.0000587521   0.0000189865  -0.0000217286   0.0001815044
        0.0000961041  -0.0000040081  -0.0000829206  -0.0000195106  -0.0000192865
       -0.0000173128   0.0000091334   0.0000750884  -0.0005242448   0.0008897768
       -0.0003870761   0.0029554628  -0.0110896284   0.0046559943  -0.0091023716
       -0.2667594466   0.0357027425  -0.0038730596  -0.0115422796   0.0041408459
       -0.0011535849   0.0004408332   0.0003125794  -0.0004517622   0.0008575939
       -0.0003012074   0.0002715953   0.0003250065  -0.0000805522   0.0002147388
       -0.0002088420  -0.0002999862  -0.0001394620   0.0000324495  -0.0000131352
       -0.0000751316   0.0000317543  -0.0000383714   0.0004154833   0.0003046334
       -0.0000125992  -0.0002837224   0.0001061758  -0.0000895668   0.0015437410
       -0.0002349470   0.0023220004  -0.0002116515   0.0003536461  -0.0001867715
        0.0106554598   0.3070282484  -0.0443428715  -0.0005501805  -0.0206532244
       -0.0013847961   0.0000556586   0.0000249417  -0.0000074167   0.0002084347
        0.0000784476  -0.0000250319   0.0000619098   0.0000057275  -0.0000398685
        0.0000769753  -0.0001016399   0.0000743557   0.0006491341  -0.0000703434
        0.0005145511  -0.0017252848   0.0201365187  -0.0044831585  -0.0007938283
        0.0384381141  -0.0435260692   0.0056092130   0.0120239790  -0.0017205186
        0.0020709073  -0.0006953240  -0.0017228799  -0.0015842403   0.0006747512
       -0.0009290393  -0.0000011855  -0.0004236509  -0.0000534621   0.0000770845
       -0.0002017948  -0.0000843249  -0.0000260692   0.0000283237  -0.0001492058
        0.0000222148  -0.0000028017  -0.0000462967  -0.0002682025  -0.0001780767
        0.0002551630   0.0002490160   0.0000051570  -0.0000348482  -0.0029687944
        0.0018537427  -0.0025447972   0.0001785657   0.0005232387   0.0001348013
       -0.0003756660  -0.0443428715   0.0521398501  -0.0011520109  -0.0276415089
        0.0022001222  -0.0000327986  -0.0000196719   0.0000015857  -0.0000774664
       -0.0000376464  -0.0000235219   0.0000724362   0.0000315052  -0.0000023068
       -0.0006210539   0.0003073876  -0.0003620141   0.0005159578  -0.0000985751
       -0.0000470099   0.0018451642  -0.0083500314  -0.0185190485  -0.0429847668
        0.0185546458   0.0294800174  -0.0056925649   0.0136714159   0.0256517328
       -0.0044751520  -0.0035301331   0.0019037021  -0.0006224006  -0.0010734422
       -0.0011524040  -0.0002262639  -0.0005592185  -0.0000173696  -0.0015399376
       -0.0003822337   0.0010122087  -0.0001368317   0.0002667870  -0.0000930982
        0.0002748015  -0.0000106530   0.0001674293  -0.0000153605  -0.0000641764
       -0.0000458915   0.0000822111   0.0000235646   0.0002249833   0.0007071515
       -0.0003884770   0.0002317786  -0.0029017957   0.0009409932  -0.0035209276
        0.0023757766  -0.0005501805  -0.0011520109   0.0531506102  -0.0187720578
       -0.0336653823   0.0001223767   0.0000305743  -0.0000296096  -0.0000517372
        0.0000088811   0.0000043367   0.0001938149  -0.0000250711  -0.0000714227
        0.0000084963   0.0000925442  -0.0002337382  -0.0000817106   0.0000940951
       -0.0002942002  -0.0013143781   0.0036776572   0.0054339807   0.0176006673
       -0.0915810397  -0.0984276820  -0.0032213336   0.0032967366   0.0037111389
       -0.0012863645  -0.0012446989   0.0008340337   0.0011956655   0.0000564923
        0.0013418397  -0.0001624460  -0.0002103376  -0.0000096233  -0.0003291301
        0.0004890828   0.0003248644   0.0002094968  -0.0001838886   0.0001959456
        0.0000352936  -0.0000783469   0.0001243563   0.0000199610  -0.0002583243
       -0.0001329017   0.0000715466  -0.0000865419   0.0000717337  -0.0000581012
        0.0005768472   0.0008258997   0.0009179816   0.0006473752   0.0015100010
        0.0053406129  -0.0206532244  -0.0276415089  -0.0187720578   0.1054213657
        0.1122993786   0.0000066544  -0.0000029865  -0.0000006017  -0.0001139251
       -0.0000167292   0.0000325918  -0.0000669291  -0.0000360784   0.0000344918
        0.0007149601  -0.0000053367   0.0002329901   0.0002945770  -0.0001396329
        0.0002146976  -0.0004829204  -0.0081394097  -0.0211455244   0.0273869799
       -0.1004304983  -0.2180186668   0.0079591546  -0.0053871815  -0.0139497507
        0.0020504027   0.0015384626  -0.0004402807  -0.0009587109   0.0001691187
       -0.0001202662  -0.0004006723   0.0003095537   0.0003743162   0.0003328572
       -0.0000348106   0.0005263037  -0.0001755912   0.0001909475  -0.0000096007
        0.0001202332   0.0000967554  -0.0000018952   0.0000272988  -0.0000179048
       -0.0001623068   0.0002103873  -0.0000787082   0.0000319518   0.0004577105
       -0.0002913277   0.0004187612  -0.0034017506   0.0013218229  -0.0035662133
       -0.0001684757  -0.0013847961   0.0022001222  -0.0336653823   0.1122993786
        0.2533482021  -0.0000922631  -0.0000036978   0.0000266066   0.0000009704
       -0.0000262658  -0.0000055850  -0.0002097652   0.0000135308   0.0000461384
       -0.0000282095  -0.0000039151   0.0000097475  -0.0001199296   0.0000469373
       -0.0000706976  -0.0004041516  -0.0001739367   0.0002124569  -0.0011569935
        0.0002658276  -0.0012101900  -0.0071949392  -0.0009098468   0.0019063210
        0.0014038690  -0.0002109698   0.0008817333  -0.0287798510   0.0092174730
       -0.0237907793  -0.1003113511   0.0445450052  -0.0971062896   0.0000116464
        0.0000029616  -0.0000149459   0.0000142757  -0.0000055071  -0.0000029082
        0.0000046098  -0.0000048995  -0.0000022333   0.0000180481   0.0000081973
       -0.0000027822  -0.0000354449  -0.0000067112   0.0000051416   0.0000379856
       -0.0000161223   0.0000174540   0.0000394293   0.0000006761   0.0000357354
        0.0000587521   0.0000556586  -0.0000327986   0.0001223767   0.0000066544
       -0.0000922631   0.1296568898  -0.0517685072   0.1159452712   0.0025335604
        0.0007233434   0.0006387689   0.0041294277  -0.0017723189   0.0026732581
        0.0000008061   0.0000010817   0.0000009105  -0.0000303223   0.0000116270
       -0.0000124746  -0.0000896802  -0.0000208550   0.0000190744  -0.0002917055
        0.0001749996  -0.0001762525  -0.0011538808   0.0000252539   0.0009937098
        0.0003052036   0.0002468233  -0.0004691023  -0.0028680054   0.0024158338
       -0.0042266357   0.0478200400  -0.0740090087   0.0702144477   0.0000014445
        0.0000055660  -0.0000043294  -0.0000004445  -0.0000067865   0.0000025806
        0.0000031869   0.0000023886  -0.0000052143   0.0000048840   0.0000061328
       -0.0000043514  -0.0000026639  -0.0000044367  -0.0000000024  -0.0000105526
       -0.0000032939   0.0000053936   0.0000030713  -0.0000085368  -0.0000107117
        0.0000189865   0.0000249417  -0.0000196719   0.0000305743  -0.0000029865
       -0.0000036978  -0.0517685072   0.0796142076  -0.0792330141   0.0150885067
       -0.0136452389   0.0250477842  -0.0070609416   0.0051722873  -0.0121184427
        0.0000005529  -0.0000006280  -0.0000003642   0.0000291141  -0.0000092062
        0.0000147920   0.0001034712   0.0000237880  -0.0000271054   0.0004246003
        0.0000148046   0.0003010388   0.0008113608   0.0011018912  -0.0018128259
       -0.0008415153  -0.0005769028   0.0012321126   0.0019982582  -0.0024903588
        0.0055452351  -0.1036680139   0.0695906771  -0.1955673186  -0.0000024401
        0.0000022663   0.0000069987   0.0000035260  -0.0000015586  -0.0000006971
       -0.0000075679  -0.0000006673   0.0000074627  -0.0000090078  -0.0000090365
        0.0000051133   0.0000076864   0.0000000471   0.0000027292   0.0000136666
       -0.0000264093  -0.0000006964   0.0000158667   0.0000171690   0.0000190397
       -0.0000217286  -0.0000074167   0.0000015857  -0.0000296096  -0.0000006017
        0.0000266066   0.1159452712  -0.0792330141   0.2176003164  -0.0019650056
        0.0027964362  -0.0036614198  -0.0128084855   0.0088087207  -0.0236926033
       -0.0000072944   0.0000181120   0.0000042249   0.0000066695   0.0000243880
        0.0000109673  -0.0000133811   0.0001222653  -0.0000249104  -0.0004357069
        0.0009007823   0.0003527869   0.0003095021  -0.0025073813   0.0020337889
        0.0009425995   0.0003325467  -0.0004736037  -0.0225382721  -0.0355366378
        0.0069647791  -0.0410529367  -0.0217542113   0.0010675066   0.0000122839
       -0.0000096677  -0.0000101571  -0.0000031033  -0.0000121575  -0.0000032968
        0.0000045704  -0.0000017093  -0.0000060036   0.0000174055   0.0000019496
       -0.0000009029   0.0000122609   0.0000026881   0.0000001031  -0.0000372969
       -0.0000163525  -0.0000040694   0.0000095762  -0.0000043444   0.0000130531
        0.0001815044   0.0002084347  -0.0000774664  -0.0000517372  -0.0001139251
        0.0000009704   0.0025335604   0.0150885067  -0.0019650056   0.0577499856
        0.0377158980  -0.0070256660   0.0023598102   0.0055408157  -0.0008570983
       -0.0000029825   0.0000052355  -0.0000021677   0.0000271155   0.0000161755
       -0.0000005471   0.0000712184   0.0000162040   0.0000486524  -0.0000049640
        0.0000243336   0.0001242933   0.0010471529   0.0000024140   0.0020191033
        0.0005506595  -0.0000935212  -0.0011383310  -0.0143694619  -0.0058315233
        0.0031260259  -0.0257982789  -0.2702669522   0.0252677977   0.0000094593
       -0.0000056845  -0.0000005044   0.0000031488   0.0000107462  -0.0000027701
       -0.0000048971  -0.0000055994   0.0000009828   0.0000193954  -0.0000102264
        0.0000070986  -0.0000080490   0.0000048713  -0.0000142936  -0.0000212415
        0.0000399377  -0.0000114131   0.0000040226  -0.0000235667  -0.0000194692
        0.0000961041   0.0000784476  -0.0000376464   0.0000088811  -0.0000167292
       -0.0000262658   0.0007233434  -0.0136452389   0.0027964362   0.0377158980
        0.3102427778  -0.0307945997  -0.0000665241  -0.0205421014  -0.0013423820
        0.0000125847  -0.0000048198   0.0000019104  -0.0000098785  -0.0000039316
       -0.0000011551  -0.0000226706  -0.0000232356   0.0000101949   0.0000766557
        0.0000753116  -0.0000957053  -0.0009353867  -0.0012554175   0.0022007209
        0.0011862047   0.0006860596  -0.0002475751   0.0071145948   0.0083445436
       -0.0016799857   0.0008216357   0.0255697968  -0.0453959298  -0.0000053032
        0.0000080108  -0.0000045768  -0.0000014444   0.0000010760   0.0000049267
        0.0000047665   0.0000015594  -0.0000050083   0.0000037063   0.0000105117
       -0.0000072026   0.0000015414  -0.0000008893  -0.0000015661  -0.0000129698
        0.0000110698   0.0000130938  -0.0000095609  -0.0000165152  -0.0000154413
       -0.0000040081  -0.0000250319  -0.0000235219   0.0000043367   0.0000325918
       -0.0000055850   0.0006387689   0.0250477842  -0.0036614198  -0.0070256660
       -0.0307945997   0.0481070910  -0.0018379070  -0.0276638747   0.0008067351
       -0.0000175386  -0.0000135391  -0.0000194242   0.0000236241  -0.0000210802
       -0.0000027500   0.0000654787  -0.0000333021  -0.0001268135  -0.0001210293
       -0.0008842387  -0.0002775615   0.0003493131   0.0001018694   0.0033881324
        0.0009237368   0.0002246091  -0.0007219604  -0.0267733435   0.0127902834
        0.0312664223  -0.0487116049   0.0231121536   0.0381808740   0.0000173235
        0.0000035621  -0.0000040685   0.0000050475  -0.0000010516   0.0000031745
        0.0000035726  -0.0000014072  -0.0000072696   0.0000081544   0.0000187023
        0.0000097680   0.0000116554   0.0000142823   0.0000028548   0.0000114935
       -0.0000013287   0.0000122216  -0.0000472172   0.0000017988  -0.0000038771
       -0.0000829206   0.0000619098   0.0000724362   0.0001938149  -0.0000669291
       -0.0002097652   0.0041294277  -0.0070609416  -0.0128084855   0.0023598102
       -0.0000665241  -0.0018379070   0.0676512019  -0.0281788283  -0.0569160014
       -0.0000069790   0.0000011904   0.0000013393  -0.0000117632  -0.0000077987
        0.0000000780  -0.0000208116   0.0000137518  -0.0000563430  -0.0001028342
       -0.0000512327   0.0000278245  -0.0000774106   0.0018184652  -0.0024601954
       -0.0008881876  -0.0009279288   0.0010128742  -0.0003240665   0.0041596264
        0.0059468854   0.0258749990  -0.0974737715  -0.0964260221  -0.0000012028
       -0.0000059581   0.0000027977  -0.0000037804  -0.0000090014  -0.0000011050
        0.0000013886   0.0000026145   0.0000038055  -0.0000105813   0.0000024498
        0.0000007909   0.0000066602  -0.0000004795   0.0000126406   0.0000089859
       -0.0000366758  -0.0000023744   0.0000104967   0.0000301812   0.0000321710
       -0.0000195106   0.0000057275   0.0000315052  -0.0000250711  -0.0000360784
        0.0000135308  -0.0017723189   0.0051722873   0.0088087207   0.0055408157
       -0.0205421014  -0.0276638747  -0.0281788283   0.1078847322   0.1107149507
        0.0000140530   0.0000121827   0.0000076927  -0.0000309692  -0.0000161301
        0.0000032144  -0.0000875617   0.0000208527  -0.0000101010   0.0000018862
       -0.0000269466  -0.0001818506  -0.0015117043   0.0004565029   0.0009179884
        0.0003735557  -0.0007165331   0.0001803671   0.0149079712  -0.0006804862
       -0.0084261736   0.0415419795  -0.0962953679  -0.2107856734  -0.0000156505
       -0.0000057863  -0.0000034003  -0.0000106911  -0.0000021861  -0.0000039629
        0.0000124836   0.0000062270  -0.0000010080  -0.0000020304   0.0000138619
       -0.0000088315   0.0000065818  -0.0000065566   0.0000114594  -0.0000042484
       -0.0000076018  -0.0000059357  -0.0000051047  -0.0000007821   0.0000377094
       -0.0000192865  -0.0000398685  -0.0000023068  -0.0000714227   0.0000344918
        0.0000461384   0.0026732581  -0.0121184427  -0.0236926033  -0.0008570983
       -0.0013423820   0.0008067351  -0.0569160014   0.1107149507   0.2411105422
