           1           2  0.981909417424188     
           2           3  0.986006907139302     
           3           4  0.979950477699702     
           4           5  0.985953731153416     
           5           6  0.981968566016997     
           1           7  0.977507115313221     
           1           8  0.978030401724954     
           1           9  0.978243876120598     
           3          10  0.967279158237224     
           3          11  0.967178220252281     
           4          12  0.967352357040446     
           4          13  0.967245099593030     
           6          14  0.978139267780627     
           6          15  0.978010029943221     
           6          16  0.977479257831037     
