           1           2   1.01878718751127     
           2           3   1.00720977192012     
           3           4  0.991007374999186     
           4           5   1.02730864393359     
           5           6   1.97735880368275     
           1           7  0.986984945192433     
           1           8  0.987780795930529     
           1           9  0.987773748033681     
           2          10  0.978314786423976     
           2          11  0.978483141419330     
           3          12  0.978493412124322     
           3          13  0.977528423140592     
           4          14  0.960859139927879     
           4          15  0.975330923861931     
           5          16  0.966301644683897     
           6          17  0.977086375297841     
           6          18  0.975287729299203     
