*************************************************
******************* ORCA 6.0.0 ******************
*************************************************
$Calculation_Status
   &GeometryIndex 1
   &ListStatus       OUT
   &VERSION [&Type "String"] "6.0.0"
   &PROGNAME [&Type "String"] "LeanSCF"
   &STATUS [&Type "String"] "NORMAL TERMINATION"
$End
$Geometry
   &GeometryIndex 1
   &ListStatus       OUT
   &NATOMS [&Type "Integer"] 26
   &NCORELESSECP [&Type "Integer"] 0
   &NGHOSTATOMS [&Type "Integer"] 0
   &CartesianCoordinates [&Type "Coordinates", &Dim(26,4), &Units "Bohr"] 
              C     -5.590114429537   -2.455216449087   -2.257359613876
              C     -6.414997543650   -0.327929779813   -0.502102303600
              C     -4.690935891163   -0.090160524209    1.819078040591
              C     -2.052734081631    0.660296705753    1.085665252564
              C     -1.498515344316    3.145888427901    0.474582937551
              C      0.912047009074    3.836764428541   -0.269572510612
              C      2.811986044298    2.045552384573   -0.416923757372
              C      2.272867445603   -0.477444883750    0.199202229700
              C     -0.143762630942   -1.142543578251    0.941434320651
              O      4.293044145265   -2.109197132064   -0.006309032112
              C      3.904822427138   -4.684197051425    0.578598585876
              O      5.181200183220    2.748804606255   -1.151567342550
              H     -6.853285620238   -2.583032129239   -3.872718249117
              H     -3.683871672521   -2.115152948094   -2.947261160416
              H     -5.617221284434   -4.256904187232   -1.268033674118
              H     -8.345291489758   -0.677495165281    0.137095891626
              H     -6.399873430830    1.456592397046   -1.536911390067
              H     -4.656749982707   -1.892473761894    2.820115403107
              H     -5.478432427038    1.337036579245    3.083624542792
              H     -2.957968932616    4.566221383121    0.583205871605
              H      1.362509981328    5.766349558218   -0.744699402240
              H     -0.575503806897   -3.076054821653    1.419450608451
              H      2.497362630650   -5.528278833471   -0.675651850254
              H      3.322678428930   -4.920600216258    2.546180693474
              H      5.727235000797   -5.587523904136    0.282006089188
              H      6.264228593762    1.268560729697   -1.140114598167
$End
$SCF_Energy
   &GeometryIndex 1
   &ListStatus       OUT
   &SCF_ENERGY [&Type "Double"]      -5.3981440438178447e+02
$End
$DFT_Energy
   &GeometryIndex 1
   &ListStatus       OUT
   &NALPHAEL [&Type "Integer"] 45
   &NBETAEL [&Type "Integer"] 45
   &NTOTALEL [&Type "Integer"] 90
   &EEXCHANGE [&Type "Double"]      -7.3665674060465037e+01
   &ECORR [&Type "Double"]      -2.9036234988478999e+00
   &ECNL [&Type "Double"]       0.0000000000000000e+00
   &EXC [&Type "Double"]      -7.6569297559312943e+01
   &EEMBED [&Type "Double"]       0.0000000000000000e+00
   &FINALEN [&Type "Double"]      -5.3981440438178447e+02  "No Van der Waals correction"
$End
$Solvation_Details
   &GeometryIndex 1
   &ListStatus       OUT
   &SOLVENT [&Type "String"] "WATER"
   &EPSILON [&Type "Double"]       7.8355000000000004e+01
   &REFRAC [&Type "Double"]       1.3328000000000000e+00
   &RSOLV [&Type "Double"]       1.3000000000000000e+00
   &SURFACETYPE [&Type "String"] "GAUSSIAN VDW"
   &NPOINTS [&Type "Integer"] 1935
   &SURFACEAREA [&Type "Double"]       7.4123887917499997e+02
   &CPCMDIELENERGY [&Type "Double"]      -1.7468365999999999e-02
$End
$Mulliken_Population_Analysis
   &GeometryIndex 1
   &ListStatus       OUT
   &NATOMS [&Type "Integer"] 26
   &ATNO [&Type "ArrayOfIntegers", &Dim (26,1)] 
                                                         0

0                                                        6
1                                                        6
2                                                        6
3                                                        6
4                                                        6
5                                                        6
6                                                        6
7                                                        6
8                                                        6
9                                                        8
10                                                       6
11                                                       8
12                                                       1
13                                                       1
14                                                       1
15                                                       1
16                                                       1
17                                                       1
18                                                       1
19                                                       1
20                                                       1
21                                                       1
22                                                       1
23                                                       1
24                                                       1
25                                                       1
   &ATOMICCHARGES [&Type "ArrayOfDoubles", &Dim (26,1)] 
                                                         0

0                                     -5.3590573057864788e-01
1                                     -2.4436228370713486e-01
2                                     -3.1954663305446296e-01
3                                      1.0999326631132522e-01
4                                     -2.5241428507355845e-01
5                                     -3.4717515047479264e-01
6                                      1.8978575266936204e-01
7                                      1.7557075593802018e-01
8                                     -3.1387157668188248e-01
9                                     -2.3998903949658157e-01
10                                    -3.3681119980753049e-01
11                                    -4.4246495289223198e-01
12                                     1.5671904567369510e-01
13                                     1.6408681153748284e-01
14                                     1.5735935303221749e-01
15                                     1.5314466223517997e-01
16                                     1.6009705080912873e-01
17                                     1.6924902863683955e-01
18                                     1.6530330696081585e-01
19                                     1.7934412027755464e-01
20                                     1.8319561924817540e-01
21                                     1.8628370077253065e-01
22                                     1.7190368686848201e-01
23                                     1.7160436876075047e-01
24                                     1.7432673088758133e-01
25                                     3.6457359114773846e-01
$End
$Loewdin_Population_Analysis
   &GeometryIndex 1
   &ListStatus       OUT
   &NATOMS [&Type "Integer"] 26
   &ATNO [&Type "ArrayOfIntegers", &Dim (26,1)] 
                                                         0

0                                                        6
1                                                        6
2                                                        6
3                                                        6
4                                                        6
5                                                        6
6                                                        6
7                                                        6
8                                                        6
9                                                        8
10                                                       6
11                                                       8
12                                                       1
13                                                       1
14                                                       1
15                                                       1
16                                                       1
17                                                       1
18                                                       1
19                                                       1
20                                                       1
21                                                       1
22                                                       1
23                                                       1
24                                                       1
25                                                       1
   &ATOMICCHARGES [&Type "ArrayOfDoubles", &Dim (26,1)] 
                                                         0

0                                      1.3324089961149283e-07
1                                      3.6087767628522651e-07
2                                      4.3149190764566534e-06
3                                      2.4317867010699194e-05
4                                      1.3977298746923772e-05
5                                      3.1820528151733133e-05
6                                      2.9051626079417347e-04
7                                      3.9449714471572291e-04
8                                      3.8725538510687824e-05
9                                      6.5536944280394982e-01
10                                     1.8112358382596649e-04
11                                     3.4358353414463838e-01
12                                     1.3303519703509632e-08
13                                     3.2043413780997180e-08
14                                     5.9152171267910918e-10
15                                     7.6554754416791982e-09
16                                     2.3147742393921444e-08
17                                     2.8221545741542571e-08
18                                     2.3308436543653991e-08
19                                     6.5247942472379493e-08
20                                     1.6782293077961584e-07
21                                     4.4033037928769455e-07
22                                     1.9621732851468336e-06
23                                     1.9686295214694874e-06
24                                     2.1237305886173990e-06
25                                     6.0379585697382743e-05
$End
$Mayer_Population_Analysis
   &GeometryIndex 1
   &ListStatus       OUT
   &NATOMS [&Type "Integer"] 26 "Total number of atoms"
   &BONDTHRESH [&Type "Double"]       1.0000000000000001e-01  "The threshold for printing"
   &NBONDORDERSPRINT [&Type "Integer"] 26 "The number of bond orders larger than threshold"
   &BONDORDERS [&Type "ArrayOfDoubles", &Dim (26,1)] "The bond orders"
                                                         0

0                                      8.7157433129374118e-01
1                                      9.6612083642955804e-01
2                                      9.7904105385344631e-01
3                                      9.7421852007687360e-01
4                                      8.9707015484368124e-01
5                                      9.6047012713463442e-01
6                                      9.9757824966063491e-01
7                                      7.8400713746618289e-01
8                                      1.0076504155991031e+00
9                                      9.7434527802428517e-01
10                                     1.3803318809932918e+00
11                                     1.3674061974335037e+00
12                                     1.3607550995717710e+00
13                                     9.5047710987064160e-01
14                                     1.3260583996868134e+00
15                                     9.6849622372453337e-01
16                                     1.3880441407004591e+00
17                                     9.6265322704872702e-01
18                                     1.3279169468813510e+00
19                                     1.0358874692818549e+00
20                                     9.0614591470174677e-01
21                                     8.5151125851388798e-01
22                                     9.5390572918080929e-01
23                                     9.5317624233360965e-01
24                                     9.6016972896652042e-01
25                                     8.3227959260315543e-01
   &COMPONENTS [&Type "ArrayOfIntegers", &Dim (26,4)] "The indices and atomic numbers of the bonding atoms"
                                                         0                           1                           2                           3

0                                                        0                           6                           1                           6
1                                                        0                           6                          12                           1
2                                                        0                           6                          13                           1
3                                                        0                           6                          14                           1
4                                                        1                           6                           2                           6
5                                                        1                           6                          15                           1
6                                                        1                           6                          16                           1
7                                                        2                           6                           3                           6
8                                                        2                           6                          17                           1
9                                                        2                           6                          18                           1
10                                                       3                           6                           4                           6
11                                                       3                           6                           8                           6
12                                                       4                           6                           5                           6
13                                                       4                           6                          19                           1
14                                                       5                           6                           6                           6
15                                                       5                           6                          20                           1
16                                                       6                           6                           7                           6
17                                                       6                           6                          11                           8
18                                                       7                           6                           8                           6
19                                                       7                           6                           9                           8
20                                                       8                           6                          21                           1
21                                                       9                           8                          10                           6
22                                                      10                           6                          22                           1
23                                                      10                           6                          23                           1
24                                                      10                           6                          24                           1
25                                                      11                           8                          25                           1
   &ATNO [&Type "ArrayOfIntegers", &Dim (26,1)] "Atomic number of the elements"
                                                         0

0                                                        6
1                                                        6
2                                                        6
3                                                        6
4                                                        6
5                                                        6
6                                                        6
7                                                        6
8                                                        6
9                                                        8
10                                                       6
11                                                       8
12                                                       1
13                                                       1
14                                                       1
15                                                       1
16                                                       1
17                                                       1
18                                                       1
19                                                       1
20                                                       1
21                                                       1
22                                                       1
23                                                       1
24                                                       1
25                                                       1
   &NA [&Type "ArrayOfDoubles", &Dim (26,1)] "Mulliken gross atomic population"
                                                         0

0                                      6.5359057305786523e+00
1                                      6.2443622837071411e+00
2                                      6.3195466330544292e+00
3                                      5.8900067336886766e+00
4                                      6.2524142850735789e+00
5                                      6.3471751504747758e+00
6                                      5.8102142473306246e+00
7                                      5.8244292440619692e+00
8                                      6.3138715766818878e+00
9                                      8.2399890394965816e+00
10                                     6.3368111998075340e+00
11                                     8.4424649528921858e+00
12                                     8.4328095432630523e-01
13                                     8.3591318846251683e-01
14                                     8.4264064696778196e-01
15                                     8.4685533776482058e-01
16                                     8.3990294919087194e-01
17                                     8.3075097136316112e-01
18                                     8.3469669303918470e-01
19                                     8.2065587972244447e-01
20                                     8.1680438075182504e-01
21                                     8.1371629922746924e-01
22                                     8.2809631313151721e-01
23                                     8.2839563123924886e-01
24                                     8.2567326911241767e-01
25                                     6.3542640885226087e-01
   &ZA [&Type "ArrayOfDoubles", &Dim (26,1)] "Total nuclear charge"
                                                         0

0                                      6.0000000000000000e+00
1                                      6.0000000000000000e+00
2                                      6.0000000000000000e+00
3                                      6.0000000000000000e+00
4                                      6.0000000000000000e+00
5                                      6.0000000000000000e+00
6                                      6.0000000000000000e+00
7                                      6.0000000000000000e+00
8                                      6.0000000000000000e+00
9                                      8.0000000000000000e+00
10                                     6.0000000000000000e+00
11                                     8.0000000000000000e+00
12                                     1.0000000000000000e+00
13                                     1.0000000000000000e+00
14                                     1.0000000000000000e+00
15                                     1.0000000000000000e+00
16                                     1.0000000000000000e+00
17                                     1.0000000000000000e+00
18                                     1.0000000000000000e+00
19                                     1.0000000000000000e+00
20                                     1.0000000000000000e+00
21                                     1.0000000000000000e+00
22                                     1.0000000000000000e+00
23                                     1.0000000000000000e+00
24                                     1.0000000000000000e+00
25                                     1.0000000000000000e+00
   &QA [&Type "ArrayOfDoubles", &Dim (26,1)] "Mulliken gross atomic charge"
                                                         0

0                                     -5.3590573057865232e-01
1                                     -2.4436228370714108e-01
2                                     -3.1954663305442921e-01
3                                      1.0999326631132345e-01
4                                     -2.5241428507357888e-01
5                                     -3.4717515047477576e-01
6                                      1.8978575266937536e-01
7                                      1.7557075593803084e-01
8                                     -3.1387157668188781e-01
9                                     -2.3998903949658157e-01
10                                    -3.3681119980753405e-01
11                                    -4.4246495289218579e-01
12                                     1.5671904567369477e-01
13                                     1.6408681153748317e-01
14                                     1.5735935303221804e-01
15                                     1.5314466223517942e-01
16                                     1.6009705080912806e-01
17                                     1.6924902863683888e-01
18                                     1.6530330696081530e-01
19                                     1.7934412027755553e-01
20                                     1.8319561924817496e-01
21                                     1.8628370077253076e-01
22                                     1.7190368686848279e-01
23                                     1.7160436876075114e-01
24                                     1.7432673088758233e-01
25                                     3.6457359114773913e-01
   &VA [&Type "ArrayOfDoubles", &Dim (26,1)] "Mayer's total valence"
                                                         0

0                                      3.7604394891373598e+00
1                                      3.6078148412161433e+00
2                                      3.6012049412044758e+00
3                                      3.4458115143406212e+00
4                                      3.8103481533174528e+00
5                                      3.8078120735904601e+00
6                                      3.6993337169996607e+00
7                                      3.7995965810522470e+00
8                                      3.7508578224443849e+00
9                                      1.9871684115605801e+00
10                                     3.7364055448041444e+00
11                                     1.9498536586201360e+00
12                                     9.5919851457325056e-01
13                                     9.5798301246851869e-01
14                                     9.5869209171952852e-01
15                                     9.5760982592163946e-01
16                                     9.6105594026346730e-01
17                                     9.6034826869460099e-01
18                                     9.5762496118763041e-01
19                                     9.5950234528310940e-01
20                                     9.5993098400390409e-01
21                                     9.5762920195668721e-01
22                                     9.4858816570903026e-01
23                                     9.4846847904866882e-01
24                                     9.5155593801588167e-01
25                                     8.8175023780571193e-01
   &BVA [&Type "ArrayOfDoubles", &Dim (26,1)] "Mayer's bonded valence"
                                                         0

0                                      3.7604394891372870e+00
1                                      3.6078148412161006e+00
2                                      3.6012049412045797e+00
3                                      3.4458115143404759e+00
4                                      3.8103481533173955e+00
5                                      3.8078120735905281e+00
6                                      3.6993337169997087e+00
7                                      3.7995965810522989e+00
8                                      3.7508578224443019e+00
9                                      1.9871684115605142e+00
10                                     3.7364055448041240e+00
11                                     1.9498536586204023e+00
12                                     9.5919851457324135e-01
13                                     9.5798301246852524e-01
14                                     9.5869209171951497e-01
15                                     9.5760982592163491e-01
16                                     9.6105594026346775e-01
17                                     9.6034826869461909e-01
18                                     9.5762496118763107e-01
19                                     9.5950234528309719e-01
20                                     9.5993098400389931e-01
21                                     9.5762920195669277e-01
22                                     9.4858816570902638e-01
23                                     9.4846847904867682e-01
24                                     9.5155593801588589e-01
25                                     8.8175023780571959e-01
   &FA [&Type "ArrayOfDoubles", &Dim (26,1)] "Mayer's free valence"
                                                         0

0                                      0.0000000000000000e+00
1                                      0.0000000000000000e+00
2                                      0.0000000000000000e+00
3                                      0.0000000000000000e+00
4                                      0.0000000000000000e+00
5                                      0.0000000000000000e+00
6                                      0.0000000000000000e+00
7                                      0.0000000000000000e+00
8                                      0.0000000000000000e+00
9                                      0.0000000000000000e+00
10                                     0.0000000000000000e+00
11                                     0.0000000000000000e+00
12                                     0.0000000000000000e+00
13                                     0.0000000000000000e+00
14                                     0.0000000000000000e+00
15                                     0.0000000000000000e+00
16                                     0.0000000000000000e+00
17                                     0.0000000000000000e+00
18                                     0.0000000000000000e+00
19                                     0.0000000000000000e+00
20                                     0.0000000000000000e+00
21                                     0.0000000000000000e+00
22                                     0.0000000000000000e+00
23                                     0.0000000000000000e+00
24                                     0.0000000000000000e+00
25                                     0.0000000000000000e+00
$End
$VdW_Correction
   &GeometryIndex 1
   &ListStatus       OUT
   &VDW [&Type "Double"]      -9.2324969846089271e-03
$End
$Calculation_Info
   &GeometryIndex 1
   &ListStatus       OUT
   &MULT [&Type "Integer"] 1
   &CHARGE [&Type "Integer"] 0
   &NUMOFATOMS [&Type "Integer"] 26
   &NUMOFELECTRONS [&Type "Integer"] 90
   &NUMOFFCELECTRONS [&Type "Integer"] 1
   &NUMOFCORRELECTRONS [&Type "Integer"] 0
   &NUMOFBASISFUNCTS [&Type "Integer"] 308
   &NUMOFAUXCBASISFUNCTS [&Type "Integer"] 0
   &NUMOFAUXJBASISFUNCTS [&Type "Integer"] 742
   &NUMOFAUXJKBASISFUNCTS [&Type "Integer"] 0
   &NUMOFCABSBASISFUNCTS [&Type "Integer"] 0
   &TOTALENERGY [&Type "Double"]      -5.3981074304666913e+02  "Hartrees"
$End
$SCF_Dipole_Moment
   &GeometryIndex 1
   &ListStatus       OUT
   &METHOD [&Type "String"] "SCF"
   &LEVEL [&Type "String"] "Relaxed density"
   &MULT [&Type "Integer"] 1
   &STATE [&Type "Integer"] -1
   &IRREP [&Type "Integer"] 0
   &NATOMS [&Type "Integer"] 26
   &DODIPOLEATOM [&Type "Boolean"] false
   &DIPOLEELECCONTRIB [&Type "ArrayOfDoubles", &Dim (3,1)] "Electronic contribution"
                                                         0

0                                      1.2236882881984872e+01
1                                      6.6003007106415810e+00
2                                      9.5633767371889511e-01
   &DIPOLENUCCONTRIB [&Type "ArrayOfDoubles", &Dim (3,1)] "Nuclear contribution"
                                                         0

0                                     -1.2532824445156800e+01
1                                     -8.0588194554315393e+00
2                                     -6.6128277552134329e-01
   &DIPOLETOTAL [&Type "ArrayOfDoubles", &Dim (3,1)] "Total"
                                                         0

0                                     -2.9594156317192777e-01
1                                     -1.4585187447899584e+00
2                                      2.9505489819755182e-01
   &DIPOLEMAGNITUDE [&Type "Double", &Units "a.u."]       1.5172065550434084e+00
$End
