$hessian                                                                        
        0.4743948126   0.0317338530   0.0264147048  -0.1344259654   0.0449124395
        0.0447381049  -0.0135343200   0.0046041295   0.0106542544  -0.0271322186
        0.0146027618   0.0020139279  -0.0008360024  -0.0002620634  -0.0038623079
        0.0003068782   0.0008630359   0.0004289742   0.0002350309  -0.0001383338
        0.0000334568  -0.0000059114   0.0000354071  -0.0000469955  -0.0001218128
       -0.0000264941   0.0000355455   0.0000530339  -0.0000253220  -0.0000352406
        0.0052858677   0.0006137852  -0.0001350415  -0.0003978497  -0.0012940702
       -0.0002318544  -0.0818792934  -0.0573139296   0.0682206792  -0.1581839986
        0.0288492329  -0.1192511106  -0.0647350774  -0.0657372379  -0.0308276257
       -0.0007978260  -0.0012804581   0.0022270600   0.0008219921   0.0003838037
       -0.0010215541   0.0001886682   0.0006594375  -0.0000906350   0.0004904428
       -0.0011028233   0.0008982868   0.0000226727   0.0000182606   0.0000069230
       -0.0000019980   0.0000080140   0.0000129153  -0.0000252343   0.0000111766
        0.0000103201   0.0000058854  -0.0000007887   0.0000072823   0.0001963346
       -0.0000789248  -0.0001284774   0.0000256523   0.0000059753  -0.0000389142
        0.0000502365  -0.0000408668  -0.0000326785
        0.0317338530   0.5049798703  -0.0194081761   0.0502310449  -0.0838298093
       -0.0227165817  -0.0093786760   0.0051494749   0.0064363413   0.0090023731
       -0.0048662295  -0.0013836181   0.0011709441  -0.0000987585   0.0014164192
        0.0000091433   0.0000146342  -0.0003653041  -0.0002431965  -0.0005572466
        0.0001473437   0.0001941486   0.0003366517   0.0000425870   0.0001501428
        0.0001731277  -0.0001776170  -0.0000110097   0.0000172198   0.0000214651
        0.0126533082  -0.0186479919  -0.0128927201  -0.0013476668  -0.0044838791
       -0.0015597461  -0.0569784505  -0.1257662212   0.1011475653   0.0287084492
       -0.0499956530   0.0309171312  -0.0650227687  -0.2220142285  -0.0835043329
       -0.0017538803  -0.0009150400   0.0029206248  -0.0007898861   0.0003283082
       -0.0000561249  -0.0001343151   0.0007990645   0.0005216695   0.0006693549
        0.0002830528  -0.0006361131   0.0000354447  -0.0000327431   0.0000058550
        0.0000059630  -0.0000046549  -0.0000127644   0.0000228507  -0.0000063750
       -0.0000046958  -0.0000257289   0.0000058563   0.0000066246   0.0015994264
       -0.0008235942  -0.0010672762  -0.0000150720  -0.0001609366   0.0000612029
       -0.0004857963   0.0001161008   0.0001402409
        0.0264147048  -0.0194081761   0.5105196134   0.0418720559  -0.0172554765
       -0.0815727497   0.0193080943  -0.0069450933  -0.0140199408  -0.0124403885
        0.0084805452   0.0064989057  -0.0023585720  -0.0007385823  -0.0055097017
       -0.0013761165   0.0002294100   0.0020481185   0.0010181742  -0.0009914165
       -0.0006187936  -0.0000185489   0.0005783726   0.0001479973  -0.0002723955
       -0.0001196410   0.0003436074  -0.0000587990  -0.0000411591  -0.0000243313
        0.0069439818  -0.0104060571  -0.0040826096  -0.0005095475  -0.0022375056
       -0.0009597216   0.0682311789   0.1011110541  -0.1648729042  -0.1189795364
        0.0307983991  -0.1643335401  -0.0304877676  -0.0834564588  -0.0814189026
        0.0027744772   0.0021063141  -0.0035474427   0.0012493265  -0.0008848233
        0.0006641713  -0.0001934942  -0.0005963834   0.0003575072  -0.0016906230
        0.0001494015   0.0008641388  -0.0000278840   0.0000506733  -0.0000651760
       -0.0000144754  -0.0000071909   0.0000245365  -0.0000117540   0.0000134998
        0.0000056752   0.0000026093   0.0000004602  -0.0000219506   0.0008257938
       -0.0004387997  -0.0005201787   0.0000066759   0.0000341743   0.0001503240
       -0.0002071701  -0.0000255405  -0.0000566520
       -0.1344259654   0.0502310449   0.0418720559   0.4230051752  -0.0477345972
       -0.0293225303  -0.0811605481  -0.0240034576   0.0382105426  -0.0961044799
        0.0246217765  -0.0511807387  -0.0426929001   0.0104230329  -0.0290078835
        0.0028890098   0.0005850970   0.0025266348   0.0013099153  -0.0002664138
       -0.0013866465  -0.0000833210   0.0002707264   0.0002926612  -0.0002671097
       -0.0003508637   0.0004334417   0.0000945593  -0.0001034856  -0.0001020329
       -0.0441160988  -0.0327641277  -0.0062269413   0.0076706575   0.0113113079
        0.0022555515  -0.0120282666   0.0046873580   0.0081098887  -0.0216434577
        0.0124361568   0.0073224917   0.0040065295   0.0002966238  -0.0007517644
       -0.0103140748  -0.0114992149   0.0188020783   0.0067076895   0.0117096561
       -0.0167438874  -0.0049139829  -0.0090389863   0.0086198983   0.0040286692
       -0.0029281226   0.0051983980  -0.0000431602   0.0000849458  -0.0000312111
        0.0000057721  -0.0000007777   0.0000242768  -0.0000386309   0.0000345063
       -0.0000013814   0.0000139774  -0.0000123247  -0.0000286860  -0.0032746264
        0.0019783242   0.0020597230   0.0003592345  -0.0001171230  -0.0001260401
        0.0010154333   0.0001489382  -0.0008178990
        0.0449124395  -0.0838298093  -0.0172554765  -0.0477345972   0.3342626733
       -0.0870967234  -0.0223012005  -0.0937992529   0.0526985363   0.0428699987
       -0.0655101501   0.0469920634  -0.0011953659   0.0183804836   0.0111245247
       -0.0003338403  -0.0060897956  -0.0038110763   0.0004585714   0.0016424846
       -0.0011454754  -0.0005461494  -0.0002677560   0.0003335486   0.0000449162
       -0.0001331904   0.0002098084   0.0001076323  -0.0001085207   0.0000182555
       -0.0329258041  -0.0646771880  -0.0214457713   0.0025586346  -0.0045600847
       -0.0013128831  -0.0121484963   0.0068739733   0.0064690724   0.0085168765
       -0.0048058913  -0.0019722661   0.0198682392  -0.0159925807  -0.0125906485
        0.0037853297   0.0076654539  -0.0103629198  -0.0007238169  -0.0059611353
        0.0082761968  -0.0115286409  -0.0191017528   0.0188138282   0.0057599667
       -0.0042035607   0.0123965689  -0.0000578526  -0.0000584047  -0.0000011742
       -0.0000210019   0.0000092897   0.0000250594  -0.0000145551   0.0000107802
       -0.0000006175   0.0000074822   0.0000031264  -0.0000063186   0.0008272917
        0.0001467672  -0.0006334711   0.0000411015   0.0001033916   0.0004596160
       -0.0002271591   0.0000006493  -0.0001822567
        0.0447381049  -0.0227165817  -0.0815727497  -0.0293225303  -0.0870967234
        0.4354633570   0.0392606269   0.0599272720  -0.1393888084  -0.0494612922
        0.0344665845  -0.1320130091  -0.0164460131   0.0086943494   0.0051872056
        0.0006000489  -0.0041454980   0.0006042249   0.0003461371   0.0006213893
       -0.0006107869   0.0000979019  -0.0004244665   0.0004609326  -0.0000475920
        0.0000427305  -0.0000891218  -0.0000225640   0.0000295363   0.0000192006
       -0.0039057594  -0.0077888670  -0.0239874840  -0.0002253832  -0.0046750919
       -0.0022727965   0.0178702588  -0.0086328431  -0.0122577704  -0.0148398672
        0.0090031372   0.0073572381   0.0096591401  -0.0083205526  -0.0057027393
        0.0081268207   0.0072292432  -0.0141548677   0.0044741749   0.0145562376
       -0.0204563900  -0.0013700242  -0.0012022359   0.0053794582  -0.0099775295
        0.0108151069  -0.0206562054   0.0000315768   0.0000477615  -0.0000012469
       -0.0000065742   0.0000000907   0.0000104877   0.0000220510  -0.0000125548
       -0.0000170161   0.0000195506  -0.0000213655  -0.0000163130   0.0008777359
       -0.0000809700  -0.0010283542  -0.0004189186  -0.0005301044  -0.0002341214
       -0.0000800806   0.0002144157  -0.0000223238
       -0.0135343200  -0.0093786760   0.0193080943  -0.0811605481  -0.0223012005
        0.0392606269   0.5210800948  -0.0163746874   0.0151590067   0.0056604203
        0.0084780106  -0.0132552113   0.0010151031  -0.0006650731   0.0004838475
       -0.0030528522   0.0020537157  -0.0017342696   0.0012832564  -0.0015343421
       -0.0011806336  -0.0001533846   0.0012184874   0.0001460945  -0.0003776659
       -0.0000917491   0.0003375854   0.0002441470  -0.0001617648  -0.0001566105
       -0.0039139346  -0.0113998796   0.0043040911  -0.0005178401   0.0001285317
        0.0000478749  -0.0037439017   0.0017452622   0.0029991990   0.0004735979
       -0.0007542696   0.0010365361   0.0004542783  -0.0005904390  -0.0002321214
       -0.1690592294   0.0879621473   0.0832480980  -0.1767071683   0.0365162066
       -0.1140815509  -0.0766608494  -0.0768751041  -0.0328124665  -0.0015842687
        0.0014163266  -0.0030271656   0.0001709992   0.0000165520  -0.0000205494
       -0.0000393508   0.0000024407   0.0000447711  -0.0001002764   0.0000433995
        0.0000494334  -0.0000344107   0.0000410739   0.0000085299  -0.0000933903
        0.0001128203   0.0001481956   0.0004434259   0.0003086546   0.0000986123
       -0.0000919316   0.0000835564  -0.0001800177
        0.0046041295   0.0051494749  -0.0069450933  -0.0240034576  -0.0937992529
        0.0599272720  -0.0163746874   0.4891003547   0.0339915847  -0.0015572240
       -0.0049768989   0.0089224638  -0.0003296367   0.0003262064  -0.0006210147
        0.0006398963   0.0001658247   0.0001256942   0.0001563757  -0.0010781293
        0.0003346430   0.0001894806   0.0005394355  -0.0000576731   0.0000731390
        0.0002395199  -0.0003293081   0.0000651951  -0.0000314263  -0.0000000952
       -0.0137353076  -0.0246517833   0.0079370531   0.0002033560   0.0011452694
       -0.0002008376   0.0022989546  -0.0004123872  -0.0015932780  -0.0000545016
        0.0001628774  -0.0007145006   0.0005020022   0.0007890945  -0.0001355234
        0.0879245493  -0.1035931537  -0.0580256724   0.0366798956  -0.0525296837
        0.0298217858  -0.0776480061  -0.2163861464  -0.0738394396   0.0005979698
        0.0003169237   0.0009104709   0.0001035186  -0.0000331360   0.0000960960
        0.0000308447  -0.0000014716  -0.0000125497   0.0000038558  -0.0000157059
       -0.0000229573  -0.0000136857   0.0000149076   0.0000189965  -0.0002464334
        0.0002531304   0.0004029061   0.0000072294  -0.0005385908   0.0000528685
       -0.0001174522  -0.0001552529  -0.0000438916
        0.0106542544   0.0064363413  -0.0140199408   0.0382105426   0.0526985363
       -0.1393888084   0.0151590067   0.0339915847   0.4824541218   0.0033531688
        0.0127713903  -0.0199807191   0.0022933924  -0.0008944878   0.0013761633
       -0.0036954255   0.0007590476  -0.0009393778   0.0013441978  -0.0006778253
       -0.0009085802  -0.0001038271   0.0003032233   0.0002572239  -0.0003984524
       -0.0002053092   0.0002233687  -0.0000152304  -0.0000443858  -0.0000143590
       -0.0027113636  -0.0030164015   0.0047214593   0.0006145904   0.0002629677
       -0.0005403453   0.0023219140  -0.0007490954  -0.0012801643  -0.0007788000
        0.0002623577   0.0006138752  -0.0001099950   0.0007696867   0.0002579746
        0.0840685960  -0.0587234822  -0.0984855230  -0.1147805506   0.0291962756
       -0.1398030949  -0.0335099709  -0.0748430747  -0.0728509056  -0.0017611318
        0.0020486683  -0.0020096014  -0.0000570756   0.0001078172  -0.0000698942
       -0.0000390736   0.0000235057   0.0000449423  -0.0000203986   0.0000092336
        0.0000082201   0.0000055057  -0.0000144760   0.0000023151   0.0000362267
       -0.0000764906   0.0001877996  -0.0001359278  -0.0002619604   0.0000912354
        0.0000558273  -0.0001336472   0.0000526147
       -0.0271322186   0.0090023731  -0.0124403885  -0.0961044799   0.0428699987
       -0.0494612922   0.0056604203  -0.0015572240   0.0033531688   0.8273272919
        0.0080051401  -0.0001142334  -0.5770091383   0.0111861334  -0.0423960578
       -0.0415426323  -0.0103665358   0.0162049535  -0.0059196535  -0.0024144164
        0.0042263542   0.0014910535  -0.0010487894  -0.0023549554   0.0002652000
        0.0015390058  -0.0007366042   0.0000394404  -0.0000072252   0.0003593716
       -0.0031290021  -0.0130671668  -0.0071433716  -0.0021202345   0.0001945131
       -0.0007032828  -0.0002816243   0.0006660988  -0.0005402516  -0.0038025772
        0.0025371935   0.0004325976   0.0007753297  -0.0008118463  -0.0006337528
        0.0006218703   0.0003150804   0.0007893760  -0.0003809539  -0.0018000693
        0.0026700838   0.0004854286  -0.0007434402   0.0003131154  -0.0796096547
       -0.0457292947   0.0852194379   0.0000930936  -0.0001282788   0.0001773095
       -0.0001309801   0.0001140184  -0.0000123340   0.0000950148  -0.0000497997
        0.0000386428  -0.0000933864   0.0000128628   0.0001522791   0.0000981507
       -0.0000312565   0.0004463812  -0.0003103227   0.0001497507   0.0004173119
        0.0006145647   0.0011631743   0.0017361411
        0.0146027618  -0.0048662295   0.0084805452   0.0246217765  -0.0655101501
        0.0344665845   0.0084780106  -0.0049768989   0.0127713903   0.0080051401
        0.2209417878  -0.1582462337   0.0283762422  -0.0525199216   0.0188191497
       -0.0245026278  -0.0000839448   0.0051642934  -0.0007214562  -0.0008564114
        0.0007642739  -0.0001391455  -0.0002650950  -0.0002034459  -0.0008732497
        0.0003311550   0.0006135478  -0.0001513154  -0.0000516252   0.0001766922
       -0.0143770113  -0.0079117560  -0.0126210821   0.0014533852  -0.0001445094
       -0.0002265697  -0.0010497071   0.0002063919   0.0002850555   0.0021662434
       -0.0011048547  -0.0006040031   0.0007050858   0.0000569064   0.0004239458
       -0.0000613818   0.0003058176  -0.0005211977  -0.0010049104  -0.0011502461
        0.0024307102   0.0003417996   0.0001008278   0.0003061055  -0.0461308888
       -0.0819942579   0.0893752988  -0.0000289610   0.0000783990   0.0001275428
       -0.0000302356   0.0000077131   0.0000052530  -0.0000266737   0.0000071327
        0.0000268515   0.0000370674  -0.0000293734  -0.0000247284  -0.0001839474
        0.0001443036  -0.0001557337  -0.0000283880  -0.0000991193  -0.0001416373
        0.0005223871  -0.0006160415  -0.0014926088
        0.0020139279  -0.0013836181   0.0064989057  -0.0511807387   0.0469920634
       -0.1320130091  -0.0132552113   0.0089224638  -0.0199807191  -0.0001142334
       -0.1582462337   0.4396404396  -0.0632131033   0.0185134938  -0.0753044619
        0.0445674655   0.0046682245  -0.0066771841   0.0019060231   0.0046331134
       -0.0022653284   0.0000644952  -0.0008155276   0.0000677482   0.0018297126
       -0.0011635696  -0.0016980939   0.0004548548   0.0001957843  -0.0002707666
       -0.0110194461  -0.0126405943  -0.0099267161  -0.0002477236   0.0001919913
       -0.0007441962   0.0012559839  -0.0006161366   0.0010307123   0.0026094611
       -0.0016082114  -0.0009727069   0.0005195700  -0.0005467108   0.0002352528
        0.0000228648  -0.0000284097   0.0004915558   0.0015941863   0.0026898265
       -0.0034408438   0.0000302176  -0.0004343201   0.0004812218   0.0819250966
        0.0918321805  -0.1949218421  -0.0000797712  -0.0003038575   0.0000537928
        0.0000446798   0.0000092367  -0.0000597675   0.0000841510  -0.0000467645
       -0.0000434308  -0.0000480183   0.0000104310   0.0000668918  -0.0000434922
        0.0002404431   0.0002107253  -0.0001338576  -0.0001583323  -0.0001958131
        0.0004129056  -0.0009069662  -0.0002623665
       -0.0008360024   0.0011709441  -0.0023585720  -0.0426929001  -0.0011953659
       -0.0164460131   0.0010151031  -0.0003296367   0.0022933924  -0.5770091383
        0.0283762422  -0.0632131033   0.7462267435   0.0122502349  -0.0076889344
       -0.0591662913  -0.0347283297   0.0537808153  -0.0323893013  -0.0011544746
        0.0253601423   0.0009724772  -0.0025958594  -0.0014275762  -0.0033451773
        0.0027658763   0.0035452716  -0.0000615786  -0.0005250882   0.0010355644
       -0.0061484450   0.0004704003  -0.0045201253   0.0006527742   0.0004205044
        0.0012620319  -0.0000693453  -0.0003239074  -0.0003932129  -0.0011126534
        0.0010582843   0.0008094043  -0.0001181665   0.0004798059  -0.0000447588
        0.0003174872  -0.0001660882  -0.0000151013  -0.0001537314  -0.0000422736
       -0.0000760745   0.0003654072   0.0003168137   0.0000077603  -0.0264105326
       -0.0058795793   0.0085160540  -0.0003203897  -0.0001452758   0.0004565429
       -0.0002659473   0.0000647364   0.0000441891   0.0001079133  -0.0000005500
        0.0001337748   0.0000206921  -0.0001570341  -0.0000381452  -0.0002300448
        0.0001789978  -0.0000514711   0.0001240165  -0.0000315182  -0.0000581777
        0.0005270308  -0.0002778591  -0.0009136774
       -0.0002620634  -0.0000987585  -0.0007385823   0.0104230329   0.0183804836
        0.0086943494  -0.0006650731   0.0003262064  -0.0008944878   0.0111861334
       -0.0525199216   0.0185134938   0.0122502349   0.1235683576  -0.0927513965
       -0.0317512790  -0.1011956523   0.0753536283  -0.0015103238   0.0145711494
       -0.0082508296   0.0020724133   0.0043181718  -0.0014833765   0.0043187806
       -0.0019585034  -0.0027884186   0.0011544528   0.0007125403   0.0003011046
        0.0089309077   0.0029027927   0.0053658017  -0.0019596466  -0.0002036056
       -0.0008731777  -0.0000364642   0.0000293093   0.0000002274   0.0001229993
        0.0000450882   0.0002048923  -0.0002577876  -0.0000684969  -0.0002430233
        0.0001366548   0.0001888005   0.0006139874  -0.0001579587  -0.0002801777
        0.0000211129   0.0000582783  -0.0005957942  -0.0000692662  -0.0140183014
       -0.0082568955  -0.0018750224  -0.0000228210  -0.0002454186  -0.0000557386
       -0.0000489458   0.0000883985   0.0000135811   0.0002761107  -0.0000996403
       -0.0001238134  -0.0002905622   0.0000908597   0.0002413133   0.0001077926
       -0.0001465273   0.0000680093  -0.0000361330   0.0000497467   0.0001380225
       -0.0000204314   0.0003974874   0.0006176089
       -0.0038623079   0.0014164192  -0.0055097017  -0.0290078835   0.0111245247
        0.0051872056   0.0004838475  -0.0006210147   0.0013761633  -0.0423960578
        0.0188191497  -0.0753044619  -0.0076889344  -0.0927513965   0.2266759199
        0.0372241354   0.0659017358  -0.1276462317   0.0239071353  -0.0052075347
       -0.0160281146  -0.0031014576   0.0009448255  -0.0000588124   0.0014287261
        0.0016591342  -0.0011573775   0.0007667568   0.0001273144   0.0012526529
       -0.0019154374   0.0002062910  -0.0018653647  -0.0005417940   0.0001859594
       -0.0002650615   0.0004936292  -0.0002804479  -0.0001860650  -0.0021492534
        0.0011973135   0.0008159404   0.0001743465  -0.0000303604  -0.0000161475
       -0.0001441153  -0.0006279980  -0.0012776136   0.0005130911   0.0001822009
       -0.0003625098  -0.0004205418   0.0009765615   0.0000452348   0.0250682740
       -0.0030567900  -0.0058946087   0.0005379845  -0.0000385284  -0.0002716953
       -0.0001133609   0.0000217885   0.0001754168   0.0003015225  -0.0002243780
       -0.0003415468   0.0000625005   0.0001279296  -0.0000733290   0.0001583344
        0.0002495491   0.0001287665  -0.0001014725   0.0000089942  -0.0003317589
        0.0003223328  -0.0003112427   0.0009331005
        0.0003068782   0.0000091433  -0.0013761165   0.0028890098  -0.0003338403
        0.0006000489  -0.0030528522   0.0006398963  -0.0036954255  -0.0415426323
       -0.0245026278   0.0445674655  -0.0591662913  -0.0317512790   0.0372241354
        0.2674726456  -0.0415011040  -0.1629716045  -0.0914732495   0.0554553217
        0.0277920846  -0.0040361572   0.0358506741   0.0148599826  -0.0557648277
        0.0035188547   0.0427139857  -0.0015610888  -0.0052042368   0.0043576163
       -0.0024736199   0.0009739677  -0.0013253418   0.0008853157  -0.0005244080
       -0.0005107453   0.0003488142  -0.0002168824   0.0002898073  -0.0002074910
        0.0001564377  -0.0003417765   0.0001482895   0.0001192717   0.0002312153
       -0.0018369671   0.0007589810  -0.0007449754  -0.0015191926   0.0004480559
       -0.0002379733  -0.0003956567  -0.0000944289  -0.0002298663  -0.0066719132
        0.0013676966  -0.0008748340  -0.0003960939   0.0032430367  -0.0017939016
       -0.0016004978   0.0009990003   0.0019711588  -0.0012330153   0.0005438656
        0.0001686556   0.0014860418  -0.0002161245  -0.0011735814  -0.0001056498
       -0.0000052954   0.0000995595   0.0000598725   0.0001816248   0.0001540583
       -0.0005596711   0.0000843993   0.0002463681
        0.0008630359   0.0000146342   0.0002294100   0.0005850970  -0.0060897956
       -0.0041454980   0.0020537157   0.0001658247   0.0007590476  -0.0103665358
       -0.0000839448   0.0046682245  -0.0347283297  -0.1011956523   0.0659017358
       -0.0415011040   0.2807062536  -0.0311736398   0.0452847018  -0.1188149748
       -0.0120961175   0.0440191615  -0.0830276454  -0.0273612464  -0.0016901131
        0.0184915900   0.0010453195  -0.0016510434   0.0003402382  -0.0005952236
       -0.0035165566  -0.0018546814  -0.0018596894  -0.0000972747   0.0007373498
        0.0005304999   0.0002493335   0.0001285770  -0.0002462117   0.0000775187
       -0.0000586538  -0.0000047732  -0.0000222677  -0.0002161692   0.0000430386
       -0.0000089260   0.0000049962  -0.0003978590   0.0005941145   0.0002501772
        0.0000198387  -0.0002221161   0.0002280762   0.0001114586  -0.0007558879
        0.0129244680   0.0050511800   0.0004040132  -0.0010094521  -0.0003682471
        0.0000406043  -0.0003473698  -0.0006142868   0.0000897579  -0.0001418928
        0.0004575373  -0.0006991328  -0.0001397655   0.0005066760   0.0003658437
        0.0001211981   0.0001264623   0.0000968371  -0.0001098635  -0.0001316422
        0.0005355533  -0.0010235223  -0.0004559940
        0.0004289742  -0.0003653041   0.0020481185   0.0025266348  -0.0038110763
        0.0006042249  -0.0017342696   0.0001256942  -0.0009393778   0.0162049535
        0.0051642934  -0.0066771841   0.0537808153   0.0753536283  -0.1276462317
       -0.1629716045  -0.0311736398   0.2067428320   0.0280439605  -0.0232792153
       -0.0676855032   0.0146436922  -0.0191222214   0.0086389912   0.0437218957
       -0.0069389376  -0.0203868513   0.0044029851   0.0038657888   0.0010575303
        0.0024230893  -0.0009376168   0.0014010288  -0.0006837535   0.0001178781
        0.0003965638  -0.0005819594   0.0002124537  -0.0001130027   0.0006759640
       -0.0002977026   0.0000817611  -0.0001344734  -0.0000498370  -0.0002513971
       -0.0020788952   0.0012403136  -0.0001910022  -0.0007617397  -0.0001696794
        0.0005879421   0.0000667464  -0.0008075102  -0.0003326057   0.0023047014
        0.0032190054   0.0048460352  -0.0012527422  -0.0017757950  -0.0011603274
        0.0001989947  -0.0000914111  -0.0004891788   0.0017223064  -0.0007590442
       -0.0008075028  -0.0011156820   0.0001969197   0.0007651427  -0.0000489610
       -0.0001711341  -0.0000597109   0.0000246634   0.0000692413   0.0001849345
        0.0001937038   0.0001849084  -0.0006152295
        0.0002350309  -0.0002431965   0.0010181742   0.0013099153   0.0004585714
        0.0003461371   0.0012832564   0.0001563757   0.0013441978  -0.0059196535
       -0.0007214562   0.0019060231  -0.0323893013  -0.0015103238   0.0239071353
       -0.0914732495   0.0452847018   0.0280439605   0.4042324624   0.1013915363
       -0.1705567941  -0.0676380235  -0.0330828387   0.0034393910  -0.1870486390
       -0.0988409484   0.1071176142  -0.0234451640  -0.0044002126   0.0102041479
        0.0003720532  -0.0010128339   0.0017877653  -0.0000045631   0.0008952982
        0.0000809403  -0.0001541430   0.0001999105  -0.0001863971   0.0003501576
       -0.0001084790   0.0001628506  -0.0002336374  -0.0001128159  -0.0001456826
       -0.0006379876   0.0003575339  -0.0022832137   0.0007542456  -0.0000714765
        0.0002402089  -0.0002658841   0.0007947934  -0.0005308077  -0.0002182390
       -0.0008551373  -0.0001159497   0.0027078622  -0.0059048047  -0.0057131515
        0.0009469412  -0.0008101842  -0.0032703299  -0.0020453988   0.0003509794
        0.0026147410  -0.0006889528  -0.0001089905   0.0014640148   0.0002336796
        0.0001798912  -0.0000329406   0.0001805052  -0.0002826480  -0.0003705322
       -0.0004432732  -0.0020032451  -0.0004715028
       -0.0001383338  -0.0005572466  -0.0009914165  -0.0002664138   0.0016424846
        0.0006213893  -0.0015343421  -0.0010781293  -0.0006778253  -0.0024144164
       -0.0008564114   0.0046331134  -0.0011544746   0.0145711494  -0.0052075347
        0.0554553217  -0.1188149748  -0.0232792153   0.1013915363   0.8875548753
       -0.0752674033  -0.0195721674  -0.5927404145   0.0131502643  -0.1244219913
       -0.1704923596   0.0843540137   0.0020319288   0.0088423479  -0.0007761939
       -0.0012129158   0.0013247938   0.0005268500   0.0025346959  -0.0009481698
       -0.0009517035   0.0000173483  -0.0001793473   0.0004113559  -0.0003848364
        0.0003404742  -0.0002028188   0.0001507193   0.0001247420   0.0000576707
        0.0007548942   0.0011274121   0.0007590458  -0.0005309070   0.0003490388
       -0.0002706457   0.0007491382  -0.0005604824  -0.0000296841  -0.0017207782
       -0.0018843266  -0.0009652445  -0.0164022830  -0.0245334765   0.0118519373
        0.0032488640  -0.0015783696  -0.0037394297   0.0047667996  -0.0015656372
       -0.0020377232   0.0030795432   0.0001588204  -0.0022670067  -0.0004889334
        0.0000520727  -0.0001219619   0.0001065841   0.0002268950   0.0000175395
       -0.0040445803  -0.0005257607   0.0004026272
        0.0000334568   0.0001473437  -0.0006187936  -0.0013866465  -0.0011454754
       -0.0006107869  -0.0011806336   0.0003346430  -0.0009085802   0.0042263542
        0.0007642739  -0.0022653284   0.0253601423  -0.0082508296  -0.0160281146
        0.0277920846  -0.0120961175  -0.0676855032  -0.1705567941  -0.0752674033
        0.2815862642   0.0024719478   0.0171624708  -0.0673476640   0.1095781067
        0.0696102496  -0.1090291228   0.0104442557   0.0035064825  -0.0154350112
       -0.0008441064   0.0004091191  -0.0011029510   0.0001804714  -0.0003564767
       -0.0000531712   0.0001619529  -0.0000980651   0.0000925977  -0.0002331228
        0.0000664532  -0.0001726281   0.0001800552   0.0000050750   0.0001117446
       -0.0005345460  -0.0000852052   0.0003354795  -0.0004711514   0.0000107807
       -0.0002975374   0.0001898224  -0.0003241014   0.0003869258   0.0002153653
        0.0016123656   0.0007103234  -0.0063565794   0.0034271834  -0.0010063847
        0.0035398668  -0.0007489989  -0.0022611053  -0.0037853564   0.0009873383
        0.0006515798   0.0014166672   0.0000479797   0.0002897197   0.0000368789
       -0.0000026271   0.0000009899  -0.0003830873   0.0000973674  -0.0002847709
       -0.0000954044   0.0001861745   0.0009418289
       -0.0000059114   0.0001941486  -0.0000185489  -0.0000833210  -0.0005461494
        0.0000979019  -0.0001533846   0.0001894806  -0.0001038271   0.0014910535
       -0.0001391455   0.0000644952   0.0009724772   0.0020724133  -0.0031014576
       -0.0040361572   0.0440191615   0.0146436922  -0.0676380235  -0.0195721674
        0.0024719478   0.0733143333   0.0230538443  -0.0272273765  -0.0013228448
       -0.0424528052   0.0093618933  -0.0000530360  -0.0027812769   0.0003744888
        0.0003839841   0.0000351207  -0.0007017743  -0.0014481780  -0.0004472008
        0.0002197532   0.0000436330  -0.0000386836  -0.0000553535  -0.0000281400
       -0.0000472812  -0.0000219614   0.0000497506   0.0000138641   0.0000170387
        0.0000076470  -0.0002509982   0.0003790495  -0.0001314817  -0.0000748081
       -0.0000515435   0.0000455288  -0.0001370085   0.0001287983  -0.0000593774
        0.0002169816   0.0000565662  -0.0016038541  -0.0025545094   0.0057046871
        0.0002792031  -0.0003898978  -0.0002376416   0.0008198868  -0.0000856445
       -0.0003971136   0.0001416384  -0.0005675966  -0.0010189976  -0.0001284130
       -0.0000389032  -0.0000040625  -0.0002796285   0.0000731920  -0.0000683806
       -0.0005773847   0.0002558696  -0.0005122735
        0.0000354071   0.0003366517   0.0005783726   0.0002707264  -0.0002677560
       -0.0004244665   0.0012184874   0.0005394355   0.0003032233  -0.0010487894
       -0.0002650950  -0.0008155276  -0.0025958594   0.0043181718   0.0009448255
        0.0358506741  -0.0830276454  -0.0191222214  -0.0330828387  -0.5927404145
        0.0171624708   0.0230538443   0.7497316145  -0.0161115179  -0.0174487164
       -0.0813316003   0.0121500161   0.0007212953   0.0001202196  -0.0007222669
        0.0010851334  -0.0007941030  -0.0001363879  -0.0018631984   0.0007789076
        0.0004445178  -0.0000407348   0.0001057585  -0.0001728334   0.0002372007
       -0.0002123189   0.0001089179  -0.0001110325  -0.0000550495  -0.0000124886
       -0.0002515135  -0.0006965853  -0.0002600722   0.0002489833  -0.0001346641
        0.0002989096  -0.0005269518   0.0003686496   0.0000261061   0.0001727011
        0.0002736609   0.0002892524  -0.0062233663   0.0016928411   0.0044644877
       -0.0003123553   0.0007387051   0.0008670955  -0.0009148356   0.0007476571
        0.0001084220  -0.0003146802   0.0003089960   0.0002723252   0.0002987696
       -0.0000839286   0.0000603803  -0.0000053145  -0.0001322157   0.0000508431
        0.0015469642  -0.0003198927  -0.0003523835
       -0.0000469955   0.0000425870   0.0001479973   0.0002926612   0.0003335486
        0.0004609326   0.0001460945  -0.0000576731   0.0002572239  -0.0023549554
       -0.0002034459   0.0000677482  -0.0014275762  -0.0014833765  -0.0000588124
        0.0148599826  -0.0273612464   0.0086389912   0.0034393910   0.0131502643
       -0.0673476640  -0.0272273765  -0.0161115179   0.0489318566   0.0082754092
        0.0275636261   0.0068139459   0.0003545147   0.0018395088   0.0001009599
        0.0004445028  -0.0002382951   0.0001735755  -0.0010442455   0.0000034547
        0.0003687678  -0.0000268396  -0.0000103734  -0.0000450934   0.0000591483
       -0.0000162007   0.0000362234  -0.0000446032   0.0000585663  -0.0000191679
        0.0001927820  -0.0001568621  -0.0001715324   0.0001114261   0.0000027911
        0.0000364837  -0.0000176281   0.0001754965  -0.0000740597  -0.0001240573
       -0.0002116642  -0.0000644595   0.0054611821   0.0018647242   0.0025693597
       -0.0005622614   0.0000355032   0.0006244443  -0.0001949660   0.0003787158
        0.0000833262  -0.0009735315   0.0004063331  -0.0005556213  -0.0000339196
       -0.0000050465  -0.0000689944   0.0002398626  -0.0001164347   0.0001459193
        0.0002019987   0.0001170168  -0.0010523505
       -0.0001218128   0.0001501428  -0.0002723955  -0.0002671097   0.0000449162
       -0.0000475920  -0.0003776659   0.0000731390  -0.0003984524   0.0002652000
       -0.0008732497   0.0018297126  -0.0033451773   0.0043187806   0.0014287261
       -0.0557648277  -0.0016901131   0.0437218957  -0.1870486390  -0.1244219913
        0.1095781067  -0.0013228448  -0.0174487164   0.0082754092   0.4780826095
        0.0448801838  -0.3012454946  -0.1528157157   0.0452381534   0.0793807345
        0.0000242841   0.0003947274  -0.0005348621  -0.0003122081  -0.0001113515
       -0.0000005134   0.0000797425  -0.0000595343   0.0000376191  -0.0000675387
       -0.0000024289  -0.0000597934   0.0001010500  -0.0000171409   0.0000333042
       -0.0000200337  -0.0000030604   0.0004045697  -0.0001796471  -0.0000407070
       -0.0000731493   0.0000389747  -0.0002897241   0.0001426521  -0.0006277176
       -0.0004936909  -0.0003531329  -0.0338385663   0.0273467779   0.0209367417
       -0.0070842182   0.0032377598   0.0160961442  -0.0341551244   0.0130997490
        0.0191306578  -0.0016253516   0.0063440511   0.0017112900   0.0000342953
       -0.0000619381   0.0000381169  -0.0000347523   0.0000802494   0.0000712681
        0.0003827948   0.0003050161   0.0001684374
       -0.0000264941   0.0001731277  -0.0001196410  -0.0003508637  -0.0001331904
        0.0000427305  -0.0000917491   0.0002395199  -0.0002053092   0.0015390058
        0.0003311550  -0.0011635696   0.0027658763  -0.0019585034   0.0016591342
        0.0035188547   0.0184915900  -0.0069389376  -0.0988409484  -0.1704923596
        0.0696102496  -0.0424528052  -0.0813316003   0.0275636261   0.0448801838
        0.7361266691  -0.0164122647   0.0446051660  -0.1019480126  -0.0323264833
       -0.0000335106  -0.0000012217  -0.0004164588  -0.0005069052   0.0001488930
        0.0001323197   0.0000402773  -0.0000241272  -0.0000304290  -0.0000194936
       -0.0000356868  -0.0000033739   0.0000167329   0.0000220269   0.0000409674
       -0.0001237027  -0.0001863941   0.0000736080  -0.0000486124  -0.0000657327
       -0.0000246101  -0.0000130596   0.0000072182   0.0000949421   0.0004652747
        0.0002302231  -0.0000112955   0.0257806792  -0.3888617527  -0.0286615427
       -0.0060880234   0.0051924891   0.0020568328  -0.0033965891   0.0048189217
        0.0046660297   0.0273916684  -0.0207205525  -0.0197670999   0.0001345894
        0.0000043222   0.0000400451  -0.0001533742  -0.0000111653  -0.0000711076
        0.0010078230  -0.0000158566   0.0001716375
        0.0000355455  -0.0001776170   0.0003436074   0.0004334417   0.0002098084
       -0.0000891218   0.0003375854  -0.0003293081   0.0002233687  -0.0007366042
        0.0006135478  -0.0016980939   0.0035452716  -0.0027884186  -0.0011573775
        0.0427139857   0.0010453195  -0.0203868513   0.1071176142   0.0843540137
       -0.1090291228   0.0093618933   0.0121500161   0.0068139459  -0.3012454946
       -0.0164122647   0.2612394619   0.0798097419  -0.0332618458  -0.0980073188
        0.0003305837  -0.0002877249   0.0005860913   0.0001000436   0.0000400765
       -0.0001172362  -0.0001311351   0.0000291027   0.0000147186   0.0001140007
       -0.0000133536   0.0000607856  -0.0000826505   0.0000282756  -0.0000607384
        0.0002784800   0.0003234612  -0.0000669204   0.0000968805   0.0000505425
        0.0001530996   0.0000136001   0.0000362152  -0.0002642565   0.0004656846
        0.0003140666   0.0003100946   0.0208524709  -0.0292088848  -0.0210807938
        0.0284942888  -0.0126393066  -0.0220957641   0.0062488396   0.0009276212
        0.0053719889   0.0021690069  -0.0048952823  -0.0009063905  -0.0000791124
       -0.0000134931   0.0000016067   0.0001952624   0.0000057840   0.0001608087
       -0.0004392243  -0.0001003515  -0.0003195919
        0.0000530339  -0.0000110097  -0.0000587990   0.0000945593   0.0001076323
       -0.0000225640   0.0002441470   0.0000651951  -0.0000152304   0.0000394404
       -0.0001513154   0.0004548548  -0.0000615786   0.0011544528   0.0007667568
       -0.0015610888  -0.0016510434   0.0044029851  -0.0234451640   0.0020319288
        0.0104442557  -0.0000530360   0.0007212953   0.0003545147  -0.1528157157
        0.0446051660   0.0798097419   0.4815541610   0.0301621245   0.0158105504
       -0.0001694840  -0.0000410851  -0.0000126126   0.0002143384   0.0000691965
       -0.0000039016  -0.0000144747   0.0000106215   0.0000086928  -0.0000426326
        0.0000097824   0.0000057485  -0.0000111022  -0.0000015330   0.0000121106
       -0.0001642408  -0.0000904030   0.0000125848  -0.0000179258   0.0000054418
        0.0000061837  -0.0000859440  -0.0000015258   0.0000420687  -0.0001128567
       -0.0001696398  -0.0001339177  -0.0023121212   0.0031258197  -0.0010323970
       -0.0421883624   0.0046731906  -0.0237377359  -0.2142593921  -0.0641235905
       -0.0870279505  -0.0447601599  -0.0204381842  -0.0000829199  -0.0000267469
        0.0000044488  -0.0000246960  -0.0000446820  -0.0000322408  -0.0000359723
       -0.0000529718  -0.0000347253   0.0000576483
       -0.0000253220   0.0000172198  -0.0000411591  -0.0001034856  -0.0001085207
        0.0000295363  -0.0001617648  -0.0000314263  -0.0000443858  -0.0000072252
       -0.0000516252   0.0001957843  -0.0005250882   0.0007125403   0.0001273144
       -0.0052042368   0.0003402382   0.0038657888  -0.0044002126   0.0088423479
        0.0035064825  -0.0027812769   0.0001202196   0.0018395088   0.0452381534
       -0.1019480126  -0.0332618458   0.0301621245   0.5163054664  -0.0212073445
        0.0000565265   0.0001361280  -0.0000609108  -0.0000217128  -0.0000820175
       -0.0000440846   0.0000276665  -0.0000114513   0.0000012174  -0.0000010778
        0.0000014093  -0.0000154047   0.0000093381   0.0000164435   0.0000151784
        0.0000626217  -0.0000175070   0.0000319699  -0.0000048472   0.0000108153
       -0.0000216141   0.0000012574   0.0000206062   0.0000240307  -0.0000533119
       -0.0001006541  -0.0000552951   0.0191772803  -0.0095646783  -0.0135435468
        0.0064420814  -0.0674452504   0.0730516512  -0.0622740728  -0.0637822431
       -0.0288252234  -0.0256612143  -0.2834872489   0.0143560367  -0.0000126545
       -0.0000070325   0.0000114541  -0.0000079783   0.0000279531  -0.0000006315
        0.0000684322   0.0000862804   0.0000654928
       -0.0000352406   0.0000214651  -0.0000243313  -0.0001020329   0.0000182555
        0.0000192006  -0.0001566105  -0.0000000952  -0.0000143590   0.0003593716
        0.0001766922  -0.0002707666   0.0010355644   0.0003011046   0.0012526529
        0.0043576163  -0.0005952236   0.0010575303   0.0102041479  -0.0007761939
       -0.0154350112   0.0003744888  -0.0007222669   0.0001009599   0.0793807345
       -0.0323264833  -0.0980073188   0.0158105504  -0.0212073445   0.4910595268
        0.0000331187   0.0000826711  -0.0000206959  -0.0000637728  -0.0000333927
       -0.0000284643   0.0000210357  -0.0000088972  -0.0000021434   0.0000068579
       -0.0000045413  -0.0000057040   0.0000079829   0.0000068681   0.0000084281
        0.0000557241  -0.0000205379   0.0000187695   0.0000170569  -0.0000011397
       -0.0000192617   0.0000504966   0.0000399025   0.0000146525   0.0001007595
       -0.0001129834  -0.0000777307  -0.0007308566  -0.0022681448  -0.0034949318
       -0.0242583807   0.0743472662  -0.2498657612  -0.0863140596  -0.0275461382
       -0.0822170889  -0.0001965586   0.0106189495  -0.0440681963   0.0000261342
        0.0000016259   0.0000146612  -0.0000016661   0.0000013067   0.0000140409
        0.0000175382   0.0000072753  -0.0000086578
        0.0052858677   0.0126533082   0.0069439818  -0.0441160988  -0.0329258041
       -0.0039057594  -0.0039139346  -0.0137353076  -0.0027113636  -0.0031290021
       -0.0143770113  -0.0110194461  -0.0061484450   0.0089309077  -0.0019154374
       -0.0024736199  -0.0035165566   0.0024230893   0.0003720532  -0.0012129158
       -0.0008441064   0.0003839841   0.0010851334   0.0004445028   0.0000242841
       -0.0000335106   0.0003305837  -0.0001694840   0.0000565265   0.0000331187
        0.2044107285   0.0011759093  -0.0617909004  -0.1110419848   0.0199496677
        0.0426344003  -0.0001896292   0.0007433552   0.0012873223   0.0002750370
        0.0010375205  -0.0001306230  -0.0024436971   0.0026029363   0.0017690472
       -0.0015635481  -0.0001060139   0.0006284002   0.0006823250   0.0005254668
       -0.0000462548  -0.0012769108  -0.0017958402   0.0026162444   0.0003973998
       -0.0002864587   0.0008187532  -0.0000095901   0.0000463268  -0.0000959349
        0.0000155944  -0.0000373216   0.0000108115   0.0000482857  -0.0000152533
       -0.0000283699   0.0000085990   0.0000154544  -0.0000396920   0.0017400897
        0.0018971121  -0.0009034821  -0.0120456753   0.0043717827   0.0123015345
       -0.0251226282   0.0129505863   0.0111895800
        0.0006137852  -0.0186479919  -0.0104060571  -0.0327641277  -0.0646771880
       -0.0077888670  -0.0113998796  -0.0246517833  -0.0030164015  -0.0130671668
       -0.0079117560  -0.0126405943   0.0004704003   0.0029027927   0.0002062910
        0.0009739677  -0.0018546814  -0.0009376168  -0.0010128339   0.0013247938
        0.0004091191   0.0000351207  -0.0007941030  -0.0002382951   0.0003947274
       -0.0000012217  -0.0002877249  -0.0000410851   0.0001361280   0.0000826711
        0.0011759093   0.1710781081   0.0693640051   0.0323379899  -0.0423745018
       -0.0224524981   0.0004905266   0.0006520832  -0.0006990155   0.0004561894
        0.0002606186   0.0009171743   0.0019465677  -0.0014784741  -0.0013782314
        0.0005159837   0.0006818293  -0.0003941670   0.0003993196   0.0006399682
       -0.0000745028  -0.0020311528  -0.0036286636   0.0033710395   0.0003439287
        0.0010736622   0.0005366656  -0.0000149606  -0.0000221658   0.0000257826
        0.0000297893  -0.0000100945  -0.0000282767   0.0000583824  -0.0000254320
       -0.0000266675   0.0000210369   0.0000026790  -0.0000070716   0.0179703854
       -0.0144785798  -0.0127079189  -0.0026215179   0.0038413018  -0.0013590307
        0.0047187140  -0.0020373279  -0.0004698115
       -0.0001350415  -0.0128927201  -0.0040826096  -0.0062269413  -0.0214457713
       -0.0239874840   0.0043040911   0.0079370531   0.0047214593  -0.0071433716
       -0.0126210821  -0.0099267161  -0.0045201253   0.0053658017  -0.0018653647
       -0.0013253418  -0.0018596894   0.0014010288   0.0017877653   0.0005268500
       -0.0011029510  -0.0007017743  -0.0001363879   0.0001735755  -0.0005348621
       -0.0004164588   0.0005860913  -0.0000126126  -0.0000609108  -0.0000206959
       -0.0617909004   0.0693640051   0.0980048667   0.0477314271  -0.0179555974
       -0.0490359466   0.0002390073  -0.0000577045  -0.0011409715   0.0005830422
       -0.0000480424   0.0005245408   0.0017056030  -0.0012953219  -0.0011144821
        0.0005187980   0.0003183462  -0.0001736146   0.0001248682   0.0000026693
        0.0009214523   0.0013476207   0.0018205724  -0.0014697381  -0.0006587033
       -0.0013901340  -0.0003358544  -0.0000052417   0.0001452595  -0.0000598349
       -0.0000046677  -0.0000124760   0.0000432693  -0.0000574752   0.0000256001
        0.0000100297   0.0000557447  -0.0000068546  -0.0000599389   0.0052873935
       -0.0061277231  -0.0038291532   0.0210155073  -0.0102897934  -0.0133992400
       -0.0015838096   0.0011105101   0.0052182822
       -0.0003978497  -0.0013476668  -0.0005095475   0.0076706575   0.0025586346
       -0.0002253832  -0.0005178401   0.0002033560   0.0006145904  -0.0021202345
        0.0014533852  -0.0002477236   0.0006527742  -0.0019596466  -0.0005417940
        0.0008853157  -0.0000972747  -0.0006837535  -0.0000045631   0.0025346959
        0.0001804714  -0.0014481780  -0.0018631984  -0.0010442455  -0.0003122081
       -0.0005069052   0.0001000436   0.0002143384  -0.0000217128  -0.0000637728
       -0.1110419848   0.0323379899   0.0477314271   0.4040803212   0.0619940513
        0.0592963296   0.0002609602  -0.0000809228  -0.0008787019   0.0004047987
       -0.0005066834   0.0003049902   0.0003892912  -0.0004614061  -0.0002727683
        0.0007450112  -0.0003312216  -0.0005333936  -0.0001343346  -0.0000023408
        0.0000498265   0.0002978727  -0.0001746408  -0.0003879637  -0.0001061768
        0.0001442486  -0.0001162782  -0.0000098260   0.0000963749   0.0000834943
       -0.0000009832   0.0000265925   0.0000068682  -0.0000819247  -0.0000009623
        0.0000191862   0.0000864627  -0.0000282798  -0.0000112110  -0.0533272226
       -0.0667995050  -0.0112327102  -0.0411337410  -0.0161898376   0.0223532242
       -0.2050507367  -0.0109771244  -0.1139912049
       -0.0012940702  -0.0044838791  -0.0022375056   0.0113113079  -0.0045600847
       -0.0046750919   0.0001285317   0.0011452694   0.0002629677   0.0001945131
       -0.0001445094   0.0001919913   0.0004205044  -0.0002036056   0.0001859594
       -0.0005244080   0.0007373498   0.0001178781   0.0008952982  -0.0009481698
       -0.0003564767  -0.0004472008   0.0007789076   0.0000034547  -0.0001113515
        0.0001488930   0.0000400765   0.0000691965  -0.0000820175  -0.0000333927
        0.0199496677  -0.0423745018  -0.0179555974   0.0619940513   0.4534563800
       -0.0384787733  -0.0001289434  -0.0000712485   0.0001348491  -0.0003101022
        0.0000215669  -0.0001464721   0.0010584287  -0.0008231823  -0.0006938735
        0.0002236179  -0.0008690705  -0.0005136374   0.0000695950  -0.0002404289
       -0.0001169778   0.0003354135   0.0001321522  -0.0003443376  -0.0000165716
       -0.0002177384  -0.0000966076   0.0000466011  -0.0000001555  -0.0000026744
       -0.0000175992   0.0000008660   0.0000012029  -0.0000418567   0.0000182265
        0.0000233500  -0.0000161818  -0.0000119676  -0.0000063701  -0.0620843975
       -0.2723247304  -0.0330226035  -0.0186890258  -0.0890011549   0.1031834764
       -0.0130150183  -0.0400831665  -0.0054648145
       -0.0002318544  -0.0015597461  -0.0009597216   0.0022555515  -0.0013128831
       -0.0022727965   0.0000478749  -0.0002008376  -0.0005403453  -0.0007032828
       -0.0002265697  -0.0007441962   0.0012620319  -0.0008731777  -0.0002650615
       -0.0005107453   0.0005304999   0.0003965638   0.0000809403  -0.0009517035
       -0.0000531712   0.0002197532   0.0004445178   0.0003687678  -0.0000005134
        0.0001323197  -0.0001172362  -0.0000039016  -0.0000440846  -0.0000284643
        0.0426344003  -0.0224524981  -0.0490359466   0.0592963296  -0.0384787733
        0.4499847958  -0.0002047928  -0.0000661141   0.0004756278  -0.0002463346
        0.0001433223  -0.0001993477   0.0003434211  -0.0002335989   0.0000629507
        0.0001450936   0.0003987721   0.0006204059  -0.0001011205   0.0000363484
       -0.0000383390  -0.0000453384   0.0001029471   0.0001001665   0.0000825030
       -0.0000433051   0.0000163268  -0.0000020156  -0.0000220308  -0.0000045346
       -0.0000141009   0.0000080839   0.0000063564   0.0000263311   0.0000030817
        0.0000015144  -0.0000387353  -0.0000006356   0.0000111003  -0.0106024527
       -0.0306922276  -0.0442071771   0.0275069760   0.0977119871  -0.2336699927
       -0.1211960182  -0.0023536942  -0.1199082458
       -0.0818792934  -0.0569784505   0.0682311789  -0.0120282666  -0.0121484963
        0.0178702588  -0.0037439017   0.0022989546   0.0023219140  -0.0002816243
       -0.0010497071   0.0012559839  -0.0000693453  -0.0000364642   0.0004936292
        0.0003488142   0.0002493335  -0.0005819594  -0.0001541430   0.0000173483
        0.0001619529   0.0000436330  -0.0000407348  -0.0000268396   0.0000797425
        0.0000402773  -0.0001311351  -0.0000144747   0.0000276665   0.0000210357
       -0.0001896292   0.0004905266   0.0002390073   0.0002609602  -0.0001289434
       -0.0002047928   0.0950219874   0.0638841731  -0.0815686770   0.0080270969
        0.0121587649  -0.0157690736  -0.0041970843  -0.0090996742   0.0073792380
       -0.0005265479  -0.0006333814   0.0012318531  -0.0000717856   0.0001469471
       -0.0001674545   0.0001030055   0.0001815780  -0.0000717916  -0.0009041769
        0.0007565025  -0.0005815736   0.0000200945   0.0000145847   0.0000126773
        0.0000063502  -0.0000001627  -0.0000207865   0.0000202716  -0.0000068598
       -0.0000045221  -0.0000013652  -0.0000141757   0.0000024415   0.0000847363
        0.0000166817  -0.0000606347   0.0000231199  -0.0000842519  -0.0000473635
        0.0000218259  -0.0000620368   0.0000154334
       -0.0573139296  -0.1257662212   0.1011110541   0.0046873580   0.0068739733
       -0.0086328431   0.0017452622  -0.0004123872  -0.0007490954   0.0006660988
        0.0002063919  -0.0006161366  -0.0003239074   0.0000293093  -0.0002804479
       -0.0002168824   0.0001285770   0.0002124537   0.0001999105  -0.0001793473
       -0.0000980651  -0.0000386836   0.0001057585  -0.0000103734  -0.0000595343
       -0.0000241272   0.0000291027   0.0000106215  -0.0000114513  -0.0000088972
        0.0007433552   0.0006520832  -0.0000577045  -0.0000809228  -0.0000712485
       -0.0000661141   0.0638841731   0.1426378222  -0.1166854931  -0.0019394415
       -0.0042596370   0.0068236032  -0.0126976646  -0.0203959695   0.0195890493
        0.0003638612   0.0003852375  -0.0005186318  -0.0000454697  -0.0001161164
       -0.0001106084   0.0002256481   0.0000789974  -0.0000631180   0.0002760707
        0.0000563669   0.0000952439   0.0000199316   0.0000025567   0.0000017260
        0.0000002946  -0.0000014584   0.0000017942  -0.0000074799  -0.0000023502
       -0.0000045674   0.0000050534   0.0000015865  -0.0000036291  -0.0000066587
        0.0000143651  -0.0000081308  -0.0000335222   0.0000271364   0.0000160820
       -0.0000635425   0.0000401522   0.0000337468
        0.0682206792   0.1011475653  -0.1648729042   0.0081098887   0.0064690724
       -0.0122577704   0.0029991990  -0.0015932780  -0.0012801643  -0.0005402516
        0.0002850555   0.0010307123  -0.0003932129   0.0000002274  -0.0001860650
        0.0002898073  -0.0002462117  -0.0001130027  -0.0001863971   0.0004113559
        0.0000925977  -0.0000553535  -0.0001728334  -0.0000450934   0.0000376191
       -0.0000304290   0.0000147186   0.0000086928   0.0000012174  -0.0000021434
        0.0012873223  -0.0006990155  -0.0011409715  -0.0008787019   0.0001348491
        0.0004756278  -0.0815686770  -0.1166854931   0.1903012665   0.0068994539
        0.0162263488  -0.0203687915  -0.0043003149  -0.0058503838   0.0081249024
        0.0006453720   0.0005017580  -0.0006813802   0.0000783457  -0.0001029965
        0.0003326302  -0.0001169664  -0.0001668028  -0.0000210502  -0.0001136896
        0.0001193261   0.0003484222  -0.0000209907  -0.0000113894   0.0000005130
       -0.0000018156   0.0000013827   0.0000026783  -0.0000078339   0.0000043675
        0.0000087745   0.0000003559   0.0000021175   0.0000056927  -0.0000977665
       -0.0000879658   0.0000427240  -0.0001528327   0.0001870349   0.0000662824
       -0.0001419316   0.0001551204   0.0001217942
       -0.1581839986   0.0287084492  -0.1189795364  -0.0216434577   0.0085168765
       -0.0148398672   0.0004735979  -0.0000545016  -0.0007788000  -0.0038025772
        0.0021662434   0.0026094611  -0.0011126534   0.0001229993  -0.0021492534
       -0.0002074910   0.0000775187   0.0006759640   0.0003501576  -0.0003848364
       -0.0002331228  -0.0000281400   0.0002372007   0.0000591483  -0.0000675387
       -0.0000194936   0.0001140007  -0.0000426326  -0.0000010778   0.0000068579
        0.0002750370   0.0004561894   0.0005830422   0.0004047987  -0.0003101022
       -0.0002463346   0.0080270969  -0.0019394415   0.0068994539   0.1840292825
       -0.0367132509   0.1360374777  -0.0084873815  -0.0003538026  -0.0106501711
        0.0003863972  -0.0001162064  -0.0001741737  -0.0002710815  -0.0000716588
        0.0010599446  -0.0002276753  -0.0000856325  -0.0000333266  -0.0001135653
       -0.0001361868   0.0002440329  -0.0000011399   0.0000384066  -0.0000319929
        0.0000010219  -0.0000019085  -0.0000017773   0.0000035148   0.0000054368
       -0.0000021180   0.0000026218  -0.0000104595  -0.0000111503   0.0001042770
        0.0000141687  -0.0000347099   0.0000588577  -0.0000316220  -0.0000353425
        0.0000726719  -0.0001133081  -0.0000877063
        0.0288492329  -0.0499956530   0.0307983991   0.0124361568  -0.0048058913
        0.0090031372  -0.0007542696   0.0001628774   0.0002623577   0.0025371935
       -0.0011048547  -0.0016082114   0.0010582843   0.0000450882   0.0011973135
        0.0001564377  -0.0000586538  -0.0002977026  -0.0001084790   0.0003404742
        0.0000664532  -0.0000472812  -0.0002123189  -0.0000162007  -0.0000024289
       -0.0000356868  -0.0000133536   0.0000097824   0.0000014093  -0.0000045413
        0.0010375205   0.0002606186  -0.0000480424  -0.0005066834   0.0000215669
        0.0001433223   0.0121587649  -0.0042596370   0.0162263488  -0.0367132509
        0.0559711725  -0.0355594910  -0.0194691470   0.0032585681  -0.0203718413
       -0.0000631543  -0.0000814097   0.0000954263  -0.0000857807   0.0003875054
        0.0001172318  -0.0001451434  -0.0001243155  -0.0000981921  -0.0000169204
        0.0000644695  -0.0001567565  -0.0000069474   0.0000009979   0.0000041119
       -0.0000021870   0.0000037920   0.0000037879  -0.0000042789  -0.0000011853
        0.0000011393   0.0000044733   0.0000004082   0.0000038897  -0.0000443453
       -0.0000450687   0.0000142528  -0.0001246224   0.0000853776   0.0001005403
       -0.0001529265   0.0001203487   0.0001366210
       -0.1192511106   0.0309171312  -0.1643335401   0.0073224917  -0.0019722661
        0.0073572381   0.0010365361  -0.0007145006   0.0006138752   0.0004325976
       -0.0006040031  -0.0009727069   0.0008094043   0.0002048923   0.0008159404
       -0.0003417765  -0.0000047732   0.0000817611   0.0001628506  -0.0002028188
       -0.0001726281  -0.0000219614   0.0001089179   0.0000362234  -0.0000597934
       -0.0000033739   0.0000607856   0.0000057485  -0.0000154047  -0.0000057040
       -0.0001306230   0.0009171743   0.0005245408   0.0003049902  -0.0001464721
       -0.0001993477  -0.0157690736   0.0068236032  -0.0203687915   0.1360374777
       -0.0355594910   0.1883810827  -0.0111161719   0.0004347754  -0.0113569774
        0.0000195169  -0.0000361161  -0.0000350834   0.0004759052   0.0000367031
       -0.0003310701  -0.0001336060   0.0000035746  -0.0001427727   0.0001106857
       -0.0001553046   0.0000964570   0.0000068472   0.0000041767  -0.0000107523
       -0.0000013651  -0.0000022803   0.0000088894  -0.0000059445   0.0000019063
       -0.0000025675   0.0000023014   0.0000056604  -0.0000040885   0.0000290769
        0.0000314895  -0.0000084052   0.0000532103  -0.0000454888   0.0000124806
        0.0000217856  -0.0000277115  -0.0000448387
       -0.0647350774  -0.0650227687  -0.0304877676   0.0040065295   0.0198682392
        0.0096591401   0.0004542783   0.0005020022  -0.0001099950   0.0007753297
        0.0007050858   0.0005195700  -0.0001181665  -0.0002577876   0.0001743465
        0.0001482895  -0.0000222677  -0.0001344734  -0.0002336374   0.0001507193
        0.0001800552   0.0000497506  -0.0001110325  -0.0000446032   0.0001010500
        0.0000167329  -0.0000826505  -0.0000111022   0.0000093381   0.0000079829
       -0.0024436971   0.0019465677   0.0017056030   0.0003892912   0.0010584287
        0.0003434211  -0.0041970843  -0.0126976646  -0.0043003149  -0.0084873815
       -0.0194691470  -0.0111161719   0.0746984066   0.0735581491   0.0335113940
       -0.0000041568  -0.0000262655  -0.0001321190  -0.0001498299  -0.0001206271
       -0.0000654559  -0.0002285229  -0.0000637084   0.0003526573  -0.0000245038
       -0.0000262661  -0.0000270936  -0.0000282525   0.0000016578   0.0000217082
        0.0000030064   0.0000027553  -0.0000175876   0.0000171879   0.0000007456
        0.0000030838  -0.0000039611  -0.0000163255   0.0000053981  -0.0002490857
        0.0001397458   0.0001767503   0.0000856142  -0.0000359952  -0.0000834661
        0.0001857252  -0.0000903115  -0.0000594119
       -0.0657372379  -0.2220142285  -0.0834564588   0.0002966238  -0.0159925807
       -0.0083205526  -0.0005904390   0.0007890945   0.0007696867  -0.0008118463
        0.0000569064  -0.0005467108   0.0004798059  -0.0000684969  -0.0000303604
        0.0001192717  -0.0002161692  -0.0000498370  -0.0001128159   0.0001247420
        0.0000050750   0.0000138641  -0.0000550495   0.0000585663  -0.0000171409
        0.0000220269   0.0000282756  -0.0000015330   0.0000164435   0.0000068681
        0.0026029363  -0.0014784741  -0.0012953219  -0.0004614061  -0.0008231823
       -0.0002335989  -0.0090996742  -0.0203959695  -0.0058503838  -0.0003538026
        0.0032585681   0.0004347754   0.0735581491   0.2567707769   0.0984640978
       -0.0001642225   0.0000332378   0.0002125236   0.0000213706  -0.0001036255
       -0.0000871839   0.0001262762   0.0002851129  -0.0000359935  -0.0000448648
       -0.0001146087   0.0000739000   0.0000114106   0.0000280481  -0.0000151707
       -0.0000095363   0.0000003713  -0.0000003093   0.0000011536   0.0000061551
        0.0000128023  -0.0000067309  -0.0000088423  -0.0000005733   0.0002810559
       -0.0001392970  -0.0001790084  -0.0000055009  -0.0000106764   0.0000196570
       -0.0000951664   0.0000297173   0.0000152353
       -0.0308276257  -0.0835043329  -0.0814189026  -0.0007517644  -0.0125906485
       -0.0057027393  -0.0002321214  -0.0001355234   0.0002579746  -0.0006337528
        0.0004239458   0.0002352528  -0.0000447588  -0.0002430233  -0.0000161475
        0.0002312153   0.0000430386  -0.0002513971  -0.0001456826   0.0000576707
        0.0001117446   0.0000170387  -0.0000124886  -0.0000191679   0.0000333042
        0.0000409674  -0.0000607384   0.0000121106   0.0000151784   0.0000084281
        0.0017690472  -0.0013782314  -0.0011144821  -0.0002727683  -0.0006938735
        0.0000629507   0.0073792380   0.0195890493   0.0081249024  -0.0106501711
       -0.0203718413  -0.0113569774   0.0335113940   0.0984640978   0.0915663723
       -0.0001558744   0.0001989521   0.0001463229  -0.0001382476  -0.0001440522
       -0.0002714854   0.0007347456   0.0001770254  -0.0002285230   0.0000790947
        0.0001058529  -0.0000349967   0.0000258048  -0.0000100299   0.0000120707
        0.0000001943  -0.0000047598  -0.0000050357  -0.0000019741   0.0000000107
        0.0000065775  -0.0000056649   0.0000055025   0.0000043841   0.0002020173
       -0.0000923157  -0.0001262557  -0.0000781173   0.0000358307   0.0000544595
       -0.0000566811   0.0000239980   0.0000154088
       -0.0007978260  -0.0017538803   0.0027744772  -0.0103140748   0.0037853297
        0.0081268207  -0.1690592294   0.0879245493   0.0840685960   0.0006218703
       -0.0000613818   0.0000228648   0.0003174872   0.0001366548  -0.0001441153
       -0.0018369671  -0.0000089260  -0.0020788952  -0.0006379876   0.0007548942
       -0.0005345460   0.0000076470  -0.0002515135   0.0001927820  -0.0000200337
       -0.0001237027   0.0002784800  -0.0001642408   0.0000626217   0.0000557241
       -0.0015635481   0.0005159837   0.0005187980   0.0007450112   0.0002236179
        0.0001450936  -0.0005265479   0.0003638612   0.0006453720   0.0003863972
       -0.0000631543   0.0000195169  -0.0000041568  -0.0001642225  -0.0001558744
        0.1966662548  -0.1015780632  -0.0978012549  -0.0218685004   0.0152768888
        0.0095201278   0.0075209124  -0.0044825787  -0.0046028405  -0.0001537903
        0.0000615793  -0.0001778821  -0.0000886651  -0.0000998934  -0.0000821602
       -0.0000139361  -0.0000114825   0.0000287474   0.0000600699  -0.0000159900
       -0.0000108537   0.0000039223   0.0000063060  -0.0000106581   0.0000402467
        0.0002035754  -0.0001407184   0.0003799863  -0.0006872052  -0.0005462544
        0.0002996988  -0.0000138679  -0.0001113474
       -0.0012804581  -0.0009150400   0.0021063141  -0.0114992149   0.0076654539
        0.0072292432   0.0879621473  -0.1035931537  -0.0587234822   0.0003150804
        0.0003058176  -0.0000284097  -0.0001660882   0.0001888005  -0.0006279980
        0.0007589810   0.0000049962   0.0012403136   0.0003575339   0.0011274121
       -0.0000852052  -0.0002509982  -0.0006965853  -0.0001568621  -0.0000030604
       -0.0001863941   0.0003234612  -0.0000904030  -0.0000175070  -0.0000205379
       -0.0001060139   0.0006818293   0.0003183462  -0.0003312216  -0.0008690705
        0.0003987721  -0.0006333814   0.0003852375   0.0005017580  -0.0001162064
       -0.0000814097  -0.0000361161  -0.0000262655   0.0000332378   0.0001989521
       -0.1015780632   0.1201772204   0.0665745697   0.0071023991  -0.0039196923
       -0.0028833935   0.0199554622  -0.0184816732  -0.0155190640  -0.0000830401
       -0.0001222220  -0.0000452889  -0.0002322523  -0.0000460055  -0.0001078618
       -0.0000095149   0.0000138832   0.0000085201  -0.0000017812  -0.0000073938
        0.0000020800   0.0000554197  -0.0000456096  -0.0000153966  -0.0000418034
        0.0000804493  -0.0000248670  -0.0003597733  -0.0012243709  -0.0010467849
        0.0003025165  -0.0004582102   0.0004189378
        0.0022270600   0.0029206248  -0.0035474427   0.0188020783  -0.0103629198
       -0.0141548677   0.0832480980  -0.0580256724  -0.0984855230   0.0007893760
       -0.0005211977   0.0004915558  -0.0000151013   0.0006139874  -0.0012776136
       -0.0007449754  -0.0003978590  -0.0001910022  -0.0022832137   0.0007590458
        0.0003354795   0.0003790495  -0.0002600722  -0.0001715324   0.0004045697
        0.0000736080  -0.0000669204   0.0000125848   0.0000319699   0.0000187695
        0.0006284002  -0.0003941670  -0.0001736146  -0.0005333936  -0.0005136374
        0.0006204059   0.0012318531  -0.0005186318  -0.0006813802  -0.0001741737
        0.0000954263  -0.0000350834  -0.0001321190   0.0002125236   0.0001463229
       -0.0978012549   0.0665745697   0.1146691122  -0.0145744350   0.0098270784
        0.0089593342   0.0090330795  -0.0098982536  -0.0065665607  -0.0000602009
        0.0000085316   0.0002960320  -0.0001283306  -0.0001466681   0.0000490807
        0.0000648331  -0.0000099796  -0.0000515431   0.0000323191  -0.0000123424
       -0.0000329706   0.0000004517   0.0000022840   0.0000033280  -0.0001141101
       -0.0000618052  -0.0001773564  -0.0000967627  -0.0004514880   0.0001697792
       -0.0001956822   0.0004550449  -0.0001457891
        0.0008219921  -0.0007898861   0.0012493265   0.0067076895  -0.0007238169
        0.0044741749  -0.1767071683   0.0366798956  -0.1147805506  -0.0003809539
       -0.0010049104   0.0015941863  -0.0001537314  -0.0001579587   0.0005130911
       -0.0015191926   0.0005941145  -0.0007617397   0.0007542456  -0.0005309070
       -0.0004711514  -0.0001314817   0.0002489833   0.0001114261  -0.0001796471
       -0.0000486124   0.0000968805  -0.0000179258  -0.0000048472   0.0000170569
        0.0006823250   0.0003993196   0.0001248682  -0.0001343346   0.0000695950
       -0.0001011205  -0.0000717856  -0.0000454697   0.0000783457  -0.0002710815
       -0.0000857807   0.0004759052  -0.0001498299   0.0000213706  -0.0001382476
       -0.0218685004   0.0071023991  -0.0145744350   0.2038419786  -0.0423818906
        0.1315378736  -0.0113464660   0.0005694720  -0.0099782434   0.0002665765
       -0.0001825921   0.0003544465   0.0000771398   0.0001033555  -0.0000481789
       -0.0000094502   0.0000086948   0.0000051234  -0.0000065882   0.0000030221
        0.0000033426   0.0000169591  -0.0000165812  -0.0000066576   0.0000255855
       -0.0000285369   0.0000674041  -0.0001910753   0.0002818467   0.0000189645
       -0.0000552792  -0.0000802789   0.0001379087
        0.0003838037   0.0003283082  -0.0008848233   0.0117096561  -0.0059611353
        0.0145562376   0.0365162066  -0.0525296837   0.0291962756  -0.0018000693
       -0.0011502461   0.0026898265  -0.0000422736  -0.0002801777   0.0001822009
        0.0004480559   0.0002501772  -0.0001696794  -0.0000714765   0.0003490388
        0.0000107807  -0.0000748081  -0.0001346641   0.0000027911  -0.0000407070
       -0.0000657327   0.0000505425   0.0000054418   0.0000108153  -0.0000011397
        0.0005254668   0.0006399682   0.0000026693  -0.0000023408  -0.0002404289
        0.0000363484   0.0001469471  -0.0001161164  -0.0001029965  -0.0000716588
        0.0003875054   0.0000367031  -0.0001206271  -0.0001036255  -0.0001440522
        0.0152768888  -0.0039196923   0.0098270784  -0.0423818906   0.0588925458
       -0.0380686610  -0.0209648373   0.0040038617  -0.0178930218   0.0004798638
       -0.0003297907   0.0007637402   0.0000092777   0.0000069072  -0.0000144767
       -0.0000093099   0.0000053866   0.0000072791  -0.0000024022   0.0000010694
        0.0000025087  -0.0000022334   0.0000035615   0.0000024730  -0.0000252063
        0.0000391374  -0.0000448346   0.0002036333  -0.0001979827  -0.0000078831
       -0.0000954006   0.0001109934  -0.0000358869
       -0.0010215541  -0.0000561249   0.0006641713  -0.0167438874   0.0082761968
       -0.0204563900  -0.1140815509   0.0298217858  -0.1398030949   0.0026700838
        0.0024307102  -0.0034408438  -0.0000760745   0.0000211129  -0.0003625098
       -0.0002379733   0.0000198387   0.0005879421   0.0002402089  -0.0002706457
       -0.0002975374  -0.0000515435   0.0002989096   0.0000364837  -0.0000731493
       -0.0000246101   0.0001530996   0.0000061837  -0.0000216141  -0.0000192617
       -0.0000462548  -0.0000745028   0.0009214523   0.0000498265  -0.0001169778
       -0.0000383390  -0.0001674545  -0.0001106084   0.0003326302   0.0010599446
        0.0001172318  -0.0003310701  -0.0000654559  -0.0000871839  -0.0002714854
        0.0095201278  -0.0028833935   0.0089593342   0.1315378736  -0.0380686610
        0.1633778894  -0.0119970282   0.0001870734  -0.0089390057  -0.0006932397
        0.0005733479  -0.0009314726   0.0000300033  -0.0000021092  -0.0000222385
        0.0000049201  -0.0000081020   0.0000155199  -0.0000120471   0.0000021678
       -0.0000034737   0.0000061762   0.0000132525  -0.0000078904   0.0000106223
       -0.0000315518  -0.0000244597   0.0000967018   0.0000155645   0.0000446196
        0.0000345408  -0.0000211065  -0.0001440695
        0.0001886682  -0.0001343151  -0.0001934942  -0.0049139829  -0.0115286409
       -0.0013700242  -0.0766608494  -0.0776480061  -0.0335099709   0.0004854286
        0.0003417996   0.0000302176   0.0003654072   0.0000582783  -0.0004205418
       -0.0003956567  -0.0002221161   0.0000667464  -0.0002658841   0.0007491382
        0.0001898224   0.0000455288  -0.0005269518  -0.0000176281   0.0000389747
       -0.0000130596   0.0000136001  -0.0000859440   0.0000012574   0.0000504966
       -0.0012769108  -0.0020311528   0.0013476207   0.0002978727   0.0003354135
       -0.0000453384   0.0001030055   0.0002256481  -0.0001169664  -0.0002276753
       -0.0001451434  -0.0001336060  -0.0002285229   0.0001262762   0.0007347456
        0.0075209124   0.0199554622   0.0090330795  -0.0113464660  -0.0209648373
       -0.0119970282   0.0867378787   0.0912464157   0.0365274020  -0.0001347569
        0.0001215224  -0.0000869678  -0.0002767292   0.0001273945   0.0000483250
        0.0000100453   0.0000048856  -0.0000198859   0.0000207468  -0.0000065236
       -0.0000066022   0.0000291773  -0.0000497187  -0.0000186203   0.0000266512
        0.0000852251  -0.0000466013  -0.0000916332  -0.0000604697  -0.0001248662
        0.0000347139  -0.0000477819   0.0000660861
        0.0006594375   0.0007990645  -0.0005963834  -0.0090389863  -0.0191017528
       -0.0012022359  -0.0768751041  -0.2163861464  -0.0748430747  -0.0007434402
        0.0001008278  -0.0004343201   0.0003168137  -0.0005957942   0.0009765615
       -0.0000944289   0.0002280762  -0.0008075102   0.0007947934  -0.0005604824
       -0.0003241014  -0.0001370085   0.0003686496   0.0001754965  -0.0002897241
        0.0000072182   0.0000362152  -0.0000015258   0.0000206062   0.0000399025
       -0.0017958402  -0.0036286636   0.0018205724  -0.0001746408   0.0001321522
        0.0001029471   0.0001815780   0.0000789974  -0.0001668028  -0.0000856325
       -0.0001243155   0.0000035746  -0.0000637084   0.0002851129   0.0001770254
       -0.0044825787  -0.0184816732  -0.0098982536   0.0005694720   0.0040038617
        0.0001870734   0.0912464157   0.2521093232   0.0848110068   0.0000127475
        0.0002528581  -0.0001941322   0.0001411109   0.0001717575  -0.0000200537
       -0.0000254246   0.0000008705   0.0000135019  -0.0000258976   0.0000129943
        0.0000186484  -0.0000126473  -0.0000006042  -0.0000085373  -0.0000510491
        0.0001164204   0.0000893195   0.0000604479   0.0001778731   0.0001016910
       -0.0000851795   0.0000127687  -0.0000581309
       -0.0000906350   0.0005216695   0.0003575072   0.0086198983   0.0188138282
        0.0053794582  -0.0328124665  -0.0738394396  -0.0728509056   0.0003131154
        0.0003061055   0.0004812218   0.0000077603  -0.0000692662   0.0000452348
       -0.0002298663   0.0001114586  -0.0003326057  -0.0005308077  -0.0000296841
        0.0003869258   0.0001287983   0.0000261061  -0.0000740597   0.0001426521
        0.0000949421  -0.0002642565   0.0000420687   0.0000240307   0.0000146525
        0.0026162444   0.0033710395  -0.0014697381  -0.0003879637  -0.0003443376
        0.0001001665  -0.0000717916  -0.0000631180  -0.0000210502  -0.0000333266
       -0.0000981921  -0.0001427727   0.0003526573  -0.0000359935  -0.0002285230
       -0.0046028405  -0.0155190640  -0.0065665607  -0.0099782434  -0.0178930218
       -0.0089390057   0.0365274020   0.0848110068   0.0838891799   0.0000485189
       -0.0001711261  -0.0000292066   0.0000894917  -0.0000490336   0.0001110866
        0.0000100781  -0.0000175365  -0.0000223030   0.0000034731  -0.0000019313
        0.0000029094  -0.0000236043   0.0000224739   0.0000062919  -0.0000115004
       -0.0000844925   0.0000366423  -0.0000757590   0.0000981618   0.0001555442
       -0.0000533533   0.0000154140  -0.0000258334
        0.0004904428   0.0006693549  -0.0016906230   0.0040286692   0.0057599667
       -0.0099775295  -0.0015842687   0.0005979698  -0.0017611318  -0.0796096547
       -0.0461308888   0.0819250966  -0.0264105326  -0.0140183014   0.0250682740
       -0.0066719132  -0.0007558879   0.0023047014  -0.0002182390  -0.0017207782
        0.0002153653  -0.0000593774   0.0001727011  -0.0001240573  -0.0006277176
        0.0004652747   0.0004656846  -0.0001128567  -0.0000533119   0.0001007595
        0.0003973998   0.0003439287  -0.0006587033  -0.0001061768  -0.0000165716
        0.0000825030  -0.0009041769   0.0002760707  -0.0001136896  -0.0001135653
       -0.0000169204   0.0001106857  -0.0000245038  -0.0000448648   0.0000790947
       -0.0001537903  -0.0000830401  -0.0000602009   0.0002665765   0.0004798638
       -0.0006932397  -0.0001347569   0.0000127475   0.0000485189   0.1118021144
        0.0538582495  -0.0954781011   0.0000868827   0.0001667376  -0.0000285363
       -0.0000169324   0.0000076340   0.0000070032  -0.0000213400   0.0000058986
        0.0000129541   0.0000292590  -0.0000229525  -0.0000153584  -0.0000111859
        0.0000113409   0.0000012944  -0.0001339527   0.0000604016  -0.0000111287
       -0.0001864035  -0.0000246225   0.0001903642
       -0.0011028233   0.0002830528   0.0001494015  -0.0029281226  -0.0042035607
        0.0108151069   0.0014163266   0.0003169237   0.0020486683  -0.0457292947
       -0.0819942579   0.0918321805  -0.0058795793  -0.0082568955  -0.0030567900
        0.0013676966   0.0129244680   0.0032190054  -0.0008551373  -0.0018843266
        0.0016123656   0.0002169816   0.0002736609  -0.0002116642  -0.0004936909
        0.0002302231   0.0003140666  -0.0001696398  -0.0001006541  -0.0001129834
       -0.0002864587   0.0010736622  -0.0013901340   0.0001442486  -0.0002177384
       -0.0000433051   0.0007565025   0.0000563669   0.0001193261  -0.0001361868
        0.0000644695  -0.0001553046  -0.0000262661  -0.0001146087   0.0001058529
        0.0000615793  -0.0001222220   0.0000085316  -0.0001825921  -0.0003297907
        0.0005733479   0.0001215224   0.0002528581  -0.0001711261   0.0538582495
        0.0816290248  -0.1056833667   0.0000194368   0.0000481233  -0.0000067042
        0.0000123861  -0.0000024156  -0.0000124784  -0.0000483995   0.0000258035
        0.0000306011   0.0000120754  -0.0000062585  -0.0000109644  -0.0000325706
        0.0000458288  -0.0000839353  -0.0000559867  -0.0000573406   0.0000122994
       -0.0000602570   0.0000656037   0.0000980026
        0.0008982868  -0.0006361131   0.0008641388   0.0051983980   0.0123965689
       -0.0206562054  -0.0030271656   0.0009104709  -0.0020096014   0.0852194379
        0.0893752988  -0.1949218421   0.0085160540  -0.0018750224  -0.0058946087
       -0.0008748340   0.0050511800   0.0048460352  -0.0001159497  -0.0009652445
        0.0007103234   0.0000565662   0.0002892524  -0.0000644595  -0.0003531329
       -0.0000112955   0.0003100946  -0.0001339177  -0.0000552951  -0.0000777307
        0.0008187532   0.0005366656  -0.0003358544  -0.0001162782  -0.0000966076
        0.0000163268  -0.0005815736   0.0000952439   0.0003484222   0.0002440329
       -0.0001567565   0.0000964570  -0.0000270936   0.0000739000  -0.0000349967
       -0.0001778821  -0.0000452889   0.0002960320   0.0003544465   0.0007637402
       -0.0009314726  -0.0000869678  -0.0001941322  -0.0000292066  -0.0954781011
       -0.1056833667   0.2173538441  -0.0000442198   0.0000078067  -0.0000077906
        0.0000030096  -0.0000046262   0.0000049429  -0.0000423358   0.0000228312
        0.0000320393   0.0000022817  -0.0000008515  -0.0000010249  -0.0001159218
        0.0000251582   0.0000394703  -0.0000932006   0.0000763587   0.0001550120
       -0.0000426922   0.0001001245  -0.0001083448
        0.0000226727   0.0000354447  -0.0000278840  -0.0000431602  -0.0000578526
        0.0000315768   0.0001709992   0.0001035186  -0.0000570756   0.0000930936
       -0.0000289610  -0.0000797712  -0.0003203897  -0.0000228210   0.0005379845
       -0.0003960939   0.0004040132  -0.0012527422   0.0027078622  -0.0164022830
       -0.0063565794  -0.0016038541  -0.0062233663   0.0054611821  -0.0338385663
        0.0257806792   0.0208524709  -0.0023121212   0.0191772803  -0.0007308566
       -0.0000095901  -0.0000149606  -0.0000052417  -0.0000098260   0.0000466011
       -0.0000020156   0.0000200945   0.0000199316  -0.0000209907  -0.0000011399
       -0.0000069474   0.0000068472  -0.0000282525   0.0000114106   0.0000258048
       -0.0000886651  -0.0002322523  -0.0001283306   0.0000771398   0.0000092777
        0.0000300033  -0.0002767292   0.0001411109   0.0000894917   0.0000868827
        0.0000194368  -0.0000442198   0.0388708433  -0.0255847622  -0.0215688051
        0.0004432286  -0.0000703159  -0.0000250271  -0.0002013420   0.0009389235
        0.0002824155  -0.0034600038   0.0020135407   0.0029722646   0.0000199083
        0.0000288760   0.0000081481  -0.0000315963  -0.0000385988  -0.0000224653
        0.0001086055  -0.0000469239   0.0000238154
        0.0000182606  -0.0000327431   0.0000506733   0.0000849458  -0.0000584047
        0.0000477615   0.0000165520  -0.0000331360   0.0001078172  -0.0001282788
        0.0000783990  -0.0003038575  -0.0001452758  -0.0002454186  -0.0000385284
        0.0032430367  -0.0010094521  -0.0017757950  -0.0059048047  -0.0245334765
        0.0034271834  -0.0025545094   0.0016928411   0.0018647242   0.0273467779
       -0.3888617527  -0.0292088848   0.0031258197  -0.0095646783  -0.0022681448
        0.0000463268  -0.0000221658   0.0001452595   0.0000963749  -0.0000001555
       -0.0000220308   0.0000145847   0.0000025567  -0.0000113894   0.0000384066
        0.0000009979   0.0000041767   0.0000016578   0.0000280481  -0.0000100299
       -0.0000998934  -0.0000460055  -0.0001466681   0.0001033555   0.0000069072
       -0.0000021092   0.0001273945   0.0001717575  -0.0000490336   0.0001667376
        0.0000481233   0.0000078067  -0.0255847622   0.4214377504   0.0282413880
       -0.0005699862   0.0003628583   0.0006078581  -0.0007212252   0.0003615946
        0.0002949957   0.0013024823   0.0002762236  -0.0009282481   0.0000008130
        0.0000404218  -0.0000055771  -0.0000186110  -0.0000291357  -0.0000112540
       -0.0000061796  -0.0000719551  -0.0000180936
        0.0000069230   0.0000058550  -0.0000651760  -0.0000312111  -0.0000011742
       -0.0000012469  -0.0000205494   0.0000960960  -0.0000698942   0.0001773095
        0.0001275428   0.0000537928   0.0004565429  -0.0000557386  -0.0002716953
       -0.0017939016  -0.0003682471  -0.0011603274  -0.0057131515   0.0118519373
       -0.0010063847   0.0057046871   0.0044644877   0.0025693597   0.0209367417
       -0.0286615427  -0.0210807938  -0.0010323970  -0.0135435468  -0.0034949318
       -0.0000959349   0.0000257826  -0.0000598349   0.0000834943  -0.0000026744
       -0.0000045346   0.0000126773   0.0000017260   0.0000005130  -0.0000319929
        0.0000041119  -0.0000107523   0.0000217082  -0.0000151707   0.0000120707
       -0.0000821602  -0.0001078618   0.0000490807  -0.0000481789  -0.0000144767
       -0.0000222385   0.0000483250  -0.0000200537   0.0001110866  -0.0000285363
       -0.0000067042  -0.0000077906  -0.0215688051   0.0282413880   0.0254292944
        0.0004851400  -0.0010035932  -0.0001505171  -0.0002732094   0.0004018273
        0.0005603910   0.0028612057  -0.0013934859  -0.0013898836   0.0000096299
        0.0000109074  -0.0000090070  -0.0000379467  -0.0000196528  -0.0000285165
       -0.0000464097  -0.0000177393   0.0000479365
       -0.0000019980   0.0000059630  -0.0000144754   0.0000057721  -0.0000210019
       -0.0000065742  -0.0000393508   0.0000308447  -0.0000390736  -0.0001309801
       -0.0000302356   0.0000446798  -0.0002659473  -0.0000489458  -0.0001133609
       -0.0016004978   0.0000406043   0.0001989947   0.0009469412   0.0032488640
        0.0035398668   0.0002792031  -0.0003123553  -0.0005622614  -0.0070842182
       -0.0060880234   0.0284942888  -0.0421883624   0.0064420814  -0.0242583807
        0.0000155944   0.0000297893  -0.0000046677  -0.0000009832  -0.0000175992
       -0.0000141009   0.0000063502   0.0000002946  -0.0000018156   0.0000010219
       -0.0000021870  -0.0000013651   0.0000030064  -0.0000095363   0.0000001943
       -0.0000139361  -0.0000095149   0.0000648331  -0.0000094502  -0.0000093099
        0.0000049201   0.0000100453  -0.0000254246   0.0000100781  -0.0000169324
        0.0000123861   0.0000030096   0.0004432286  -0.0005699862   0.0004851400
        0.0530572352  -0.0089930637   0.0163342342  -0.0046932834   0.0080729670
       -0.0265855759   0.0012815216  -0.0017674371   0.0024069700   0.0000094453
        0.0000103036  -0.0000041905  -0.0000299166  -0.0000059749   0.0000053134
        0.0000164913   0.0000164976   0.0000133190
        0.0000080140  -0.0000046549  -0.0000071909  -0.0000007777   0.0000092897
        0.0000000907   0.0000024407  -0.0000014716   0.0000235057   0.0001140184
        0.0000077131   0.0000092367   0.0000647364   0.0000883985   0.0000217885
        0.0009990003  -0.0003473698  -0.0000914111  -0.0008101842  -0.0015783696
       -0.0007489989  -0.0003898978   0.0007387051   0.0000355032   0.0032377598
        0.0051924891  -0.0126393066   0.0046731906  -0.0674452504   0.0743472662
       -0.0000373216  -0.0000100945  -0.0000124760   0.0000265925   0.0000008660
        0.0000080839  -0.0000001627  -0.0000014584   0.0000013827  -0.0000019085
        0.0000037920  -0.0000022803   0.0000027553   0.0000003713  -0.0000047598
       -0.0000114825   0.0000138832  -0.0000099796   0.0000086948   0.0000053866
       -0.0000081020   0.0000048856   0.0000008705  -0.0000175365   0.0000076340
       -0.0000024156  -0.0000046262  -0.0000703159   0.0003628583  -0.0010035932
       -0.0089930637   0.0725879564  -0.0816335374  -0.0023106435   0.0034847352
       -0.0085417000   0.0034878135  -0.0130951752   0.0302697137   0.0000035508
        0.0000015013   0.0000007278  -0.0000266168   0.0000066505  -0.0000122948
        0.0000112883  -0.0000192070   0.0000204941
        0.0000129153  -0.0000127644   0.0000245365   0.0000242768   0.0000250594
        0.0000104877   0.0000447711  -0.0000125497   0.0000449423  -0.0000123340
        0.0000052530  -0.0000597675   0.0000441891   0.0000135811   0.0001754168
        0.0019711588  -0.0006142868  -0.0004891788  -0.0032703299  -0.0037394297
       -0.0022611053  -0.0002376416   0.0008670955   0.0006244443   0.0160961442
        0.0020568328  -0.0220957641  -0.0237377359   0.0730516512  -0.2498657612
        0.0000108115  -0.0000282767   0.0000432693   0.0000068682   0.0000012029
        0.0000063564  -0.0000207865   0.0000017942   0.0000026783  -0.0000017773
        0.0000037879   0.0000088894  -0.0000175876  -0.0000003093  -0.0000050357
        0.0000287474   0.0000085201  -0.0000515431   0.0000051234   0.0000072791
        0.0000155199  -0.0000198859   0.0000135019  -0.0000223030   0.0000070032
       -0.0000124784   0.0000049429  -0.0000250271   0.0006078581  -0.0001505171
        0.0163342342  -0.0816335374   0.2940237694  -0.0064348905   0.0056467711
       -0.0165402999  -0.0007750700   0.0037657830  -0.0034144785  -0.0000160271
        0.0000002653  -0.0000012100   0.0000249567  -0.0000044394   0.0000112388
       -0.0000421065  -0.0000181651  -0.0000395276
       -0.0000252343   0.0000228507  -0.0000117540  -0.0000386309  -0.0000145551
        0.0000220510  -0.0001002764   0.0000038558  -0.0000203986   0.0000950148
       -0.0000266737   0.0000841510   0.0001079133   0.0002761107   0.0003015225
       -0.0012330153   0.0000897579   0.0017223064  -0.0020453988   0.0047667996
       -0.0037853564   0.0008198868  -0.0009148356  -0.0001949660  -0.0341551244
       -0.0033965891   0.0062488396  -0.2142593921  -0.0622740728  -0.0863140596
        0.0000482857   0.0000583824  -0.0000574752  -0.0000819247  -0.0000418567
        0.0000263311   0.0000202716  -0.0000074799  -0.0000078339   0.0000035148
       -0.0000042789  -0.0000059445   0.0000171879   0.0000011536  -0.0000019741
        0.0000600699  -0.0000017812   0.0000323191  -0.0000065882  -0.0000024022
       -0.0000120471   0.0000207468  -0.0000258976   0.0000034731  -0.0000213400
       -0.0000483995  -0.0000423358  -0.0002013420  -0.0007212252  -0.0002732094
       -0.0046932834  -0.0023106435  -0.0064348905   0.2595312480   0.0687649319
        0.0914568491  -0.0039222681  -0.0042516203  -0.0027378253   0.0000077792
       -0.0000036092   0.0000016100   0.0000238025   0.0000090621   0.0000156260
        0.0000280975   0.0000530158  -0.0000150084
        0.0000111766  -0.0000063750   0.0000134998   0.0000345063   0.0000107802
       -0.0000125548   0.0000433995  -0.0000157059   0.0000092336  -0.0000497997
        0.0000071327  -0.0000467645  -0.0000005500  -0.0000996403  -0.0002243780
        0.0005438656  -0.0001418928  -0.0007590442   0.0003509794  -0.0015656372
        0.0009873383  -0.0000856445   0.0007476571   0.0003787158   0.0130997490
        0.0048189217   0.0009276212  -0.0641235905  -0.0637822431  -0.0275461382
       -0.0000152533  -0.0000254320   0.0000256001  -0.0000009623   0.0000182265
        0.0000030817  -0.0000068598  -0.0000023502   0.0000043675   0.0000054368
       -0.0000011853   0.0000019063   0.0000007456   0.0000061551   0.0000000107
       -0.0000159900  -0.0000073938  -0.0000123424   0.0000030221   0.0000010694
        0.0000021678  -0.0000065236   0.0000129943  -0.0000019313   0.0000058986
        0.0000258035   0.0000228312   0.0009389235   0.0003615946   0.0004018273
        0.0080729670   0.0034847352   0.0056467711   0.0687649319   0.0685045864
        0.0338957518  -0.0275919392  -0.0123299715  -0.0136941489   0.0000024515
        0.0000043610  -0.0000015201   0.0000164873  -0.0000131998   0.0000160815
        0.0000025722  -0.0000129906  -0.0000379833
        0.0000103201  -0.0000046958   0.0000056752  -0.0000013814  -0.0000006175
       -0.0000170161   0.0000494334  -0.0000229573   0.0000082201   0.0000386428
        0.0000268515  -0.0000434308   0.0001337748  -0.0001238134  -0.0003415468
        0.0001686556   0.0004575373  -0.0008075028   0.0026147410  -0.0020377232
        0.0006515798  -0.0003971136   0.0001084220   0.0000833262   0.0191306578
        0.0046660297   0.0053719889  -0.0870279505  -0.0288252234  -0.0822170889
       -0.0000283699  -0.0000266675   0.0000100297   0.0000191862   0.0000233500
        0.0000015144  -0.0000045221  -0.0000045674   0.0000087745  -0.0000021180
        0.0000011393  -0.0000025675   0.0000030838   0.0000128023   0.0000065775
       -0.0000108537   0.0000020800  -0.0000329706   0.0000033426   0.0000025087
       -0.0000034737  -0.0000066022   0.0000186484   0.0000029094   0.0000129541
        0.0000306011   0.0000320393   0.0002824155   0.0002949957   0.0005603910
       -0.0265855759  -0.0085417000  -0.0165402999   0.0914568491   0.0338957518
        0.0922858590   0.0001263478   0.0000662085   0.0009876975  -0.0000027529
       -0.0000037961   0.0000033919   0.0000157453  -0.0000011762  -0.0000025812
        0.0000010900  -0.0000139885  -0.0000114961
        0.0000058854  -0.0000257289   0.0000026093   0.0000139774   0.0000074822
        0.0000195506  -0.0000344107  -0.0000136857   0.0000055057  -0.0000933864
        0.0000370674  -0.0000480183   0.0000206921  -0.0002905622   0.0000625005
        0.0014860418  -0.0006991328  -0.0011156820  -0.0006889528   0.0030795432
        0.0014166672   0.0001416384  -0.0003146802  -0.0009735315  -0.0016253516
        0.0273916684   0.0021690069  -0.0447601599  -0.0256612143  -0.0001965586
        0.0000085990   0.0000210369   0.0000557447   0.0000864627  -0.0000161818
       -0.0000387353  -0.0000013652   0.0000050534   0.0000003559   0.0000026218
        0.0000044733   0.0000023014  -0.0000039611  -0.0000067309  -0.0000056649
        0.0000039223   0.0000554197   0.0000004517   0.0000169591  -0.0000022334
        0.0000061762   0.0000291773  -0.0000126473  -0.0000236043   0.0000292590
        0.0000120754   0.0000022817  -0.0034600038   0.0013024823   0.0028612057
        0.0012815216   0.0034878135  -0.0007750700  -0.0039222681  -0.0275919392
        0.0001263478   0.0515795610   0.0192257572  -0.0035819014   0.0000033645
        0.0000034751   0.0000025206  -0.0000224540   0.0000138825  -0.0000255999
       -0.0000973698  -0.0000124934   0.0000511402
       -0.0000007887   0.0000058563   0.0000004602  -0.0000123247   0.0000031264
       -0.0000213655   0.0000410739   0.0000149076  -0.0000144760   0.0000128628
       -0.0000293734   0.0000104310  -0.0001570341   0.0000908597   0.0001279296
       -0.0002161245  -0.0001397655   0.0001969197  -0.0001089905   0.0001588204
        0.0000479797  -0.0005675966   0.0003089960   0.0004063331   0.0063440511
       -0.0207205525  -0.0048952823  -0.0204381842  -0.2834872489   0.0106189495
        0.0000154544   0.0000026790  -0.0000068546  -0.0000282798  -0.0000119676
       -0.0000006356  -0.0000141757   0.0000015865   0.0000021175  -0.0000104595
        0.0000004082   0.0000056604  -0.0000163255  -0.0000088423   0.0000055025
        0.0000063060  -0.0000456096   0.0000022840  -0.0000165812   0.0000035615
        0.0000132525  -0.0000497187  -0.0000006042   0.0000224739  -0.0000229525
       -0.0000062585  -0.0000008515   0.0020135407   0.0002762236  -0.0013934859
       -0.0017674371  -0.0130951752   0.0037657830  -0.0042516203  -0.0123299715
        0.0000662085   0.0192257572   0.3289841413  -0.0089550598  -0.0000260397
       -0.0000048160  -0.0000012647   0.0000228784  -0.0000045427   0.0000227496
        0.0000227085   0.0000335616  -0.0000257589
        0.0000072823   0.0000066246  -0.0000219506  -0.0000286860  -0.0000063186
       -0.0000163130   0.0000085299   0.0000189965   0.0000023151   0.0001522791
       -0.0000247284   0.0000668918  -0.0000381452   0.0002413133  -0.0000733290
       -0.0011735814   0.0005066760   0.0007651427   0.0014640148  -0.0022670067
        0.0002897197  -0.0010189976   0.0002723252  -0.0005556213   0.0017112900
       -0.0197670999  -0.0009063905  -0.0000829199   0.0143560367  -0.0440681963
       -0.0000396920  -0.0000070716  -0.0000599389  -0.0000112110  -0.0000063701
        0.0000111003   0.0000024415  -0.0000036291   0.0000056927  -0.0000111503
        0.0000038897  -0.0000040885   0.0000053981  -0.0000005733   0.0000043841
       -0.0000106581  -0.0000153966   0.0000033280  -0.0000066576   0.0000024730
       -0.0000078904  -0.0000186203  -0.0000085373   0.0000062919  -0.0000153584
       -0.0000109644  -0.0000010249   0.0029722646  -0.0009282481  -0.0013898836
        0.0024069700   0.0302697137  -0.0034144785  -0.0027378253  -0.0136941489
        0.0009876975  -0.0035819014  -0.0089550598   0.0483540130  -0.0000046386
       -0.0000032721   0.0000004402  -0.0000322147   0.0000165860  -0.0000164866
        0.0000817875   0.0000037903   0.0000385754
        0.0001963346   0.0015994264   0.0008257938  -0.0032746264   0.0008272917
        0.0008777359  -0.0000933903  -0.0002464334   0.0000362267   0.0000981507
       -0.0001839474  -0.0000434922  -0.0002300448   0.0001077926   0.0001583344
       -0.0001056498   0.0003658437  -0.0000489610   0.0002336796  -0.0004889334
        0.0000368789  -0.0001284130   0.0002987696  -0.0000339196   0.0000342953
        0.0001345894  -0.0000791124  -0.0000267469  -0.0000126545   0.0000261342
        0.0017400897   0.0179703854   0.0052873935  -0.0533272226  -0.0620843975
       -0.0106024527   0.0000847363  -0.0000066587  -0.0000977665   0.0001042770
       -0.0000443453   0.0000290769  -0.0002490857   0.0002810559   0.0002020173
        0.0000402467  -0.0000418034  -0.0001141101   0.0000255855  -0.0000252063
        0.0000106223   0.0000266512  -0.0000510491  -0.0000115004  -0.0000111859
       -0.0000325706  -0.0001159218   0.0000199083   0.0000008130   0.0000096299
        0.0000094453   0.0000035508  -0.0000160271   0.0000077792   0.0000024515
       -0.0000027529   0.0000033645  -0.0000260397  -0.0000046386   0.0632382775
        0.0722985227   0.0095304544  -0.0004548040  -0.0046431755  -0.0006465819
       -0.0079616519  -0.0260032778  -0.0052130607
       -0.0000789248  -0.0008235942  -0.0004387997   0.0019783242   0.0001467672
       -0.0000809700   0.0001128203   0.0002531304  -0.0000764906  -0.0000312565
        0.0001443036   0.0002404431   0.0001789978  -0.0001465273   0.0002495491
       -0.0000052954   0.0001211981  -0.0001711341   0.0001798912   0.0000520727
       -0.0000026271  -0.0000389032  -0.0000839286  -0.0000050465  -0.0000619381
        0.0000043222  -0.0000134931   0.0000044488  -0.0000070325   0.0000016259
        0.0018971121  -0.0144785798  -0.0061277231  -0.0667995050  -0.2723247304
       -0.0306922276   0.0000166817   0.0000143651  -0.0000879658   0.0000141687
       -0.0000450687   0.0000314895   0.0001397458  -0.0001392970  -0.0000923157
        0.0002035754   0.0000804493  -0.0000618052  -0.0000285369   0.0000391374
       -0.0000315518   0.0000852251   0.0001164204  -0.0000844925   0.0000113409
        0.0000458288   0.0000251582   0.0000288760   0.0000404218   0.0000109074
        0.0000103036   0.0000015013   0.0000002653  -0.0000036092   0.0000043610
       -0.0000037961   0.0000034751  -0.0000048160  -0.0000032721   0.0722985227
        0.3084420162   0.0375550792  -0.0062848789  -0.0174982794   0.0011329453
       -0.0038306611  -0.0039544417  -0.0012737518
       -0.0001284774  -0.0010672762  -0.0005201787   0.0020597230  -0.0006334711
       -0.0010283542   0.0001481956   0.0004029061   0.0001877996   0.0004463812
       -0.0001557337   0.0002107253  -0.0000514711   0.0000680093   0.0001287665
        0.0000995595   0.0001264623  -0.0000597109  -0.0000329406  -0.0001219619
        0.0000009899  -0.0000040625   0.0000603803  -0.0000689944   0.0000381169
        0.0000400451   0.0000016067  -0.0000246960   0.0000114541   0.0000146612
       -0.0009034821  -0.0127079189  -0.0038291532  -0.0112327102  -0.0330226035
       -0.0442071771  -0.0000606347  -0.0000081308   0.0000427240  -0.0000347099
        0.0000142528  -0.0000084052   0.0001767503  -0.0001790084  -0.0001262557
       -0.0001407184  -0.0000248670  -0.0001773564   0.0000674041  -0.0000448346
       -0.0000244597  -0.0000466013   0.0000893195   0.0000366423   0.0000012944
       -0.0000839353   0.0000394703   0.0000081481  -0.0000055771  -0.0000090070
       -0.0000041905   0.0000007278  -0.0000012100   0.0000016100  -0.0000015201
        0.0000033919   0.0000025206  -0.0000012647   0.0000004402   0.0095304544
        0.0375550792   0.0500221401   0.0071331605   0.0274991794   0.0024194975
       -0.0070486241  -0.0178097126  -0.0030485928
        0.0000256523  -0.0000150720   0.0000066759   0.0003592345   0.0000411015
       -0.0004189186   0.0004434259   0.0000072294  -0.0001359278  -0.0003103227
       -0.0000283880  -0.0001338576   0.0001240165  -0.0000361330  -0.0001014725
        0.0000598725   0.0000968371   0.0000246634   0.0001805052   0.0001065841
       -0.0003830873  -0.0002796285  -0.0000053145   0.0002398626  -0.0000347523
       -0.0001533742   0.0001952624  -0.0000446820  -0.0000079783  -0.0000016661
       -0.0120456753  -0.0026215179   0.0210155073  -0.0411337410  -0.0186890258
        0.0275069760   0.0000231199  -0.0000335222  -0.0001528327   0.0000588577
       -0.0001246224   0.0000532103   0.0000856142  -0.0000055009  -0.0000781173
        0.0003799863  -0.0003597733  -0.0000967627  -0.0001910753   0.0002036333
        0.0000967018  -0.0000916332   0.0000604479  -0.0000757590  -0.0001339527
       -0.0000559867  -0.0000932006  -0.0000315963  -0.0000186110  -0.0000379467
       -0.0000299166  -0.0000266168   0.0000249567   0.0000238025   0.0000164873
        0.0000157453  -0.0000224540   0.0000228784  -0.0000322147  -0.0004548040
       -0.0062848789   0.0071331605   0.0496963244   0.0167399772  -0.0322069510
        0.0033438220   0.0111711397  -0.0223640076
        0.0000059753  -0.0001609366   0.0000341743  -0.0001171230   0.0001033916
       -0.0005301044   0.0003086546  -0.0005385908  -0.0002619604   0.0001497507
       -0.0000991193  -0.0001583323  -0.0000315182   0.0000497467   0.0000089942
        0.0001816248  -0.0001098635   0.0000692413  -0.0002826480   0.0002268950
        0.0000973674   0.0000731920  -0.0001322157  -0.0001164347   0.0000802494
       -0.0000111653   0.0000057840  -0.0000322408   0.0000279531   0.0000013067
        0.0043717827   0.0038413018  -0.0102897934  -0.0161898376  -0.0890011549
        0.0977119871  -0.0000842519   0.0000271364   0.0001870349  -0.0000316220
        0.0000853776  -0.0000454888  -0.0000359952  -0.0000106764   0.0000358307
       -0.0006872052  -0.0012243709  -0.0004514880   0.0002818467  -0.0001979827
        0.0000155645  -0.0000604697   0.0001778731   0.0000981618   0.0000604016
       -0.0000573406   0.0000763587  -0.0000385988  -0.0000291357  -0.0000196528
       -0.0000059749   0.0000066505  -0.0000044394   0.0000090621  -0.0000131998
       -0.0000011762   0.0000138825  -0.0000045427   0.0000165860  -0.0046431755
       -0.0174982794   0.0274991794   0.0167399772   0.1036824259  -0.1131620702
       -0.0000357386   0.0008598226  -0.0008166305
       -0.0000389142   0.0000612029   0.0001503240  -0.0001260401   0.0004596160
       -0.0002341214   0.0000986123   0.0000528685   0.0000912354   0.0004173119
       -0.0001416373  -0.0001958131  -0.0000581777   0.0001380225  -0.0003317589
        0.0001540583  -0.0001316422   0.0001849345  -0.0003705322   0.0000175395
       -0.0002847709  -0.0000683806   0.0000508431   0.0001459193   0.0000712681
       -0.0000711076   0.0001608087  -0.0000359723  -0.0000006315   0.0000140409
        0.0123015345  -0.0013590307  -0.0133992400   0.0223532242   0.1031834764
       -0.2336699927  -0.0000473635   0.0000160820   0.0000662824  -0.0000353425
        0.0001005403   0.0000124806  -0.0000834661   0.0000196570   0.0000544595
       -0.0005462544  -0.0010467849   0.0001697792   0.0000189645  -0.0000078831
        0.0000446196  -0.0001248662   0.0001016910   0.0001555442  -0.0000111287
        0.0000122994   0.0001550120  -0.0000224653  -0.0000112540  -0.0000285165
        0.0000053134  -0.0000122948   0.0000112388   0.0000156260   0.0000160815
       -0.0000025812  -0.0000255999   0.0000227496  -0.0000164866  -0.0006465819
        0.0011329453   0.0024194975  -0.0322069510  -0.1131620702   0.2632300646
       -0.0009878766   0.0105587212  -0.0189029602
        0.0000502365  -0.0004857963  -0.0002071701   0.0010154333  -0.0002271591
       -0.0000800806  -0.0000919316  -0.0001174522   0.0000558273   0.0006145647
        0.0005223871   0.0004129056   0.0005270308  -0.0000204314   0.0003223328
       -0.0005596711   0.0005355533   0.0001937038  -0.0004432732  -0.0040445803
       -0.0000954044  -0.0005773847   0.0015469642   0.0002019987   0.0003827948
        0.0010078230  -0.0004392243  -0.0000529718   0.0000684322   0.0000175382
       -0.0251226282   0.0047187140  -0.0015838096  -0.2050507367  -0.0130150183
       -0.1211960182   0.0000218259  -0.0000635425  -0.0001419316   0.0000726719
       -0.0001529265   0.0000217856   0.0001857252  -0.0000951664  -0.0000566811
        0.0002996988   0.0003025165  -0.0001956822  -0.0000552792  -0.0000954006
        0.0000345408   0.0000347139  -0.0000851795  -0.0000533533  -0.0001864035
       -0.0000602570  -0.0000426922   0.0001086055  -0.0000061796  -0.0000464097
        0.0000164913   0.0000112883  -0.0000421065   0.0000280975   0.0000025722
        0.0000010900  -0.0000973698   0.0000227085   0.0000817875  -0.0079616519
       -0.0038306611  -0.0070486241   0.0033438220  -0.0000357386  -0.0009878766
        0.2334975897   0.0135965302   0.1308735543
       -0.0000408668   0.0001161008  -0.0000255405   0.0001489382   0.0000006493
        0.0002144157   0.0000835564  -0.0001552529  -0.0001336472   0.0011631743
       -0.0006160415  -0.0009069662  -0.0002778591   0.0003974874  -0.0003112427
        0.0000843993  -0.0010235223   0.0001849084  -0.0020032451  -0.0005257607
        0.0001861745   0.0002558696  -0.0003198927   0.0001170168   0.0003050161
       -0.0000158566  -0.0001003515  -0.0000347253   0.0000862804   0.0000072753
        0.0129505863  -0.0020373279   0.0011105101  -0.0109771244  -0.0400831665
       -0.0023536942  -0.0000620368   0.0000401522   0.0001551204  -0.0001133081
        0.0001203487  -0.0000277115  -0.0000903115   0.0000297173   0.0000239980
       -0.0000138679  -0.0004582102   0.0004550449  -0.0000802789   0.0001109934
       -0.0000211065  -0.0000477819   0.0000127687   0.0000154140  -0.0000246225
        0.0000656037   0.0001001245  -0.0000469239  -0.0000719551  -0.0000177393
        0.0000164976  -0.0000192070  -0.0000181651   0.0000530158  -0.0000129906
       -0.0000139885  -0.0000124934   0.0000335616   0.0000037903  -0.0260032778
       -0.0039544417  -0.0178097126   0.0111711397   0.0008598226   0.0105587212
        0.0135965302   0.0474201395   0.0086073516
       -0.0000326785   0.0001402409  -0.0000566520  -0.0008178990  -0.0001822567
       -0.0000223238  -0.0001800177  -0.0000438916   0.0000526147   0.0017361411
       -0.0014926088  -0.0002623665  -0.0009136774   0.0006176089   0.0009331005
        0.0002463681  -0.0004559940  -0.0006152295  -0.0004715028   0.0004026272
        0.0009418289  -0.0005122735  -0.0003523835  -0.0010523505   0.0001684374
        0.0001716375  -0.0003195919   0.0000576483   0.0000654928  -0.0000086578
        0.0111895800  -0.0004698115   0.0052182822  -0.1139912049  -0.0054648145
       -0.1199082458   0.0000154334   0.0000337468   0.0001217942  -0.0000877063
        0.0001366210  -0.0000448387  -0.0000594119   0.0000152353   0.0000154088
       -0.0001113474   0.0004189378  -0.0001457891   0.0001379087  -0.0000358869
       -0.0001440695   0.0000660861  -0.0000581309  -0.0000258334   0.0001903642
        0.0000980026  -0.0001083448   0.0000238154  -0.0000180936   0.0000479365
        0.0000133190   0.0000204941  -0.0000395276  -0.0000150084  -0.0000379833
       -0.0000114961   0.0000511402  -0.0000257589   0.0000385754  -0.0052130607
       -0.0012737518  -0.0030485928  -0.0223640076  -0.0008166305  -0.0189029602
        0.1308735543   0.0086073516   0.1373473289
