$hessian                                                                        
        0.4754030574  -0.0223436463   0.0168123272  -0.1665263176  -0.0485849956
        0.0359357215  -0.0194113880  -0.0027137794   0.0099617883  -0.0013486175
        0.0020395375   0.0018786973   0.0001993371  -0.0000328723   0.0000526078
       -0.0000701035   0.0001334475   0.0000517957   0.0001605568  -0.0000349617
        0.0000180684  -0.1190997028  -0.0345816586  -0.1064071441  -0.0991513249
        0.0810842204   0.0632654231  -0.0514130273   0.0367849446  -0.0261772817
        0.0016218349  -0.0006725399   0.0008086449  -0.0207602416  -0.0097825439
        0.0042489720   0.0004464931  -0.0007758326  -0.0002156847   0.0010089601
       -0.0003936129  -0.0005442272  -0.0000990145   0.0002239094  -0.0001052645
       -0.0008241293  -0.0003110818   0.0003582507  -0.0000425388  -0.0000192060
        0.0000010432  -0.0000963054  -0.0000677693   0.0000525620   0.0000024717
        0.0000484409   0.0000037001
       -0.0223436463   0.5128478712   0.0089996722  -0.0476803984  -0.0880686877
        0.0187401161   0.0139754841   0.0054172406  -0.0056334345   0.0028891369
       -0.0016521944  -0.0017057174  -0.0003499423  -0.0010242632  -0.0008421591
        0.0001946674   0.0008651479   0.0002330249  -0.0000580201  -0.0000954367
        0.0001101750  -0.0347846046  -0.0610421386  -0.0489488721   0.0806995957
       -0.1552599288  -0.0898023358   0.0367382349  -0.1982546303   0.1075285848
       -0.0220897628  -0.0123366196   0.0106235384  -0.0097053303  -0.0034824049
        0.0019882277   0.0007966382   0.0010626402  -0.0008058070   0.0007358768
        0.0004703122   0.0001693546   0.0000809441   0.0001543389  -0.0002076014
        0.0008800302   0.0002804833  -0.0004004759  -0.0000453037   0.0000627077
       -0.0000356755   0.0000399144   0.0000190886  -0.0000037587   0.0000264858
        0.0000364735  -0.0000068564
        0.0168123272   0.0089996722   0.5161212637   0.0365136596   0.0192405530
       -0.0809624582   0.0164949692   0.0038161395  -0.0076918891   0.0023704602
       -0.0018090011  -0.0013830828  -0.0003133182  -0.0002657959  -0.0009954365
        0.0001441896   0.0003658925   0.0002515893   0.0000352890  -0.0000782587
        0.0001480816  -0.1062492726  -0.0489457131  -0.1900095133   0.0630927677
       -0.0899950709  -0.1163387334  -0.0263857087   0.1074171956  -0.1199977587
        0.0158089710   0.0096370095  -0.0068443351  -0.0195025795  -0.0091999218
        0.0064928944  -0.0005115725   0.0003303545   0.0006317493   0.0008551549
        0.0006079844   0.0005262425  -0.0000356480  -0.0001635276   0.0001185773
        0.0008638269   0.0001779766  -0.0001785052  -0.0000157290   0.0000312424
        0.0000340030  -0.0000013096  -0.0001378770   0.0000441413   0.0000235227
       -0.0000288542   0.0000331701
       -0.1665263176  -0.0476803984   0.0365136596   0.4776907037   0.0042035896
        0.0332496890  -0.0916324052   0.0442005183   0.0309601950  -0.0196552675
        0.0136688464   0.0161545166  -0.0002939517   0.0004187427   0.0015503173
       -0.0001224536   0.0002800062   0.0001163448   0.0004429246  -0.0000742781
       -0.0000244229  -0.0206016063  -0.0097725177   0.0031868820  -0.0169516922
       -0.0052230869   0.0076209343   0.0025756851  -0.0013046263   0.0009069089
       -0.0516496356   0.0362804567  -0.0277617685  -0.1115342470  -0.0330805647
       -0.0999537623  -0.0043166176   0.0076633162   0.0037635238   0.0066584785
       -0.0092015262  -0.0077458400   0.0007980692   0.0006488774  -0.0005997570
       -0.0045512839  -0.0012705930   0.0021882763  -0.0000936432  -0.0000112458
       -0.0000263790  -0.0002622260   0.0001741295  -0.0001149482   0.0000254862
        0.0000803542   0.0000156303
       -0.0485849956  -0.0880686877   0.0192405530   0.0042035896   0.5021763647
       -0.0156091789   0.0442792612  -0.1273328648  -0.0488164106  -0.0029175801
        0.0054632679   0.0033741534   0.0002162888   0.0005625256   0.0018233472
       -0.0002702199  -0.0001539851  -0.0001821259  -0.0000419864  -0.0000751439
       -0.0004177470  -0.0094583436  -0.0040921384   0.0012191564   0.0167036954
        0.0069766009  -0.0067434012  -0.0217609232  -0.0132414350   0.0104157706
        0.0367472726  -0.1921456884   0.1013685415  -0.0332270606  -0.0621105914
       -0.0462222078   0.0143794956  -0.0221589008  -0.0126696484   0.0034128078
       -0.0072858969  -0.0082893921  -0.0011038279   0.0010239063   0.0004714546
       -0.0026152984   0.0001509572   0.0010725086  -0.0000005883   0.0000323329
       -0.0000581770   0.0000782759   0.0001911091   0.0000296452  -0.0000398628
        0.0000882680  -0.0000068416
        0.0359357215   0.0187401161  -0.0809624582   0.0332496890  -0.0156091789
        0.5095473938   0.0304744438  -0.0485166559  -0.1073707096   0.0096393283
       -0.0048904189  -0.0068667259  -0.0012256943   0.0005472797   0.0008420179
        0.0002534818  -0.0002017032  -0.0002623486   0.0002364511  -0.0004006122
       -0.0004921198  -0.0198680790  -0.0094083055   0.0068272142   0.0165179323
        0.0056254400  -0.0066565624   0.0158786378   0.0097483675  -0.0072189494
       -0.0275405685   0.1009898781  -0.1146563697  -0.0999586392  -0.0460833979
       -0.1826593170  -0.0059905999   0.0093129996   0.0081364747   0.0107276314
       -0.0200155942  -0.0183647696   0.0000629960  -0.0006303739   0.0002524821
        0.0018622822   0.0005188302  -0.0001082046   0.0001629110  -0.0000689037
       -0.0000073968  -0.0003707458   0.0003944452  -0.0000106974  -0.0000471796
       -0.0000522123   0.0000310465
       -0.0194113880   0.0139754841   0.0164949692  -0.0916324052   0.0442792612
        0.0304744438   0.4622297616  -0.0028028836   0.0383500469  -0.1518614453
       -0.0400694227   0.0391560619  -0.0232545146  -0.0115878874  -0.0024952473
       -0.0010078442   0.0003659630  -0.0021420426   0.0015124085  -0.0004491474
       -0.0005989731   0.0005934015   0.0008154843   0.0007324660  -0.0047036621
       -0.0013524332   0.0024234341   0.0008156476   0.0006771463  -0.0004770874
       -0.0047402270   0.0080969843   0.0042386299   0.0068239764  -0.0096983581
       -0.0076736732  -0.0482745114   0.0334390308  -0.0235930582  -0.1111490128
       -0.0285939017  -0.1040617411   0.0013620441  -0.0017051773   0.0007835916
       -0.0167226863  -0.0050061439   0.0086003518   0.0000717614  -0.0001407953
       -0.0000057593  -0.0008210533   0.0001423866  -0.0004449443   0.0001697489
       -0.0003855900   0.0002385311
       -0.0027137794   0.0054172406   0.0038161395   0.0442005183  -0.1273328648
       -0.0485166559  -0.0028028836   0.5006257132  -0.0210839370  -0.0411491171
       -0.0803396781   0.0244119532  -0.0126007881  -0.0068648789  -0.0054511036
        0.0006884446   0.0022672881  -0.0014010953  -0.0002366100  -0.0012348406
        0.0006173754  -0.0003922411   0.0004966356   0.0006440922  -0.0027574830
        0.0002226573   0.0014270893  -0.0011183429   0.0010500416   0.0005554478
        0.0149427760  -0.0225755367  -0.0129886587   0.0043251596  -0.0075414945
       -0.0086853327   0.0339393465  -0.2013109008   0.1033279855  -0.0286118878
       -0.0566043234  -0.0415160624  -0.0214656640  -0.0127437160   0.0103120744
        0.0150925986   0.0063371184  -0.0059826360   0.0005150183   0.0000295892
        0.0000829181   0.0001043806   0.0003195288   0.0003683636   0.0000405546
       -0.0002175790   0.0000620423
        0.0099617883  -0.0056334345  -0.0076918891   0.0309601950  -0.0488164106
       -0.1073707096   0.0383500469  -0.0210839370   0.5096359874   0.0266398327
        0.0195367390  -0.0731875157  -0.0151734806  -0.0045489280   0.0110681059
       -0.0015110829  -0.0052068138  -0.0052428006   0.0015687499  -0.0000709824
       -0.0014695038  -0.0009600205   0.0001458710   0.0008835634   0.0018257860
        0.0006596153  -0.0001534312   0.0000296492  -0.0007489449   0.0002109579
       -0.0065089020   0.0096380912   0.0078389053   0.0115866060  -0.0196844891
       -0.0183419092  -0.0239447324   0.1033457123  -0.1118121354  -0.1039121813
       -0.0416066919  -0.1915976471   0.0143413098   0.0088257301  -0.0060010505
        0.0177513429   0.0054905269  -0.0062780627  -0.0001639055  -0.0001935090
        0.0001709620  -0.0008088285   0.0001463311  -0.0007826077  -0.0000321730
       -0.0001944755   0.0001207806
       -0.0013486175   0.0028891369   0.0023704602  -0.0196552675  -0.0029175801
        0.0096393283  -0.1518614453  -0.0411491171   0.0266398327   0.4346299662
       -0.0266161285   0.0020502289  -0.1050670274  -0.0046185631  -0.0441375741
       -0.0063809264  -0.0283528175  -0.0261365572   0.0007929874   0.0015079323
       -0.0136644336   0.0003429957   0.0001099287   0.0001164641  -0.0011764157
       -0.0002877901   0.0006774241  -0.0000608965   0.0001366539  -0.0001061697
        0.0002950179  -0.0006997489  -0.0002348404   0.0009170085  -0.0004529534
       -0.0004736632   0.0009825446  -0.0015050145   0.0008699256  -0.0226061692
       -0.0109093964   0.0046891594  -0.0504701135   0.0359973994  -0.0216717933
       -0.0788461564   0.0764282665   0.0626035504  -0.0001019815  -0.0011022024
        0.0003583888  -0.0009661370   0.0011580446  -0.0021621477   0.0005806337
        0.0003839495  -0.0014275833
        0.0020395375  -0.0016521944  -0.0018090011   0.0136688464   0.0054632679
       -0.0048904189  -0.0400694227  -0.0803396781   0.0195367390  -0.0266161285
        0.5337761907  -0.0143291256   0.0008237621  -0.0635361277  -0.0008139732
       -0.0400121817  -0.0284347027  -0.0334691501   0.0107865437   0.0034769526
        0.0141750957   0.0001311342  -0.0000123119   0.0000340584   0.0008277013
        0.0003329446  -0.0004229689   0.0000539483   0.0000876247  -0.0001522092
        0.0008842958   0.0009540325  -0.0008390274   0.0003396089   0.0006686822
        0.0002522378  -0.0219514517  -0.0124709607   0.0101424490  -0.0080991452
       -0.0031478171   0.0017345142   0.0339856929  -0.2056444609   0.0991847756
        0.0723444349  -0.1474241256  -0.0926336325  -0.0001940955   0.0008238578
        0.0002106533   0.0000567910  -0.0005215488   0.0003278874   0.0010001285
       -0.0023996251   0.0037610963
        0.0018786973  -0.0017057174  -0.0013830828   0.0161545166   0.0033741534
       -0.0068667259   0.0391560619   0.0244119532  -0.0731875157   0.0020502289
       -0.0143291256   0.4645992736  -0.0527622322  -0.0101217165  -0.1356085811
       -0.0203626250  -0.0171220770   0.0013358777  -0.0180797661   0.0030817988
       -0.0148294435   0.0000826358  -0.0000636909  -0.0001666515   0.0007417316
        0.0002528097  -0.0001184496  -0.0000153423  -0.0002229867   0.0000904621
       -0.0006102757   0.0003801999   0.0003987482   0.0003057091   0.0007197854
        0.0007090320   0.0148851323   0.0086955578  -0.0066943565  -0.0185461076
       -0.0084730927   0.0055206667  -0.0210759086   0.1003428876  -0.1080846696
        0.0578712450  -0.0916155271  -0.1229590709  -0.0007854196  -0.0001944848
       -0.0007829091   0.0003571739  -0.0006013886   0.0001677901  -0.0012454555
        0.0031906616  -0.0021403941
        0.0001993371  -0.0003499423  -0.0003133182  -0.0002939517   0.0002162888
       -0.0012256943  -0.0232545146  -0.0126007881  -0.0151734806  -0.1050670274
        0.0008237621  -0.0527622322   0.3595078947   0.1797054759   0.1282673086
       -0.1452692645  -0.2007024828  -0.0339919322  -0.0812035592   0.0244563624
       -0.0224462864   0.0001937910   0.0001569438   0.0001005823   0.0002762911
       -0.0000685724  -0.0001371812   0.0000060025   0.0001369948   0.0000147234
       -0.0002081453   0.0003552035   0.0001674384   0.0002314961   0.0004590701
        0.0010506869   0.0009658903   0.0005952640  -0.0001185519  -0.0033904249
       -0.0015078205   0.0012930880  -0.0049560039   0.0005338259  -0.0087164216
        0.0074365666   0.0009802793   0.0106685416  -0.0004954675   0.0036135584
       -0.0026264436   0.0043145383  -0.0165206992   0.0154690462  -0.0089934487
        0.0197172763  -0.0195198730
       -0.0000328723  -0.0010242632  -0.0002657959   0.0004187427   0.0005625256
        0.0005472797  -0.0115878874  -0.0068648789  -0.0045489280  -0.0046185631
       -0.0635361277  -0.0101217165   0.1797054759   0.7803624773   0.0022369385
       -0.1984869090  -0.5645181395  -0.0579316563   0.0318968637  -0.1187317892
        0.0484325975  -0.0000790907   0.0000858400   0.0000924204   0.0003701349
       -0.0000684061  -0.0002605984  -0.0002793736   0.0000328188   0.0000378290
        0.0006373793  -0.0002316221   0.0006100926   0.0000785742   0.0011352649
       -0.0010685596  -0.0009224783  -0.0007609104  -0.0002237001  -0.0009402833
        0.0003476535   0.0002523517   0.0164316997   0.0032167783   0.0218511884
       -0.0100510262  -0.0077323939  -0.0179916082   0.0021571641  -0.0235263895
        0.0121112319  -0.0035381569  -0.0050505079   0.0058838266  -0.0011593939
        0.0063020702   0.0003568067
        0.0000526078  -0.0008421591  -0.0009954365   0.0015503173   0.0018233472
        0.0008420179  -0.0024952473  -0.0054511036   0.0110681059  -0.0441375741
       -0.0008139732  -0.1356085811   0.1282673086   0.0022369385   0.3730033727
       -0.0335406980  -0.0581404312  -0.0782550098  -0.0291198568   0.0500216313
       -0.1179409943  -0.0001584656   0.0000013241   0.0000537506   0.0004987329
       -0.0001202623  -0.0002622144   0.0000694153   0.0002472782   0.0000615062
       -0.0003959163  -0.0000203926  -0.0000566488   0.0003174886  -0.0005396456
       -0.0003265273   0.0004506340   0.0006616705   0.0007444937   0.0039696245
        0.0020091730  -0.0001055839  -0.0135616318  -0.0001780570  -0.0175757471
       -0.0104435469  -0.0091879734  -0.0152908945   0.0070011657  -0.0105946141
        0.0098630593  -0.0006527996   0.0170119866  -0.0143503916  -0.0076715582
        0.0118752625  -0.0148682771
       -0.0000701035   0.0001946674   0.0001441896  -0.0001224536  -0.0002702199
        0.0002534818  -0.0010078442   0.0006884446  -0.0015110829  -0.0063809264
       -0.0400121817  -0.0203626250  -0.1452692645  -0.1984869090  -0.0335406980
        0.1396618772   0.2443595675   0.0583390625   0.0146056943  -0.0051996346
       -0.0013602960   0.0000480747  -0.0000572885  -0.0000728348  -0.0000335846
        0.0000489065   0.0000592358   0.0000510574  -0.0000863666  -0.0000028864
        0.0001908914  -0.0000852288  -0.0000506741  -0.0005167352  -0.0000074627
        0.0000498923   0.0001650749  -0.0001688979  -0.0000577287  -0.0009773488
       -0.0003268229   0.0000186593   0.0008075957   0.0003083762   0.0026804460
       -0.0038581565  -0.0026826663  -0.0052276884   0.0014052985  -0.0001645084
        0.0008291468   0.0004194731   0.0028489271  -0.0015780103   0.0008813802
       -0.0009007021   0.0013904105
        0.0001334475   0.0008651479   0.0003658925   0.0002800062  -0.0001539851
       -0.0002017032   0.0003659630   0.0022672881  -0.0052068138  -0.0283528175
       -0.0284347027  -0.0171220770  -0.2007024828  -0.5645181395  -0.0581404312
        0.2443595675   0.6627155113   0.0627450165  -0.0170335502  -0.0638529221
        0.0150105246   0.0001428824  -0.0000980222  -0.0001036700  -0.0002049802
        0.0000864989   0.0002023724   0.0001713475  -0.0001294879  -0.0000323417
       -0.0003881593   0.0000151194  -0.0004185112  -0.0003938761  -0.0005657242
        0.0008969551   0.0004825049  -0.0000411026  -0.0001138264  -0.0022844226
       -0.0011609372   0.0004141507   0.0004375099   0.0012512824   0.0000626260
       -0.0012031555   0.0002074501  -0.0022945252   0.0027437536  -0.0061329819
        0.0054054813   0.0013999089  -0.0038284875   0.0015405666   0.0000465527
        0.0015081947  -0.0030096863
        0.0000517957   0.0002330249   0.0002515893   0.0001163448  -0.0001821259
       -0.0002623486  -0.0021420426  -0.0014010953  -0.0052428006  -0.0261365572
       -0.0334691501   0.0013358777  -0.0339919322  -0.0579316563  -0.0782550098
        0.0583390625   0.0627450165   0.0705425839   0.0033290678   0.0286479205
        0.0134086767   0.0000880922  -0.0000030513  -0.0000003398  -0.0001244445
        0.0000595304   0.0000598822   0.0000048835  -0.0000630364  -0.0000521997
        0.0001016108  -0.0000094969  -0.0000710650  -0.0000228973  -0.0000252115
        0.0001348396  -0.0000618666  -0.0000527241  -0.0001275574  -0.0019438819
       -0.0008740642   0.0004975806   0.0023773677  -0.0004874646   0.0021517750
       -0.0007332079  -0.0007509387  -0.0021586630  -0.0011488462   0.0051202396
       -0.0026974706   0.0000603641  -0.0004286356  -0.0004832076   0.0018370873
       -0.0011270809   0.0009678570
        0.0001605568  -0.0000580201   0.0000352890   0.0004429246  -0.0000419864
        0.0002364511   0.0015124085  -0.0002366100   0.0015687499   0.0007929874
        0.0107865437  -0.0180797661  -0.0812035592   0.0318968637  -0.0291198568
        0.0146056943  -0.0170335502   0.0033290678   0.4994078380   0.0204874365
        0.0163594228  -0.0000902450  -0.0000192939  -0.0000199699  -0.0000885966
        0.0000249595   0.0000125145  -0.0000029423   0.0000545927  -0.0000682605
       -0.0000689434   0.0001446336  -0.0000552284  -0.0004983515   0.0000789076
       -0.0003609264  -0.0006859756   0.0004510189  -0.0007389074   0.0003225465
        0.0003841059  -0.0002595801  -0.0013444009  -0.0006200531  -0.0041465496
       -0.0010121838   0.0002080142  -0.0013084882  -0.0458224394   0.0277748370
        0.0116425791  -0.1721636672  -0.0258903991   0.1234889370  -0.2142636513
       -0.0483920004  -0.1025154779
       -0.0000349617  -0.0000954367  -0.0000782587  -0.0000742781  -0.0000751439
       -0.0004006122  -0.0004491474  -0.0012348406  -0.0000709824   0.0015079323
        0.0034769526   0.0030817988   0.0244563624  -0.1187317892   0.0500216313
       -0.0051996346  -0.0638529221   0.0286479205   0.0204874365   0.4979301675
        0.0425376118   0.0000702171   0.0000377482   0.0000018309   0.0000116518
        0.0000259923   0.0000015899   0.0000755456   0.0000638234  -0.0000200520
       -0.0000279089   0.0001219655   0.0000884137   0.0004102666  -0.0001149908
        0.0002310260  -0.0000412231   0.0005385929  -0.0000534370   0.0000932148
        0.0001775135   0.0000169412  -0.0008569258   0.0004303757  -0.0008098330
        0.0001887303  -0.0002069455   0.0007945073   0.0272475384  -0.2200582923
       -0.1099095849  -0.0202053231  -0.0379936906   0.0175277686  -0.0476594930
       -0.0604390800  -0.0316082797
        0.0000180684   0.0001101750   0.0001480816  -0.0000244229  -0.0004177470
       -0.0004921198  -0.0005989731   0.0006173754  -0.0014695038  -0.0136644336
        0.0141750957  -0.0148294435  -0.0224462864   0.0484325975  -0.1179409943
       -0.0013602960   0.0150105246   0.0134086767   0.0163594228   0.0425376118
        0.4750735673   0.0000334149   0.0000141834   0.0000229259  -0.0001167941
        0.0000171601   0.0000586089  -0.0000451594  -0.0000940222   0.0000287336
        0.0000958506  -0.0000463693   0.0000425883  -0.0000277093   0.0001167974
        0.0001447306  -0.0003236951   0.0001990512  -0.0002634096  -0.0007155849
       -0.0000901599   0.0000621085  -0.0035690826  -0.0002635275  -0.0031524182
       -0.0000115647   0.0009925134   0.0006980157   0.0110310371  -0.1118960135
       -0.1041450900   0.1181149479   0.0218188782  -0.1458764499  -0.1027487395
       -0.0312341242  -0.1015186080
       -0.1190997028  -0.0347846046  -0.1062492726  -0.0206016063  -0.0094583436
       -0.0198680790   0.0005934015  -0.0003922411  -0.0009600205   0.0003429957
        0.0001311342   0.0000826358   0.0001937910  -0.0000790907  -0.0001584656
        0.0000480747   0.0001428824   0.0000880922  -0.0000902450   0.0000702171
        0.0000334149   0.1403241808   0.0433339559   0.1229355097   0.0082306316
        0.0039955663   0.0109524250  -0.0046455865  -0.0004663602  -0.0088305024
        0.0008340522   0.0003859323  -0.0003750081  -0.0057692880  -0.0030881883
        0.0016325676  -0.0001427841   0.0000927061  -0.0001330315  -0.0003089752
        0.0001649876   0.0008415531   0.0000348978  -0.0000172894  -0.0000649831
        0.0000151921   0.0000492327   0.0000156866  -0.0000200029   0.0000131340
        0.0000147408   0.0000305236  -0.0000896155   0.0000276092   0.0000304497
       -0.0000040150   0.0000151278
       -0.0345816586  -0.0610421386  -0.0489457131  -0.0097725177  -0.0040921384
       -0.0094083055   0.0008154843   0.0004966356   0.0001458710   0.0001099287
       -0.0000123119  -0.0000636909   0.0001569438   0.0000858400   0.0000013241
       -0.0000572885  -0.0000980222  -0.0000030513  -0.0000192939   0.0000377482
        0.0000141834   0.0433339559   0.0681171515   0.0572049609  -0.0116613560
       -0.0078723588  -0.0212109211   0.0149654486   0.0051940825   0.0220291611
       -0.0001640378  -0.0000756822  -0.0005962730  -0.0031492642  -0.0007534987
        0.0006878908   0.0000504555  -0.0001205981   0.0001416642  -0.0000094371
        0.0002284128  -0.0000067632  -0.0000408567  -0.0000538257  -0.0000086410
        0.0000370595   0.0000160781  -0.0000150544   0.0000023861   0.0000060084
        0.0000152136  -0.0000233939  -0.0000544242   0.0000245956   0.0000074419
       -0.0000069584  -0.0000064512
       -0.1064071441  -0.0489488721  -0.1900095133   0.0031868820   0.0012191564
        0.0068272142   0.0007324660   0.0006440922   0.0008835634   0.0001164641
        0.0000340584  -0.0001666515   0.0001005823   0.0000924204   0.0000537506
       -0.0000728348  -0.0001036700  -0.0000003398  -0.0000199699   0.0000018309
        0.0000229259   0.1229355097   0.0572049609   0.2185479167  -0.0100154194
       -0.0077052133  -0.0183676890  -0.0124801507  -0.0027625507  -0.0188952507
        0.0003119193  -0.0001410909   0.0006115695   0.0017830110   0.0004197394
        0.0006350925  -0.0001738821   0.0000376107  -0.0002494875  -0.0000594686
        0.0000212456   0.0001138034   0.0000162442  -0.0000200543   0.0000182441
       -0.0000144992   0.0000113452  -0.0000005352  -0.0000042548   0.0000152484
        0.0000072135   0.0000608859  -0.0000212658  -0.0000236756   0.0000036590
        0.0000010086  -0.0000081513
       -0.0991513249   0.0806995957   0.0630927677  -0.0169516922   0.0167036954
        0.0165179323  -0.0047036621  -0.0027574830   0.0018257860  -0.0011764157
        0.0008277013   0.0007417316   0.0002762911   0.0003701349   0.0004987329
       -0.0000335846  -0.0002049802  -0.0001244445  -0.0000885966   0.0000116518
       -0.0001167941   0.0082306316  -0.0116613560  -0.0100154194   0.1166419527
       -0.0923836856  -0.0759112931  -0.0037179069   0.0079894577   0.0035927403
        0.0006671583   0.0003033453  -0.0000911300   0.0002005057   0.0005609228
       -0.0000426749   0.0001359308  -0.0002502740  -0.0000689314  -0.0000151136
       -0.0001120535  -0.0001033505   0.0000466353   0.0000315799   0.0000000118
       -0.0003918138  -0.0001111063   0.0001319149   0.0000468073  -0.0000444431
       -0.0000075667  -0.0000031454   0.0000359151   0.0000712952  -0.0000126566
       -0.0000086183   0.0000086919
        0.0810842204  -0.1552599288  -0.0899950709  -0.0052230869   0.0069766009
        0.0056254400  -0.0013524332   0.0002226573   0.0006596153  -0.0002877901
        0.0003329446   0.0002528097  -0.0000685724  -0.0000684061  -0.0001202623
        0.0000489065   0.0000864989   0.0000595304   0.0000249595   0.0000259923
        0.0000171601   0.0039955663  -0.0078723588  -0.0077052133  -0.0923836856
        0.1780636002   0.1042485892   0.0146878535  -0.0235029508  -0.0136619099
       -0.0002788553   0.0005809959   0.0000865187   0.0001961333   0.0002805279
        0.0003004218  -0.0002778270   0.0001586253  -0.0000169800  -0.0000400399
       -0.0000166417   0.0002280683   0.0000508252   0.0000577055  -0.0000359422
       -0.0001377773  -0.0000231357   0.0000668122  -0.0000373579   0.0000020412
        0.0000121050  -0.0000189439  -0.0000546445  -0.0000337788   0.0000179049
        0.0000098764   0.0000120867
        0.0632654231  -0.0898023358  -0.1163387334   0.0076209343  -0.0067434012
       -0.0066565624   0.0024234341   0.0014270893  -0.0001534312   0.0006774241
       -0.0004229689  -0.0001184496  -0.0001371812  -0.0002605984  -0.0002622144
        0.0000592358   0.0002023724   0.0000598822   0.0000125145   0.0000015899
        0.0000586089   0.0109524250  -0.0212109211  -0.0183676890  -0.0759112931
        0.1042485892   0.1323586064  -0.0084007001   0.0124120820   0.0090831166
       -0.0000264656  -0.0001756153  -0.0002552371  -0.0004443679   0.0000382653
        0.0004741273  -0.0000787018   0.0001286188  -0.0000510951  -0.0001166879
        0.0001083814   0.0002651750  -0.0000384267  -0.0000191170  -0.0000193119
        0.0001466450   0.0000570217  -0.0000608458  -0.0000220184   0.0000097126
       -0.0000151501   0.0000148148  -0.0000062411  -0.0000053770   0.0000029920
        0.0000074762   0.0000045804
       -0.0514130273   0.0367382349  -0.0263857087   0.0025756851  -0.0217609232
        0.0158786378   0.0008156476  -0.0011183429   0.0000296492  -0.0000608965
        0.0000539483  -0.0000153423   0.0000060025  -0.0002793736   0.0000694153
        0.0000510574   0.0001713475   0.0000048835  -0.0000029423   0.0000755456
       -0.0000451594  -0.0046455865   0.0149654486  -0.0124801507  -0.0037179069
        0.0146878535  -0.0084007001   0.0603383487  -0.0407630226   0.0284783013
       -0.0043803296  -0.0031301837   0.0027444883   0.0008742231  -0.0001320621
        0.0003212415  -0.0002917221   0.0002807143   0.0000923634  -0.0001032861
        0.0000955790  -0.0001191499   0.0000282297   0.0000889793  -0.0000641829
        0.0000348745   0.0000370562  -0.0000366277  -0.0000220674   0.0000127231
        0.0000167144  -0.0001413641  -0.0000405714  -0.0000723092   0.0000550602
        0.0000170491  -0.0000163640
        0.0367849446  -0.1982546303   0.1074171956  -0.0013046263  -0.0132414350
        0.0097483675   0.0006771463   0.0010500416  -0.0007489449   0.0001366539
        0.0000876247  -0.0002229867   0.0001369948   0.0000328188   0.0002472782
       -0.0000863666  -0.0001294879  -0.0000630364   0.0000545927   0.0000638234
       -0.0000940222  -0.0004663602   0.0051940825  -0.0027625507   0.0079894577
       -0.0235029508   0.0124120820  -0.0407630226   0.2297604412  -0.1271024135
       -0.0033277487  -0.0012759073   0.0012712858   0.0003657370  -0.0000256154
       -0.0001537649  -0.0002170816   0.0003216311   0.0001063908  -0.0000202723
       -0.0001337602   0.0000607012   0.0001034691  -0.0000389502  -0.0000447997
        0.0000265269   0.0000500682  -0.0000249913   0.0000166533   0.0000000769
        0.0000049546  -0.0001211195   0.0000471329  -0.0000425542   0.0000144214
       -0.0000050042  -0.0000081914
       -0.0261772817   0.1075285848  -0.1199977587   0.0009069089   0.0104157706
       -0.0072189494  -0.0004770874   0.0005554478   0.0002109579  -0.0001061697
       -0.0001522092   0.0000904621   0.0000147234   0.0000378290   0.0000615062
       -0.0000028864  -0.0000323417  -0.0000521997  -0.0000682605  -0.0000200520
        0.0000287336  -0.0088305024   0.0220291611  -0.0188952507   0.0035927403
       -0.0136619099   0.0090831166   0.0284783013  -0.1271024135   0.1364908687
        0.0025378997   0.0013991990  -0.0001817012  -0.0003543271  -0.0006190644
        0.0005599499   0.0006880470  -0.0003522752  -0.0000041394  -0.0001412442
        0.0000929005  -0.0002642473  -0.0001089002  -0.0000788638   0.0000367056
        0.0000004754  -0.0000370119  -0.0000112598   0.0000382826  -0.0000188725
       -0.0000288877   0.0000437822   0.0000243873   0.0001017588  -0.0000345012
       -0.0000082662  -0.0000096657
        0.0016218349  -0.0220897628   0.0158089710  -0.0516496356   0.0367472726
       -0.0275405685  -0.0047402270   0.0149427760  -0.0065089020   0.0002950179
        0.0008842958  -0.0006102757  -0.0002081453   0.0006373793  -0.0003959163
        0.0001908914  -0.0003881593   0.0001016108  -0.0000689434  -0.0000279089
        0.0000958506   0.0008340522  -0.0001640378   0.0003119193   0.0006671583
       -0.0002788553  -0.0000264656  -0.0043803296  -0.0033277487   0.0025378997
        0.0630108323  -0.0427435795   0.0273084774  -0.0046684929   0.0146413966
       -0.0137568241  -0.0013069139   0.0025503596   0.0021236301   0.0005288602
       -0.0007268956  -0.0002725296  -0.0003858299  -0.0002196456   0.0006462690
        0.0001314946  -0.0002274446  -0.0000086896   0.0000499763  -0.0000679085
        0.0000125489   0.0000667989  -0.0000730278   0.0001193923   0.0000116007
       -0.0000685055   0.0000536025
       -0.0006725399  -0.0123366196   0.0096370095   0.0362804567  -0.1921456884
        0.1009898781   0.0080969843  -0.0225755367   0.0096380912  -0.0006997489
        0.0009540325   0.0003801999   0.0003552035  -0.0002316221  -0.0000203926
       -0.0000852288   0.0000151194  -0.0000094969   0.0001446336   0.0001219655
       -0.0000463693   0.0003859323  -0.0000756822  -0.0001410909   0.0003033453
        0.0005809959  -0.0001756153  -0.0031301837  -0.0012759073   0.0013991990
       -0.0427435795   0.2255363656  -0.1176511506  -0.0004599768   0.0047722115
       -0.0016710265   0.0026078766  -0.0040027943  -0.0027228806  -0.0003433423
        0.0002288307   0.0005648923   0.0003764291   0.0003576786  -0.0002355257
       -0.0002244933   0.0001300777   0.0000873779  -0.0001314985   0.0000026462
        0.0000322562  -0.0000442234  -0.0000966554  -0.0000627986  -0.0000160464
        0.0000405823   0.0000074429
        0.0008086449   0.0106235384  -0.0068443351  -0.0277617685   0.1013685415
       -0.1146563697   0.0042386299  -0.0129886587   0.0078389053  -0.0002348404
       -0.0008390274   0.0003987482   0.0001674384   0.0006100926  -0.0000566488
       -0.0000506741  -0.0004185112  -0.0000710650  -0.0000552284   0.0000884137
        0.0000425883  -0.0003750081  -0.0005962730   0.0006115695  -0.0000911300
        0.0000865187  -0.0002552371   0.0027444883   0.0012712858  -0.0001817012
        0.0273084774  -0.1176511506   0.1325268223  -0.0090591596   0.0216090700
       -0.0193877228   0.0020745854  -0.0027099282  -0.0008456027   0.0001831013
       -0.0004340816   0.0008486610   0.0000702843   0.0001041474   0.0000121688
       -0.0000489705  -0.0000147499  -0.0000646035  -0.0000434986  -0.0000165449
        0.0000222140   0.0001251282  -0.0001075679   0.0000420785  -0.0000004999
        0.0000148852   0.0000195298
       -0.0207602416  -0.0097053303  -0.0195025795  -0.1115342470  -0.0332270606
       -0.0999586392   0.0068239764   0.0043251596   0.0115866060   0.0009170085
        0.0003396089   0.0003057091   0.0002314961   0.0000785742   0.0003174886
       -0.0005167352  -0.0003938761  -0.0000228973  -0.0004983515   0.0004102666
       -0.0000277093  -0.0057692880  -0.0031492642   0.0017830110   0.0002005057
        0.0001961333  -0.0004443679   0.0008742231   0.0003657370  -0.0003543271
       -0.0046684929  -0.0004599768  -0.0090591596   0.1353086027   0.0390836819
        0.1137120648   0.0002799039  -0.0003961485   0.0000382139  -0.0006942298
        0.0020760817   0.0021456386  -0.0000205657  -0.0000334960  -0.0000724813
       -0.0000124336   0.0000062616  -0.0001008735   0.0000335015  -0.0000154570
       -0.0000147860  -0.0001025603   0.0005278377  -0.0002588681  -0.0000920724
       -0.0000287329  -0.0000720433
       -0.0097825439  -0.0034824049  -0.0091999218  -0.0330805647  -0.0621105914
       -0.0460833979  -0.0096983581  -0.0075414945  -0.0196844891  -0.0004529534
        0.0006686822   0.0007197854   0.0004590701   0.0011352649  -0.0005396456
       -0.0000074627  -0.0005657242  -0.0000252115   0.0000789076  -0.0001149908
        0.0001167974  -0.0030881883  -0.0007534987   0.0004197394   0.0005609228
        0.0002805279   0.0000382653  -0.0001320621  -0.0000256154  -0.0006190644
        0.0146413966   0.0047722115   0.0216090700   0.0390836819   0.0712269739
        0.0564287391  -0.0006406150   0.0002921070  -0.0002841955   0.0018127810
       -0.0030635557  -0.0035895786   0.0000745290  -0.0001097333   0.0000778481
       -0.0001500595  -0.0000278691   0.0001351452  -0.0000320191  -0.0000801783
        0.0000235085   0.0004646553  -0.0004682079   0.0003927511  -0.0001111175
       -0.0000319030   0.0000638547
        0.0042489720   0.0019882277   0.0064928944  -0.0999537623  -0.0462222078
       -0.1826593170  -0.0076736732  -0.0086853327  -0.0183419092  -0.0004736632
        0.0002522378   0.0007090320   0.0010506869  -0.0010685596  -0.0003265273
        0.0000498923   0.0008969551   0.0001348396  -0.0003609264   0.0002310260
        0.0001447306   0.0016325676   0.0006878908   0.0006350925  -0.0000426749
        0.0003004218   0.0004741273   0.0003212415  -0.0001537649   0.0005599499
       -0.0137568241  -0.0016710265  -0.0193877228   0.1137120648   0.0564287391
        0.2130506321  -0.0002998835   0.0005577772   0.0006964986   0.0020599414
       -0.0037275612  -0.0022650059  -0.0001704779   0.0000518843  -0.0003339298
       -0.0002099032   0.0001831150   0.0001859180  -0.0000484467   0.0000302404
       -0.0000764873  -0.0000037569  -0.0001225801   0.0003437445  -0.0000813742
        0.0000425175  -0.0000365602
        0.0004464931   0.0007966382  -0.0005115725  -0.0043166176   0.0143794956
       -0.0059905999  -0.0482745114   0.0339393465  -0.0239447324   0.0009825446
       -0.0219514517   0.0148851323   0.0009658903  -0.0009224783   0.0004506340
        0.0001650749   0.0004825049  -0.0000618666  -0.0006859756  -0.0000412231
       -0.0003236951  -0.0001427841   0.0000504555  -0.0001738821   0.0001359308
       -0.0002778270  -0.0000787018  -0.0002917221  -0.0002170816   0.0006880470
       -0.0013069139   0.0026078766   0.0020745854   0.0002799039  -0.0006406150
       -0.0002998835   0.0606605329  -0.0395192736   0.0246470549  -0.0036432946
        0.0144253032  -0.0126592192  -0.0043173887  -0.0030197592   0.0020758841
        0.0006373717  -0.0001646177  -0.0000031769  -0.0010904180   0.0003862506
        0.0001128986  -0.0002298566  -0.0004097071  -0.0010220894   0.0000257405
        0.0000961631   0.0001351832
       -0.0007758326   0.0010626402   0.0003303545   0.0076633162  -0.0221589008
        0.0093129996   0.0334390308  -0.2013109008   0.1033457123  -0.0015050145
       -0.0124709607   0.0086955578   0.0005952640  -0.0007609104   0.0006616705
       -0.0001688979  -0.0000411026  -0.0000527241   0.0004510189   0.0005385929
        0.0001990512   0.0000927061  -0.0001205981   0.0000376107  -0.0002502740
        0.0001586253   0.0001286188   0.0002807143   0.0003216311  -0.0003522752
        0.0025503596  -0.0040027943  -0.0027099282  -0.0003961485   0.0002921070
        0.0005577772  -0.0395192736   0.2344024577  -0.1194950622  -0.0000394091
        0.0040134067  -0.0010361727  -0.0026613515  -0.0009546172   0.0013571672
        0.0003162836   0.0005302811  -0.0002476205  -0.0000825326   0.0002704050
        0.0000367227  -0.0002312260   0.0001545576  -0.0007333108   0.0002412668
        0.0000760802  -0.0000361487
       -0.0002156847  -0.0008058070   0.0006317493   0.0037635238  -0.0126696484
        0.0081364747  -0.0235930582   0.1033279855  -0.1118121354   0.0008699256
        0.0101424490  -0.0066943565  -0.0001185519  -0.0002237001   0.0007444937
       -0.0000577287  -0.0001138264  -0.0001275574  -0.0007389074  -0.0000534370
       -0.0002634096  -0.0001330315   0.0001416642  -0.0002494875  -0.0000689314
       -0.0000169800  -0.0000510951   0.0000923634   0.0001063908  -0.0000041394
        0.0021236301  -0.0027228806  -0.0008456027   0.0000382139  -0.0002841955
        0.0006964986   0.0246470549  -0.1194950622   0.1293114812  -0.0080927611
        0.0219618431  -0.0184459762   0.0023758748   0.0010174434  -0.0002679267
       -0.0000479048   0.0002776761  -0.0001960555   0.0000471658  -0.0000690346
        0.0002104863  -0.0009029891  -0.0003831481  -0.0006753305   0.0000117963
       -0.0001377322  -0.0000981113
        0.0010089601   0.0007358768   0.0008551549   0.0066584785   0.0034128078
        0.0107276314  -0.1111490128  -0.0286118878  -0.1039121813  -0.0226061692
       -0.0080991452  -0.0185461076  -0.0033904249  -0.0009402833   0.0039696245
       -0.0009773488  -0.0022844226  -0.0019438819   0.0003225465   0.0000932148
       -0.0007155849  -0.0003089752  -0.0000094371  -0.0000594686  -0.0000151136
       -0.0000400399  -0.0001166879  -0.0001032861  -0.0000202723  -0.0001412442
        0.0005288602  -0.0003433423   0.0001831013  -0.0006942298   0.0018127810
        0.0020599414  -0.0036432946  -0.0000394091  -0.0080927611   0.1335938910
        0.0341294954   0.1164041149   0.0006162066   0.0001101267  -0.0003153410
        0.0002351745   0.0002128356  -0.0004609899   0.0000213842  -0.0001170637
        0.0000468540  -0.0001830930   0.0000185346  -0.0000366402   0.0000854464
       -0.0000203694   0.0000944660
       -0.0003936129   0.0004703122   0.0006079844  -0.0092015262  -0.0072858969
       -0.0200155942  -0.0285939017  -0.0566043234  -0.0416066919  -0.0109093964
       -0.0031478171  -0.0084730927  -0.0015078205   0.0003476535   0.0020091730
       -0.0003268229  -0.0011609372  -0.0008740642   0.0003841059   0.0001775135
       -0.0000901599   0.0001649876   0.0002284128   0.0000212456  -0.0001120535
       -0.0000166417   0.0001083814   0.0000955790  -0.0001337602   0.0000929005
       -0.0007268956   0.0002288307  -0.0004340816   0.0020760817  -0.0030635557
       -0.0037275612   0.0144253032   0.0040134067   0.0219618431   0.0341294954
        0.0656246549   0.0510199837  -0.0002444509  -0.0001129243  -0.0005088997
        0.0006995757   0.0004309382   0.0001087634  -0.0001090586   0.0000387324
        0.0001427454   0.0000576895  -0.0000806731  -0.0002738473   0.0000927212
        0.0000460748  -0.0000690278
       -0.0005442272   0.0001693546   0.0005262425  -0.0077458400  -0.0082893921
       -0.0183647696  -0.1040617411  -0.0415160624  -0.1915976471   0.0046891594
        0.0017345142   0.0055206667   0.0012930880   0.0002523517  -0.0001055839
        0.0000186593   0.0004141507   0.0004975806  -0.0002595801   0.0000169412
        0.0000621085   0.0008415531  -0.0000067632   0.0001138034  -0.0001033505
        0.0002280683   0.0002651750  -0.0001191499   0.0000607012  -0.0002642473
       -0.0002725296   0.0005648923   0.0008486610   0.0021456386  -0.0035895786
       -0.0022650059  -0.0126592192  -0.0010361727  -0.0184459762   0.1164041149
        0.0510199837   0.2221218152   0.0002370665  -0.0001413807   0.0003970481
        0.0000652149   0.0002583739   0.0004841469   0.0000632802  -0.0000466554
       -0.0001014402  -0.0000134371  -0.0000538848   0.0002216750   0.0000212999
       -0.0000394419   0.0000857473
       -0.0000990145   0.0000809441  -0.0000356480   0.0007980692  -0.0011038279
        0.0000629960   0.0013620441  -0.0214656640   0.0143413098  -0.0504701135
        0.0339856929  -0.0210759086  -0.0049560039   0.0164316997  -0.0135616318
        0.0008075957   0.0004375099   0.0023773677  -0.0013444009  -0.0008569258
       -0.0035690826   0.0000348978  -0.0000408567   0.0000162442   0.0000466353
        0.0000508252  -0.0000384267   0.0000282297   0.0001034691  -0.0001089002
       -0.0003858299   0.0003764291   0.0000702843  -0.0000205657   0.0000745290
       -0.0001704779  -0.0043173887  -0.0026613515   0.0023758748   0.0006162066
       -0.0002444509   0.0002370665   0.0606395377  -0.0388869740   0.0262817818
       -0.0023902436   0.0135054762  -0.0063279594   0.0000649953  -0.0004459738
        0.0000943605  -0.0002452157   0.0001176338  -0.0002345013  -0.0001694350
        0.0005418157  -0.0007347491
        0.0002239094   0.0001543389  -0.0001635276   0.0006488774   0.0010239063
       -0.0006303739  -0.0017051773  -0.0127437160   0.0088257301   0.0359973994
       -0.2056444609   0.1003428876   0.0005338259   0.0032167783  -0.0001780570
        0.0003083762   0.0012512824  -0.0004874646  -0.0006200531   0.0004303757
       -0.0002635275  -0.0000172894  -0.0000538257  -0.0000200543   0.0000315799
        0.0000577055  -0.0000191170   0.0000889793  -0.0000389502  -0.0000788638
       -0.0002196456   0.0003576786   0.0001041474  -0.0000334960  -0.0001097333
        0.0000518843  -0.0030197592  -0.0009546172   0.0010174434   0.0001101267
       -0.0001129243  -0.0001413807  -0.0388869740   0.2354295453  -0.1184711292
        0.0068019852  -0.0225496948   0.0102840470  -0.0001641118   0.0001823787
       -0.0000658695   0.0000601662  -0.0000858314  -0.0000356270  -0.0001387191
        0.0001897640  -0.0000711479
       -0.0001052645  -0.0002076014   0.0001185773  -0.0005997570   0.0004714546
        0.0002524821   0.0007835916   0.0103120744  -0.0060010505  -0.0216717933
        0.0991847756  -0.1080846696  -0.0087164216   0.0218511884  -0.0175757471
        0.0026804460   0.0000626260   0.0021517750  -0.0041465496  -0.0008098330
       -0.0031524182  -0.0000649831  -0.0000086410   0.0000182441   0.0000000118
       -0.0000359422  -0.0000193119  -0.0000641829  -0.0000447997   0.0000367056
        0.0006462690  -0.0002355257   0.0000121688  -0.0000724813   0.0000778481
       -0.0003339298   0.0020758841   0.0013571672  -0.0002679267  -0.0003153410
       -0.0005088997   0.0003970481   0.0262817818  -0.1184711292   0.1246784534
        0.0036172864  -0.0137964577   0.0086216483   0.0000778524  -0.0002321871
       -0.0000024718  -0.0000327191  -0.0000107230   0.0001817500  -0.0003736297
        0.0010446051  -0.0010313270
       -0.0008241293   0.0008800302   0.0008638269  -0.0045512839  -0.0026152984
        0.0018622822  -0.0167226863   0.0150925986   0.0177513429  -0.0788461564
        0.0723444349   0.0578712450   0.0074365666  -0.0100510262  -0.0104435469
       -0.0038581565  -0.0012031555  -0.0007332079  -0.0010121838   0.0001887303
       -0.0000115647   0.0000151921   0.0000370595  -0.0000144992  -0.0003918138
       -0.0001377773   0.0001466450   0.0000348745   0.0000265269   0.0000004754
        0.0001314946  -0.0002244933  -0.0000489705  -0.0000124336  -0.0001500595
       -0.0002099032   0.0006373717   0.0003162836  -0.0000479048   0.0002351745
        0.0006995757   0.0000652149  -0.0023902436   0.0068019852   0.0036172864
        0.1002261151  -0.0820160335  -0.0703840042   0.0001185437   0.0001616277
       -0.0005628183  -0.0000479787  -0.0002445422   0.0002575750  -0.0001782669
        0.0000935333   0.0000205260
       -0.0003110818   0.0002804833   0.0001779766  -0.0012705930   0.0001509572
        0.0005188302  -0.0050061439   0.0063371184   0.0054905269   0.0764282665
       -0.1474241256  -0.0916155271   0.0009802793  -0.0077323939  -0.0091879734
       -0.0026826663   0.0002074501  -0.0007509387   0.0002080142  -0.0002069455
        0.0009925134   0.0000492327   0.0000160781   0.0000113452  -0.0001111063
       -0.0000231357   0.0000570217   0.0000370562   0.0000500682  -0.0000370119
       -0.0002274446   0.0001300777  -0.0000147499   0.0000062616  -0.0000278691
        0.0001831150  -0.0001646177   0.0005302811   0.0002776761   0.0002128356
        0.0004309382   0.0002583739   0.0135054762  -0.0225496948  -0.0137964577
       -0.0820160335   0.1697226231   0.1063693050   0.0003200995   0.0002488776
        0.0007119673   0.0000468419   0.0000210237   0.0002862870  -0.0000046765
       -0.0001618120   0.0000677203
        0.0003582507  -0.0004004759  -0.0001785052   0.0021882763   0.0010725086
       -0.0001082046   0.0086003518  -0.0059826360  -0.0062780627   0.0626035504
       -0.0926336325  -0.1229590709   0.0106685416  -0.0179916082  -0.0152908945
       -0.0052276884  -0.0022945252  -0.0021586630  -0.0013084882   0.0007945073
        0.0006980157   0.0000156866  -0.0000150544  -0.0000005352   0.0001319149
        0.0000668122  -0.0000608458  -0.0000366277  -0.0000249913  -0.0000112598
       -0.0000086896   0.0000873779  -0.0000646035  -0.0001008735   0.0001351452
        0.0001859180  -0.0000031769  -0.0002476205  -0.0001960555  -0.0004609899
        0.0001087634   0.0004841469  -0.0063279594   0.0102840470   0.0086216483
       -0.0703840042   0.1063693050   0.1377355175  -0.0006796020   0.0007617613
       -0.0009212362   0.0000526912  -0.0004086392   0.0002269830  -0.0000811637
        0.0003189549   0.0002757075
       -0.0000425388  -0.0000453037  -0.0000157290  -0.0000936432  -0.0000005883
        0.0001629110   0.0000717614   0.0005150183  -0.0001639055  -0.0001019815
       -0.0001940955  -0.0007854196  -0.0004954675   0.0021571641   0.0070011657
        0.0014052985   0.0027437536  -0.0011488462  -0.0458224394   0.0272475384
        0.0110310371  -0.0000200029   0.0000023861  -0.0000042548   0.0000468073
       -0.0000373579  -0.0000220184  -0.0000220674   0.0000166533   0.0000382826
        0.0000499763  -0.0001314985  -0.0000434986   0.0000335015  -0.0000320191
       -0.0000484467  -0.0010904180  -0.0000825326   0.0000471658   0.0000213842
       -0.0001090586   0.0000632802   0.0000649953  -0.0001641118   0.0000778524
        0.0001185437   0.0003200995  -0.0006796020   0.0482532944  -0.0299772366
       -0.0160336108  -0.0042938268   0.0199604432   0.0148867103   0.0019168229
       -0.0221892539  -0.0143630734
       -0.0000192060   0.0000627077   0.0000312424  -0.0000112458   0.0000323329
       -0.0000689037  -0.0001407953   0.0000295892  -0.0001935090  -0.0011022024
        0.0008238578  -0.0001944848   0.0036135584  -0.0235263895  -0.0105946141
       -0.0001645084  -0.0061329819   0.0051202396   0.0277748370  -0.2200582923
       -0.1118960135   0.0000131340   0.0000060084   0.0000152484  -0.0000444431
        0.0000020412   0.0000097126   0.0000127231   0.0000000769  -0.0000188725
       -0.0000679085   0.0000026462  -0.0000165449  -0.0000154570  -0.0000801783
        0.0000302404   0.0003862506   0.0002704050  -0.0000690346  -0.0001170637
        0.0000387324  -0.0000466554  -0.0004459738   0.0001823787  -0.0002321871
        0.0001616277   0.0002488776   0.0007617613  -0.0299772366   0.2541490794
        0.1250853234   0.0009070894   0.0020080400  -0.0013869724  -0.0007631797
       -0.0080589315  -0.0063359760
        0.0000010432  -0.0000356755   0.0000340030  -0.0000263790  -0.0000581770
       -0.0000073968  -0.0000057593   0.0000829181   0.0001709620   0.0003583888
        0.0002106533  -0.0007829091  -0.0026264436   0.0121112319   0.0098630593
        0.0008291468   0.0054054813  -0.0026974706   0.0116425791  -0.1099095849
       -0.1041450900   0.0000147408   0.0000152136   0.0000072135  -0.0000075667
        0.0000121050  -0.0000151501   0.0000167144   0.0000049546  -0.0000288877
        0.0000125489   0.0000322562   0.0000222140  -0.0000147860   0.0000235085
       -0.0000764873   0.0001128986   0.0000367227   0.0002104863   0.0000468540
        0.0001427454  -0.0001014402   0.0000943605  -0.0000658695  -0.0000024718
       -0.0005628183   0.0007119673  -0.0009212362  -0.0160336108   0.1250853234
        0.1205395526   0.0057334899  -0.0194645206  -0.0129246015   0.0004145987
       -0.0143412538  -0.0091443497
       -0.0000963054   0.0000399144  -0.0000013096  -0.0002622260   0.0000782759
       -0.0003707458  -0.0008210533   0.0001043806  -0.0008088285  -0.0009661370
        0.0000567910   0.0003571739   0.0043145383  -0.0035381569  -0.0006527996
        0.0004194731   0.0013999089   0.0000603641  -0.1721636672  -0.0202053231
        0.1181149479   0.0000305236  -0.0000233939   0.0000608859  -0.0000031454
       -0.0000189439   0.0000148148  -0.0001413641  -0.0001211195   0.0000437822
        0.0000667989  -0.0000442234   0.0001251282  -0.0001025603   0.0004646553
       -0.0000037569  -0.0002298566  -0.0002312260  -0.0009029891  -0.0001830930
        0.0000576895  -0.0000134371  -0.0002452157   0.0000601662  -0.0000327191
       -0.0000479787   0.0000468419   0.0000526912  -0.0042938268   0.0009070894
        0.0057334899   0.1999468302   0.0256559886  -0.1384475155  -0.0252217347
       -0.0046893148   0.0166708230
       -0.0000677693   0.0000190886  -0.0001378770   0.0001741295   0.0001911091
        0.0003944452   0.0001423866   0.0003195288   0.0001463311   0.0011580446
       -0.0005215488  -0.0006013886  -0.0165206992  -0.0050505079   0.0170119866
        0.0028489271  -0.0038284875  -0.0004286356  -0.0258903991  -0.0379936906
        0.0218188782  -0.0000896155  -0.0000544242  -0.0000212658   0.0000359151
       -0.0000546445  -0.0000062411  -0.0000405714   0.0000471329   0.0000243873
       -0.0000730278  -0.0000966554  -0.0001075679   0.0005278377  -0.0004682079
       -0.0001225801  -0.0004097071   0.0001545576  -0.0003831481   0.0000185346
       -0.0000806731  -0.0000538848   0.0001176338  -0.0000858314  -0.0000107230
       -0.0002445422   0.0000210237  -0.0004086392   0.0199604432   0.0020080400
       -0.0194645206   0.0256559886   0.0453255062  -0.0219055140  -0.0073035092
        0.0001486844   0.0042559574
        0.0000525620  -0.0000037587   0.0000441413  -0.0001149482   0.0000296452
       -0.0000106974  -0.0004449443   0.0003683636  -0.0007826077  -0.0021621477
        0.0003278874   0.0001677901   0.0154690462   0.0058838266  -0.0143503916
       -0.0015780103   0.0015405666  -0.0004832076   0.1234889370   0.0175277686
       -0.1458764499   0.0000276092   0.0000245956  -0.0000236756   0.0000712952
       -0.0000337788  -0.0000053770  -0.0000723092  -0.0000425542   0.0001017588
        0.0001193923  -0.0000627986   0.0000420785  -0.0002588681   0.0003927511
        0.0003437445  -0.0010220894  -0.0007333108  -0.0006753305  -0.0000366402
       -0.0002738473   0.0002216750  -0.0002345013  -0.0000356270   0.0001817500
        0.0002575750   0.0002862870   0.0002269830   0.0148867103  -0.0013869724
       -0.0129246015  -0.1384475155  -0.0219055140   0.1642361541  -0.0100011533
       -0.0019035300   0.0095662635
        0.0000024717   0.0000264858   0.0000235227   0.0000254862  -0.0000398628
       -0.0000471796   0.0001697489   0.0000405546  -0.0000321730   0.0005806337
        0.0010001285  -0.0012454555  -0.0089934487  -0.0011593939  -0.0076715582
        0.0008813802   0.0000465527   0.0018370873  -0.2142636513  -0.0476594930
       -0.1027487395   0.0000304497   0.0000074419   0.0000036590  -0.0000126566
        0.0000179049   0.0000029920   0.0000550602   0.0000144214  -0.0000345012
        0.0000116007  -0.0000160464  -0.0000004999  -0.0000920724  -0.0001111175
       -0.0000813742   0.0000257405   0.0002412668   0.0000117963   0.0000854464
        0.0000927212   0.0000212999  -0.0001694350  -0.0001387191  -0.0003736297
       -0.0001782669  -0.0000046765  -0.0000811637   0.0019168229  -0.0007631797
        0.0004145987  -0.0252217347  -0.0073035092  -0.0100011533   0.2451464244
        0.0557085203   0.1200024718
        0.0000484409   0.0000364735  -0.0000288542   0.0000803542   0.0000882680
       -0.0000522123  -0.0003855900  -0.0002175790  -0.0001944755   0.0003839495
       -0.0023996251   0.0031906616   0.0197172763   0.0063020702   0.0118752625
       -0.0009007021   0.0015081947  -0.0011270809  -0.0483920004  -0.0604390800
       -0.0312341242  -0.0000040150  -0.0000069584   0.0000010086  -0.0000086183
        0.0000098764   0.0000074762   0.0000170491  -0.0000050042  -0.0000082662
       -0.0000685055   0.0000405823   0.0000148852  -0.0000287329  -0.0000319030
        0.0000425175   0.0000961631   0.0000760802  -0.0001377322  -0.0000203694
        0.0000460748  -0.0000394419   0.0005418157   0.0001897640   0.0010446051
        0.0000935333  -0.0001618120   0.0003189549  -0.0221892539  -0.0080589315
       -0.0143412538  -0.0046893148   0.0001486844  -0.0019035300   0.0557085203
        0.0628748247   0.0325715996
        0.0000037001  -0.0000068564   0.0000331701   0.0000156303  -0.0000068416
        0.0000310465   0.0002385311   0.0000620423   0.0001207806  -0.0014275833
        0.0037610963  -0.0021403941  -0.0195198730   0.0003568067  -0.0148682771
        0.0013904105  -0.0030096863   0.0009678570  -0.1025154779  -0.0316082797
       -0.1015186080   0.0000151278  -0.0000064512  -0.0000081513   0.0000086919
        0.0000120867   0.0000045804  -0.0000163640  -0.0000081914  -0.0000096657
        0.0000536025   0.0000074429   0.0000195298  -0.0000720433   0.0000638547
       -0.0000365602   0.0001351832  -0.0000361487  -0.0000981113   0.0000944660
       -0.0000690278   0.0000857473  -0.0007347491  -0.0000711479  -0.0010313270
        0.0000205260   0.0000677203   0.0002757075  -0.0143630734  -0.0063359760
       -0.0091443497   0.0166708230   0.0042559574   0.0095662635   0.1200024718
        0.0325715996   0.1177507617
