           1           2   1.02036273940090     
           2           3   1.00794335222996     
           3           4   1.00511403048586     
           4           5  0.995658992947446     
           5           6   1.00951242050941     
           5           7   1.00977937853638     
           1           8  0.987408953336629     
           1           9  0.987667790488482     
           1          10  0.984802139313280     
           2          11  0.976299640376574     
           2          12  0.979058065245179     
           3          13  0.979095345766009     
           3          14  0.972261240240018     
           4          15  0.973884614662364     
           4          16  0.978987850305777     
           5          17  0.969412918669040     
           6          18  0.986692836503482     
           6          19  0.982898937618595     
           6          20  0.986525538288482     
           7          21  0.986023549393418     
           7          22  0.984542928687171     
           7          23  0.986409443147322     
