$hessian                                                                        
        0.4892371064  -0.0249623407   0.0199063102  -0.1284239032  -0.0536561768
        0.0410977381  -0.0161256628  -0.0072673133   0.0133932456   0.0002878323
       -0.0003781390  -0.0005164843  -0.0000429615  -0.0000405859   0.0002634003
        0.0000863501  -0.0000033690  -0.0000619597   0.0001094174  -0.0000345950
       -0.0000415923  -0.1255824445  -0.0613241700  -0.0945944158  -0.1171812480
        0.0792129449   0.0768460513  -0.0918435574   0.0755270227  -0.0616195340
        0.0074131253   0.0058715527  -0.0043740306  -0.0158776331  -0.0139662826
        0.0078145965  -0.0019953354   0.0015098545   0.0022987184   0.0012041387
       -0.0005468714  -0.0011624075   0.0000223198  -0.0001390916   0.0001041218
       -0.0009739671   0.0000701682   0.0006350994  -0.0001102780  -0.0000380447
       -0.0000266563  -0.0000361139   0.0000186604   0.0000084545  -0.0000305442
       -0.0000050251   0.0000031540  -0.0000271450   0.0000316927  -0.0000064970
       -0.0000534150   0.0000538376  -0.0000289808  -0.0000021564   0.0001024948
       -0.0000276544  -0.0000539245  -0.0000362236   0.0000893228
       -0.0249623407   0.5038713603   0.0159718759  -0.0519375509  -0.1114849909
        0.0367482635   0.0076341748   0.0081196383  -0.0059958606  -0.0002180364
       -0.0000050271   0.0003905671  -0.0001414378  -0.0003931966   0.0000267316
        0.0000352104  -0.0000294290   0.0001034871   0.0000879516  -0.0001999892
        0.0001197330  -0.0614374524  -0.0917987144  -0.0718207133   0.0789190467
       -0.1253377146  -0.0829712348   0.0751533460  -0.1585234375   0.0916758629
       -0.0148042253  -0.0155614288   0.0135303154  -0.0132438405  -0.0101439098
        0.0061761119   0.0024198252  -0.0004585463  -0.0028892996   0.0012501007
        0.0010905874  -0.0001845959   0.0000367751   0.0002070773  -0.0001834893
        0.0010721597   0.0002006053  -0.0005534851   0.0000712495   0.0000884745
       -0.0000634021  -0.0000197715   0.0000716253  -0.0000160709   0.0000189551
        0.0000243225  -0.0000186111   0.0000572317   0.0000023034   0.0000092378
       -0.0000354553   0.0001338132  -0.0000191250   0.0000351286   0.0001123808
       -0.0000923486   0.0000089560   0.0000141959   0.0000560503
        0.0199063102   0.0159718759   0.5080628062   0.0398261198   0.0373739988
       -0.0954866423   0.0157241007   0.0063217454  -0.0129683722   0.0000080216
        0.0006549363  -0.0005774632   0.0001500056  -0.0000477260  -0.0000413543
        0.0000553206   0.0000530937  -0.0000602267  -0.0001502628   0.0000394989
       -0.0000677755  -0.0944683274  -0.0717746754  -0.1510738347   0.0767773423
       -0.0832586069  -0.1259586152  -0.0615505259   0.0919731235  -0.1189841207
        0.0124197581   0.0140571805  -0.0104987899  -0.0119449773  -0.0108256981
        0.0083553529   0.0031116365  -0.0018471333  -0.0022061780   0.0009428802
        0.0012711423   0.0007806078  -0.0000923089   0.0001473636   0.0001959597
       -0.0007760513  -0.0000756392   0.0003180834  -0.0000338685   0.0000124890
        0.0000793215  -0.0000144286   0.0000242862   0.0000226956  -0.0000114628
       -0.0000330915   0.0000506892   0.0000294875  -0.0000096765   0.0000190919
       -0.0000510000   0.0000293854   0.0000321687   0.0001068693   0.0000019451
       -0.0001435559   0.0000353612  -0.0000598175   0.0001501518
       -0.1284239032  -0.0519375509   0.0398261198   0.4868166169   0.0028027017
        0.0444474970  -0.1049949624   0.0383297162   0.0432904325  -0.0129708203
        0.0140176231   0.0074864319  -0.0010124356   0.0008044100  -0.0002824861
       -0.0003850519  -0.0002053234  -0.0000945826   0.0005122429  -0.0003537216
        0.0001085922  -0.0166811655  -0.0141466054   0.0072559398  -0.0146639617
       -0.0095472325   0.0110836018   0.0092122582   0.0054668214  -0.0044807912
       -0.0949258234   0.0727319804  -0.0633844222  -0.1161379571  -0.0601975602
       -0.0906476910  -0.0114219465   0.0085780309   0.0135472236   0.0080225198
       -0.0080211961  -0.0088584654  -0.0018983337   0.0016076725  -0.0006054268
        0.0003818215  -0.0002489231   0.0015513557   0.0000316050   0.0001090549
       -0.0000730171  -0.0000194032  -0.0000161726  -0.0000341338  -0.0000344076
        0.0000531156  -0.0000051297  -0.0001314486   0.0000804542  -0.0000931501
       -0.0000318230   0.0001235962  -0.0000274038  -0.0010294471  -0.0000403486
        0.0000120399  -0.0002141737   0.0000094575  -0.0000225342
       -0.0536561768  -0.1114849909   0.0373739988   0.0028027017   0.4936927819
       -0.0026497389   0.0381902446  -0.1031232620  -0.0449493079   0.0126436871
       -0.0136331388  -0.0057617841   0.0000572925  -0.0007106160  -0.0001425226
        0.0002822782   0.0000000835   0.0000295453   0.0004121115  -0.0003683799
        0.0000474656  -0.0129411550  -0.0105271974   0.0051973577   0.0108544856
        0.0084323407  -0.0076988399  -0.0140455919  -0.0152979947   0.0131157970
        0.0728841883  -0.1466624612   0.0841398563  -0.0608174152  -0.0945149240
       -0.0733006705  -0.0083821193   0.0080322508   0.0109695535   0.0094025548
       -0.0132518823  -0.0163764882   0.0027461884  -0.0019221558   0.0010095263
        0.0001546896   0.0009006260  -0.0009891668   0.0000151916  -0.0000464353
        0.0000535130  -0.0000223014   0.0001081752   0.0000096240   0.0000227765
        0.0000436072  -0.0000615121  -0.0000079794  -0.0000102759   0.0000556906
        0.0000277433   0.0000019491  -0.0000819489  -0.0005073940   0.0001880271
        0.0001856261  -0.0001160009   0.0001538726  -0.0001755744
        0.0410977381   0.0367482635  -0.0954866423   0.0444474970  -0.0026497389
        0.5054150846   0.0410823056  -0.0427673419  -0.1135197857  -0.0054803862
        0.0050824339   0.0084471121  -0.0005261078   0.0006264253  -0.0005902850
       -0.0003707704  -0.0002500957  -0.0001449847   0.0004800495  -0.0000582150
       -0.0005416020  -0.0125843246  -0.0107168762   0.0087272755   0.0147628706
        0.0096294379  -0.0104471940   0.0112620367   0.0130569818  -0.0104327785
       -0.0634181797   0.0838158940  -0.1139475385  -0.0909198340  -0.0721600144
       -0.1497172324   0.0132567997  -0.0096998178  -0.0141144922   0.0093462956
       -0.0141178232  -0.0148012200  -0.0015078797   0.0022104126  -0.0004581456
       -0.0005816670   0.0011425841   0.0008670035  -0.0001326921   0.0000176546
        0.0001570460   0.0000195915   0.0000164053   0.0000178950   0.0000488067
       -0.0000133437   0.0000883840  -0.0001395444   0.0000385829  -0.0000187527
        0.0001590236  -0.0000074814   0.0000498425  -0.0000981377  -0.0001119625
        0.0004674551  -0.0002034910   0.0001676349  -0.0000164448
       -0.0161256628   0.0076341748   0.0157241007  -0.1049949624   0.0381902446
        0.0410823056   0.4868380249   0.0429438530  -0.0003550782  -0.1166224111
        0.0449385707  -0.0391434785  -0.0225105690   0.0126548097  -0.0124765175
       -0.0047258275  -0.0018512916  -0.0001435619   0.0007094526   0.0005537970
        0.0003472576   0.0004339888   0.0009357699   0.0005803561  -0.0030250605
       -0.0020827935   0.0025907450   0.0004428858   0.0004778925  -0.0004520080
       -0.0118286667   0.0126966663   0.0097384970   0.0083722393  -0.0074307042
       -0.0084112268  -0.0938298383  -0.0696491024   0.0678490967  -0.1218213114
       -0.0840602054  -0.0719911181  -0.0041980802   0.0046954701  -0.0033568079
        0.0037061959  -0.0017876082   0.0004986898   0.0007213127   0.0007377445
       -0.0010583878   0.0000729855  -0.0002481505  -0.0000090705  -0.0001482392
       -0.0000210702   0.0001235410  -0.0011864224   0.0008977603  -0.0006457044
        0.0000761595   0.0001355142   0.0000337295  -0.0002474377  -0.0002518153
       -0.0003815702  -0.0001087555  -0.0001095264  -0.0001437892
       -0.0072673133   0.0081196383   0.0063217454   0.0383297162  -0.1031232620
       -0.0427673419   0.0429438530   0.4923839420  -0.0052152198   0.0416396634
       -0.1028810979   0.0327467801  -0.0020335723   0.0055215719  -0.0030642913
       -0.0018182005  -0.0001447045   0.0002008102   0.0003961608  -0.0002604306
        0.0002073137  -0.0005576647   0.0007626384   0.0008758740  -0.0029796598
       -0.0009523508   0.0024271899   0.0002895130   0.0006366026   0.0002139100
        0.0143541933  -0.0138323146  -0.0116550675   0.0082885497  -0.0106578524
       -0.0126380910  -0.0690560720  -0.1294106105   0.0875024373  -0.0832503136
       -0.1257749801  -0.0724687729   0.0190543074  -0.0183755638   0.0129604977
        0.0038856675  -0.0031488176   0.0053156696  -0.0007806775   0.0005356484
       -0.0001270889  -0.0000855952   0.0002524296   0.0000966153   0.0000767197
       -0.0000137743  -0.0001350663  -0.0005087694   0.0003691289  -0.0001067543
       -0.0001174400   0.0001343913  -0.0001000258  -0.0007492655  -0.0001444064
       -0.0005393131  -0.0000538001   0.0000041740  -0.0000518106
        0.0133932456  -0.0059958606  -0.0129683722   0.0432904325  -0.0449493079
       -0.1135197857  -0.0003550782  -0.0052152198   0.4855625237  -0.0404505047
        0.0366979110  -0.0975848885  -0.0047969764  -0.0006424187  -0.0017430945
        0.0001471221   0.0001068624   0.0001719431   0.0000496039   0.0001006893
       -0.0004317234  -0.0011855563  -0.0000906021   0.0009277866   0.0024342888
        0.0015586025  -0.0013568373  -0.0001166610  -0.0005124211   0.0003005081
       -0.0074019422   0.0082190467   0.0074102761   0.0108819738  -0.0148104478
       -0.0157546473   0.0675058920   0.0882053108  -0.1317737553  -0.0714839516
       -0.0733214911  -0.1081031559   0.0043073529  -0.0059097183   0.0045496014
       -0.0177320660   0.0169998785  -0.0172573286   0.0014581864  -0.0005907132
        0.0007364816   0.0000145733  -0.0000694084  -0.0000409188  -0.0000085551
       -0.0001148796   0.0002920116   0.0002215507   0.0000850162   0.0002186896
        0.0002099307   0.0000765878   0.0000754977  -0.0001511649  -0.0000518567
        0.0005036136  -0.0002316963   0.0002244400  -0.0002144256
        0.0002878323  -0.0002180364   0.0000080216  -0.0129708203   0.0126436871
       -0.0054803862  -0.1166224111   0.0416396634  -0.0404505047   0.4465876829
       -0.0063286695  -0.0178030215  -0.1633520376  -0.0420341828   0.0104461370
       -0.0269263179  -0.0025208793  -0.0022592667  -0.0058011979  -0.0069172946
       -0.0022385789  -0.0001138247   0.0001910897  -0.0001184964   0.0000061853
        0.0000846711  -0.0000669423  -0.0005631048   0.0003630498  -0.0001336278
       -0.0016030466   0.0019132255   0.0017028083   0.0006803932  -0.0008097942
       -0.0005089952   0.0065868739  -0.0037162955   0.0038530855  -0.0154597688
        0.0109263107  -0.0129403181  -0.0400235335   0.0042389768   0.0039320149
       -0.0570370518  -0.0053250150   0.0591444110  -0.0135463311  -0.0056106530
        0.0038501608   0.0003982504  -0.0009779751   0.0001369589   0.0009555293
       -0.0007686705   0.0006912250  -0.0030371259   0.0022784318  -0.0018237352
        0.0005701744  -0.0002387002  -0.0002989026   0.0002388705   0.0004101588
       -0.0000038989   0.0007447797   0.0007769013   0.0003618515
       -0.0003781390  -0.0000050271   0.0006549363   0.0140176231  -0.0136331388
        0.0050824339   0.0449385707  -0.1028810979   0.0366979110  -0.0063286695
        0.4972033469   0.0195339448  -0.0454560410  -0.0808057083   0.0024577173
        0.0153638175   0.0035596905  -0.0001441645  -0.0246784329  -0.0146078525
       -0.0020815338   0.0000582780  -0.0000646303  -0.0000301507  -0.0002780093
        0.0001761034   0.0000568518  -0.0003624949   0.0001614252  -0.0001055417
        0.0029419856  -0.0015573644  -0.0018573355   0.0001892672   0.0006677554
        0.0009173215   0.0115299966  -0.0118219975   0.0128988613  -0.0078469579
        0.0062086514  -0.0076705261   0.0033417469  -0.2317965451  -0.0862293752
       -0.0053098005  -0.0447423705   0.0177334945  -0.0058204853  -0.0016288487
        0.0017638766   0.0014280855   0.0007269828   0.0003990978   0.0004595414
        0.0004338153  -0.0003048053   0.0038361674  -0.0018830229   0.0016191235
       -0.0012489822  -0.0050943804  -0.0025923255  -0.0002929791   0.0004908313
        0.0004183798  -0.0001040884   0.0008933822   0.0007818081
       -0.0005164843   0.0003905671  -0.0005774632   0.0074864319  -0.0057617841
        0.0084471121  -0.0391434785   0.0327467801  -0.0975848885  -0.0178030215
        0.0195339448   0.5215223924   0.0093640038   0.0027400713  -0.0671179616
       -0.0119649898  -0.0024074046  -0.0002430495  -0.0116201924  -0.0061405120
       -0.0004608806   0.0000767924   0.0000779823  -0.0001913450   0.0003657193
       -0.0000638940   0.0000660199   0.0012623778  -0.0002611870   0.0001174240
        0.0025980891  -0.0028156390  -0.0010439861   0.0003170753  -0.0003836531
        0.0011278849  -0.0122584525   0.0142373193  -0.0126436765  -0.0126006736
        0.0085293412  -0.0086573171   0.0040558215  -0.0863255762  -0.0834154784
        0.0592112525   0.0170940739  -0.2546637884   0.0271541646   0.0113271281
       -0.0051682232   0.0002805450  -0.0003330685   0.0001709775  -0.0011180530
       -0.0003104605   0.0007422114  -0.0026436812   0.0011803219  -0.0004846845
       -0.0011389815  -0.0029455056  -0.0008935245  -0.0001147677   0.0004014280
        0.0002005454  -0.0012494973  -0.0005102735   0.0007516996
       -0.0000429615  -0.0001414378   0.0001500056  -0.0010124356   0.0000572925
       -0.0005261078  -0.0225105690  -0.0020335723  -0.0047969764  -0.1633520376
       -0.0454560410   0.0093640038   0.4650777994   0.0044665059  -0.0136301615
       -0.1149666605   0.0531476086  -0.0322736143  -0.0641909882  -0.0067196905
       -0.0023524250   0.0000683202   0.0001225121   0.0000753630   0.0000174791
        0.0000004420  -0.0000611176  -0.0001057132   0.0000208350   0.0000119476
        0.0000863806   0.0001638560   0.0002031043   0.0001132055   0.0002611912
        0.0001224306   0.0007137990  -0.0014562908   0.0011674664  -0.0020192777
        0.0013243781  -0.0006290136  -0.0045232161  -0.0041942607  -0.0006857096
       -0.0131276800  -0.0056194376   0.0049829829  -0.0558525782  -0.0076780103
        0.0524925911  -0.0005250779   0.0017396928   0.0001569351   0.0037679655
       -0.0030516339   0.0002711949  -0.0233372273   0.0178346518  -0.0124055047
       -0.0053188270  -0.0259984309  -0.0138456558   0.0006100767   0.0161539920
        0.0077860002   0.0004302238   0.0070558480   0.0044222607
       -0.0000405859  -0.0003931966  -0.0000477260   0.0008044100  -0.0007106160
        0.0006264253   0.0126548097   0.0055215719  -0.0006424187  -0.0420341828
       -0.0808057083   0.0027400713   0.0044665059   0.4765388729  -0.0076937623
        0.0540452222  -0.1183033502   0.0358029434  -0.0083628723  -0.1631164039
       -0.0550707807   0.0000320808   0.0000562674   0.0000405898   0.0000353864
        0.0000346726  -0.0000711523  -0.0000858038   0.0001247643  -0.0000251824
        0.0002887253  -0.0003304391  -0.0001425330   0.0001897617   0.0000058262
       -0.0001314681   0.0011678379   0.0006830308   0.0000193996   0.0018941405
       -0.0004496932   0.0016296759  -0.0260877651  -0.0161249585   0.0003168191
       -0.0045129614  -0.0013047905   0.0018728606  -0.0076856769  -0.0455596102
        0.0272931288   0.0169232084  -0.0220601765   0.0093009487   0.0036211728
       -0.0048598712   0.0059920104  -0.0048901570   0.0054138968  -0.0034085693
       -0.0041287158  -0.0125510611  -0.0063223553   0.0009962805  -0.0225126614
       -0.0090959366   0.0007091789   0.0007036337  -0.0029829881
        0.0002634003   0.0000267316  -0.0000413543  -0.0002824861  -0.0001425226
       -0.0005902850  -0.0124765175  -0.0030642913  -0.0017430945   0.0104461370
        0.0024577173  -0.0671179616  -0.0136301615  -0.0076937623   0.5318834071
       -0.0331147777   0.0363173564  -0.0902116565  -0.0032741275  -0.0551877005
       -0.0991569423  -0.0000362151  -0.0000797490  -0.0000374036  -0.0000221681
       -0.0000669149   0.0001268276  -0.0000923299  -0.0000021819   0.0000975319
       -0.0001729115   0.0002112075   0.0000587934   0.0002906322  -0.0002411014
       -0.0001408756  -0.0022049202  -0.0001243581   0.0009218299  -0.0027399864
        0.0013097476  -0.0015335883  -0.0121404927  -0.0074009778   0.0009879656
        0.0277295572   0.0124059700  -0.0055724357   0.0526440253   0.0273507664
       -0.2419323498   0.0085815404  -0.0094212015   0.0054787615  -0.0183824697
        0.0209340288  -0.0176324423  -0.0004644705  -0.0008744498   0.0004470824
       -0.0011105443  -0.0006166186   0.0001359548   0.0009799250   0.0104542889
        0.0058642571  -0.0007906386  -0.0265519847  -0.0202920219
        0.0000863501   0.0000352104   0.0000553206  -0.0003850519   0.0002822782
       -0.0003707704  -0.0047258275  -0.0018182005   0.0001471221  -0.0269263179
        0.0153638175  -0.0119649898  -0.1149666605   0.0540452222  -0.0331147777
        0.4950073043   0.0300422520  -0.0179088290  -0.0015970484   0.0037587825
        0.0001535142   0.0000209901   0.0000062568  -0.0000021756  -0.0000465501
        0.0000078959   0.0000272431  -0.0000095725   0.0000230977  -0.0000649869
       -0.0001499198   0.0001649545   0.0001335555  -0.0000313796  -0.0000760911
       -0.0000504331  -0.0001085258  -0.0001632454   0.0002333579  -0.0009766834
        0.0005455847  -0.0006765756   0.0003613444   0.0014941416  -0.0001667529
        0.0005275943   0.0006946974  -0.0007423963   0.0027177917  -0.0016863231
        0.0010385494  -0.0436792207  -0.0108409383  -0.0047954306  -0.0572437355
       -0.0093503153   0.0550758154  -0.2495867650  -0.0808042860   0.0134599577
        0.0010452174  -0.0011287223  -0.0000385972   0.0005279930  -0.0003791640
       -0.0001343180   0.0001386735  -0.0002169053  -0.0002934027
       -0.0000033690  -0.0000294290   0.0000530937  -0.0002053234   0.0000000835
       -0.0002500957  -0.0018512916  -0.0001447045   0.0001068624  -0.0025208793
        0.0035596905  -0.0024074046   0.0531476086  -0.1183033502   0.0363173564
        0.0300422520   0.4938023070   0.0202459442   0.0172953218  -0.0268539948
        0.0073410506   0.0000365739   0.0000256028  -0.0000163868  -0.0000174290
        0.0000381847   0.0000080009   0.0000417960   0.0000370170  -0.0000488754
       -0.0001168478   0.0001579805  -0.0000025991   0.0000171524   0.0000002140
        0.0000993401   0.0000353673   0.0000964550  -0.0001583263  -0.0002524673
        0.0001062486  -0.0002230163  -0.0015543745   0.0012095031  -0.0001798370
       -0.0004243288   0.0002800539  -0.0003362875   0.0053118324  -0.0050348971
        0.0053149891  -0.0106382019  -0.2218644346  -0.1024332175  -0.0091804383
       -0.0491568424   0.0333127791  -0.0808558172  -0.0738667754   0.0042395306
        0.0011881132   0.0006701317   0.0006410917   0.0004475356  -0.0055729984
       -0.0024800094   0.0000572147   0.0008439542   0.0008560168
       -0.0000619597   0.0001034871  -0.0000602267  -0.0000945826   0.0000295453
       -0.0001449847  -0.0001435619   0.0002008102   0.0001719431  -0.0022592667
       -0.0001441645  -0.0002430495  -0.0322736143   0.0358029434  -0.0902116565
       -0.0179088290   0.0202459442   0.5080828639   0.0067365549  -0.0082153503
        0.0043198848   0.0000127356   0.0000026716   0.0000200411  -0.0000314924
       -0.0000330296   0.0000511049   0.0000196520  -0.0000308179   0.0000624240
       -0.0000124745  -0.0000355930   0.0000656434  -0.0000483514  -0.0000358022
        0.0000391255  -0.0000543739  -0.0002811126   0.0002651348   0.0000120725
       -0.0000308863   0.0001896452  -0.0003285752   0.0004620937   0.0001815591
        0.0008171707  -0.0003550395   0.0008766426  -0.0187436003   0.0210574445
       -0.0161814786  -0.0049756069  -0.1024621155  -0.1023013443   0.0545547326
        0.0336295533  -0.2615361075   0.0135511644   0.0044194589  -0.0447974881
        0.0004309861  -0.0000696312   0.0003223214   0.0003428863  -0.0033203385
       -0.0003351322   0.0004583337  -0.0009400713   0.0011631345
        0.0001094174   0.0000879516  -0.0001502628   0.0005122429   0.0004121115
        0.0004800495   0.0007094526   0.0003961608   0.0000496039  -0.0058011979
       -0.0246784329  -0.0116201924  -0.0641909882  -0.0083628723  -0.0032741275
       -0.0015970484   0.0172953218   0.0067365549   0.5216859356  -0.0087939930
       -0.0018124170  -0.0001708177  -0.0001684786   0.0000534262  -0.0000761451
       -0.0000124743   0.0000349786  -0.0000226955  -0.0000091373  -0.0000587252
       -0.0001964781  -0.0001579400  -0.0001681952  -0.0009550807  -0.0005335253
       -0.0003069243  -0.0004100819  -0.0003243752  -0.0001717304  -0.0000031638
       -0.0000781838  -0.0000412511  -0.0051033946  -0.0037372227  -0.0004395857
        0.0009242501  -0.0000756919  -0.0010410119   0.0012179358   0.0059687491
        0.0042983602  -0.0020828657   0.0036924306  -0.0012796355   0.0004212587
       -0.0002458787   0.0003720881   0.0008349429   0.0012443114   0.0004157151
       -0.2570104674  -0.0709655722   0.0080309891  -0.1265565459   0.0961515673
       -0.0620375022  -0.0622384651  -0.0071048259   0.0619297955
       -0.0000345950  -0.0001999892   0.0000394989  -0.0003537216  -0.0003683799
       -0.0000582150   0.0005537970  -0.0002604306   0.0001006893  -0.0069172946
       -0.0146078525  -0.0061405120  -0.0067196905  -0.1631164039  -0.0551877005
        0.0037587825  -0.0268539948  -0.0082153503  -0.0087939930   0.4731334951
       -0.0315287448   0.0000446922   0.0000409429   0.0000198054  -0.0000220647
        0.0000131919  -0.0000068576  -0.0000382618   0.0000346305  -0.0000469378
        0.0000363902   0.0000564525  -0.0000064595   0.0001934519   0.0002126272
       -0.0002751065   0.0001231466   0.0004195591   0.0002688271  -0.0000377362
        0.0001092290   0.0000761862  -0.0023576349  -0.0008368092  -0.0002191942
        0.0008843395   0.0006154137  -0.0004531733   0.0000670278  -0.0011338299
       -0.0022215874   0.0027297790  -0.0035831496   0.0014101864  -0.0005345908
        0.0006804471  -0.0009197791  -0.0009092372   0.0006882946  -0.0004017508
       -0.0711899720  -0.0656486804   0.0037397734   0.0965716226  -0.1530746180
        0.0734277563  -0.0070542371  -0.0463201456   0.0265986461
       -0.0000415923   0.0001197330  -0.0000677755   0.0001085922   0.0000474656
       -0.0005416020   0.0003472576   0.0002073137  -0.0004317234  -0.0022385789
       -0.0020815338  -0.0004608806  -0.0023524250  -0.0550707807  -0.0991569423
        0.0001535142   0.0073410506   0.0043198848  -0.0018124170  -0.0315287448
        0.5053268602   0.0000735490   0.0000439988  -0.0000018675  -0.0000323575
       -0.0000247510   0.0000754122   0.0000402554   0.0000204648   0.0000692257
       -0.0000682732  -0.0000019563   0.0000734155   0.0001168903  -0.0000973296
        0.0005635947  -0.0004354570  -0.0003710079   0.0000213756   0.0000184734
       -0.0000524235   0.0002112328   0.0001000228   0.0005389741   0.0008085926
        0.0005526559   0.0010750837   0.0011126361  -0.0006724700  -0.0272133324
       -0.0187662464  -0.0014782442   0.0025673094   0.0001731715  -0.0002925689
        0.0009702537   0.0012266752   0.0001397203   0.0003465782   0.0002259962
        0.0082893550   0.0036317358  -0.0446085062  -0.0623692286   0.0733275106
       -0.0910387047   0.0618533264   0.0262043881  -0.2591338245
       -0.1255824445  -0.0614374524  -0.0944683274  -0.0166811655  -0.0129411550
       -0.0125843246   0.0004339888  -0.0005576647  -0.0011855563  -0.0001138247
        0.0000582780   0.0000767924   0.0000683202   0.0000320808  -0.0000362151
        0.0000209901   0.0000365739   0.0000127356  -0.0001708177   0.0000446922
        0.0000735490   0.1460185016   0.0752710159   0.1087654086   0.0096490808
        0.0077576793   0.0113530429  -0.0112941677  -0.0057218732  -0.0148587891
        0.0007870272   0.0005784548  -0.0002403391  -0.0033076907  -0.0036555518
        0.0023388512   0.0002889644   0.0001153841  -0.0001012301  -0.0002798952
        0.0004744926   0.0008439241  -0.0000786383   0.0000829634   0.0001079385
        0.0000525333  -0.0001326532  -0.0001069449   0.0000118047  -0.0000129334
        0.0000117558  -0.0000016241   0.0000122525   0.0000086241   0.0000169693
       -0.0000205841  -0.0000013059   0.0000318368  -0.0000144075   0.0000069648
       -0.0000191269   0.0000305993   0.0000141561   0.0000691360   0.0000282001
       -0.0000947638   0.0000802420  -0.0000283917   0.0000640532
       -0.0613241700  -0.0917987144  -0.0717746754  -0.0141466054  -0.0105271974
       -0.0107168762   0.0009357699   0.0007626384  -0.0000906021   0.0001910897
       -0.0000646303   0.0000779823   0.0001225121   0.0000562674  -0.0000797490
        0.0000062568   0.0000256028   0.0000026716  -0.0001684786   0.0000409429
        0.0000439988   0.0752710159   0.1059285227   0.0831088828  -0.0107288379
       -0.0110445093  -0.0173296698   0.0132403175   0.0089191589   0.0155412448
       -0.0000424982  -0.0000364607  -0.0005968985  -0.0034800878  -0.0024091739
        0.0019113198   0.0001953332  -0.0001070219  -0.0001521101  -0.0000483707
        0.0004062219   0.0000680595   0.0000514091  -0.0000210121   0.0000082466
       -0.0001674694  -0.0000529041   0.0000143977   0.0000099498  -0.0000091411
        0.0000088119   0.0000097149   0.0000044738   0.0000087003  -0.0000061142
       -0.0000091785  -0.0000073032  -0.0000050193  -0.0000130223  -0.0000060504
       -0.0000293852  -0.0000000624  -0.0000075261   0.0000728999   0.0000045721
       -0.0000788209   0.0000407679  -0.0000553725   0.0000459655
       -0.0945944158  -0.0718207133  -0.1510738347   0.0072559398   0.0051973577
        0.0087272755   0.0005803561   0.0008758740   0.0009277866  -0.0001184964
       -0.0000301507  -0.0001913450   0.0000753630   0.0000405898  -0.0000374036
       -0.0000021756  -0.0000163868   0.0000200411   0.0000534262   0.0000198054
       -0.0000018675   0.1087654086   0.0831088828   0.1740137928  -0.0110006936
       -0.0116558642  -0.0168193070  -0.0136124215  -0.0071762962  -0.0161718689
        0.0003312199  -0.0000628388   0.0007244365   0.0023940314   0.0015822853
       -0.0001838594   0.0000126050   0.0000238980   0.0000306820  -0.0000407792
       -0.0000639170   0.0000006031  -0.0000588269   0.0000577740   0.0000760766
       -0.0000285410  -0.0000781484  -0.0000838891  -0.0000078825   0.0000028681
        0.0000389968   0.0000007871   0.0000183712   0.0000094303   0.0000180882
       -0.0000064377  -0.0000137301  -0.0000187377  -0.0000047589  -0.0000009827
       -0.0000192085  -0.0000211574   0.0000126606  -0.0000213667  -0.0000015975
        0.0000025611   0.0000363202   0.0000105607  -0.0000062550
       -0.1171812480   0.0789190467   0.0767773423  -0.0146639617   0.0108544856
        0.0147628706  -0.0030250605  -0.0029796598   0.0024342888   0.0000061853
       -0.0002780093   0.0003657193   0.0000174791   0.0000353864  -0.0000221681
       -0.0000465501  -0.0000174290  -0.0000314924  -0.0000761451  -0.0000220647
       -0.0000323575   0.0096490808  -0.0107288379  -0.0110006936   0.1359236883
       -0.0902782256  -0.0924164853  -0.0106730302   0.0134637287   0.0086193318
        0.0006109787   0.0002581476  -0.0002368438  -0.0000630592   0.0004648039
       -0.0000238561  -0.0009012203   0.0005371334   0.0010473056   0.0000183536
       -0.0002564171  -0.0002188527   0.0000633791  -0.0000760846  -0.0000695891
        0.0002589172   0.0000619929   0.0000009545   0.0000313541  -0.0000193377
       -0.0000243892   0.0000291692  -0.0000239144  -0.0000040458   0.0000179314
        0.0000106852   0.0000062350  -0.0000083966  -0.0000140862   0.0000067004
        0.0000153710   0.0000005219  -0.0000015299   0.0000124998   0.0000464837
        0.0000554695  -0.0000157159   0.0000416502   0.0000060859
        0.0792129449  -0.1253377146  -0.0832586069  -0.0095472325   0.0084323407
        0.0096294379  -0.0020827935  -0.0009523508   0.0015586025   0.0000846711
        0.0001761034  -0.0000638940   0.0000004420   0.0000346726  -0.0000669149
        0.0000078959   0.0000381847  -0.0000330296  -0.0000124743   0.0000131919
       -0.0000247510   0.0077576793  -0.0110445093  -0.0116558642  -0.0902782256
        0.1447215977   0.0955673087   0.0155713058  -0.0174219613  -0.0127095129
       -0.0002540111   0.0005583200   0.0000124586   0.0001042521   0.0004909190
        0.0002751206  -0.0004075318   0.0003545845   0.0006217071   0.0000627749
       -0.0000163789   0.0001891051  -0.0001065857   0.0000718880   0.0000862246
       -0.0001919462  -0.0001290302  -0.0001553046   0.0000475318  -0.0000001811
       -0.0000060850  -0.0000207386  -0.0000023678   0.0000089431  -0.0000188428
       -0.0000152268  -0.0000019749   0.0000270289   0.0000092389  -0.0000000046
        0.0000147317   0.0000205709   0.0000094180   0.0000229638   0.0000108642
       -0.0000017770   0.0000061598  -0.0000127555   0.0000193933
        0.0768460513  -0.0829712348  -0.1259586152   0.0110836018  -0.0076988399
       -0.0104471940   0.0025907450   0.0024271899  -0.0013568373  -0.0000669423
        0.0000568518   0.0000660199  -0.0000611176  -0.0000711523   0.0001268276
        0.0000272431   0.0000080009   0.0000511049   0.0000349786  -0.0000068576
        0.0000754122   0.0113530429  -0.0173296698  -0.0168193070  -0.0924164853
        0.0955673087   0.1450441046  -0.0097259710   0.0104112031   0.0096185980
       -0.0000882246  -0.0002791237  -0.0002728663  -0.0003787461  -0.0001712966
        0.0005631956   0.0007907972  -0.0002840258  -0.0007273206  -0.0000783335
        0.0002904860   0.0002301691  -0.0000531485   0.0000288382  -0.0000334750
        0.0001955832   0.0000328737  -0.0000560312  -0.0000555163   0.0000025966
       -0.0000265397  -0.0000148574  -0.0000008837  -0.0000147426   0.0000001915
       -0.0000006307   0.0000024211   0.0000165386   0.0000084548  -0.0000024818
        0.0000026454   0.0000100254  -0.0000078408  -0.0000116574  -0.0000184259
       -0.0000521397   0.0000095816  -0.0000116884  -0.0000024619
       -0.0918435574   0.0751533460  -0.0615505259   0.0092122582  -0.0140455919
        0.0112620367   0.0004428858   0.0002895130  -0.0001166610  -0.0005631048
       -0.0003624949   0.0012623778  -0.0001057132  -0.0000858038  -0.0000923299
       -0.0000095725   0.0000417960   0.0000196520  -0.0000226955  -0.0000382618
        0.0000402554  -0.0112941677   0.0132403175  -0.0136124215  -0.0106730302
        0.0155713058  -0.0097259710   0.1075172614  -0.0869942381   0.0702199300
       -0.0020422245  -0.0031672957   0.0029289294   0.0007127947   0.0000425583
        0.0002017834  -0.0000304040   0.0000478244  -0.0002214265  -0.0000387644
        0.0000065531  -0.0001205200   0.0001232215   0.0000190287  -0.0001916390
       -0.0015469477   0.0002094898  -0.0000927796   0.0001027791   0.0000439201
       -0.0000565170  -0.0000043658   0.0000068648  -0.0000012208  -0.0000437392
        0.0000185055  -0.0000534926   0.0000496856   0.0000043343  -0.0000138538
        0.0000415789   0.0000339649  -0.0000188470   0.0000362526   0.0000103523
       -0.0000169118  -0.0000204307  -0.0000459883  -0.0000498473
        0.0755270227  -0.1585234375   0.0919731235   0.0054668214  -0.0152979947
        0.0130569818   0.0004778925   0.0006366026  -0.0005124211   0.0003630498
        0.0001614252  -0.0002611870   0.0000208350   0.0001247643  -0.0000021819
        0.0000230977   0.0000370170  -0.0000308179  -0.0000091373   0.0000346305
        0.0000204648  -0.0057218732   0.0089191589  -0.0071762962   0.0134637287
       -0.0174219613   0.0104112031  -0.0869942381   0.1837919095  -0.1095784158
       -0.0031375457  -0.0027059250   0.0026039863   0.0005688695   0.0000125041
       -0.0000431362   0.0002228987  -0.0000312447  -0.0001233134  -0.0000488052
       -0.0000278196   0.0000378492   0.0000326844  -0.0000787480  -0.0001511989
       -0.0002964777   0.0005398861  -0.0001289388   0.0000423838  -0.0000323580
       -0.0000114632   0.0000138152  -0.0000193837  -0.0000048872  -0.0000210322
        0.0000214717  -0.0000133592   0.0000016019  -0.0000149352   0.0000052823
        0.0000421978  -0.0000243306  -0.0000304359   0.0000447666  -0.0000702854
        0.0000364040  -0.0000825565  -0.0000309464  -0.0000772423
       -0.0616195340   0.0916758629  -0.1189841207  -0.0044807912   0.0131157970
       -0.0104327785  -0.0004520080   0.0002139100   0.0003005081  -0.0001336278
       -0.0001055417   0.0001174240   0.0000119476  -0.0000251824   0.0000975319
       -0.0000649869  -0.0000488754   0.0000624240  -0.0000587252  -0.0000469378
        0.0000692257  -0.0148587891   0.0155412448  -0.0161718689   0.0086193318
       -0.0127095129   0.0096185980   0.0702199300  -0.1095784158   0.1359496391
        0.0026556061   0.0029226989  -0.0013438631  -0.0002767797  -0.0006359117
        0.0005559460  -0.0002759897  -0.0001444101   0.0000912845  -0.0002172319
        0.0000455654  -0.0003618561   0.0001537775  -0.0001663487  -0.0001485903
        0.0009068179  -0.0000594265   0.0006635331  -0.0000840477  -0.0000164746
       -0.0000184098   0.0000250499  -0.0000302236  -0.0000303628   0.0000194469
        0.0000105864   0.0000211469  -0.0000457268   0.0000025997  -0.0000183261
       -0.0000373163  -0.0000146447  -0.0000241532  -0.0000301280   0.0000425983
       -0.0000327866   0.0000237746   0.0000110425   0.0000198547
        0.0074131253  -0.0148042253   0.0124197581  -0.0949258234   0.0728841883
       -0.0634181797  -0.0118286667   0.0143541933  -0.0074019422  -0.0016030466
        0.0029419856   0.0025980891   0.0000863806   0.0002887253  -0.0001729115
       -0.0001499198  -0.0001168478  -0.0000124745  -0.0001964781   0.0000363902
       -0.0000682732   0.0007870272  -0.0000424982   0.0003312199   0.0006109787
       -0.0002540111  -0.0000882246  -0.0020422245  -0.0031375457   0.0026556061
        0.1137460145  -0.0850608692   0.0677356015  -0.0110320998   0.0122494436
       -0.0145194566  -0.0003732488   0.0003234432  -0.0003303799   0.0002063831
       -0.0001666531  -0.0001251055  -0.0008234622   0.0007952906  -0.0002203986
        0.0001459903  -0.0002570663   0.0004452894  -0.0000126074   0.0000222940
        0.0000352165   0.0000467449  -0.0000350566   0.0000099919   0.0000447619
       -0.0000336114   0.0000517709  -0.0000623768  -0.0000113784  -0.0000153286
       -0.0000022491  -0.0000112882   0.0000682735  -0.0001694556   0.0000710254
       -0.0001451269   0.0001342522  -0.0000359282   0.0001669848
        0.0058715527  -0.0155614288   0.0140571805   0.0727319804  -0.1466624612
        0.0838158940   0.0126966663  -0.0138323146   0.0082190467   0.0019132255
       -0.0015573644  -0.0028156390   0.0001638560  -0.0003304391   0.0002112075
        0.0001649545   0.0001579805  -0.0000355930  -0.0001579400   0.0000564525
       -0.0000019563   0.0005784548  -0.0000364607  -0.0000628388   0.0002581476
        0.0005583200  -0.0002791237  -0.0031672957  -0.0027059250   0.0029226989
       -0.0850608692   0.1713825099  -0.0997065040  -0.0059174902   0.0086814911
       -0.0069458202  -0.0002710085   0.0009578353   0.0003820416  -0.0001264389
       -0.0003653527   0.0000928091   0.0005444531  -0.0006886903   0.0003758668
       -0.0003330729   0.0000155853  -0.0001971989  -0.0000098462  -0.0000279412
       -0.0000484414  -0.0000445468  -0.0000173455  -0.0000031118  -0.0000459493
       -0.0000133346  -0.0000033925   0.0000765682   0.0000120539   0.0000177884
       -0.0000279668   0.0000087276   0.0000108794   0.0001430847   0.0000335676
       -0.0000411497   0.0000194807  -0.0000654657   0.0000353565
       -0.0043740306   0.0135303154  -0.0104987899  -0.0633844222   0.0841398563
       -0.1139475385   0.0097384970  -0.0116550675   0.0074102761   0.0017028083
       -0.0018573355  -0.0010439861   0.0002031043  -0.0001425330   0.0000587934
        0.0001335555  -0.0000025991   0.0000656434  -0.0001681952  -0.0000064595
        0.0000734155  -0.0002403391  -0.0005968985   0.0007244365  -0.0002368438
        0.0000124586  -0.0002728663   0.0029289294   0.0026039863  -0.0013438631
        0.0677356015  -0.0997065040   0.1336953970  -0.0147400121   0.0147563476
       -0.0162540364   0.0003281650  -0.0006565660   0.0009019955   0.0000703143
        0.0000712797   0.0001346953   0.0003766397  -0.0004529411   0.0002869476
       -0.0000005762  -0.0000528989   0.0000068880  -0.0000653321  -0.0000158386
        0.0000195701  -0.0000006504   0.0000225442   0.0000037588   0.0000230541
       -0.0000089025  -0.0000124585   0.0000019120  -0.0000198135   0.0000108523
       -0.0000356664  -0.0000134880   0.0000415597  -0.0001354831   0.0000860092
       -0.0001309823   0.0001389701  -0.0000349515   0.0000702921
       -0.0158776331  -0.0132438405  -0.0119449773  -0.1161379571  -0.0608174152
       -0.0909198340   0.0083722393   0.0082885497   0.0108819738   0.0006803932
        0.0001892672   0.0003170753   0.0001132055   0.0001897617   0.0002906322
       -0.0000313796   0.0000171524  -0.0000483514  -0.0009550807   0.0001934519
        0.0001168903  -0.0033076907  -0.0034800878   0.0023940314  -0.0000630592
        0.0001042521  -0.0003787461   0.0007127947   0.0005688695  -0.0002767797
       -0.0110320998  -0.0059174902  -0.0147400121   0.1399428317   0.0722286467
        0.1016498992   0.0001186115   0.0000070732  -0.0001099959  -0.0011057429
        0.0024390068   0.0026752311  -0.0000205761  -0.0001065879   0.0000108623
        0.0001993380   0.0000276712  -0.0000213595   0.0000317061  -0.0000900306
       -0.0000506489   0.0000365655  -0.0000851419  -0.0000068088   0.0000011188
        0.0000173711  -0.0000124769   0.0000125938  -0.0000257887   0.0000066831
       -0.0000717097  -0.0001246940  -0.0000654821  -0.0011329586  -0.0005917434
        0.0008324822  -0.0004855106   0.0002117464  -0.0006002882
       -0.0139662826  -0.0101439098  -0.0108256981  -0.0601975602  -0.0945149240
       -0.0721600144  -0.0074307042  -0.0106578524  -0.0148104478  -0.0008097942
        0.0006677554  -0.0003836531   0.0002611912   0.0000058262  -0.0002411014
       -0.0000760911   0.0000002140  -0.0000358022  -0.0005335253   0.0002126272
       -0.0000973296  -0.0036555518  -0.0024091739   0.0015822853   0.0004648039
        0.0004909190  -0.0001712966   0.0000425583   0.0000125041  -0.0006359117
        0.0122494436   0.0086814911   0.0147563476   0.0722286467   0.1103098384
        0.0853599394  -0.0001437952   0.0001312423   0.0001707383   0.0018625192
       -0.0024113768  -0.0036840267  -0.0002015835   0.0001726159   0.0002457664
        0.0001646938  -0.0008197386   0.0003906149  -0.0000971184  -0.0000624054
        0.0000388696  -0.0000099910  -0.0000278686   0.0000053010   0.0000213433
       -0.0000526793   0.0000664344  -0.0000423222   0.0000185172  -0.0000072546
       -0.0001990747  -0.0000538417   0.0000915087  -0.0002016814   0.0003446723
        0.0000527261   0.0002698759   0.0001055474   0.0002920045
        0.0078145965   0.0061761119   0.0083553529  -0.0906476910  -0.0733006705
       -0.1497172324  -0.0084112268  -0.0126380910  -0.0157546473  -0.0005089952
        0.0009173215   0.0011278849   0.0001224306  -0.0001314681  -0.0001408756
       -0.0000504331   0.0000993401   0.0000391255  -0.0003069243  -0.0002751065
        0.0005635947   0.0023388512   0.0019113198  -0.0001838594  -0.0000238561
        0.0002751206   0.0005631956   0.0002017834  -0.0000431362   0.0005559460
       -0.0145194566  -0.0069458202  -0.0162540364   0.1016498992   0.0853599394
        0.1741115258  -0.0002298993   0.0000933124  -0.0002368691   0.0025181832
       -0.0025601361  -0.0029766679  -0.0001932581   0.0003172099   0.0000324939
        0.0000313576   0.0000227890   0.0003698763  -0.0000150977  -0.0000584674
       -0.0001278837  -0.0000327579   0.0000288868  -0.0000271879  -0.0000223430
        0.0000071328   0.0000031659   0.0000180903   0.0000142320  -0.0000216658
       -0.0002624354   0.0001573734  -0.0001425537   0.0007476065   0.0005134662
       -0.0002331902  -0.0002184240   0.0000593400   0.0000945079
       -0.0019953354   0.0024198252   0.0031116365  -0.0114219465  -0.0083821193
        0.0132567997  -0.0938298383  -0.0690560720   0.0675058920   0.0065868739
        0.0115299966  -0.0122584525   0.0007137990   0.0011678379  -0.0022049202
       -0.0001085258   0.0000353673  -0.0000543739  -0.0004100819   0.0001231466
       -0.0004354570   0.0002889644   0.0001953332   0.0000126050  -0.0009012203
       -0.0004075318   0.0007907972  -0.0000304040   0.0002228987  -0.0002759897
       -0.0003732488  -0.0002710085   0.0003281650   0.0001186115  -0.0001437952
       -0.0002298993   0.1161037880   0.0760267543  -0.0786569075  -0.0117737559
       -0.0162495475   0.0111401665  -0.0007115753   0.0009211495  -0.0003923182
       -0.0017592294   0.0018436515  -0.0019924640  -0.0006112547   0.0004918560
        0.0002883182   0.0000602765  -0.0000606198   0.0000105577  -0.0000215198
       -0.0000619643   0.0001447630   0.0000498176  -0.0000411725   0.0000362421
       -0.0000468743   0.0000267264   0.0000707775   0.0000508085  -0.0003608439
       -0.0003583178   0.0000218711   0.0000301315   0.0001623796
        0.0015098545  -0.0004585463  -0.0018471333   0.0085780309   0.0080322508
       -0.0096998178  -0.0696491024  -0.1294106105   0.0882053108  -0.0037162955
       -0.0118219975   0.0142373193  -0.0014562908   0.0006830308  -0.0001243581
       -0.0001632454   0.0000964550  -0.0002811126  -0.0003243752   0.0004195591
       -0.0003710079   0.0001153841  -0.0001070219   0.0000238980   0.0005371334
        0.0003545845  -0.0002840258   0.0000478244  -0.0000312447  -0.0001444101
        0.0003234432   0.0009578353  -0.0006565660   0.0000070732   0.0001312423
        0.0000933124   0.0760267543   0.1512320439  -0.1023722403  -0.0147172527
       -0.0165830124   0.0122517403   0.0007663847  -0.0011396616   0.0007884119
        0.0014891352  -0.0022686508   0.0009647119   0.0009647955   0.0000538506
       -0.0003444195  -0.0000429472  -0.0000986719   0.0000213251  -0.0001024171
        0.0000153059  -0.0000968955   0.0000046950   0.0000837830  -0.0000453721
        0.0000668465  -0.0000414918   0.0000851226  -0.0002986881   0.0000194281
       -0.0003460552   0.0000332596  -0.0001184597  -0.0000577380
        0.0022987184  -0.0028892996  -0.0022061780   0.0135472236   0.0109695535
       -0.0141144922   0.0678490967   0.0875024373  -0.1317737553   0.0038530855
        0.0128988613  -0.0126436765   0.0011674664   0.0000193996   0.0009218299
        0.0002333579  -0.0001583263   0.0002651348  -0.0001717304   0.0002688271
        0.0000213756  -0.0001012301  -0.0001521101   0.0000306820   0.0010473056
        0.0006217071  -0.0007273206  -0.0002214265  -0.0001233134   0.0000912845
       -0.0003303799   0.0003820416   0.0009019955  -0.0001099959   0.0001707383
       -0.0002368691  -0.0786569075  -0.1023722403   0.1533482403  -0.0076178926
       -0.0095537847   0.0094828121  -0.0002536667   0.0007264251  -0.0009674980
       -0.0018761650   0.0027671466  -0.0021447511  -0.0005492912   0.0000998767
        0.0003156816   0.0000631608  -0.0000279295  -0.0000192777   0.0001059570
        0.0000180758   0.0000035201  -0.0000141430  -0.0000517990   0.0000329904
        0.0001640232  -0.0001262350   0.0000695738  -0.0005393659  -0.0009666427
       -0.0006188491   0.0001127995  -0.0000234093  -0.0000324531
        0.0012041387   0.0012501007   0.0009428802   0.0080225198   0.0094025548
        0.0093462956  -0.1218213114  -0.0832503136  -0.0714839516  -0.0154597688
       -0.0078469579  -0.0126006736  -0.0020192777   0.0018941405  -0.0027399864
       -0.0009766834  -0.0002524673   0.0000120725  -0.0000031638  -0.0000377362
        0.0000184734  -0.0002798952  -0.0000483707  -0.0000407792   0.0000183536
        0.0000627749  -0.0000783335  -0.0000387644  -0.0000488052  -0.0002172319
        0.0002063831  -0.0001264389   0.0000703143  -0.0011057429   0.0018625192
        0.0025181832  -0.0117737559  -0.0147172527  -0.0076178926   0.1452760697
        0.0912119284   0.0826703081  -0.0000573393  -0.0002119852  -0.0003898345
       -0.0010989303   0.0003332213  -0.0005688880   0.0001019942  -0.0000094592
       -0.0000735649   0.0000167916   0.0000264250   0.0000041492   0.0000448707
       -0.0000408051   0.0000544842  -0.0002198020   0.0001661910  -0.0000568683
        0.0000202529   0.0000450357   0.0000455343  -0.0000012660   0.0002270966
        0.0001027659  -0.0000556730   0.0001086037   0.0000825437
       -0.0005468714   0.0010905874   0.0012711423  -0.0080211961  -0.0132518823
       -0.0141178232  -0.0840602054  -0.1257749801  -0.0733214911   0.0109263107
        0.0062086514   0.0085293412   0.0013243781  -0.0004496932   0.0013097476
        0.0005455847   0.0001062486  -0.0000308863  -0.0000781838   0.0001092290
       -0.0000524235   0.0004744926   0.0004062219  -0.0000639170  -0.0002564171
       -0.0000163789   0.0002904860   0.0000065531  -0.0000278196   0.0000455654
       -0.0001666531  -0.0003653527   0.0000712797   0.0024390068  -0.0024113768
       -0.0025601361  -0.0162495475  -0.0165830124  -0.0095537847   0.0912119284
        0.1501612607   0.0860238242   0.0018360544   0.0013454644   0.0014160787
        0.0005201091  -0.0005640609   0.0007628159  -0.0000660146  -0.0001650420
       -0.0000620776  -0.0000406894   0.0000709117   0.0000229158  -0.0000146287
        0.0000052046  -0.0000608723   0.0001151495  -0.0000841748   0.0000287820
        0.0000024485   0.0000516009   0.0000107963   0.0000725267   0.0001463780
        0.0000062662   0.0000258645  -0.0000079850   0.0000343705
       -0.0011624075  -0.0001845959   0.0007806078  -0.0088584654  -0.0163764882
       -0.0148012200  -0.0719911181  -0.0724687729  -0.1081031559  -0.0129403181
       -0.0076705261  -0.0086573171  -0.0006290136   0.0016296759  -0.0015335883
       -0.0006765756  -0.0002230163   0.0001896452  -0.0000412511   0.0000761862
        0.0002112328   0.0008439241   0.0000680595   0.0000006031  -0.0002188527
        0.0001891051   0.0002301691  -0.0001205200   0.0000378492  -0.0003618561
       -0.0001251055   0.0000928091   0.0001346953   0.0026752311  -0.0036840267
       -0.0029766679   0.0111401665   0.0122517403   0.0094828121   0.0826703081
        0.0860238242   0.1255504661   0.0002153654  -0.0004940731   0.0012202179
       -0.0008213259   0.0007586785  -0.0011647441   0.0000699243   0.0000978012
       -0.0000180614   0.0000239818  -0.0000049726   0.0000289584   0.0000311714
       -0.0000371758  -0.0000312014  -0.0001907154   0.0001082855  -0.0000599906
       -0.0000017062  -0.0000529180   0.0000291286   0.0000160562  -0.0000749959
       -0.0001643339   0.0000912465  -0.0000624532   0.0000136003
        0.0000223198   0.0000367751  -0.0000923089  -0.0018983337   0.0027461884
       -0.0015078797  -0.0041980802   0.0190543074   0.0043073529  -0.0400235335
        0.0033417469   0.0040558215  -0.0045232161  -0.0260877651  -0.0121404927
        0.0003613444  -0.0015543745  -0.0003285752  -0.0051033946  -0.0023576349
        0.0001000228  -0.0000786383   0.0000514091  -0.0000588269   0.0000633791
       -0.0001065857  -0.0000531485   0.0001232215   0.0000326844   0.0001537775
       -0.0008234622   0.0005444531   0.0003766397  -0.0000205761  -0.0002015835
       -0.0001932581  -0.0007115753   0.0007663847  -0.0002536667  -0.0000573393
        0.0018360544   0.0002153654   0.0567365041  -0.0059103319   0.0006226528
        0.0008698849   0.0083418342   0.0054719968   0.0007048326  -0.0000561219
       -0.0001911401  -0.0009743274   0.0005796701   0.0000369855  -0.0000320303
        0.0000932525  -0.0000512938   0.0002082217   0.0000457576   0.0000767548
       -0.0004266948  -0.0015491493  -0.0007445903  -0.0001157544   0.0002253382
        0.0000663129  -0.0001027523   0.0001276907   0.0001314984
       -0.0001390916   0.0002070773   0.0001473636   0.0016076725  -0.0019221558
        0.0022104126   0.0046954701  -0.0183755638  -0.0059097183   0.0042389768
       -0.2317965451  -0.0863255762  -0.0041942607  -0.0161249585  -0.0074009778
        0.0014941416   0.0012095031   0.0004620937  -0.0037372227  -0.0008368092
        0.0005389741   0.0000829634  -0.0000210121   0.0000577740  -0.0000760846
        0.0000718880   0.0000288382   0.0000190287  -0.0000787480  -0.0001663487
        0.0007952906  -0.0006886903  -0.0004529411  -0.0001065879   0.0001726159
        0.0003172099   0.0009211495  -0.0011396616   0.0007264251  -0.0002119852
        0.0013454644  -0.0004940731  -0.0059103319   0.2692028486   0.0992244980
        0.0005421773  -0.0006382015  -0.0027804552   0.0002416910  -0.0001159970
        0.0001344406  -0.0001190188   0.0004434784   0.0000379177  -0.0000999084
       -0.0001265240  -0.0001511436   0.0002582561   0.0000062215   0.0000737567
       -0.0003715901  -0.0010896614  -0.0005233543   0.0000498787   0.0001701310
        0.0000116246   0.0000193857   0.0001253000   0.0002332594
        0.0001041218  -0.0001834893   0.0001959597  -0.0006054268   0.0010095263
       -0.0004581456  -0.0033568079   0.0129604977   0.0045496014   0.0039320149
       -0.0862293752  -0.0834154784  -0.0006857096   0.0003168191   0.0009879656
       -0.0001667529  -0.0001798370   0.0001815591  -0.0004395857  -0.0002191942
        0.0008085926   0.0001079385   0.0000082466   0.0000760766  -0.0000695891
        0.0000862246  -0.0000334750  -0.0001916390  -0.0001511989  -0.0001485903
       -0.0002203986   0.0003758668   0.0002869476   0.0000108623   0.0002457664
        0.0000324939  -0.0003923182   0.0007884119  -0.0009674980  -0.0003898345
        0.0014160787   0.0012202179   0.0006226528   0.0992244980   0.0953957774
        0.0020723612  -0.0302968588  -0.0190218202   0.0001269666   0.0004555120
        0.0002861453  -0.0004717665   0.0002401605   0.0003255979   0.0000032910
       -0.0001750857  -0.0004086439   0.0000989652   0.0001909209  -0.0000901780
       -0.0001294802  -0.0001553028   0.0001139581  -0.0000465611   0.0001272070
       -0.0001345566   0.0000866956   0.0001446053   0.0002174930
       -0.0009739671   0.0010721597  -0.0007760513   0.0003818215   0.0001546896
       -0.0005816670   0.0037061959   0.0038856675  -0.0177320660  -0.0570370518
       -0.0053098005   0.0592112525  -0.0131276800  -0.0045129614   0.0277295572
        0.0005275943  -0.0004243288   0.0008171707   0.0009242501   0.0008843395
        0.0005526559   0.0000525333  -0.0001674694  -0.0000285410   0.0002589172
       -0.0001919462   0.0001955832  -0.0015469477  -0.0002964777   0.0009068179
        0.0001459903  -0.0003330729  -0.0000005762   0.0001993380   0.0001646938
        0.0000313576  -0.0017592294   0.0014891352  -0.0018761650  -0.0010989303
        0.0005201091  -0.0008213259   0.0008698849   0.0005421773   0.0020723612
        0.0742628084   0.0046517738  -0.0695200161  -0.0058360922  -0.0024901836
        0.0011958431  -0.0000494618   0.0000512287   0.0000324555  -0.0004575101
        0.0002074380  -0.0006657329   0.0003178540   0.0000761907  -0.0001665400
        0.0002272616   0.0002839918   0.0000242040  -0.0000121147   0.0000838397
       -0.0000706357   0.0000245354  -0.0003411936  -0.0005299419
        0.0000701682   0.0002006053  -0.0000756392  -0.0002489231   0.0009006260
        0.0011425841  -0.0017876082  -0.0031488176   0.0169998785  -0.0053250150
       -0.0447423705   0.0170940739  -0.0056194376  -0.0013047905   0.0124059700
        0.0006946974   0.0002800539  -0.0003550395  -0.0000756919   0.0006154137
        0.0010750837  -0.0001326532  -0.0000529041  -0.0000781484   0.0000619929
       -0.0001290302   0.0000328737   0.0002094898   0.0005398861  -0.0000594265
       -0.0002570663   0.0000155853  -0.0000528989   0.0000276712  -0.0008197386
        0.0000227890   0.0018436515  -0.0022686508   0.0027671466   0.0003332213
       -0.0005640609   0.0007586785   0.0083418342  -0.0006382015  -0.0302968588
        0.0046517738   0.0522947972  -0.0221544568  -0.0028436355  -0.0008208194
        0.0010899454  -0.0000620993  -0.0001241168  -0.0001762835   0.0002102578
        0.0001579702   0.0001524866  -0.0000256507  -0.0000696330   0.0000486743
        0.0002015047   0.0000226011  -0.0000728326   0.0000478450  -0.0001847031
        0.0001424370  -0.0003163272  -0.0001597018  -0.0004110372
        0.0006350994  -0.0005534851   0.0003180834   0.0015513557  -0.0009891668
        0.0008670035   0.0004986898   0.0053156696  -0.0172573286   0.0591444110
        0.0177334945  -0.2546637884   0.0049829829   0.0018728606  -0.0055724357
       -0.0007423963  -0.0003362875   0.0008766426  -0.0010410119  -0.0004531733
        0.0011126361  -0.0001069449   0.0000143977  -0.0000838891   0.0000009545
       -0.0001553046  -0.0000560312  -0.0000927796  -0.0001289388   0.0006635331
        0.0004452894  -0.0001971989   0.0000068880  -0.0000213595   0.0003906149
        0.0003698763  -0.0019924640   0.0009647119  -0.0021447511  -0.0005688880
        0.0007628159  -0.0011647441   0.0054719968  -0.0027804552  -0.0190218202
       -0.0695200161  -0.0221544568   0.2954701607   0.0013333613   0.0006691147
        0.0000872433   0.0000645069  -0.0000501049  -0.0002786703   0.0001469016
       -0.0000331003   0.0003518184  -0.0001552596  -0.0000793389   0.0000144161
       -0.0002007249  -0.0000783824  -0.0000298726   0.0000808412   0.0000918654
       -0.0002108573   0.0000854545   0.0001738484   0.0003458871
       -0.0001102780   0.0000712495  -0.0000338685   0.0000316050   0.0000151916
       -0.0001326921   0.0007213127  -0.0007806775   0.0014581864  -0.0135463311
       -0.0058204853   0.0271541646  -0.0558525782  -0.0076856769   0.0526440253
        0.0027177917   0.0053118324  -0.0187436003   0.0012179358   0.0000670278
       -0.0006724700   0.0000118047   0.0000099498  -0.0000078825   0.0000313541
        0.0000475318  -0.0000555163   0.0001027791   0.0000423838  -0.0000840477
       -0.0000126074  -0.0000098462  -0.0000653321   0.0000317061  -0.0000971184
       -0.0000150977  -0.0006112547   0.0009647955  -0.0005492912   0.0001019942
       -0.0000660146   0.0000699243   0.0007048326   0.0002416910   0.0001269666
       -0.0058360922  -0.0028436355   0.0013333613   0.0707047966   0.0081293278
       -0.0592164990   0.0003731917  -0.0004760270   0.0000404079  -0.0018997303
        0.0028843326  -0.0025082620   0.0004665000  -0.0000620879  -0.0004991226
        0.0001375384  -0.0000864608  -0.0005229879  -0.0000968984   0.0001953062
        0.0003581639   0.0006106277  -0.0000525898  -0.0000785304
       -0.0000380447   0.0000884745   0.0000124890   0.0001090549  -0.0000464353
        0.0000176546   0.0007377445   0.0005356484  -0.0005907132  -0.0056106530
       -0.0016288487   0.0113271281  -0.0076780103  -0.0455596102   0.0273507664
       -0.0016863231  -0.0050348971   0.0210574445   0.0059687491  -0.0011338299
       -0.0272133324  -0.0000129334  -0.0000091411   0.0000028681  -0.0000193377
       -0.0000001811   0.0000025966   0.0000439201  -0.0000323580  -0.0000164746
        0.0000222940  -0.0000279412  -0.0000158386  -0.0000900306  -0.0000624054
       -0.0000584674   0.0004918560   0.0000538506   0.0000998767  -0.0000094592
       -0.0001650420   0.0000978012  -0.0000561219  -0.0001159970   0.0004555120
       -0.0024901836  -0.0008208194   0.0006691147   0.0081293278   0.0595514711
       -0.0317669877  -0.0003878520   0.0000991916   0.0004636147   0.0028372400
       -0.0027298382   0.0027806619  -0.0004326547   0.0004382443  -0.0003070431
        0.0002154906   0.0005891539  -0.0000417044   0.0001521776   0.0006946390
       -0.0003212297  -0.0001962501  -0.0046833291  -0.0040057374
       -0.0000266563  -0.0000634021   0.0000793215  -0.0000730171   0.0000535130
        0.0001570460  -0.0010583878  -0.0001270889   0.0007364816   0.0038501608
        0.0017638766  -0.0051682232   0.0524925911   0.0272931288  -0.2419323498
        0.0010385494   0.0053149891  -0.0161814786   0.0042983602  -0.0022215874
       -0.0187662464   0.0000117558   0.0000088119   0.0000389968  -0.0000243892
       -0.0000060850  -0.0000265397  -0.0000565170  -0.0000114632  -0.0000184098
        0.0000352165  -0.0000484414   0.0000195701  -0.0000506489   0.0000388696
       -0.0001278837   0.0002883182  -0.0003444195   0.0003156816  -0.0000735649
       -0.0000620776  -0.0000180614  -0.0001911401   0.0001344406   0.0002861453
        0.0011958431   0.0010899454   0.0000872433  -0.0592164990  -0.0317669877
        0.2831648169   0.0003494323  -0.0001030993   0.0005049761  -0.0024402086
        0.0027468200  -0.0015639907  -0.0000000739  -0.0003991451   0.0000838289
       -0.0002405640   0.0002823439   0.0000710158   0.0001472407   0.0003516550
        0.0004989764  -0.0002558011  -0.0039245968  -0.0022409169
       -0.0000361139  -0.0000197715  -0.0000144286  -0.0000194032  -0.0000223014
        0.0000195915   0.0000729855  -0.0000855952   0.0000145733   0.0003982504
        0.0014280855   0.0002805450  -0.0005250779   0.0169232084   0.0085815404
       -0.0436792207  -0.0106382019  -0.0049756069  -0.0020828657   0.0027297790
       -0.0014782442  -0.0000016241   0.0000097149   0.0000007871   0.0000291692
       -0.0000207386  -0.0000148574  -0.0000043658   0.0000138152   0.0000250499
        0.0000467449  -0.0000445468  -0.0000006504   0.0000365655  -0.0000099910
       -0.0000327579   0.0000602765  -0.0000429472   0.0000631608   0.0000167916
       -0.0000406894   0.0000239818  -0.0009743274  -0.0001190188  -0.0004717665
       -0.0000494618  -0.0000620993   0.0000645069   0.0003731917  -0.0003878520
        0.0003494323   0.0500564821   0.0106846166   0.0075005036   0.0008668922
        0.0069559965   0.0054440354  -0.0045996642  -0.0283401069  -0.0155790024
       -0.0000510388   0.0000003798  -0.0001148425   0.0001234491   0.0011662862
        0.0003738054  -0.0000576351  -0.0000780221  -0.0000593566
        0.0000186604   0.0000716253   0.0000242862  -0.0000161726   0.0001081752
        0.0000164053  -0.0002481505   0.0002524296  -0.0000694084  -0.0009779751
        0.0007269828  -0.0003330685   0.0017396928  -0.0220601765  -0.0094212015
       -0.0108409383  -0.2218644346  -0.1024621155   0.0036924306  -0.0035831496
        0.0025673094   0.0000122525   0.0000044738   0.0000183712  -0.0000239144
       -0.0000023678  -0.0000008837   0.0000068648  -0.0000193837  -0.0000302236
       -0.0000350566  -0.0000173455   0.0000225442  -0.0000851419  -0.0000278686
        0.0000288868  -0.0000606198  -0.0000986719  -0.0000279295   0.0000264250
        0.0000709117  -0.0000049726   0.0005796701   0.0004434784   0.0002401605
        0.0000512287  -0.0001241168  -0.0000501049  -0.0004760270   0.0000991916
       -0.0001030993   0.0106846166   0.2593523820   0.1188403692   0.0000700420
        0.0021062976  -0.0007892399  -0.0044021833  -0.0142562010  -0.0081822248
        0.0001918708   0.0002940933   0.0000866080   0.0001709582  -0.0016230326
       -0.0006240910  -0.0000785332   0.0001467071   0.0002536225
        0.0000084545  -0.0000160709   0.0000226956  -0.0000341338   0.0000096240
        0.0000178950  -0.0000090705   0.0000966153  -0.0000409188   0.0001369589
        0.0003990978   0.0001709775   0.0001569351   0.0093009487   0.0054787615
       -0.0047954306  -0.1024332175  -0.1023013443  -0.0012796355   0.0014101864
        0.0001731715   0.0000086241   0.0000087003   0.0000094303  -0.0000040458
        0.0000089431  -0.0000147426  -0.0000012208  -0.0000048872  -0.0000303628
        0.0000099919  -0.0000031118   0.0000037588  -0.0000068088   0.0000053010
       -0.0000271879   0.0000105577   0.0000213251  -0.0000192777   0.0000041492
        0.0000229158   0.0000289584   0.0000369855   0.0000379177   0.0003255979
        0.0000324555  -0.0001762835  -0.0002786703   0.0000404079   0.0004636147
        0.0005049761   0.0075005036   0.1188403692   0.1162355339  -0.0011339186
       -0.0287260772  -0.0212512298  -0.0005004006   0.0000400820   0.0006589351
        0.0000366765   0.0000544569  -0.0001374804  -0.0000651207   0.0004668399
        0.0003626971  -0.0001529147   0.0001727103   0.0001078259
       -0.0000305442   0.0000189551  -0.0000114628  -0.0000344076   0.0000227765
        0.0000488067  -0.0001482392   0.0000767197  -0.0000085551   0.0009555293
        0.0004595414  -0.0011180530   0.0037679655   0.0036211728  -0.0183824697
       -0.0572437355  -0.0091804383   0.0545547326   0.0004212587  -0.0005345908
       -0.0002925689   0.0000169693  -0.0000061142   0.0000180882   0.0000179314
       -0.0000188428   0.0000001915  -0.0000437392  -0.0000210322   0.0000194469
        0.0000447619  -0.0000459493   0.0000230541   0.0000011188   0.0000213433
       -0.0000223430  -0.0000215198  -0.0001024171   0.0001059570   0.0000448707
       -0.0000146287   0.0000311714  -0.0000320303  -0.0000999084   0.0000032910
       -0.0004575101   0.0002102578   0.0001469016  -0.0018997303   0.0028372400
       -0.0024402086   0.0008668922   0.0000700420  -0.0011339186   0.0650811566
        0.0086254115  -0.0628709935  -0.0111627406  -0.0058433348   0.0310683273
       -0.0002168962  -0.0000405654   0.0001947279  -0.0000592542  -0.0001161250
       -0.0000042313   0.0001318928   0.0000604867   0.0000701084
       -0.0000050251   0.0000243225  -0.0000330915   0.0000531156   0.0000436072
       -0.0000133437  -0.0000210702  -0.0000137743  -0.0001148796  -0.0007686705
        0.0004338153  -0.0003104605  -0.0030516339  -0.0048598712   0.0209340288
       -0.0093503153  -0.0491568424   0.0336295533  -0.0002458787   0.0006804471
        0.0009702537  -0.0000205841  -0.0000091785  -0.0000064377   0.0000106852
       -0.0000152268  -0.0000006307   0.0000185055   0.0000214717   0.0000105864
       -0.0000336114  -0.0000133346  -0.0000089025   0.0000173711  -0.0000526793
        0.0000071328  -0.0000619643   0.0000153059   0.0000180758  -0.0000408051
        0.0000052046  -0.0000371758   0.0000932525  -0.0001265240  -0.0001750857
        0.0002074380   0.0001579702  -0.0000331003   0.0028843326  -0.0027298382
        0.0027468200   0.0069559965   0.0021062976  -0.0287260772   0.0086254115
        0.0556507137  -0.0411752028  -0.0054333720  -0.0018662816   0.0128276643
       -0.0001413223  -0.0001151222   0.0000662770  -0.0001004296   0.0001786840
       -0.0002140568   0.0004085742  -0.0003591668  -0.0003619475
        0.0000031540  -0.0000186111   0.0000506892  -0.0000051297  -0.0000615121
        0.0000883840   0.0001235410  -0.0001350663   0.0002920116   0.0006912250
       -0.0003048053   0.0007422114   0.0002711949   0.0059920104  -0.0176324423
        0.0550758154   0.0333127791  -0.2615361075   0.0003720881  -0.0009197791
        0.0012266752  -0.0000013059  -0.0000073032  -0.0000137301   0.0000062350
       -0.0000019749   0.0000024211  -0.0000534926  -0.0000133592   0.0000211469
        0.0000517709  -0.0000033925  -0.0000124585  -0.0000124769   0.0000664344
        0.0000031659   0.0001447630  -0.0000968955   0.0000035201   0.0000544842
       -0.0000608723  -0.0000312014  -0.0000512938  -0.0001511436  -0.0004086439
       -0.0006657329   0.0001524866   0.0003518184  -0.0025082620   0.0027806619
       -0.0015639907   0.0054440354  -0.0007892399  -0.0212512298  -0.0628709935
       -0.0411752028   0.3046574379   0.0038657233   0.0013117809  -0.0052796756
        0.0000813956   0.0001078844  -0.0001888019   0.0001378018  -0.0002546870
        0.0000759965  -0.0001545400   0.0002698070   0.0004028035
       -0.0000271450   0.0000572317   0.0000294875  -0.0001314486  -0.0000079794
       -0.0001395444  -0.0011864224  -0.0005087694   0.0002215507  -0.0030371259
        0.0038361674  -0.0026436812  -0.0233372273  -0.0048901570  -0.0004644705
       -0.2495867650  -0.0808558172   0.0135511644   0.0008349429  -0.0009092372
        0.0001397203   0.0000318368  -0.0000050193  -0.0000187377  -0.0000083966
        0.0000270289   0.0000165386   0.0000496856   0.0000016019  -0.0000457268
       -0.0000623768   0.0000765682   0.0000019120   0.0000125938  -0.0000423222
        0.0000180903   0.0000498176   0.0000046950  -0.0000141430  -0.0002198020
        0.0001151495  -0.0001907154   0.0002082217   0.0002582561   0.0000989652
        0.0003178540  -0.0000256507  -0.0001552596   0.0004665000  -0.0004326547
       -0.0000000739  -0.0045996642  -0.0044021833  -0.0005004006  -0.0111627406
       -0.0054333720   0.0038657233   0.2910534831   0.0926274071  -0.0139268203
        0.0003324808   0.0007722364   0.0000279036   0.0002263156  -0.0002579815
        0.0000268422  -0.0002246175  -0.0000051984   0.0001016754
        0.0000316927   0.0000023034  -0.0000096765   0.0000804542  -0.0000102759
        0.0000385829   0.0008977603   0.0003691289   0.0000850162   0.0022784318
       -0.0018830229   0.0011803219   0.0178346518   0.0054138968  -0.0008744498
       -0.0808042860  -0.0738667754   0.0044194589   0.0012443114   0.0006882946
        0.0003465782  -0.0000144075  -0.0000130223  -0.0000047589  -0.0000140862
        0.0000092389   0.0000084548   0.0000043343  -0.0000149352   0.0000025997
       -0.0000113784   0.0000120539  -0.0000198135  -0.0000257887   0.0000185172
        0.0000142320  -0.0000411725   0.0000837830  -0.0000517990   0.0001661910
       -0.0000841748   0.0001082855   0.0000457576   0.0000062215   0.0001909209
        0.0000761907  -0.0000696330  -0.0000793389  -0.0000620879   0.0004382443
       -0.0003991451  -0.0283401069  -0.0142562010   0.0000400820  -0.0058433348
       -0.0018662816   0.0013117809   0.0926274071   0.0857329610  -0.0063094067
        0.0000824865  -0.0006899062   0.0000041272  -0.0000999397   0.0000621285
       -0.0000031371  -0.0001130810  -0.0000825438   0.0000010845
       -0.0000064970   0.0000092378   0.0000190919  -0.0000931501   0.0000556906
       -0.0000187527  -0.0006457044  -0.0001067543   0.0002186896  -0.0018237352
        0.0016191235  -0.0004846845  -0.0124055047  -0.0034085693   0.0004470824
        0.0134599577   0.0042395306  -0.0447974881   0.0004157151  -0.0004017508
        0.0002259962   0.0000069648  -0.0000060504  -0.0000009827   0.0000067004
       -0.0000000046  -0.0000024818  -0.0000138538   0.0000052823  -0.0000183261
       -0.0000153286   0.0000177884   0.0000108523   0.0000066831  -0.0000072546
       -0.0000216658   0.0000362421  -0.0000453721   0.0000329904  -0.0000568683
        0.0000287820  -0.0000599906   0.0000767548   0.0000737567  -0.0000901780
       -0.0001665400   0.0000486743   0.0000144161  -0.0004991226  -0.0003070431
        0.0000838289  -0.0155790024  -0.0081822248   0.0006589351   0.0310683273
        0.0128276643  -0.0052796756  -0.0139268203  -0.0063094067   0.0491101146
        0.0000315008  -0.0001428371   0.0002787762  -0.0000459694  -0.0000950684
       -0.0001357695   0.0001692508   0.0000868058  -0.0001907782
       -0.0000534150  -0.0000354553  -0.0000510000  -0.0000318230   0.0000277433
        0.0001590236   0.0000761595  -0.0001174400   0.0002099307   0.0005701744
       -0.0012489822  -0.0011389815  -0.0053188270  -0.0041287158  -0.0011105443
        0.0010452174   0.0011881132   0.0004309861  -0.2570104674  -0.0711899720
        0.0082893550  -0.0000191269  -0.0000293852  -0.0000192085   0.0000153710
        0.0000147317   0.0000026454   0.0000415789   0.0000421978  -0.0000373163
       -0.0000022491  -0.0000279668  -0.0000356664  -0.0000717097  -0.0001990747
       -0.0002624354  -0.0000468743   0.0000668465   0.0001640232   0.0000202529
        0.0000024485  -0.0000017062  -0.0004266948  -0.0003715901  -0.0001294802
        0.0002272616   0.0002015047  -0.0002007249   0.0001375384   0.0002154906
       -0.0002405640  -0.0000510388   0.0001918708   0.0000366765  -0.0002168962
       -0.0001413223   0.0000813956   0.0003324808   0.0000824865   0.0000315008
        0.2982751372   0.0833971764  -0.0090456185  -0.0247136385  -0.0040314636
       -0.0006834448  -0.0127784113  -0.0039092420   0.0035511542
        0.0000538376   0.0001338132   0.0000293854   0.0001235962   0.0000019491
       -0.0000074814   0.0001355142   0.0001343913   0.0000765878  -0.0002387002
       -0.0050943804  -0.0029455056  -0.0259984309  -0.0125510611  -0.0006166186
       -0.0011287223   0.0006701317  -0.0000696312  -0.0709655722  -0.0656486804
        0.0036317358   0.0000305993  -0.0000000624  -0.0000211574   0.0000005219
        0.0000205709   0.0000100254   0.0000339649  -0.0000243306  -0.0000146447
       -0.0000112882   0.0000087276  -0.0000134880  -0.0001246940  -0.0000538417
        0.0001573734   0.0000267264  -0.0000414918  -0.0001262350   0.0000450357
        0.0000516009  -0.0000529180  -0.0015491493  -0.0010896614  -0.0001553028
        0.0002839918   0.0000226011  -0.0000783824  -0.0000864608   0.0005891539
        0.0002823439   0.0000003798   0.0002940933   0.0000544569  -0.0000405654
       -0.0001151222   0.0001078844   0.0007722364  -0.0006899062  -0.0001428371
        0.0833971764   0.0783758792  -0.0019593010   0.0210519534   0.0060265840
        0.0000507807  -0.0058119509  -0.0010209579   0.0018029294
       -0.0000289808  -0.0000191250   0.0000321687  -0.0000274038  -0.0000819489
        0.0000498425   0.0000337295  -0.0001000258   0.0000754977  -0.0002989026
       -0.0025923255  -0.0008935245  -0.0138456558  -0.0063223553   0.0001359548
       -0.0000385972   0.0006410917   0.0003223214   0.0080309891   0.0037397734
       -0.0446085062   0.0000141561  -0.0000075261   0.0000126606  -0.0000015299
        0.0000094180  -0.0000078408  -0.0000188470  -0.0000304359  -0.0000241532
        0.0000682735   0.0000108794   0.0000415597  -0.0000654821   0.0000915087
       -0.0001425537   0.0000707775   0.0000851226   0.0000695738   0.0000455343
        0.0000107963   0.0000291286  -0.0007445903  -0.0005233543   0.0001139581
        0.0000242040  -0.0000728326  -0.0000298726  -0.0005229879  -0.0000417044
        0.0000710158  -0.0001148425   0.0000866080  -0.0001374804   0.0001947279
        0.0000662770  -0.0001888019   0.0000279036   0.0000041272   0.0002787762
       -0.0090456185  -0.0019593010   0.0487796645  -0.0155678630  -0.0031360709
        0.0004754600   0.0318110059   0.0101414035  -0.0044548494
       -0.0000021564   0.0000351286   0.0001068693  -0.0010294471  -0.0005073940
       -0.0000981377  -0.0002474377  -0.0007492655  -0.0001511649   0.0002388705
       -0.0002929791  -0.0001147677   0.0006100767   0.0009962805   0.0009799250
        0.0005279930   0.0004475356   0.0003428863  -0.1265565459   0.0965716226
       -0.0623692286   0.0000691360   0.0000728999  -0.0000213667   0.0000124998
        0.0000229638  -0.0000116574   0.0000362526   0.0000447666  -0.0000301280
       -0.0001694556   0.0001430847  -0.0001354831  -0.0011329586  -0.0002016814
        0.0007476065   0.0000508085  -0.0002986881  -0.0005393659  -0.0000012660
        0.0000725267   0.0000160562  -0.0001157544   0.0000498787  -0.0000465611
       -0.0000121147   0.0000478450   0.0000808412  -0.0000968984   0.0001521776
        0.0001472407   0.0001234491   0.0001709582  -0.0000651207  -0.0000592542
       -0.0001004296   0.0001378018   0.0002263156  -0.0000999397  -0.0000459694
       -0.0247136385   0.0210519534  -0.0155678630   0.1474216055  -0.1124743622
        0.0732147958   0.0048199202  -0.0051548822   0.0034227915
        0.0001024948   0.0001123808   0.0000019451  -0.0000403486   0.0001880271
       -0.0001119625  -0.0002518153  -0.0001444064  -0.0000518567   0.0004101588
        0.0004908313   0.0004014280   0.0161539920  -0.0225126614   0.0104542889
       -0.0003791640  -0.0055729984  -0.0033203385   0.0961515673  -0.1530746180
        0.0733275106   0.0000282001   0.0000045721  -0.0000015975   0.0000464837
        0.0000108642  -0.0000184259   0.0000103523  -0.0000702854   0.0000425983
        0.0000710254   0.0000335676   0.0000860092  -0.0005917434   0.0003446723
        0.0005134662  -0.0003608439   0.0000194281  -0.0009666427   0.0002270966
        0.0001463780  -0.0000749959   0.0002253382   0.0001701310   0.0001272070
        0.0000838397  -0.0001847031   0.0000918654   0.0001953062   0.0006946390
        0.0003516550   0.0011662862  -0.0016230326   0.0004668399  -0.0001161250
        0.0001786840  -0.0002546870  -0.0002579815   0.0000621285  -0.0000950684
       -0.0040314636   0.0060265840  -0.0031360709  -0.1124743622   0.1786224821
       -0.0831562096   0.0036317061  -0.0039226647   0.0053230421
       -0.0000276544  -0.0000923486  -0.0001435559   0.0000120399   0.0001856261
        0.0004674551  -0.0003815702  -0.0005393131   0.0005036136  -0.0000038989
        0.0004183798   0.0002005454   0.0077860002  -0.0090959366   0.0058642571
       -0.0001343180  -0.0024800094  -0.0003351322  -0.0620375022   0.0734277563
       -0.0910387047  -0.0000947638  -0.0000788209   0.0000025611   0.0000554695
       -0.0000017770  -0.0000521397  -0.0000169118   0.0000364040  -0.0000327866
       -0.0001451269  -0.0000411497  -0.0001309823   0.0008324822   0.0000527261
       -0.0002331902  -0.0003583178  -0.0003460552  -0.0006188491   0.0001027659
        0.0000062662  -0.0001643339   0.0000663129   0.0000116246  -0.0001345566
       -0.0000706357   0.0001424370  -0.0002108573   0.0003581639  -0.0003212297
        0.0004989764   0.0003738054  -0.0006240910   0.0003626971  -0.0000042313
       -0.0002140568   0.0000759965   0.0000268422  -0.0000031371  -0.0001357695
       -0.0006834448   0.0000507807   0.0004754600   0.0732147958  -0.0831562096
        0.1036553626  -0.0188703021   0.0226621339  -0.0188760670
       -0.0000539245   0.0000089560   0.0000353612  -0.0002141737  -0.0001160009
       -0.0002034910  -0.0001087555  -0.0000538001  -0.0002316963   0.0007447797
       -0.0001040884  -0.0012494973   0.0004302238   0.0007091789  -0.0007906386
        0.0001386735   0.0000572147   0.0004583337  -0.0622384651  -0.0070542371
        0.0618533264   0.0000802420   0.0000407679   0.0000363202  -0.0000157159
        0.0000061598   0.0000095816  -0.0000204307  -0.0000825565   0.0000237746
        0.0001342522   0.0000194807   0.0001389701  -0.0004855106   0.0002698759
       -0.0002184240   0.0000218711   0.0000332596   0.0001127995  -0.0000556730
        0.0000258645   0.0000912465  -0.0001027523   0.0000193857   0.0000866956
        0.0000245354  -0.0003163272   0.0000854545   0.0006106277  -0.0001962501
       -0.0002558011  -0.0000576351  -0.0000785332  -0.0001529147   0.0001318928
        0.0004085742  -0.0001545400  -0.0002246175  -0.0001130810   0.0001692508
       -0.0127784113  -0.0058119509   0.0318110059   0.0048199202   0.0036317061
       -0.0188703021   0.0692190467   0.0086964015  -0.0727848153
       -0.0000362236   0.0000141959  -0.0000598175   0.0000094575   0.0001538726
        0.0001676349  -0.0001095264   0.0000041740   0.0002244400   0.0007769013
        0.0008933822  -0.0005102735   0.0070558480   0.0007036337  -0.0265519847
       -0.0002169053   0.0008439542  -0.0009400713  -0.0071048259  -0.0463201456
        0.0262043881  -0.0000283917  -0.0000553725   0.0000105607   0.0000416502
       -0.0000127555  -0.0000116884  -0.0000459883  -0.0000309464   0.0000110425
       -0.0000359282  -0.0000654657  -0.0000349515   0.0002117464   0.0001055474
        0.0000593400   0.0000301315  -0.0001184597  -0.0000234093   0.0001086037
       -0.0000079850  -0.0000624532   0.0001276907   0.0001253000   0.0001446053
       -0.0003411936  -0.0001597018   0.0001738484  -0.0000525898  -0.0046833291
       -0.0039245968  -0.0000780221   0.0001467071   0.0001727103   0.0000604867
       -0.0003591668   0.0002698070  -0.0000051984  -0.0000825438   0.0000868058
       -0.0039092420  -0.0010209579   0.0101414035  -0.0051548822  -0.0039226647
        0.0226621339   0.0086964015   0.0538487273  -0.0282094740
        0.0000893228   0.0000560503   0.0001501518  -0.0000225342  -0.0001755744
       -0.0000164448  -0.0001437892  -0.0000518106  -0.0002144256   0.0003618515
        0.0007818081   0.0007516996   0.0044222607  -0.0029829881  -0.0202920219
       -0.0002934027   0.0008560168   0.0011631345   0.0619297955   0.0265986461
       -0.2591338245   0.0000640532   0.0000459655  -0.0000062550   0.0000060859
        0.0000193933  -0.0000024619  -0.0000498473  -0.0000772423   0.0000198547
        0.0001669848   0.0000353565   0.0000702921  -0.0006002882   0.0002920045
        0.0000945079   0.0001623796  -0.0000577380  -0.0000324531   0.0000825437
        0.0000343705   0.0000136003   0.0001314984   0.0002332594   0.0002174930
       -0.0005299419  -0.0004110372   0.0003458871  -0.0000785304  -0.0040057374
       -0.0022409169  -0.0000593566   0.0002536225   0.0001078259   0.0000701084
       -0.0003619475   0.0004028035   0.0001016754   0.0000010845  -0.0001907782
        0.0035511542   0.0018029294  -0.0044548494   0.0034227915   0.0053230421
       -0.0188760670  -0.0727848153  -0.0282094740   0.3021232480
