           1           2   1.02079015364006     
           2           3   1.00804527286106     
           3           4   1.00544266990893     
           4           5  0.923016590028088     
           5           6   1.17029707250448     
           5           7  0.169736479279588     
           6           7   1.68186409098483     
           6           8  0.999384257275239     
           1           9  0.987259233625217     
           1          10  0.986905409103636     
           1          11  0.985826911760142     
           2          12  0.977301526786319     
           2          13  0.977074101478350     
           3          14  0.972349087815566     
           3          15  0.972070033014708     
           4          16  0.966054101374095     
           4          17  0.969040530801180     
           8          18  0.977222312376786     
           8          19  0.965242702600397     
           8          20  0.945704123243797     
