           1           2  0.999408605934813     
           2           3   1.00088093742325     
           2           4   1.00858790146818     
           4           5   1.84066198352838     
           5           6  0.962630482075997     
           6           7   1.00563296258221     
           7           8   1.56011327275741     
           7           9   1.31682772270056     
           8           9  0.182260951466348     
           9          10  0.993721245604680     
           2          11  0.894733693419887     
          11          12   1.01312787686586     
           1          13  0.974624675974832     
           1          14  0.979530640920603     
           1          15  0.980631890466024     
           3          16  0.977033377661420     
           3          17  0.981720521528220     
           3          18  0.982838360483118     
           4          19  0.936176097583340     
           9          20  0.898197102169403     
          10          21  0.972301655245561     
          10          22  0.972163039499692     
          10          23  0.978558429637756     
          12          24  0.981757666525590     
          12          25  0.972902485562040     
          12          26  0.979051016530046     
