*************************************************
******************* ORCA 6.0.0 ******************
*************************************************
$Calculation_Status
   &GeometryIndex 1
   &ListStatus       OUT
   &VERSION [&Type "String"] "6.0.0"
   &PROGNAME [&Type "String"] "LeanSCF"
   &STATUS [&Type "String"] "NORMAL TERMINATION"
$End
$Geometry
   &GeometryIndex 1
   &ListStatus       OUT
   &NATOMS [&Type "Integer"] 26
   &NCORELESSECP [&Type "Integer"] 0
   &NGHOSTATOMS [&Type "Integer"] 0
   &CartesianCoordinates [&Type "Coordinates", &Dim(26,4), &Units "Bohr"] 
              C     -8.537927031125   -1.612110332266    1.176711627094
              C     -5.814685416980   -0.716858541052    1.444622859242
              C     -4.520389736521   -0.436460458004   -1.133624070521
              C     -1.844903514149    0.459072339076   -0.827418663224
              C     -1.270764512063    3.009429268536   -0.813962750368
              C      1.194971182397    3.816122093934   -0.451990588688
              C      3.124227192269    2.090868048067   -0.092435818914
              C      2.564990840517   -0.508756285186   -0.095973613193
              C      0.092859498159   -1.282597797778   -0.460276459340
              O      4.583486136699   -2.085568758990    0.269751802725
              C      4.145660285422   -4.718859933371    0.283490251181
              O      5.579510772176    2.794318524130    0.266639614078
              H     -8.607008152773   -3.438022724835    0.235620626029
              H     -9.418987093402   -1.798224392084    3.023220733069
              H     -9.630142998167   -0.270695461092    0.066935032999
              H     -4.749147912990   -2.061757246698    2.591237400993
              H     -5.771829122445    1.102064222633    2.418244610744
              H     -5.581476054285    0.915572037308   -2.273497498815
              H     -4.547126624047   -2.258109620289   -2.100958498707
              H     -2.746648699723    4.388811943472   -1.092746586834
              H      1.622371626809    5.812060883122   -0.451598190836
              H     -0.363944033642   -3.268499270701   -0.469924189477
              H      5.990385239160   -5.568679272236    0.598933369444
              H      3.385627480926   -5.359978676920   -1.528067278063
              H      2.862703248061   -5.255730479842    1.811981222472
              H      5.715960643160    4.620618411846    0.225510917946
$End
$SCF_Energy
   &GeometryIndex 1
   &ListStatus       OUT
   &SCF_ENERGY [&Type "Double"]      -5.3981337279064621e+02
$End
$DFT_Energy
   &GeometryIndex 1
   &ListStatus       OUT
   &NALPHAEL [&Type "Integer"] 45
   &NBETAEL [&Type "Integer"] 45
   &NTOTALEL [&Type "Integer"] 90
   &EEXCHANGE [&Type "Double"]      -7.3665183017716942e+01
   &ECORR [&Type "Double"]      -2.9017414789516902e+00
   &ECNL [&Type "Double"]       0.0000000000000000e+00
   &EXC [&Type "Double"]      -7.6566924496668634e+01
   &EEMBED [&Type "Double"]       0.0000000000000000e+00
   &FINALEN [&Type "Double"]      -5.3981337279064621e+02  "No Van der Waals correction"
$End
$Solvation_Details
   &GeometryIndex 1
   &ListStatus       OUT
   &SOLVENT [&Type "String"] "WATER"
   &EPSILON [&Type "Double"]       7.8355000000000004e+01
   &REFRAC [&Type "Double"]       1.3328000000000000e+00
   &RSOLV [&Type "Double"]       1.3000000000000000e+00
   &SURFACETYPE [&Type "String"] "GAUSSIAN VDW"
   &NPOINTS [&Type "Integer"] 1953
   &SURFACEAREA [&Type "Double"]       7.4756986777500003e+02
   &CPCMDIELENERGY [&Type "Double"]      -2.5662830000000001e-02
$End
$Mulliken_Population_Analysis
   &GeometryIndex 1
   &ListStatus       OUT
   &NATOMS [&Type "Integer"] 26
   &ATNO [&Type "ArrayOfIntegers", &Dim (26,1)] 
                                                         0

0                                                        6
1                                                        6
2                                                        6
3                                                        6
4                                                        6
5                                                        6
6                                                        6
7                                                        6
8                                                        6
9                                                        8
10                                                       6
11                                                       8
12                                                       1
13                                                       1
14                                                       1
15                                                       1
16                                                       1
17                                                       1
18                                                       1
19                                                       1
20                                                       1
21                                                       1
22                                                       1
23                                                       1
24                                                       1
25                                                       1
   &ATOMICCHARGES [&Type "ArrayOfDoubles", &Dim (26,1)] 
                                                         0

0                                     -5.2079904024372325e-01
1                                     -2.4216781107649865e-01
2                                     -3.4827192371413407e-01
3                                      1.6301240903083070e-01
4                                     -2.5532853535320310e-01
5                                     -3.4140032363876838e-01
6                                      2.5052151208207984e-01
7                                      1.3660878452970415e-01
8                                     -3.4279871677046359e-01
9                                     -2.3457009219156610e-01
10                                    -3.3014881910828464e-01
11                                    -4.6640387065718159e-01
12                                     1.5654061769309280e-01
13                                     1.5746494652236454e-01
14                                     1.5670942057444970e-01
15                                     1.5316866830126841e-01
16                                     1.5244279623100754e-01
17                                     1.6310373477704077e-01
18                                     1.6293982316451405e-01
19                                     1.7857792574093156e-01
20                                     1.8223981454142302e-01
21                                     1.8528805527106995e-01
22                                     1.7322069520891281e-01
23                                     1.7052668190155429e-01
24                                     1.7096419764945137e-01
25                                     3.6855904953429652e-01
$End
$Loewdin_Population_Analysis
   &GeometryIndex 1
   &ListStatus       OUT
   &NATOMS [&Type "Integer"] 26
   &ATNO [&Type "ArrayOfIntegers", &Dim (26,1)] 
                                                         0

0                                                        6
1                                                        6
2                                                        6
3                                                        6
4                                                        6
5                                                        6
6                                                        6
7                                                        6
8                                                        6
9                                                        8
10                                                       6
11                                                       8
12                                                       1
13                                                       1
14                                                       1
15                                                       1
16                                                       1
17                                                       1
18                                                       1
19                                                       1
20                                                       1
21                                                       1
22                                                       1
23                                                       1
24                                                       1
25                                                       1
   &ATOMICCHARGES [&Type "ArrayOfDoubles", &Dim (26,1)] 
                                                         0

0                                      4.7425880437003732e-08
1                                      2.3989045714322504e-07
2                                      7.9464808401058520e-06
3                                      2.6885143888893175e-05
4                                      1.5898972470631195e-05
5                                      6.4051535163765923e-05
6                                      1.8362907840366419e-04
7                                      3.3376261517410001e-04
8                                      4.5979737647702050e-05
9                                      7.1655755159578127e-01
10                                     1.9317173496642462e-04
11                                     2.8248537925404188e-01
12                                     7.9322716764814040e-10
13                                     4.2042910896697013e-09
14                                     3.6419372845193482e-09
15                                     2.2153752715614258e-08
16                                     8.1812143101993630e-09
17                                     3.7492315496954945e-08
18                                     2.1480650719304448e-08
19                                     5.7102295341961047e-08
20                                     1.5186802859979561e-07
21                                     5.1377446630738866e-07
22                                     2.2703924765333882e-06
23                                     2.1604309352875835e-06
24                                     2.1412726223862794e-06
25                                     7.8063747067582046e-05
$End
$Mayer_Population_Analysis
   &GeometryIndex 1
   &ListStatus       OUT
   &NATOMS [&Type "Integer"] 26 "Total number of atoms"
   &BONDTHRESH [&Type "Double"]       1.0000000000000001e-01  "The threshold for printing"
   &NBONDORDERSPRINT [&Type "Integer"] 27 "The number of bond orders larger than threshold"
   &BONDORDERS [&Type "ArrayOfDoubles", &Dim (27,1)] "The bond orders"
                                                         0

0                                      8.8817607927627829e-01
1                                      9.8280149624022284e-01
2                                      9.7047706423900970e-01
3                                      9.8300591578246266e-01
4                                      9.2407859996847119e-01
5                                      9.6860477256271293e-01
6                                      9.6934366238381253e-01
7                                      7.7884082675325439e-01
8                                      9.9574542430446966e-01
9                                      9.9648364355833696e-01
10                                     1.3906364862457805e+00
11                                     1.3710716683975317e+00
12                                     1.3420210899985507e+00
13                                     9.4909335175474263e-01
14                                     1.2795408479433550e+00
15                                     9.7036656770643626e-01
16                                     1.4545383170000210e+00
17                                     9.0619767378670413e-01
18                                     1.3407954689663117e+00
19                                     1.0363616533514666e+00
20                                     1.3515669551070328e-01
21                                     9.2149724341616812e-01
22                                     8.4988843323622898e-01
23                                     9.6056921542806639e-01
24                                     9.5439643817649611e-01
25                                     9.5494873439754069e-01
26                                     8.5348464397181256e-01
   &COMPONENTS [&Type "ArrayOfIntegers", &Dim (27,4)] "The indices and atomic numbers of the bonding atoms"
                                                         0                           1                           2                           3

0                                                        0                           6                           1                           6
1                                                        0                           6                          12                           1
2                                                        0                           6                          13                           1
3                                                        0                           6                          14                           1
4                                                        1                           6                           2                           6
5                                                        1                           6                          15                           1
6                                                        1                           6                          16                           1
7                                                        2                           6                           3                           6
8                                                        2                           6                          17                           1
9                                                        2                           6                          18                           1
10                                                       3                           6                           4                           6
11                                                       3                           6                           8                           6
12                                                       4                           6                           5                           6
13                                                       4                           6                          19                           1
14                                                       5                           6                           6                           6
15                                                       5                           6                          20                           1
16                                                       6                           6                           7                           6
17                                                       6                           6                          11                           8
18                                                       7                           6                           8                           6
19                                                       7                           6                           9                           8
20                                                       7                           6                          11                           8
21                                                       8                           6                          21                           1
22                                                       9                           8                          10                           6
23                                                      10                           6                          22                           1
24                                                      10                           6                          23                           1
25                                                      10                           6                          24                           1
26                                                      11                           8                          25                           1
   &ATNO [&Type "ArrayOfIntegers", &Dim (26,1)] "Atomic number of the elements"
                                                         0

0                                                        6
1                                                        6
2                                                        6
3                                                        6
4                                                        6
5                                                        6
6                                                        6
7                                                        6
8                                                        6
9                                                        8
10                                                       6
11                                                       8
12                                                       1
13                                                       1
14                                                       1
15                                                       1
16                                                       1
17                                                       1
18                                                       1
19                                                       1
20                                                       1
21                                                       1
22                                                       1
23                                                       1
24                                                       1
25                                                       1
   &NA [&Type "ArrayOfDoubles", &Dim (26,1)] "Mulliken gross atomic population"
                                                         0

0                                      6.5207990402437090e+00
1                                      6.2421678110765075e+00
2                                      6.3482719237141403e+00
3                                      5.8369875909691400e+00
4                                      6.2553285353532067e+00
5                                      6.3414003236387648e+00
6                                      5.7494784879179326e+00
7                                      5.8633912154702958e+00
8                                      6.3427987167704769e+00
9                                      8.2345700921915412e+00
10                                     6.3301488191082678e+00
11                                     8.4664038706572100e+00
12                                     8.4345938230690720e-01
13                                     8.4253505347763447e-01
14                                     8.4329057942555186e-01
15                                     8.4683133169873104e-01
16                                     8.4755720376899124e-01
17                                     8.3689626522295746e-01
18                                     8.3706017683548584e-01
19                                     8.2142207425906688e-01
20                                     8.1776018545857754e-01
21                                     8.1471194472893005e-01
22                                     8.2677930479108552e-01
23                                     8.2947331809844604e-01
24                                     8.2903580235054986e-01
25                                     6.3144095046570348e-01
   &ZA [&Type "ArrayOfDoubles", &Dim (26,1)] "Total nuclear charge"
                                                         0

0                                      6.0000000000000000e+00
1                                      6.0000000000000000e+00
2                                      6.0000000000000000e+00
3                                      6.0000000000000000e+00
4                                      6.0000000000000000e+00
5                                      6.0000000000000000e+00
6                                      6.0000000000000000e+00
7                                      6.0000000000000000e+00
8                                      6.0000000000000000e+00
9                                      8.0000000000000000e+00
10                                     6.0000000000000000e+00
11                                     8.0000000000000000e+00
12                                     1.0000000000000000e+00
13                                     1.0000000000000000e+00
14                                     1.0000000000000000e+00
15                                     1.0000000000000000e+00
16                                     1.0000000000000000e+00
17                                     1.0000000000000000e+00
18                                     1.0000000000000000e+00
19                                     1.0000000000000000e+00
20                                     1.0000000000000000e+00
21                                     1.0000000000000000e+00
22                                     1.0000000000000000e+00
23                                     1.0000000000000000e+00
24                                     1.0000000000000000e+00
25                                     1.0000000000000000e+00
   &QA [&Type "ArrayOfDoubles", &Dim (26,1)] "Mulliken gross atomic charge"
                                                         0

0                                     -5.2079904024370904e-01
1                                     -2.4216781107650753e-01
2                                     -3.4827192371414029e-01
3                                      1.6301240903086001e-01
4                                     -2.5532853535320665e-01
5                                     -3.4140032363876482e-01
6                                      2.5052151208206741e-01
7                                      1.3660878452970415e-01
8                                     -3.4279871677047691e-01
9                                     -2.3457009219154124e-01
10                                    -3.3014881910826777e-01
11                                    -4.6640387065721001e-01
12                                     1.5654061769309280e-01
13                                     1.5746494652236553e-01
14                                     1.5670942057444814e-01
15                                     1.5316866830126896e-01
16                                     1.5244279623100876e-01
17                                     1.6310373477704254e-01
18                                     1.6293982316451416e-01
19                                     1.7857792574093312e-01
20                                     1.8223981454142246e-01
21                                     1.8528805527106995e-01
22                                     1.7322069520891448e-01
23                                     1.7052668190155396e-01
24                                     1.7096419764945014e-01
25                                     3.6855904953429652e-01
   &VA [&Type "ArrayOfDoubles", &Dim (26,1)] "Mayer's total valence"
                                                         0

0                                      3.8046138505444405e+00
1                                      3.6351164248883290e+00
2                                      3.7002530941613130e+00
3                                      3.4125805698659066e+00
4                                      3.8000383847279173e+00
5                                      3.6523405379181861e+00
6                                      3.6630890865886410e+00
7                                      3.9927032084959833e+00
8                                      3.7957540868758710e+00
9                                      1.9775199444374696e+00
10                                     3.7377563746369780e+00
11                                     1.9586841152560741e+00
12                                     9.6042684659388722e-01
13                                     9.5889240716967383e-01
14                                     9.6037118222250339e-01
15                                     9.6034467591035988e-01
16                                     9.6049330898372476e-01
17                                     9.5989165605471360e-01
18                                     9.6024867655940516e-01
19                                     9.6051568898717621e-01
20                                     9.5984538925237028e-01
21                                     9.5853395083563919e-01
22                                     9.5171593187563597e-01
23                                     9.4899859769112160e-01
24                                     9.4887435571324741e-01
25                                     8.6872728099472363e-01
   &BVA [&Type "ArrayOfDoubles", &Dim (26,1)] "Mayer's bonded valence"
                                                         0

0                                      3.8046138505444489e+00
1                                      3.6351164248882992e+00
2                                      3.7002530941612304e+00
3                                      3.4125805698660212e+00
4                                      3.8000383847279009e+00
5                                      3.6523405379180951e+00
6                                      3.6630890865885828e+00
7                                      3.9927032084960250e+00
8                                      3.7957540868757920e+00
9                                      1.9775199444375429e+00
10                                     3.7377563746370366e+00
11                                     1.9586841152558949e+00
12                                     9.6042684659388089e-01
13                                     9.5889240716967938e-01
14                                     9.6037118222249374e-01
15                                     9.6034467591036932e-01
16                                     9.6049330898372443e-01
17                                     9.5989165605469839e-01
18                                     9.6024867655940305e-01
19                                     9.6051568898718342e-01
20                                     9.5984538925231522e-01
21                                     9.5853395083561821e-01
22                                     9.5171593187563897e-01
23                                     9.4899859769110817e-01
24                                     9.4887435571323708e-01
25                                     8.6872728099470797e-01
   &FA [&Type "ArrayOfDoubles", &Dim (26,1)] "Mayer's free valence"
                                                         0

0                                      0.0000000000000000e+00
1                                      0.0000000000000000e+00
2                                      0.0000000000000000e+00
3                                      0.0000000000000000e+00
4                                      0.0000000000000000e+00
5                                      0.0000000000000000e+00
6                                      0.0000000000000000e+00
7                                      0.0000000000000000e+00
8                                      0.0000000000000000e+00
9                                      0.0000000000000000e+00
10                                     0.0000000000000000e+00
11                                     0.0000000000000000e+00
12                                     0.0000000000000000e+00
13                                     0.0000000000000000e+00
14                                     0.0000000000000000e+00
15                                     0.0000000000000000e+00
16                                     0.0000000000000000e+00
17                                     0.0000000000000000e+00
18                                     0.0000000000000000e+00
19                                     0.0000000000000000e+00
20                                     0.0000000000000000e+00
21                                     0.0000000000000000e+00
22                                     0.0000000000000000e+00
23                                     0.0000000000000000e+00
24                                     0.0000000000000000e+00
25                                     0.0000000000000000e+00
$End
$VdW_Correction
   &GeometryIndex 1
   &ListStatus       OUT
   &VDW [&Type "Double"]      -8.8215876520247385e-03
$End
$Calculation_Info
   &GeometryIndex 1
   &ListStatus       OUT
   &MULT [&Type "Integer"] 1
   &CHARGE [&Type "Integer"] 0
   &NUMOFATOMS [&Type "Integer"] 26
   &NUMOFELECTRONS [&Type "Integer"] 90
   &NUMOFFCELECTRONS [&Type "Integer"] 1
   &NUMOFCORRELECTRONS [&Type "Integer"] 0
   &NUMOFBASISFUNCTS [&Type "Integer"] 308
   &NUMOFAUXCBASISFUNCTS [&Type "Integer"] 0
   &NUMOFAUXJBASISFUNCTS [&Type "Integer"] 742
   &NUMOFAUXJKBASISFUNCTS [&Type "Integer"] 0
   &NUMOFCABSBASISFUNCTS [&Type "Integer"] 0
   &TOTALENERGY [&Type "Double"]      -5.3980966932319825e+02  "Hartrees"
$End
$SCF_Dipole_Moment
   &GeometryIndex 1
   &ListStatus       OUT
   &METHOD [&Type "String"] "SCF"
   &LEVEL [&Type "String"] "Relaxed density"
   &MULT [&Type "Integer"] 1
   &STATE [&Type "Integer"] -1
   &IRREP [&Type "Integer"] 0
   &NATOMS [&Type "Integer"] 26
   &DODIPOLEATOM [&Type "Boolean"] false
   &DIPOLEELECCONTRIB [&Type "ArrayOfDoubles", &Dim (3,1)] "Electronic contribution"
                                                         0

0                                      1.5044995583208960e+01
1                                      6.1407006859655944e+00
2                                     -1.5623560625205140e+00
   &DIPOLENUCCONTRIB [&Type "ArrayOfDoubles", &Dim (3,1)] "Nuclear contribution"
                                                         0

0                                     -1.5727129407575891e+01
1                                     -6.1706540170783724e+00
2                                      1.5208304100446579e+00
   &DIPOLETOTAL [&Type "ArrayOfDoubles", &Dim (3,1)] "Total"
                                                         0

0                                     -6.8213382436693060e-01
1                                     -2.9953331112777981e-02
2                                     -4.1525652475856045e-02
   &DIPOLEMAGNITUDE [&Type "Double", &Units "a.u."]       6.8405272911066717e-01
$End
