           1           2   1.02063145354396     
           2           3   1.00849887973393     
           3           4   1.00467323336475     
           4           5  0.922718373840914     
           5           6   1.17183168806858     
           5           7  0.170348762265216     
           6           7   1.68082107337637     
           6           8  0.998742628338460     
           1           9  0.987517813263832     
           1          10  0.986922003139275     
           1          11  0.986930245535033     
           2          12  0.977635014514024     
           2          13  0.976839085656161     
           3          14  0.972701543391130     
           3          15  0.971288061151112     
           4          16  0.967419365538483     
           4          17  0.967423091986610     
           8          18  0.945500106858069     
           8          19  0.976266953601250     
           8          20  0.967160649398513     
