$hessian                                                                        
        0.4747626860   0.0312210792   0.0244377703  -0.1507266072   0.0397891155
        0.0420031205  -0.0035079914   0.0018219494   0.0045923614  -0.0305544257
        0.0066563853   0.0067407732  -0.0062052559  -0.0020521601  -0.0013371634
        0.0006230951  -0.0003336237  -0.0003306648   0.0001048141   0.0000262078
       -0.0000526307  -0.0001322213  -0.0000243705   0.0000365754  -0.0001857823
        0.0000156408   0.0000218607   0.0000432689   0.0000179369   0.0000110193
       -0.0020737767   0.0087547714  -0.0006750104  -0.0007030504   0.0003266649
       -0.0003150727  -0.0421026851   0.0119283539  -0.0043172236  -0.0431428806
       -0.0008217681  -0.0069763546  -0.1985091894  -0.0977272869  -0.0638480898
        0.0005923534  -0.0001428008   0.0000658239   0.0009611514  -0.0001604993
       -0.0010422744   0.0000287611   0.0000319692  -0.0002555400   0.0001680856
        0.0016052263   0.0013448716   0.0001660492   0.0000502846   0.0000415581
       -0.0000107392   0.0000098324   0.0000024120  -0.0000234688  -0.0000028337
        0.0000028685  -0.0000190519   0.0000085179  -0.0000022100   0.0001250805
       -0.0001173040   0.0000030637   0.0003679477  -0.0008792920  -0.0000061903
       -0.0000461671  -0.0000019965  -0.0001456539
        0.0312210792   0.5031616004  -0.0141673059   0.0458881396  -0.0768911534
       -0.0248321778   0.0024733732  -0.0001204609  -0.0031257939  -0.0091328786
        0.0041564371   0.0031134540  -0.0036659809  -0.0017115860  -0.0017914527
       -0.0006744568   0.0011730028   0.0006487129   0.0008064106  -0.0006449169
       -0.0002902408  -0.0002096370   0.0004877404   0.0002595489  -0.0002093763
        0.0000918166  -0.0000153352  -0.0000210314  -0.0000060931   0.0000158550
        0.0190455079  -0.0256129882   0.0004471386  -0.0004885737   0.0009927558
       -0.0000593256   0.0128438843  -0.2586334428   0.0704237670  -0.0005704763
       -0.0435662002   0.0084221452  -0.0977263986  -0.1037429095  -0.0394253684
        0.0002660147   0.0004862941  -0.0004434368   0.0004390274   0.0000466693
        0.0001621616  -0.0000946447   0.0004589179   0.0000716539  -0.0010749989
        0.0004656442   0.0006226756   0.0002221870  -0.0000332397   0.0000550326
       -0.0000054751   0.0000075445   0.0000157575   0.0000072768   0.0000051102
        0.0000007793  -0.0000062019  -0.0000036540  -0.0000155369   0.0003929856
        0.0002660066  -0.0000314217   0.0000230865  -0.0005976873  -0.0001853850
        0.0002511571  -0.0002352081   0.0001240986
        0.0244377703  -0.0141673059   0.5188734645   0.0391735144  -0.0196219563
       -0.0801212008   0.0236106895  -0.0124586048  -0.0179846844  -0.0052211082
        0.0020708497   0.0023413407  -0.0026947226  -0.0017333975  -0.0003372415
       -0.0001821109   0.0005402188   0.0006890848   0.0002523382  -0.0002005814
       -0.0003459437  -0.0000334569   0.0001462356   0.0002242837  -0.0000495973
        0.0000435124   0.0000650730  -0.0000046696   0.0000124477   0.0000036830
       -0.0051306112   0.0055867637   0.0024463460  -0.0000731064  -0.0000824122
       -0.0002029604  -0.0047864404   0.0706687679  -0.0657395226  -0.0076689330
        0.0094625471  -0.2859905660  -0.0635368945  -0.0391089994  -0.0693619799
        0.0009619652  -0.0004182313  -0.0064035671   0.0013771166   0.0000748627
        0.0010460271   0.0003273325  -0.0007490810   0.0004049459  -0.0010718534
        0.0002988164   0.0003832556   0.0001198518   0.0000158298  -0.0000126750
       -0.0000047660   0.0000094582   0.0000048213   0.0000008395  -0.0000099519
       -0.0000005686   0.0000082568   0.0000012660   0.0000011429  -0.0000262082
       -0.0000695935   0.0000294089   0.0002043819  -0.0003706855  -0.0000253529
        0.0000104222   0.0000592250   0.0000133856
       -0.1507266072   0.0458881396   0.0391735144   0.4581264666  -0.0003507977
        0.0020688087  -0.0622625697   0.0012760848   0.0040388924  -0.1311369076
       -0.0579156773  -0.0366657672  -0.0519102044  -0.0137581288  -0.0074490396
        0.0045094302   0.0000974305  -0.0005632726  -0.0007271602  -0.0009358155
       -0.0009117116   0.0004752124   0.0000106231   0.0001457249  -0.0000472980
        0.0003616541   0.0002332331   0.0000743344   0.0001825600   0.0001676034
       -0.0293577917   0.0223465826  -0.0143325756   0.0009433901  -0.0118069158
        0.0060337362  -0.0053912819   0.0058930537   0.0010159318  -0.0021145859
        0.0015027123   0.0031711384  -0.0257798663   0.0088820707   0.0077758053
       -0.0013093538   0.0010762673   0.0237360241  -0.0024770919  -0.0008285020
       -0.0266386654   0.0004441491   0.0004311930   0.0013974527   0.0000191298
       -0.0007288806  -0.0013301764   0.0007140796   0.0001247737   0.0001607756
       -0.0000832338   0.0000359197   0.0000251259  -0.0000040604   0.0000141738
       -0.0000125308   0.0000138950  -0.0000138756   0.0000151751  -0.0030181509
       -0.0023107083  -0.0021656733   0.0007487583   0.0000039862   0.0008733167
        0.0002773181   0.0005220767   0.0000371540
        0.0397891155  -0.0768911534  -0.0196219563  -0.0003507977   0.3011623903
        0.0534539180   0.0029864542  -0.0511486738  -0.0069577539  -0.0330879347
       -0.0879025925  -0.0255064671  -0.0109164008   0.0124091438  -0.0063874225
       -0.0007202433  -0.0012451769   0.0078817086   0.0021689960  -0.0005534247
       -0.0017529442  -0.0005373788   0.0008662115   0.0006990631  -0.0005062467
       -0.0004956740   0.0003291564   0.0001139208   0.0000178171  -0.0000334883
        0.0046922618  -0.0657191951   0.0164683380  -0.0027268140  -0.0093151875
        0.0018111354   0.0239228008  -0.0157083608  -0.0089984374   0.0003448359
       -0.0009945312  -0.0014470121  -0.0109074563   0.0057458677   0.0051868623
        0.0001684554  -0.0010040527  -0.0158471901  -0.0009024089   0.0001540181
       -0.0117637786   0.0002973098  -0.0017412438   0.0264724327  -0.0132467851
       -0.0075473274  -0.0126017256   0.0004544394   0.0003374391  -0.0001861829
       -0.0000053839   0.0000388869   0.0000107306  -0.0000384280  -0.0000315773
        0.0000025383  -0.0000154402   0.0000146047  -0.0000020856  -0.0017143783
       -0.0010411515  -0.0017250313   0.0004861322   0.0002789663   0.0000810005
        0.0002513748   0.0003139774   0.0004345920
        0.0420031205  -0.0248321778  -0.0801212008   0.0020688087   0.0534539180
        0.4204847857  -0.0063847799  -0.0032736496  -0.1822981604  -0.0328741053
       -0.0296676973  -0.0756894747   0.0011298095  -0.0066614856   0.0158718965
       -0.0009472163   0.0072078472  -0.0044185624   0.0007208765  -0.0007929174
        0.0004587144  -0.0001777123   0.0001310672   0.0003395209   0.0000672818
        0.0003275827  -0.0005716084  -0.0000023291  -0.0000536664   0.0000176048
       -0.0081471571   0.0314914448  -0.0360794241   0.0024118254  -0.0061944590
        0.0041344774  -0.0051620467   0.0023113532   0.0027452730   0.0255198763
       -0.0132115494  -0.0151859999  -0.0066405562   0.0033892921   0.0031099949
        0.0029723615  -0.0012513164  -0.0154732950  -0.0041176318  -0.0019654403
       -0.0166072066  -0.0004051975   0.0042889809  -0.0169709290  -0.0112418611
       -0.0133468018  -0.0034881409  -0.0000721782  -0.0002442238   0.0003352381
        0.0000252805  -0.0000125620   0.0000092853   0.0000109130   0.0000201625
        0.0000101658  -0.0000066201   0.0000005049  -0.0000122591  -0.0014413782
       -0.0013395568  -0.0011539837   0.0000493777   0.0004187719   0.0003115371
        0.0006412383  -0.0001934218   0.0002417512
       -0.0035079914   0.0024733732   0.0236106895  -0.0622625697   0.0029864542
       -0.0063847799   0.5293515330  -0.0020487234  -0.0011803479  -0.0034030139
       -0.0017499009  -0.0225952031  -0.0001107542  -0.0030417986   0.0011714266
       -0.0033305573   0.0022835635  -0.0016486610   0.0022152051  -0.0006919646
       -0.0004573797  -0.0003661805   0.0004289227   0.0003553078  -0.0006832391
       -0.0001528137  -0.0002944999   0.0001489138  -0.0000787912  -0.0000394609
        0.0020567847  -0.0002169444  -0.0008530926  -0.0003541049   0.0004179341
       -0.0002090273   0.0004210153  -0.0005476275   0.0003140967  -0.0038560855
        0.0022252952   0.0030911169   0.0009129375   0.0002308847   0.0011226855
       -0.1869428727   0.0997411815   0.0641457143  -0.2243497383  -0.0814656120
       -0.0671012682  -0.0445400258  -0.0187793353   0.0068487509  -0.0018600335
       -0.0018911094  -0.0004834302   0.0001369311   0.0000160634   0.0001478596
        0.0000053616   0.0000182624   0.0000155590  -0.0000647077  -0.0000154523
        0.0000103604  -0.0000760681   0.0000151225  -0.0000335800   0.0000391931
        0.0000016583   0.0000412263  -0.0000840564   0.0000236906   0.0002688997
        0.0005041237  -0.0001823330   0.0001370375
        0.0018219494  -0.0001204609  -0.0124586048   0.0012760848  -0.0511486738
       -0.0032736496  -0.0020487234   0.5132972528   0.0080955599  -0.0049849904
       -0.0012652798  -0.0130352738   0.0016685359  -0.0016824100   0.0002420064
       -0.0003481035   0.0019947528  -0.0005192310   0.0004957368  -0.0005037359
       -0.0000588981  -0.0001769282   0.0003693847   0.0001507860  -0.0000589428
        0.0001009411  -0.0000316337  -0.0000118656  -0.0000256466   0.0000133248
        0.0022172764  -0.0129246847   0.0240728802   0.0003084805   0.0007917537
       -0.0012268353  -0.0001154737   0.0007547835  -0.0004900138   0.0021166217
       -0.0004947970  -0.0015977488  -0.0004338602   0.0000979040   0.0002360168
        0.0998878023  -0.1146103107  -0.0452201006  -0.0820684510  -0.0794584311
       -0.0307043897  -0.0181876088  -0.2531648466   0.0748396643  -0.0014210205
       -0.0016276602  -0.0003311037   0.0000912411  -0.0000777967   0.0000661086
       -0.0000034941  -0.0000057950   0.0000102218   0.0000114146   0.0000104239
       -0.0000000196  -0.0000124805   0.0000043972  -0.0000091998   0.0003551360
        0.0004321075   0.0006864727  -0.0000108309  -0.0002645141   0.0000748600
       -0.0003675059  -0.0004786580   0.0004688007
        0.0045923614  -0.0031257939  -0.0179846844   0.0040388924  -0.0069577539
       -0.1822981604  -0.0011803479   0.0080955599   0.4348443222  -0.0122061654
       -0.0050155413  -0.0170638768   0.0035405227  -0.0006677487   0.0019645418
       -0.0011286346   0.0001949989  -0.0014937625  -0.0006474299  -0.0001538899
       -0.0003800411   0.0000494727  -0.0000333037   0.0002506500   0.0000932437
        0.0001344906   0.0001610160  -0.0000172707  -0.0000009059  -0.0000148027
       -0.0001810225   0.0120958256  -0.0130143920  -0.0007477638  -0.0007220250
       -0.0003149588  -0.0004556351   0.0003308084   0.0001878332   0.0020575060
       -0.0011875015  -0.0012263332  -0.0008950623   0.0003264572   0.0006145892
        0.0652063228  -0.0462591256  -0.0710805213  -0.0672940299  -0.0303851801
       -0.0656392359   0.0064326497   0.0735959250  -0.0667695166  -0.0009224034
       -0.0000913610  -0.0008215748  -0.0000681398  -0.0000494311  -0.0000934364
       -0.0000237297  -0.0000024927  -0.0000140319  -0.0000082955   0.0000053532
       -0.0000098282   0.0000171848  -0.0000060230   0.0000204723  -0.0003423138
       -0.0003103477  -0.0000998417  -0.0001268463   0.0000460443   0.0000760670
        0.0002169340   0.0001429622   0.0001995071
       -0.0305544257  -0.0091328786  -0.0052211082  -0.1311369076  -0.0330879347
       -0.0328741053  -0.0034030139  -0.0049849904  -0.0122061654   0.8043621924
       -0.0592549439  -0.0928846660  -0.5737452684   0.0740178869   0.0929307145
       -0.0198934496   0.0190615882   0.0182453842  -0.0021279756   0.0036370533
        0.0033131920  -0.0008184696  -0.0011837027  -0.0010547499   0.0005099326
        0.0003321861   0.0003592512  -0.0001461589  -0.0001531876  -0.0001391272
        0.0013813767  -0.0149157605   0.0046581746  -0.0006333741   0.0018312704
       -0.0021934671   0.0003000714  -0.0009301598   0.0000487199   0.0003015261
       -0.0001832521  -0.0007856439  -0.0043489437   0.0013591727   0.0011828702
        0.0008301934   0.0005037543   0.0003743973   0.0003454972  -0.0004483305
        0.0011424471   0.0003697420  -0.0005827119   0.0006901830  -0.0401254069
        0.0247331244   0.0240044446  -0.0016318363  -0.0001569826  -0.0002100881
       -0.0000549277  -0.0000551308  -0.0000602099  -0.0000746845   0.0000212767
        0.0000432767  -0.0000838275   0.0000533749   0.0000370703   0.0005104930
        0.0004405801   0.0003372081   0.0000307996  -0.0003618275   0.0001597468
       -0.0001631544  -0.0005594745   0.0001022504
        0.0066563853   0.0041564371   0.0020708497  -0.0579156773  -0.0879025925
       -0.0296676973  -0.0017499009  -0.0012652798  -0.0050155413  -0.0592549439
        0.3866089559   0.2138571514   0.0530598457  -0.0720808244  -0.0255308581
        0.0473954638  -0.0185851579  -0.0226159224  -0.0044429325  -0.0037060003
       -0.0042928501   0.0037110745  -0.0021192456  -0.0016951566  -0.0004277290
        0.0009729006   0.0007955787   0.0000510781   0.0002219532   0.0001871283
       -0.0142925460  -0.0238879867  -0.0015086060  -0.0007637875  -0.0038648819
        0.0009600496   0.0009420842   0.0003171748   0.0002964920   0.0004729098
        0.0004803176  -0.0001476110   0.0022766284  -0.0003564657  -0.0009511395
        0.0004631913  -0.0001500101  -0.0003365543   0.0000814853   0.0002288560
        0.0004123363   0.0005403200   0.0004904995   0.0011244459   0.0225315797
       -0.1788862455  -0.1275667522   0.0011603390  -0.0001191135  -0.0002042125
       -0.0002373740  -0.0000116459  -0.0000200862   0.0000231595   0.0000283444
       -0.0000392505   0.0000366054  -0.0000409064   0.0000530840  -0.0009452893
       -0.0006991171  -0.0007345978   0.0004246329   0.0001182612   0.0003057602
        0.0002033974   0.0000517731   0.0002639598
        0.0067407732   0.0031134540   0.0023413407  -0.0366657672  -0.0255064671
       -0.0756894747  -0.0225952031  -0.0130352738  -0.0170638768  -0.0928846660
        0.2138571514   0.3271757278   0.0770027307  -0.0266584698  -0.0744486103
        0.0408220870  -0.0207149124  -0.0132664600  -0.0031062248  -0.0043076564
       -0.0026445294   0.0030580971  -0.0015716854  -0.0014763193  -0.0007018348
        0.0008060360   0.0006515568   0.0000158326   0.0001976490   0.0001706491
        0.0043599961   0.0016752788   0.0032636902  -0.0001367046   0.0017154241
       -0.0011262668   0.0001718987  -0.0001836970   0.0004844436   0.0011959349
        0.0004551725   0.0002229581   0.0021796860  -0.0009802453  -0.0001609002
        0.0001199179  -0.0003135583   0.0003564058  -0.0008646205  -0.0004636414
       -0.0061803749  -0.0009182845  -0.0001755048   0.0000622195   0.0207692647
       -0.1276785190  -0.1428168218   0.0011670827  -0.0002448647  -0.0000056954
       -0.0001841922  -0.0000050037   0.0000003571   0.0000440293   0.0000311326
       -0.0000312855  -0.0000013801  -0.0000216880   0.0000141263   0.0005336725
        0.0003442267   0.0003054268  -0.0000293641  -0.0001719667  -0.0000214417
       -0.0000927612  -0.0001623711  -0.0001168450
       -0.0062052559  -0.0036659809  -0.0026947226  -0.0519102044  -0.0109164008
        0.0011298095  -0.0001107542   0.0016685359   0.0035405227  -0.5737452684
        0.0530598457   0.0770027307   0.7351625899  -0.0842855461  -0.1094307041
       -0.0564104922  -0.0052955311  -0.0056260720  -0.0152928756   0.0228157609
        0.0191743692  -0.0098558306   0.0076233105   0.0066883854  -0.0071880078
        0.0043800746   0.0036225012   0.0007707901   0.0017120338   0.0016924084
       -0.0027364704   0.0032203486  -0.0029518981   0.0005789248  -0.0009102723
        0.0020000121   0.0001388195  -0.0000433187  -0.0002073909   0.0001804810
       -0.0002354138  -0.0001269029  -0.0025355901   0.0010039297   0.0007978408
        0.0002999897  -0.0002484336   0.0003053870  -0.0000406238   0.0002174184
       -0.0007940542  -0.0000242821   0.0005791655  -0.0004852123  -0.0116197707
        0.0094714647   0.0069372546   0.0006009771  -0.0006178262  -0.0005448736
       -0.0007225211   0.0002393538   0.0002083806   0.0003677503  -0.0000130234
       -0.0001059748   0.0003919271  -0.0001218234  -0.0000025458  -0.0004137138
       -0.0003577473  -0.0002196739   0.0000710236   0.0002968788  -0.0000187828
        0.0002483880   0.0004231965   0.0001092058
       -0.0020521601  -0.0017115860  -0.0017333975  -0.0137581288   0.0124091438
       -0.0066614856  -0.0030417986  -0.0016824100  -0.0006677487   0.0740178869
       -0.0720808244  -0.0266584698  -0.0842855461   0.2239746502   0.1400794990
       -0.0191664387  -0.1427441138  -0.0955234005   0.0304156270  -0.0079225920
       -0.0006680595  -0.0015076947   0.0035596880  -0.0007729687   0.0008685045
       -0.0003575508  -0.0017181352  -0.0002928214  -0.0000969882   0.0001056447
       -0.0018117448   0.0008641701  -0.0019859356   0.0006407337  -0.0008957565
        0.0008757444   0.0002669779  -0.0000468043  -0.0000241165   0.0005226754
        0.0000564212   0.0001229621  -0.0012810461   0.0002052051   0.0001848374
       -0.0004773136  -0.0006691036  -0.0005889444   0.0000207141  -0.0002461656
       -0.0016667368  -0.0001856508   0.0000892567   0.0003345395   0.0244689551
       -0.0133794617  -0.0048429077  -0.0027341953   0.0002831354   0.0017451246
        0.0000618568   0.0000844576   0.0000826339  -0.0001697439  -0.0001017927
        0.0001553740  -0.0001475286   0.0001771595  -0.0000794206  -0.0002480376
       -0.0002401542  -0.0001125606  -0.0000757708   0.0002265187   0.0000112390
       -0.0000483115   0.0002454974   0.0000066893
       -0.0013371634  -0.0017914527  -0.0003372415  -0.0074490396  -0.0063874225
        0.0158718965   0.0011714266   0.0002420064   0.0019645418   0.0929307145
       -0.0255308581  -0.0744486103  -0.1094307041   0.1400794990   0.1878179047
       -0.0156965455  -0.0982870411  -0.1114584877   0.0255267399  -0.0003598385
       -0.0083559356  -0.0012066365  -0.0009161133   0.0038237496   0.0002561293
       -0.0014991095   0.0004320949  -0.0002011314   0.0001593162   0.0000337109
       -0.0028422520  -0.0014841279  -0.0019116623   0.0004282490  -0.0018894555
        0.0010478159   0.0004417412   0.0000155115  -0.0000687153   0.0001819249
        0.0000713799   0.0000099277  -0.0009066502   0.0001742192   0.0001286411
       -0.0003685530  -0.0009003512  -0.0008282604   0.0004658105  -0.0002485083
        0.0001318420  -0.0001218699   0.0003788859   0.0002523808   0.0207664897
       -0.0039484252  -0.0138110079  -0.0018937564   0.0018449925  -0.0001917588
       -0.0000289546   0.0000902872   0.0000743107  -0.0001675134  -0.0000302885
        0.0001451632  -0.0001313540   0.0001253452  -0.0000986388  -0.0004442568
       -0.0003427454  -0.0003030365   0.0000544573   0.0002434421   0.0000350032
        0.0000026979   0.0001908525   0.0000443720
        0.0006230951  -0.0006744568  -0.0001821109   0.0045094302  -0.0007202433
       -0.0009472163  -0.0033305573  -0.0003481035  -0.0011286346  -0.0198934496
        0.0473954638   0.0408220870  -0.0564104922  -0.0191664387  -0.0156965455
        0.3663558855  -0.0316961231  -0.0210289717  -0.1650934400  -0.0191381652
       -0.0193717434  -0.0304581028   0.0370635290   0.0328905819  -0.0793171518
       -0.0121860553  -0.0134536714  -0.0023340968  -0.0063596613  -0.0060621859
       -0.0016957799   0.0011757669  -0.0002346702   0.0001297937  -0.0005222336
        0.0003398601   0.0003281674   0.0001838232   0.0000871657   0.0003237101
        0.0001936713   0.0001482084   0.0000415866  -0.0003994663  -0.0003198250
       -0.0022241420   0.0001115793  -0.0008957100  -0.0006323185   0.0000338057
        0.0000051009   0.0000585077   0.0004826834   0.0001266563  -0.0058814309
        0.0002764208   0.0015358044  -0.0020465211   0.0033441658   0.0030548041
        0.0022682952   0.0001582902   0.0002223161  -0.0026047400  -0.0001182873
        0.0005662183  -0.0026268585   0.0006236750  -0.0002532913  -0.0000083652
        0.0000337210  -0.0000080248  -0.0000760394   0.0001329901  -0.0000876293
       -0.0000049857   0.0001196492  -0.0001285729
       -0.0003336237   0.0011730028   0.0005402188   0.0000974305  -0.0012451769
        0.0072078472   0.0022835635   0.0019947528   0.0001949989   0.0190615882
       -0.0185851579  -0.0207149124  -0.0052955311  -0.1427441138  -0.0982870411
       -0.0316961231   0.2224287080   0.1554622821  -0.0089969330  -0.0540221422
       -0.0065732786   0.0460074158  -0.0213530003  -0.0283356298  -0.0223246954
        0.0073495285  -0.0009833137  -0.0009714712   0.0014228589  -0.0054863436
       -0.0001464258  -0.0014613257   0.0023639276  -0.0005808107   0.0011289485
       -0.0007727337  -0.0004046631   0.0000942999  -0.0001992121  -0.0005043994
       -0.0003632144  -0.0000292660   0.0005135423   0.0001886833   0.0002275078
       -0.0000109660   0.0002668894   0.0004576351   0.0004135204  -0.0000660804
        0.0011554100   0.0000026365  -0.0000222961  -0.0003128884   0.0019341087
        0.0072301231  -0.0044343379   0.0010750897  -0.0026643647  -0.0010961392
        0.0002230774  -0.0003752550  -0.0002172784   0.0008218209   0.0000882847
       -0.0003383864  -0.0015472143  -0.0001457731   0.0000809463   0.0002765718
        0.0002265434   0.0000963353   0.0000214732  -0.0002583708  -0.0000345884
        0.0000810179  -0.0002863520   0.0000282407
       -0.0003306648   0.0006487129   0.0006890848  -0.0005632726   0.0078817086
       -0.0044185624  -0.0016486610  -0.0005192310  -0.0014937625   0.0182453842
       -0.0226159224  -0.0132664600  -0.0056260720  -0.0955234005  -0.1114584877
       -0.0210289717   0.1554622821   0.1791040572  -0.0096548098  -0.0079651917
       -0.0510827776   0.0405553559  -0.0280629000  -0.0140736466  -0.0224907095
       -0.0006680407   0.0065804019  -0.0011117728  -0.0055107749   0.0021399981
        0.0024124357   0.0006035578   0.0013647480  -0.0000713727   0.0014262171
       -0.0007291676  -0.0004498207  -0.0000061488  -0.0002202157  -0.0003240362
       -0.0002091570   0.0001549095   0.0002850649   0.0001965418   0.0000994078
       -0.0013888911   0.0012879134  -0.0001201945  -0.0005425443   0.0002358942
        0.0002860312   0.0002868553  -0.0004225755  -0.0001380922   0.0027123583
       -0.0047408400   0.0088000225   0.0008412659  -0.0010174525  -0.0021833461
        0.0002312772  -0.0002002890  -0.0003056720  -0.0016718829   0.0000681139
       -0.0001417612   0.0008827623  -0.0003233921   0.0001180647   0.0003497943
        0.0002024767   0.0002743246   0.0000432954  -0.0001197151   0.0000248853
        0.0000576325  -0.0001083874  -0.0000037897
        0.0001048141   0.0008064106   0.0002523382  -0.0007271602   0.0021689960
        0.0007208765   0.0022152051   0.0004957368  -0.0006474299  -0.0021279756
       -0.0044429325  -0.0031062248  -0.0152928756   0.0304156270   0.0255267399
       -0.1650934400  -0.0089969330  -0.0096548098   0.4776055898   0.0077929878
        0.0151742821  -0.0935546574   0.0804313525   0.0734432686  -0.1859846013
       -0.0938725460  -0.0899026505  -0.0274852472  -0.0123405898  -0.0117383810
        0.0009509963  -0.0029731142   0.0010292667   0.0003303878   0.0011047748
       -0.0004312475  -0.0003696608  -0.0002703120   0.0000807392  -0.0003217076
       -0.0000119132  -0.0002015564   0.0002541157   0.0002770746   0.0001506159
       -0.0017282658  -0.0003674114  -0.0014846426   0.0004629365   0.0004186710
        0.0003891204  -0.0004283841  -0.0002722331  -0.0002361075   0.0011377156
        0.0002475089  -0.0001296149   0.0157189532   0.0007752354   0.0014952066
       -0.0022938207  -0.0007254250  -0.0007718871  -0.0019311110   0.0006471389
       -0.0012239489  -0.0017228883  -0.0011332293   0.0007448183   0.0001917198
        0.0000199614   0.0001629648   0.0000809388  -0.0000516227   0.0002103987
        0.0000084228  -0.0001432135   0.0001478649
        0.0000262078  -0.0006449169  -0.0002005814  -0.0009358155  -0.0005534247
       -0.0007929174  -0.0006919646  -0.0005037359  -0.0001538899   0.0036370533
       -0.0037060003  -0.0043076564   0.0228157609  -0.0079225920  -0.0003598385
       -0.0191381652  -0.0540221422  -0.0079651917   0.0077929878   0.5789452893
        0.3831229627   0.0970007933  -0.3377615861  -0.2503214721  -0.1098843156
       -0.1536768224  -0.1120827743  -0.0065687193  -0.0011318253   0.0067771354
        0.0001396437   0.0011174016  -0.0003204866  -0.0003131660  -0.0006138828
       -0.0002092920   0.0001492655   0.0000190975   0.0000426823   0.0000137086
        0.0001248483   0.0002033872  -0.0002844192  -0.0000555451  -0.0000365422
        0.0002007705   0.0006618259   0.0005809622  -0.0004481890   0.0000223281
       -0.0000677595   0.0002412735  -0.0001511111   0.0002499266   0.0011085598
        0.0001237720  -0.0013102972  -0.0044219984  -0.0201110306  -0.0134117948
        0.0022941581   0.0010146553  -0.0002437430   0.0004882324   0.0001043577
       -0.0007715961   0.0072418160  -0.0013076178   0.0016424185  -0.0002062917
       -0.0000280901  -0.0000234542  -0.0000044151  -0.0000632124  -0.0000646219
       -0.0002527716   0.0001199602   0.0000244343
       -0.0000526307  -0.0002902408  -0.0003459437  -0.0009117116  -0.0017529442
        0.0004587144  -0.0004573797  -0.0000588981  -0.0003800411   0.0033131920
       -0.0042928501  -0.0026445294   0.0191743692  -0.0006680595  -0.0083559356
       -0.0193717434  -0.0065732786  -0.0510827776   0.0151742821   0.3831229627
        0.5143096876   0.0887851128  -0.2509798709  -0.2927097125  -0.1043154942
       -0.1112416705  -0.1395045101  -0.0065762197   0.0064015619  -0.0026250978
        0.0004405508   0.0009874216   0.0001490214  -0.0005868537  -0.0004234349
       -0.0004178207   0.0000287259   0.0001405830   0.0000656691   0.0000777344
        0.0000543902   0.0000406010  -0.0001652022  -0.0000452283  -0.0000088407
       -0.0004590941  -0.0000487708   0.0005733424  -0.0001382286   0.0000133949
        0.0000269058  -0.0000480945   0.0001702845   0.0000917495   0.0011270125
       -0.0010667688   0.0001641006  -0.0036038180  -0.0136575573  -0.0176496337
        0.0020457384  -0.0002886618   0.0010714263   0.0071745609   0.0013213489
       -0.0011783614  -0.0001495943  -0.0006915068   0.0001001560  -0.0001173816
        0.0000641600  -0.0000626310  -0.0000993748  -0.0001655663  -0.0001246696
       -0.0002884576  -0.0000308002   0.0000391309
       -0.0001322213  -0.0002096370  -0.0000334569   0.0004752124  -0.0005373788
       -0.0001777123  -0.0003661805  -0.0001769282   0.0000494727  -0.0008184696
        0.0037110745   0.0030580971  -0.0098558306  -0.0015076947  -0.0012066365
       -0.0304581028   0.0460074158   0.0405553559  -0.0935546574   0.0970007933
        0.0887851128   0.1280670511  -0.1204876512  -0.1085437239   0.0062091901
       -0.0189120827  -0.0176588530   0.0006501551  -0.0024790888  -0.0021994516
       -0.0001086399   0.0009498686  -0.0000557860  -0.0001996740  -0.0002767546
       -0.0000694444   0.0001146347   0.0000268750   0.0000055469   0.0000860674
        0.0000078873   0.0000142876  -0.0000486101  -0.0000796604  -0.0000329923
        0.0001639602   0.0001292091   0.0003044847  -0.0001052381  -0.0000965379
       -0.0000307255   0.0001123367   0.0000181081   0.0001182488  -0.0012179486
        0.0001835819   0.0003711271  -0.0023028759  -0.0026985747  -0.0026835321
        0.0011932877  -0.0002929404  -0.0002133645   0.0010760447  -0.0000165220
       -0.0002838865   0.0010762638  -0.0003147458   0.0000355425  -0.0000421803
        0.0000103894  -0.0000396157  -0.0000309428   0.0000064917  -0.0000460645
        0.0000173680   0.0000345022  -0.0000220303
       -0.0000243705   0.0004877404   0.0001462356   0.0000106231   0.0008662115
        0.0001310672   0.0004289227   0.0003693847  -0.0000333037  -0.0011837027
       -0.0021192456  -0.0015716854   0.0076233105   0.0035596880  -0.0009161133
        0.0370635290  -0.0213530003  -0.0280629000   0.0804313525  -0.3377615861
       -0.2509798709  -0.1204876512   0.4014402295   0.3389514147   0.0031088212
       -0.0465607952  -0.0546426812   0.0008397663  -0.0001980473  -0.0005327728
       -0.0001071304  -0.0011834457   0.0002357559   0.0003335072   0.0005281830
        0.0002195811  -0.0001457398  -0.0000399078  -0.0000480046  -0.0000762486
       -0.0000978197  -0.0001260712   0.0001418031   0.0000920702   0.0000682352
       -0.0000299671  -0.0003785764  -0.0002478287   0.0001644330   0.0000535165
        0.0000292007  -0.0001623894  -0.0000085316  -0.0001457616   0.0003945115
       -0.0001933108   0.0003248724  -0.0073176568   0.0024831245  -0.0039323233
       -0.0001703850  -0.0005490593   0.0006933169  -0.0003339928   0.0002773145
        0.0005648354  -0.0008108760   0.0003462766  -0.0002019616   0.0001211868
       -0.0000253627   0.0000214650   0.0000007376   0.0000515617   0.0000543338
        0.0001876059  -0.0000866127   0.0000009641
        0.0000365754   0.0002595489   0.0002242837   0.0001457249   0.0006990631
        0.0003395209   0.0003553078   0.0001507860   0.0002506500  -0.0010547499
       -0.0016951566  -0.0014763193   0.0066883854  -0.0007729687   0.0038237496
        0.0328905819  -0.0283356298  -0.0140736466   0.0734432686  -0.2503214721
       -0.2927097125  -0.1085437239   0.3389514147   0.3396744817   0.0026325515
       -0.0556179907  -0.0375833053   0.0007784019  -0.0004858528  -0.0002697092
       -0.0003318969  -0.0008692067  -0.0001853316   0.0004625835   0.0003226377
        0.0003460908  -0.0001019315  -0.0000814689  -0.0000498879  -0.0000873038
       -0.0000628162  -0.0000430506   0.0000713491   0.0000940136   0.0000350894
        0.0001979992  -0.0000631977  -0.0004564264   0.0000707226   0.0000691950
       -0.0000096030  -0.0000500880  -0.0001000710  -0.0001384269   0.0002810940
        0.0003952905  -0.0003504769  -0.0070068135  -0.0036564974   0.0027864770
       -0.0001068924   0.0006744765  -0.0006684080  -0.0007320681  -0.0001513717
        0.0002870990  -0.0002851548   0.0005679214   0.0002199394   0.0000354708
       -0.0000594045   0.0000118479   0.0000484620   0.0000693386   0.0000514711
        0.0001621440   0.0000194185  -0.0000363963
       -0.0001857823  -0.0002093763  -0.0000495973  -0.0000472980  -0.0005062467
        0.0000672818  -0.0006832391  -0.0000589428   0.0000932437   0.0005099326
       -0.0004277290  -0.0007018348  -0.0071880078   0.0008685045   0.0002561293
       -0.0793171518  -0.0223246954  -0.0224907095  -0.1859846013  -0.1098843156
       -0.1043154942   0.0062091901   0.0031088212   0.0026325515   0.6781823776
        0.0147990064   0.0294748091  -0.2337048752   0.0146580047   0.0079399325
       -0.0003243910   0.0008728245  -0.0002924024  -0.0000835953  -0.0002632299
        0.0001594076   0.0000948226   0.0000249089  -0.0000374208   0.0000722350
       -0.0000371850  -0.0000029046  -0.0001060204  -0.0000442237  -0.0000098434
        0.0003468124   0.0001427813   0.0004741576  -0.0002021885  -0.0000571658
       -0.0000817027   0.0000912438  -0.0000056331   0.0000931055  -0.0000384677
       -0.0001427990  -0.0000772702  -0.0988448955   0.0931773533   0.0837486960
       -0.0170037204   0.0072082708   0.0062226796  -0.0314119094  -0.0060280948
        0.0046172618  -0.0303343207   0.0050917080  -0.0075466657  -0.0000618816
       -0.0000177945  -0.0000581064  -0.0000149433   0.0000141503  -0.0000637519
        0.0000306750   0.0000410978  -0.0000515520
        0.0000156408   0.0000918166   0.0000435124   0.0003616541  -0.0004956740
        0.0003275827  -0.0001528137   0.0001009411   0.0001344906   0.0003321861
        0.0009729006   0.0008060360   0.0043800746  -0.0003575508  -0.0014991095
       -0.0121860553   0.0073495285  -0.0006680407  -0.0938725460  -0.1536768224
       -0.1112416705  -0.0189120827  -0.0465607952  -0.0556179907   0.0147990064
        0.4330800197   0.3489232792   0.0138028452  -0.0629386760  -0.0177416147
       -0.0002465018   0.0000645253  -0.0000642461   0.0000424846   0.0000171588
        0.0001316954  -0.0000087620   0.0000419934  -0.0000279059   0.0000467471
       -0.0000491925  -0.0000453438   0.0000526065  -0.0000173138  -0.0000081061
        0.0000830951  -0.0001135682   0.0000543046   0.0000447547  -0.0000474314
       -0.0000458503  -0.0000375666   0.0000780994  -0.0000632123  -0.0002420849
        0.0001420774  -0.0000770301   0.0900294072  -0.1806868567  -0.1580974241
        0.0258762067  -0.0039174796  -0.0036680702  -0.0276213653   0.0042968124
        0.0001492916   0.0033755491   0.0026454534  -0.0016095404   0.0000159749
       -0.0000028587  -0.0000241174  -0.0000219790   0.0000168510  -0.0000188890
        0.0000435238  -0.0000339585  -0.0000520309
        0.0000218607  -0.0000153352   0.0000650730   0.0002332331   0.0003291564
       -0.0005716084  -0.0002944999  -0.0000316337   0.0001610160   0.0003592512
        0.0007955787   0.0006515568   0.0036225012  -0.0017181352   0.0004320949
       -0.0134536714  -0.0009833137   0.0065804019  -0.0899026505  -0.1120827743
       -0.1395045101  -0.0176588530  -0.0546426812  -0.0375833053   0.0294748091
        0.3489232792   0.3754601038   0.0075137622  -0.0177084068  -0.0592766250
       -0.0003648058   0.0001031495  -0.0002213405   0.0001690391  -0.0000172273
        0.0002452304   0.0000507355  -0.0000269975  -0.0000341328   0.0000123884
       -0.0000192750   0.0000177411   0.0000041254  -0.0000184887  -0.0000104196
        0.0001865523   0.0000373951   0.0000195715  -0.0000329891  -0.0000724738
       -0.0000937443   0.0000762111  -0.0000320239   0.0000259589  -0.0001890577
       -0.0001193068   0.0002126377   0.0809198188  -0.1577382368  -0.1505185815
        0.0235159488  -0.0041786038  -0.0023797604   0.0044374142  -0.0019963302
        0.0029172087  -0.0288007564   0.0011567044   0.0034445898  -0.0000103084
       -0.0000423663  -0.0000133820   0.0000237189   0.0000646190   0.0000128697
        0.0000862222   0.0000337278  -0.0000386442
        0.0000432689  -0.0000210314  -0.0000046696   0.0000743344   0.0001139208
       -0.0000023291   0.0001489138  -0.0000118656  -0.0000172707  -0.0001461589
        0.0000510781   0.0000158326   0.0007707901  -0.0002928214  -0.0002011314
       -0.0023340968  -0.0009714712  -0.0011117728  -0.0274852472  -0.0065687193
       -0.0065762197   0.0006501551   0.0008397663   0.0007784019  -0.2337048752
        0.0138028452   0.0075137622   0.4549724754   0.0128074458   0.0104507962
       -0.0000639198  -0.0000868681  -0.0000195532   0.0001327187   0.0000562041
        0.0000358117  -0.0000379828   0.0000062008   0.0000021947  -0.0000338739
        0.0000026523   0.0000138059  -0.0000481474   0.0000221186   0.0000160317
       -0.0000475776   0.0000014407   0.0000379634  -0.0000398989   0.0000356311
        0.0000028993  -0.0000546186  -0.0000142755   0.0000039421  -0.0001117760
        0.0000476365   0.0000486015  -0.0104423524   0.0026989802   0.0022561885
       -0.0509320494   0.0367523563   0.0339085189  -0.0684033677  -0.0774194140
        0.0252397943  -0.0628642842   0.0181578196  -0.0724074101  -0.0000232229
       -0.0000160838  -0.0000029270  -0.0000168427  -0.0000025524   0.0000057078
       -0.0000023643   0.0000090065   0.0000130307
        0.0000179369  -0.0000060931   0.0000124477   0.0001825600   0.0000178171
       -0.0000536664  -0.0000787912  -0.0000256466  -0.0000009059  -0.0001531876
        0.0002219532   0.0001976490   0.0017120338  -0.0000969882   0.0001593162
       -0.0063596613   0.0014228589  -0.0055107749  -0.0123405898  -0.0011318253
        0.0064015619  -0.0024790888  -0.0001980473  -0.0004858528   0.0146580047
       -0.0629386760  -0.0177084068   0.0128074458   0.5194419416   0.0141149668
       -0.0000548784   0.0000667037  -0.0000551725   0.0000177348  -0.0000154357
        0.0000345686   0.0000097072   0.0000059447  -0.0000044531   0.0000018468
        0.0000003150   0.0000089818   0.0000108360  -0.0000018610  -0.0000042337
        0.0000422881   0.0000222933   0.0000264497  -0.0000184804  -0.0000003101
        0.0000026232   0.0000194133  -0.0000000443   0.0000043332  -0.0000365177
       -0.0000471147   0.0000719608   0.0158661598  -0.0021436764   0.0018498382
        0.0321824474  -0.1701392070  -0.1156357632  -0.0751948193  -0.2267329328
        0.0632851901   0.0191903492  -0.0577425081   0.0532901431  -0.0000065944
       -0.0000015759   0.0000022109  -0.0000025850   0.0000099059  -0.0000003296
        0.0000064299   0.0000122091  -0.0000026821
        0.0000110193   0.0000158550   0.0000036830   0.0001676034  -0.0000334883
        0.0000176048  -0.0000394609   0.0000133248  -0.0000148027  -0.0001391272
        0.0001871283   0.0001706491   0.0016924084   0.0001056447   0.0000337109
       -0.0060621859  -0.0054863436   0.0021399981  -0.0117383810   0.0067771354
       -0.0026250978  -0.0021994516  -0.0005327728  -0.0002697092   0.0079399325
       -0.0177416147  -0.0592766250   0.0104507962   0.0141149668   0.5171039287
        0.0000260745   0.0000339716   0.0000312794  -0.0000279387  -0.0000076574
       -0.0000219884  -0.0000020544   0.0000105130  -0.0000013939   0.0000072074
       -0.0000051691   0.0000026396   0.0000158195  -0.0000053306   0.0000025189
        0.0000343971  -0.0000058904   0.0000410359  -0.0000149224  -0.0000003555
        0.0000024177  -0.0000083564   0.0000168050  -0.0000074609  -0.0000456696
        0.0000455349  -0.0000343001   0.0144781576   0.0015143346  -0.0019393276
        0.0296933442  -0.1155256184  -0.1509476699   0.0261179962   0.0631610863
       -0.0649668116  -0.0703605511   0.0533466834  -0.2394476950   0.0000069064
        0.0000065344   0.0000055118  -0.0000045947  -0.0000025300  -0.0000000470
        0.0000010310  -0.0000027474  -0.0000020487
       -0.0020737767   0.0190455079  -0.0051306112  -0.0293577917   0.0046922618
       -0.0081471571   0.0020567847   0.0022172764  -0.0001810225   0.0013813767
       -0.0142925460   0.0043599961  -0.0027364704  -0.0018117448  -0.0028422520
       -0.0016957799  -0.0001464258   0.0024124357   0.0009509963   0.0001396437
        0.0004405508  -0.0001086399  -0.0001071304  -0.0003318969  -0.0003243910
       -0.0002465018  -0.0003648058  -0.0000639198  -0.0000548784   0.0000260745
        0.1489667083   0.0399302761   0.0885899107  -0.0839737613  -0.0272318276
       -0.0531030244  -0.0036652925   0.0025733489   0.0008385241   0.0008143770
       -0.0002609023  -0.0004862098  -0.0006881060   0.0000077281  -0.0005397385
        0.0006760368  -0.0005338299   0.0001571220  -0.0010995404   0.0000961906
       -0.0007953108  -0.0000582465  -0.0002913755  -0.0006366629  -0.0012782503
       -0.0004980566  -0.0013441423   0.0000212876  -0.0000046850   0.0001060552
        0.0000465568   0.0000014607   0.0000111857   0.0000089135  -0.0000106333
        0.0000104399  -0.0000366060   0.0000093368  -0.0000269209  -0.0032607296
       -0.0051078691  -0.0008963826  -0.0232937014  -0.0138165785  -0.0140284611
       -0.0012080345  -0.0042980459  -0.0080976960
        0.0087547714  -0.0256129882   0.0055867637   0.0223465826  -0.0657191951
        0.0314914448  -0.0002169444  -0.0129246847   0.0120958256  -0.0149157605
       -0.0238879867   0.0016752788   0.0032203486   0.0008641701  -0.0014841279
        0.0011757669  -0.0014613257   0.0006035578  -0.0029731142   0.0011174016
        0.0009874216   0.0009498686  -0.0011834457  -0.0008692067   0.0008728245
        0.0000645253   0.0001031495  -0.0000868681   0.0000667037   0.0000339716
        0.0399302761   0.2009991044  -0.0060433561  -0.0370157761  -0.0511027352
       -0.0282453706   0.0040286185  -0.0031776128  -0.0012245685  -0.0002768015
        0.0004263526  -0.0002352343  -0.0005538312   0.0006820340  -0.0000479380
       -0.0001252247   0.0009373827  -0.0003716547  -0.0001420410   0.0003464120
       -0.0006649757   0.0001667922  -0.0005392097   0.0027160644  -0.0005224496
       -0.0008497043  -0.0004193735  -0.0004284139  -0.0000474458  -0.0001065946
        0.0000306398  -0.0000129330  -0.0000266200   0.0000440484   0.0000029054
       -0.0000138088   0.0000711915  -0.0000187300   0.0000287799  -0.0173477340
       -0.0172367686  -0.0102720625  -0.0013649767   0.0027933585   0.0024705421
       -0.0056217933  -0.0045255846  -0.0077679080
       -0.0006750104   0.0004471386   0.0024463460  -0.0143325756   0.0164683380
       -0.0360794241  -0.0008530926   0.0240728802  -0.0130143920   0.0046581746
       -0.0015086060   0.0032636902  -0.0029518981  -0.0019859356  -0.0019116623
       -0.0002346702   0.0023639276   0.0013647480   0.0010292667  -0.0003204866
        0.0001490214  -0.0000557860   0.0002357559  -0.0001853316  -0.0002924024
       -0.0000642461  -0.0002213405  -0.0000195532  -0.0000551725   0.0000312794
        0.0885899107  -0.0060433561   0.1282986930  -0.0487106376  -0.0180336091
       -0.0640368538   0.0000079443  -0.0004227684   0.0002993646   0.0004296926
       -0.0008945587   0.0004740211  -0.0010657672  -0.0001289973  -0.0003525299
        0.0004013323   0.0002959891   0.0005751163  -0.0008228627  -0.0000859911
       -0.0002422915  -0.0007094743   0.0009157299  -0.0059243229  -0.0008529736
       -0.0000092449  -0.0013827161   0.0001077076  -0.0000661624   0.0000906623
        0.0000189180   0.0000026858   0.0000216529   0.0000024062   0.0000051468
       -0.0000034366  -0.0000496975  -0.0000098840  -0.0000312692   0.0042022855
        0.0022749758   0.0038454364  -0.0079288861  -0.0022953160  -0.0014555653
       -0.0198923511  -0.0151582330  -0.0160188959
       -0.0007030504  -0.0004885737  -0.0000731064   0.0009433901  -0.0027268140
        0.0024118254  -0.0003541049   0.0003084805  -0.0007477638  -0.0006333741
       -0.0007637875  -0.0001367046   0.0005789248   0.0006407337   0.0004282490
        0.0001297937  -0.0005808107  -0.0000713727   0.0003303878  -0.0003131660
       -0.0005868537  -0.0001996740   0.0003335072   0.0004625835  -0.0000835953
        0.0000424846   0.0001690391   0.0001327187   0.0000177348  -0.0000279387
       -0.0839737613  -0.0370157761  -0.0487106376   0.4128362957  -0.0726996335
       -0.0540581711   0.0003569418   0.0002867178   0.0001015445  -0.0002425924
        0.0000212796   0.0001302154   0.0004825632   0.0011304141   0.0002050542
       -0.0002772344  -0.0001039499   0.0000833130   0.0005669525  -0.0000759611
        0.0002787207   0.0001842411   0.0002559136  -0.0000126948  -0.0000299381
       -0.0000475171   0.0002822417   0.0001508539   0.0000567517  -0.0000749140
       -0.0000363622   0.0000111186   0.0000035305  -0.0000430289  -0.0000151362
        0.0000031827  -0.0000067785  -0.0000036680   0.0000007120  -0.0379342724
       -0.0013079729   0.0038758234  -0.2344185480   0.1011621908   0.0226246424
       -0.0577567485   0.0118754396   0.0734394799
        0.0003266649   0.0009927558  -0.0000824122  -0.0118069158  -0.0093151875
       -0.0061944590   0.0004179341   0.0007917537  -0.0007220250   0.0018312704
       -0.0038648819   0.0017154241  -0.0009102723  -0.0008957565  -0.0018894555
       -0.0005222336   0.0011289485   0.0014262171   0.0011047748  -0.0006138828
       -0.0004234349  -0.0002767546   0.0005281830   0.0003226377  -0.0002632299
        0.0000171588  -0.0000172273   0.0000562041  -0.0000154357  -0.0000076574
       -0.0272318276  -0.0511027352  -0.0180336091  -0.0726996335   0.4364919517
       -0.0475534442  -0.0002195292   0.0001598094  -0.0000553380  -0.0000812974
       -0.0003003446   0.0000372396  -0.0003297862  -0.0007933799  -0.0001323204
        0.0001109835  -0.0000962378   0.0000927562  -0.0006091296  -0.0005514621
        0.0001692355  -0.0002644971   0.0000044950  -0.0005335968  -0.0006645195
       -0.0002121093  -0.0003262743   0.0002225685   0.0000190600   0.0000292494
       -0.0000065682   0.0000065856   0.0000145485  -0.0000257074  -0.0000036391
        0.0000064081  -0.0000168593   0.0000002919  -0.0000123443  -0.0047648107
       -0.2439949922   0.0997241791   0.1076746588  -0.0885297467  -0.0095031673
        0.0089485127  -0.0398512019  -0.0180511295
       -0.0003150727  -0.0000593256  -0.0002029604   0.0060337362   0.0018111354
        0.0041344774  -0.0002090273  -0.0012268353  -0.0003149588  -0.0021934671
        0.0009600496  -0.0011262668   0.0020000121   0.0008757444   0.0010478159
        0.0003398601  -0.0007727337  -0.0007291676  -0.0004312475  -0.0002092920
       -0.0004178207  -0.0000694444   0.0002195811   0.0003460908   0.0001594076
        0.0001316954   0.0002452304   0.0000358117   0.0000345686  -0.0000219884
       -0.0531030244  -0.0282453706  -0.0640368538  -0.0540581711  -0.0475534442
        0.4569906396   0.0001158898   0.0001491961   0.0000746108  -0.0002022807
        0.0000909906   0.0000971336   0.0005032148  -0.0001520873   0.0000541511
        0.0000593905   0.0003288812   0.0000083813   0.0003709932   0.0007294589
        0.0005654207   0.0002527615   0.0002573763   0.0003839858   0.0003038406
        0.0000290925   0.0005071252   0.0000325937   0.0000112558  -0.0001024141
       -0.0000352186  -0.0000000782  -0.0000085298  -0.0000057751  -0.0000000277
        0.0000031095   0.0000239529  -0.0000044936   0.0000169940   0.0060720247
        0.1034553693  -0.0877993415   0.0277929743  -0.0094823226  -0.0422112171
        0.0665262651  -0.0213783844  -0.2675036469
       -0.0421026851   0.0128438843  -0.0047864404  -0.0053912819   0.0239228008
       -0.0051620467   0.0004210153  -0.0001154737  -0.0004556351   0.0003000714
        0.0009420842   0.0001718987   0.0001388195   0.0002669779   0.0004417412
        0.0003281674  -0.0004046631  -0.0004498207  -0.0003696608   0.0001492655
        0.0000287259   0.0001146347  -0.0001457398  -0.0001019315   0.0000948226
       -0.0000087620   0.0000507355  -0.0000379828   0.0000097072  -0.0000020544
       -0.0036652925   0.0040286185   0.0000079443   0.0003569418  -0.0002195292
        0.0001158898   0.0498056661  -0.0164168917   0.0042812522   0.0008094031
        0.0013525640  -0.0011877554  -0.0001522291  -0.0260678485   0.0070295588
       -0.0000011136  -0.0001151657  -0.0001101040  -0.0000868144  -0.0001353654
        0.0000419799  -0.0000910023   0.0000411372   0.0004033801  -0.0005181138
       -0.0001269440  -0.0003992848  -0.0000764767   0.0000207865  -0.0000130122
        0.0000011419  -0.0000050743  -0.0000106175   0.0000064917   0.0000076223
       -0.0000028300   0.0000073162   0.0000021329   0.0000107622   0.0000298054
       -0.0000705875   0.0000021878   0.0000657987   0.0002818142   0.0001183413
        0.0000125572  -0.0000373506  -0.0000228648
        0.0119283539  -0.2586334428   0.0706687679   0.0058930537  -0.0157083608
        0.0023113532  -0.0005476275   0.0007547835   0.0003308084  -0.0009301598
        0.0003171748  -0.0001836970  -0.0000433187  -0.0000468043   0.0000155115
        0.0001838232   0.0000942999  -0.0000061488  -0.0002703120   0.0000190975
        0.0001405830   0.0000268750  -0.0000399078  -0.0000814689   0.0000249089
        0.0000419934  -0.0000269975   0.0000062008   0.0000059447   0.0000105130
        0.0025733489  -0.0031776128  -0.0004227684   0.0002867178   0.0001598094
        0.0001491961  -0.0164168917   0.2998507685  -0.0818021095  -0.0001392193
       -0.0035505001   0.0035566591  -0.0028139602  -0.0208478569   0.0053354345
       -0.0002308470   0.0001740638   0.0001287185  -0.0000787139  -0.0003894647
       -0.0001007497   0.0003109609   0.0002941935  -0.0003886574   0.0001961342
        0.0002558022   0.0001946255  -0.0000082712  -0.0000001484   0.0000282670
       -0.0000096198  -0.0000039196  -0.0000013436  -0.0000083629   0.0000124363
       -0.0000019457  -0.0000048496  -0.0000042627   0.0000026854   0.0000476724
        0.0001376485   0.0000092363  -0.0000537204   0.0002876381   0.0000884319
        0.0000778243  -0.0000033732   0.0000450949
       -0.0043172236   0.0704237670  -0.0657395226   0.0010159318  -0.0089984374
        0.0027452730   0.0003140967  -0.0004900138   0.0001878332   0.0000487199
        0.0002964920   0.0004844436  -0.0002073909  -0.0000241165  -0.0000687153
        0.0000871657  -0.0001992121  -0.0002202157   0.0000807392   0.0000426823
        0.0000656691   0.0000055469  -0.0000480046  -0.0000498879  -0.0000374208
       -0.0000279059  -0.0000341328   0.0000021947  -0.0000044531  -0.0000013939
        0.0008385241  -0.0012245685   0.0002993646   0.0001015445  -0.0000553380
        0.0000746108   0.0042812522  -0.0818021095   0.0729674812  -0.0014326824
        0.0318172875  -0.0136175000  -0.0003821623  -0.0098509786   0.0035464784
       -0.0000598460   0.0001004986  -0.0000385557  -0.0000764707  -0.0001257264
       -0.0000857054   0.0004795099  -0.0000613284  -0.0003972554  -0.0006741171
        0.0000236527  -0.0001131093  -0.0000112701   0.0000108412   0.0000106321
        0.0000057784  -0.0000021700   0.0000056527  -0.0000024580  -0.0000036986
        0.0000032018  -0.0000058739   0.0000066198  -0.0000024637   0.0000149440
        0.0000165468   0.0000023503  -0.0001035789   0.0001910426  -0.0000487813
        0.0000345466  -0.0000113692   0.0000242483
       -0.0431428806  -0.0005704763  -0.0076689330  -0.0021145859   0.0003448359
        0.0255198763  -0.0038560855   0.0021166217   0.0020575060   0.0003015261
        0.0004729098   0.0011959349   0.0001804810   0.0005226754   0.0001819249
        0.0003237101  -0.0005043994  -0.0003240362  -0.0003217076   0.0000137086
        0.0000777344   0.0000860674  -0.0000762486  -0.0000873038   0.0000722350
        0.0000467471   0.0000123884  -0.0000338739   0.0000018468   0.0000072074
        0.0008143770  -0.0002768015   0.0004296926  -0.0002425924  -0.0000812974
       -0.0002022807   0.0008094031  -0.0001392193  -0.0014326824   0.0504838004
       -0.0009851804   0.0061434154  -0.0023653132  -0.0004975324  -0.0270124546
       -0.0000020423   0.0001243151   0.0015248465  -0.0001134817   0.0000669330
       -0.0001152868  -0.0000586284   0.0000281214  -0.0000508197  -0.0005781752
       -0.0004602272  -0.0000359266  -0.0000573600  -0.0000029152   0.0000103919
       -0.0000017801  -0.0000082456  -0.0000026700   0.0000049291   0.0000090548
        0.0000014995   0.0000028826  -0.0000005338   0.0000092760   0.0000255786
       -0.0000477289  -0.0000258923  -0.0000702765  -0.0000467871  -0.0002098444
       -0.0001462072  -0.0000501766  -0.0000035638
       -0.0008217681  -0.0435662002   0.0094625471   0.0015027123  -0.0009945312
       -0.0132115494   0.0022252952  -0.0004947970  -0.0011875015  -0.0001832521
        0.0004803176   0.0004551725  -0.0002354138   0.0000564212   0.0000713799
        0.0001936713  -0.0003632144  -0.0002091570  -0.0000119132   0.0001248483
        0.0000543902   0.0000078873  -0.0000978197  -0.0000628162  -0.0000371850
       -0.0000491925  -0.0000192750   0.0000026523   0.0000003150  -0.0000051691
       -0.0002609023   0.0004263526  -0.0008945587   0.0000212796  -0.0003003446
        0.0000909906   0.0013525640  -0.0035505001   0.0318172875  -0.0009851804
        0.0476914208  -0.0082427851  -0.0024516886   0.0004153595  -0.0174011165
        0.0001680451   0.0001774699  -0.0008082224   0.0000486599  -0.0000421282
        0.0001342486   0.0001048168  -0.0000186855  -0.0001222336  -0.0006940211
       -0.0000293113   0.0001154457  -0.0000183239   0.0000246656   0.0000107112
        0.0000039260   0.0000043022  -0.0000033340  -0.0000094844  -0.0000036847
        0.0000052542  -0.0000062402   0.0000029743  -0.0000033219   0.0000382849
       -0.0000248266  -0.0000009315   0.0000207427   0.0000316299  -0.0001534518
        0.0000248356   0.0000991591   0.0001079962
       -0.0069763546   0.0084221452  -0.2859905660   0.0031711384  -0.0014470121
       -0.0151859999   0.0030911169  -0.0015977488  -0.0012263332  -0.0007856439
       -0.0001476110   0.0002229581  -0.0001269029   0.0001229621   0.0000099277
        0.0001482084  -0.0000292660   0.0001549095  -0.0002015564   0.0002033872
        0.0000406010   0.0000142876  -0.0001260712  -0.0000430506  -0.0000029046
       -0.0000453438   0.0000177411   0.0000138059   0.0000089818   0.0000026396
       -0.0004862098  -0.0002352343   0.0004740211   0.0001302154   0.0000372396
        0.0000971336  -0.0011877554   0.0035566591  -0.0136175000   0.0061434154
       -0.0082427851   0.3303947277  -0.0036055060  -0.0008384044  -0.0149801282
        0.0001433096  -0.0000225034  -0.0009509602   0.0002132964   0.0001931810
        0.0003360445  -0.0001248481  -0.0001697685   0.0001779289   0.0004565543
        0.0002951370   0.0002197058  -0.0000092904   0.0000317280   0.0000038908
       -0.0000063557   0.0000020168  -0.0000034701  -0.0000072685   0.0000010396
       -0.0000035964  -0.0000100562   0.0000029944   0.0000089589   0.0000328767
        0.0000081019   0.0000762103   0.0000101043  -0.0001090360  -0.0002510570
       -0.0000376768   0.0001252108   0.0000152630
       -0.1985091894  -0.0977263986  -0.0635368945  -0.0257798663  -0.0109074563
       -0.0066405562   0.0009129375  -0.0004338602  -0.0008950623  -0.0043489437
        0.0022766284   0.0021796860  -0.0025355901  -0.0012810461  -0.0009066502
        0.0000415866   0.0005135423   0.0002850649   0.0002541157  -0.0002844192
       -0.0001652022  -0.0000486101   0.0001418031   0.0000713491  -0.0001060204
        0.0000526065   0.0000041254  -0.0000481474   0.0000108360   0.0000158195
       -0.0006881060  -0.0005538312  -0.0010657672   0.0004825632  -0.0003297862
        0.0005032148  -0.0001522291  -0.0028139602  -0.0003821623  -0.0023653132
       -0.0024516886  -0.0036055060   0.2316831876   0.1125048250   0.0729231988
        0.0002776153  -0.0000894377  -0.0002465629   0.0001397994   0.0002722762
        0.0007251135  -0.0001053242  -0.0000314084   0.0000379575  -0.0000386469
        0.0003852646   0.0003372845   0.0001094100   0.0000246635   0.0000546068
        0.0000067456  -0.0000023578   0.0000055423   0.0000061200   0.0000011375
       -0.0000022544   0.0000010631  -0.0000057975   0.0000008965   0.0000236319
       -0.0001444219   0.0000321754   0.0007544266   0.0007483438   0.0001335766
        0.0000327844   0.0001239431   0.0001370065
       -0.0977272869  -0.1037429095  -0.0391089994   0.0088820707   0.0057458677
        0.0033892921   0.0002308847   0.0000979040   0.0003264572   0.0013591727
       -0.0003564657  -0.0009802453   0.0010039297   0.0002052051   0.0001742192
       -0.0003994663   0.0001886833   0.0001965418   0.0002770746  -0.0000555451
       -0.0000452283  -0.0000796604   0.0000920702   0.0000940136  -0.0000442237
       -0.0000173138  -0.0000184887   0.0000221186  -0.0000018610  -0.0000053306
        0.0000077281   0.0006820340  -0.0001289973   0.0011304141  -0.0007933799
       -0.0001520873  -0.0260678485  -0.0208478569  -0.0098509786  -0.0004975324
        0.0004153595  -0.0008384044   0.1125048250   0.1192900683   0.0471008567
        0.0001095754  -0.0000606668   0.0000567299   0.0000305888   0.0003526611
       -0.0000230162  -0.0001555116  -0.0002200262  -0.0000018420   0.0001721661
        0.0000394963   0.0000550622   0.0000236738  -0.0000102836  -0.0000124786
        0.0000020312   0.0000089848   0.0000057976  -0.0000070799  -0.0000048154
        0.0000022161  -0.0000038775   0.0000038815  -0.0000057413  -0.0001862604
        0.0001318436   0.0000760732  -0.0004863862  -0.0011985676  -0.0002406016
       -0.0001011197   0.0000556321  -0.0000648198
       -0.0638480898  -0.0394253684  -0.0693619799   0.0077758053   0.0051868623
        0.0031099949   0.0011226855   0.0002360168   0.0006145892   0.0011828702
       -0.0009511395  -0.0001609002   0.0007978408   0.0001848374   0.0001286411
       -0.0003198250   0.0002275078   0.0000994078   0.0001506159  -0.0000365422
       -0.0000088407  -0.0000329923   0.0000682352   0.0000350894  -0.0000098434
       -0.0000081061  -0.0000104196   0.0000160317  -0.0000042337   0.0000025189
       -0.0005397385  -0.0000479380  -0.0003525299   0.0002050542  -0.0001323204
        0.0000541511   0.0070295588   0.0053354345   0.0035464784  -0.0270124546
       -0.0174011165  -0.0149801282   0.0729231988   0.0471008567   0.0774994147
       -0.0001062691  -0.0000097572  -0.0000073014   0.0003314285  -0.0003199399
       -0.0006087745   0.0000022713   0.0000422417  -0.0000949362   0.0001822198
        0.0000303313  -0.0000053649   0.0000065350  -0.0000144643  -0.0000078903
        0.0000022075   0.0000011315   0.0000086418   0.0000005207  -0.0000018658
        0.0000031843  -0.0000041757  -0.0000001313   0.0000001211  -0.0000577020
        0.0000815371  -0.0000366832   0.0000127572  -0.0000406636   0.0006383649
        0.0001894894  -0.0001014055  -0.0001048485
        0.0005923534   0.0002660147   0.0009619652  -0.0013093538   0.0001684554
        0.0029723615  -0.1869428727   0.0998878023   0.0652063228   0.0008301934
        0.0004631913   0.0001199179   0.0002999897  -0.0004773136  -0.0003685530
       -0.0022241420  -0.0000109660  -0.0013888911  -0.0017282658   0.0002007705
       -0.0004590941   0.0001639602  -0.0000299671   0.0001979992   0.0003468124
        0.0000830951   0.0001865523  -0.0000475776   0.0000422881   0.0000343971
        0.0006760368  -0.0001252247   0.0004013323  -0.0002772344   0.0001109835
        0.0000593905  -0.0000011136  -0.0002308470  -0.0000598460  -0.0000020423
        0.0001680451   0.0001433096   0.0002776153   0.0001095754  -0.0001062691
        0.2155859244  -0.1158966294  -0.0751362025  -0.0267243789   0.0149769677
        0.0084056611   0.0010339234   0.0010211985  -0.0007539221  -0.0001839675
       -0.0000713381  -0.0000454850   0.0000089417  -0.0000022402  -0.0000410598
       -0.0000286624   0.0000026734  -0.0000095254   0.0000171594   0.0000037918
       -0.0000083113   0.0000299400  -0.0000034862   0.0000128823   0.0000706997
        0.0000094130  -0.0002050266  -0.0000589185   0.0000170310  -0.0001533349
       -0.0004050204  -0.0006832846   0.0000334294
       -0.0001428008   0.0004862941  -0.0004182313   0.0010762673  -0.0010040527
       -0.0012513164   0.0997411815  -0.1146103107  -0.0462591256   0.0005037543
       -0.0001500101  -0.0003135583  -0.0002484336  -0.0006691036  -0.0009003512
        0.0001115793   0.0002668894   0.0012879134  -0.0003674114   0.0006618259
       -0.0000487708   0.0001292091  -0.0003785764  -0.0000631977   0.0001427813
       -0.0001135682   0.0000373951   0.0000014407   0.0000222933  -0.0000058904
       -0.0005338299   0.0009373827   0.0002959891  -0.0001039499  -0.0000962378
        0.0003288812  -0.0001151657   0.0001740638   0.0001004986   0.0001243151
        0.0001774699  -0.0000225034  -0.0000894377  -0.0000606668  -0.0000097572
       -0.1158966294   0.1298103901   0.0527324213  -0.0092048672   0.0066334579
        0.0038489093   0.0251036772  -0.0218321919  -0.0092397466   0.0000239261
        0.0000481940   0.0001456242  -0.0000310020  -0.0000102613  -0.0000861779
        0.0000095006   0.0000094970  -0.0000013947   0.0000075719  -0.0000137121
       -0.0000106014   0.0000203807  -0.0000022487   0.0000103223   0.0000258240
       -0.0000195750  -0.0000469390   0.0000757658  -0.0000496129  -0.0000863165
       -0.0003636474  -0.0002176300  -0.0000240762
        0.0000658239  -0.0004434368  -0.0064035671   0.0237360241  -0.0158471901
       -0.0154732950   0.0641457143  -0.0452201006  -0.0710805213   0.0003743973
       -0.0003365543   0.0003564058   0.0003053870  -0.0005889444  -0.0008282604
       -0.0008957100   0.0004576351  -0.0001201945  -0.0014846426   0.0005809622
        0.0005733424   0.0003044847  -0.0002478287  -0.0004564264   0.0004741576
        0.0000543046   0.0000195715   0.0000379634   0.0000264497   0.0000410359
        0.0001571220  -0.0003716547   0.0005751163   0.0000833130   0.0000927562
        0.0000083813  -0.0001101040   0.0001287185  -0.0000385557   0.0015248465
       -0.0008082224  -0.0009509602  -0.0002465629   0.0000567299  -0.0000073014
       -0.0751362025   0.0527324213   0.0855206497  -0.0066925776   0.0045728864
        0.0039640263  -0.0067726848   0.0050682704   0.0041786804   0.0000483398
        0.0001271407   0.0001725505  -0.0000508664  -0.0000675362  -0.0000406248
        0.0000033851  -0.0000011176   0.0000103005   0.0000301582   0.0000044261
       -0.0000030800   0.0000191427  -0.0000075005  -0.0000099416  -0.0000255264
       -0.0000381937  -0.0000061666  -0.0000225318  -0.0000790421  -0.0001052799
        0.0001271495   0.0001546210   0.0001041142
        0.0009611514   0.0004390274   0.0013771166  -0.0024770919  -0.0009024089
       -0.0041176318  -0.2243497383  -0.0820684510  -0.0672940299   0.0003454972
        0.0000814853  -0.0008646205  -0.0000406238   0.0000207141   0.0004658105
       -0.0006323185   0.0004135204  -0.0005425443   0.0004629365  -0.0004481890
       -0.0001382286  -0.0001052381   0.0001644330   0.0000707226  -0.0002021885
        0.0000447547  -0.0000329891  -0.0000398989  -0.0000184804  -0.0000149224
       -0.0010995404  -0.0001420410  -0.0008228627   0.0005669525  -0.0006091296
        0.0003709932  -0.0000868144  -0.0000787139  -0.0000764707  -0.0001134817
        0.0000486599   0.0002132964   0.0001397994   0.0000305888   0.0003314285
       -0.0267243789  -0.0092048672  -0.0066925776   0.2577588090   0.0959939827
        0.0777984134  -0.0046523971  -0.0041795942  -0.0007816298  -0.0001019551
       -0.0000241789  -0.0000832173   0.0000684014   0.0000098811   0.0000616744
        0.0000108583  -0.0000065459  -0.0000009373  -0.0000011839   0.0000018938
        0.0000004160  -0.0000064066   0.0000011578  -0.0000072605  -0.0000534153
       -0.0000565341   0.0003206563   0.0001020249  -0.0001233473   0.0003355895
        0.0002702408   0.0006123822   0.0001238050
       -0.0001604993   0.0000466693   0.0000748627  -0.0008285020   0.0001540181
       -0.0019654403  -0.0814656120  -0.0794584311  -0.0303851801  -0.0004483305
        0.0002288560  -0.0004636414   0.0002174184  -0.0002461656  -0.0002485083
        0.0000338057  -0.0000660804   0.0002358942   0.0004186710   0.0000223281
        0.0000133949  -0.0000965379   0.0000535165   0.0000691950  -0.0000571658
       -0.0000474314  -0.0000724738   0.0000356311  -0.0000003101  -0.0000003555
        0.0000961906   0.0003464120  -0.0000859911  -0.0000759611  -0.0005514621
        0.0007294589  -0.0001353654  -0.0003894647  -0.0001257264   0.0000669330
       -0.0000421282   0.0001931810   0.0002722762   0.0003526611  -0.0003199399
        0.0149769677   0.0066334579   0.0045728864   0.0959939827   0.0911716876
        0.0351901375  -0.0288290669  -0.0165115938  -0.0080287403  -0.0000300143
        0.0000789988   0.0000361048   0.0000350973   0.0000080949   0.0000191044
        0.0000025560   0.0000086118   0.0000083328  -0.0000082433  -0.0000088953
        0.0000036554  -0.0000070229   0.0000087274  -0.0000096836   0.0000783250
        0.0000114291  -0.0000437534  -0.0003580052  -0.0000652477   0.0003430722
        0.0002724718  -0.0017382583   0.0002601537
       -0.0010422744   0.0001621616   0.0010460271  -0.0266386654  -0.0117637786
       -0.0166072066  -0.0671012682  -0.0307043897  -0.0656392359   0.0011424471
        0.0004123363  -0.0061803749  -0.0007940542  -0.0016667368   0.0001318420
        0.0000051009   0.0011554100   0.0002860312   0.0003891204  -0.0000677595
        0.0000269058  -0.0000307255   0.0000292007  -0.0000096030  -0.0000817027
       -0.0000458503  -0.0000937443   0.0000028993   0.0000026232   0.0000024177
       -0.0007953108  -0.0006649757  -0.0002422915   0.0002787207   0.0001692355
        0.0005654207   0.0000419799  -0.0001007497  -0.0000857054  -0.0001152868
        0.0001342486   0.0003360445   0.0007251135  -0.0000230162  -0.0006087745
        0.0084056611   0.0038489093   0.0039640263   0.0777984134   0.0351901375
        0.0791960528   0.0078918081   0.0038149938   0.0038521695  -0.0008319586
       -0.0008210197   0.0000016958   0.0000596057   0.0000165350   0.0000679348
        0.0000167979   0.0000041018   0.0000093446   0.0000043113  -0.0000056828
        0.0000028214  -0.0000061512   0.0000001356  -0.0000072969   0.0000822051
       -0.0001922167   0.0000213511   0.0006267233   0.0004190863  -0.0004118616
       -0.0000335096   0.0006970607   0.0003760095
        0.0000287611  -0.0000946447   0.0003273325   0.0004441491   0.0002973098
       -0.0004051975  -0.0445400258  -0.0181876088   0.0064326497   0.0003697420
        0.0005403200  -0.0009182845  -0.0000242821  -0.0001856508  -0.0001218699
        0.0000585077   0.0000026365   0.0002868553  -0.0004283841   0.0002412735
       -0.0000480945   0.0001123367  -0.0001623894  -0.0000500880   0.0000912438
       -0.0000375666   0.0000762111  -0.0000546186   0.0000194133  -0.0000083564
       -0.0000582465   0.0001667922  -0.0007094743   0.0001842411  -0.0002644971
        0.0002527615  -0.0000910023   0.0003109609   0.0004795099  -0.0000586284
        0.0001048168  -0.0001248481  -0.0001053242  -0.0001555116   0.0000022713
        0.0010339234   0.0251036772  -0.0067726848  -0.0046523971  -0.0288290669
        0.0078918081   0.0478333314   0.0210943944  -0.0066317670   0.0000100337
       -0.0000651345   0.0000595999  -0.0000559816   0.0000233696  -0.0000492514
        0.0000008518  -0.0000032404  -0.0000145298   0.0000017543   0.0000065508
       -0.0000106351   0.0000155896  -0.0000050696   0.0000162410   0.0000197978
       -0.0000057971   0.0000891235   0.0001000517  -0.0000096640  -0.0001445928
       -0.0002354248   0.0000943264   0.0000953105
        0.0000319692   0.0004589179  -0.0007490810   0.0004311930  -0.0017412438
        0.0042889809  -0.0187793353  -0.2531648466   0.0735959250  -0.0005827119
        0.0004904995  -0.0001755048   0.0005791655   0.0000892567   0.0003788859
        0.0004826834  -0.0000222961  -0.0004225755  -0.0002722331  -0.0001511111
        0.0001702845   0.0000181081  -0.0000085316  -0.0001000710  -0.0000056331
        0.0000780994  -0.0000320239  -0.0000142755  -0.0000000443   0.0000168050
       -0.0002913755  -0.0005392097   0.0009157299   0.0002559136   0.0000044950
        0.0002573763   0.0000411372   0.0002941935  -0.0000613284   0.0000281214
       -0.0000186855  -0.0001697685  -0.0000314084  -0.0002200262   0.0000422417
        0.0010211985  -0.0218321919   0.0050682704  -0.0041795942  -0.0165115938
        0.0038149938   0.0210943944   0.2925775537  -0.0870033355   0.0000073199
       -0.0000733097  -0.0000566935  -0.0000164221   0.0000032327   0.0000432351
       -0.0000108029  -0.0000138551   0.0000008693  -0.0000098465   0.0000098908
       -0.0000019915  -0.0000091585  -0.0000055365  -0.0000012537   0.0000665243
        0.0000844746   0.0000953499   0.0001145167   0.0000023663  -0.0000229774
        0.0000305520   0.0002095019   0.0001076571
       -0.0002555400   0.0000716539   0.0004049459   0.0013974527   0.0264724327
       -0.0169709290   0.0068487509   0.0748396643  -0.0667695166   0.0006901830
        0.0011244459   0.0000622195  -0.0004852123   0.0003345395   0.0002523808
        0.0001266563  -0.0003128884  -0.0001380922  -0.0002361075   0.0002499266
        0.0000917495   0.0001182488  -0.0001457616  -0.0001384269   0.0000931055
       -0.0000632123   0.0000259589   0.0000039421   0.0000043332  -0.0000074609
       -0.0006366629   0.0027160644  -0.0059243229  -0.0000126948  -0.0005335968
        0.0003839858   0.0004033801  -0.0003886574  -0.0003972554  -0.0000508197
       -0.0001222336   0.0001779289   0.0000379575  -0.0000018420  -0.0000949362
       -0.0007539221  -0.0092397466   0.0041786804  -0.0007816298  -0.0080287403
        0.0038521695  -0.0066317670  -0.0870033355   0.0808248182   0.0002003208
        0.0001164328   0.0000319130  -0.0000558724   0.0000167364  -0.0000277918
        0.0000103077  -0.0000022669  -0.0000012199   0.0000136618  -0.0000041748
        0.0000014135   0.0000056646   0.0000076196  -0.0000008554  -0.0000984768
       -0.0001629626   0.0000590617   0.0000300314   0.0000218935  -0.0000374025
        0.0000190420   0.0000336760   0.0001609840
        0.0001680856  -0.0010749989  -0.0010718534   0.0000191298  -0.0132467851
       -0.0112418611  -0.0018600335  -0.0014210205  -0.0009224034  -0.0401254069
        0.0225315797   0.0207692647  -0.0116197707   0.0244689551   0.0207664897
       -0.0058814309   0.0019341087   0.0027123583   0.0011377156   0.0011085598
        0.0011270125  -0.0012179486   0.0003945115   0.0002810940  -0.0000384677
       -0.0002420849  -0.0001890577  -0.0001117760  -0.0000365177  -0.0000456696
       -0.0012782503  -0.0005224496  -0.0008529736  -0.0000299381  -0.0006645195
        0.0003038406  -0.0005181138   0.0001961342  -0.0006741171  -0.0005781752
       -0.0006940211   0.0004565543  -0.0000386469   0.0001721661   0.0001822198
       -0.0001839675   0.0000239261   0.0000483398  -0.0001019551  -0.0000300143
       -0.0008319586   0.0000100337   0.0000073199   0.0002003208   0.0625840306
       -0.0332179091  -0.0312211438  -0.0003208784   0.0003233186   0.0002653829
        0.0000680755  -0.0000148102  -0.0000122805  -0.0000097868  -0.0000070309
        0.0000238990  -0.0000046622   0.0000229962  -0.0000080012  -0.0001427994
       -0.0001120072  -0.0001007239   0.0000674581   0.0000091184  -0.0000092446
        0.0000074790   0.0000914743   0.0000445120
        0.0016052263   0.0004656442   0.0002988164  -0.0007288806  -0.0075473274
       -0.0133468018  -0.0018911094  -0.0016276602  -0.0000913610   0.0247331244
       -0.1788862455  -0.1276785190   0.0094714647  -0.0133794617  -0.0039484252
        0.0002764208   0.0072301231  -0.0047408400   0.0002475089   0.0001237720
       -0.0010667688   0.0001835819  -0.0001933108   0.0003952905  -0.0001427990
        0.0001420774  -0.0001193068   0.0000476365  -0.0000471147   0.0000455349
       -0.0004980566  -0.0008497043  -0.0000092449  -0.0000475171  -0.0002121093
        0.0000290925  -0.0001269440   0.0002558022   0.0000236527  -0.0004602272
       -0.0000293113   0.0002951370   0.0003852646   0.0000394963   0.0000303313
       -0.0000713381   0.0000481940   0.0001271407  -0.0000241789   0.0000789988
       -0.0008210197  -0.0000651345  -0.0000733097   0.0001164328  -0.0332179091
        0.1944732656   0.1503405422   0.0002369565  -0.0001372328   0.0000505119
       -0.0000185430   0.0000055549   0.0000105032  -0.0000030610   0.0000089240
        0.0000075717  -0.0000236403  -0.0000015108  -0.0000150258   0.0000087110
       -0.0000023021   0.0000234122   0.0000659708   0.0000276827   0.0000085071
        0.0000574725   0.0000870654   0.0000348358
        0.0013448716   0.0006226756   0.0003832556  -0.0013301764  -0.0126017256
       -0.0034881409  -0.0004834302  -0.0003311037  -0.0008215748   0.0240044446
       -0.1275667522  -0.1428168218   0.0069372546  -0.0048429077  -0.0138110079
        0.0015358044  -0.0044343379   0.0088000225  -0.0001296149  -0.0013102972
        0.0001641006   0.0003711271   0.0003248724  -0.0003504769  -0.0000772702
       -0.0000770301   0.0002126377   0.0000486015   0.0000719608  -0.0000343001
       -0.0013441423  -0.0004193735  -0.0013827161   0.0002822417  -0.0003262743
        0.0005071252  -0.0003992848   0.0001946255  -0.0001131093  -0.0000359266
        0.0001154457   0.0002197058   0.0003372845   0.0000550622  -0.0000053649
       -0.0000454850   0.0001456242   0.0001725505  -0.0000832173   0.0000361048
        0.0000016958   0.0000595999  -0.0000566935   0.0000319130  -0.0312211438
        0.1503405422   0.1524778144   0.0002879885   0.0000371280  -0.0001420107
       -0.0000370483   0.0000110663  -0.0000012152  -0.0000183824  -0.0000100354
       -0.0000077777   0.0000048265   0.0000036045   0.0000123980  -0.0001460482
       -0.0001035800  -0.0000931073   0.0000662596   0.0000343773   0.0000261096
        0.0000708658   0.0000870213   0.0000582947
        0.0001660492   0.0002221870   0.0001198518   0.0007140796   0.0004544394
       -0.0000721782   0.0001369311   0.0000912411  -0.0000681398  -0.0016318363
        0.0011603390   0.0011670827   0.0006009771  -0.0027341953  -0.0018937564
       -0.0020465211   0.0010750897   0.0008412659   0.0157189532  -0.0044219984
       -0.0036038180  -0.0023028759  -0.0073176568  -0.0070068135  -0.0988448955
        0.0900294072   0.0809198188  -0.0104423524   0.0158661598   0.0144781576
        0.0000212876  -0.0004284139   0.0001077076   0.0001508539   0.0002225685
        0.0000325937  -0.0000764767  -0.0000082712  -0.0000112701  -0.0000573600
       -0.0000183239  -0.0000092904   0.0001094100   0.0000236738   0.0000065350
        0.0000089417  -0.0000310020  -0.0000508664   0.0000684014   0.0000350973
        0.0000596057  -0.0000559816  -0.0000164221  -0.0000558724  -0.0003208784
        0.0002369565   0.0002879885   0.1032470305  -0.0954595442  -0.0860577731
       -0.0053891728   0.0002574973   0.0000596758   0.0000564607   0.0003985202
        0.0003484498   0.0000923913   0.0003616573   0.0003461925   0.0000397948
        0.0000062895   0.0000307183   0.0000038957   0.0000077001   0.0000238271
        0.0000328930  -0.0000129960   0.0000003075
        0.0000502846  -0.0000332397   0.0000158298   0.0001247737   0.0003374391
       -0.0002442238   0.0000160634  -0.0000777967  -0.0000494311  -0.0001569826
       -0.0001191135  -0.0002448647  -0.0006178262   0.0002831354   0.0018449925
        0.0033441658  -0.0026643647  -0.0010174525   0.0007752354  -0.0201110306
       -0.0136575573  -0.0026985747   0.0024831245  -0.0036564974   0.0931773533
       -0.1806868567  -0.1577382368   0.0026989802  -0.0021436764   0.0015143346
       -0.0000046850  -0.0000474458  -0.0000661624   0.0000567517   0.0000190600
        0.0000112558   0.0000207865  -0.0000001484   0.0000108412  -0.0000029152
        0.0000246656   0.0000317280   0.0000246635  -0.0000102836  -0.0000144643
       -0.0000022402  -0.0000102613  -0.0000675362   0.0000098811   0.0000080949
        0.0000165350   0.0000233696   0.0000032327   0.0000167364   0.0003233186
       -0.0001372328   0.0000371280  -0.0954595442   0.2014450023   0.1730518337
       -0.0004957529   0.0008434460   0.0001662213  -0.0012076085   0.0004652539
        0.0003737597  -0.0000710914   0.0000683659  -0.0004076162   0.0000215404
        0.0000173506   0.0000194950   0.0000257789   0.0000213256   0.0000291940
        0.0000242744   0.0000219538   0.0000241576
        0.0000415581   0.0000550326  -0.0000126750   0.0001607756  -0.0001861829
        0.0003352381   0.0001478596   0.0000661086  -0.0000934364  -0.0002100881
       -0.0002042125  -0.0000056954  -0.0005448736   0.0017451246  -0.0001917588
        0.0030548041  -0.0010961392  -0.0021833461   0.0014952066  -0.0134117948
       -0.0176496337  -0.0026835321  -0.0039323233   0.0027864770   0.0837486960
       -0.1580974241  -0.1505185815   0.0022561885   0.0018498382  -0.0019393276
        0.0001060552  -0.0001065946   0.0000906623  -0.0000749140   0.0000292494
       -0.0001024141  -0.0000130122   0.0000282670   0.0000106321   0.0000103919
        0.0000107112   0.0000038908   0.0000546068  -0.0000124786  -0.0000078903
       -0.0000410598  -0.0000861779  -0.0000406248   0.0000616744   0.0000191044
        0.0000679348  -0.0000492514   0.0000432351  -0.0000277918   0.0002653829
        0.0000505119  -0.0001420107  -0.0860577731   0.1730518337   0.1682542701
       -0.0005665514   0.0001597668   0.0007902664   0.0000146581  -0.0004297283
        0.0000838458  -0.0012043335   0.0004512762   0.0004418739   0.0000333547
        0.0000346289   0.0000184339  -0.0000014257  -0.0000128419   0.0000141396
       -0.0000043977  -0.0000187904   0.0000175214
       -0.0000107392  -0.0000054751  -0.0000047660  -0.0000832338  -0.0000053839
        0.0000252805   0.0000053616  -0.0000034941  -0.0000237297  -0.0000549277
       -0.0002373740  -0.0001841922  -0.0007225211   0.0000618568  -0.0000289546
        0.0022682952   0.0002230774   0.0002312772  -0.0022938207   0.0022941581
        0.0020457384   0.0011932877  -0.0001703850  -0.0001068924  -0.0170037204
        0.0258762067   0.0235159488  -0.0509320494   0.0321824474   0.0296933442
        0.0000465568   0.0000306398   0.0000189180  -0.0000363622  -0.0000065682
       -0.0000352186   0.0000011419  -0.0000096198   0.0000057784  -0.0000017801
        0.0000039260  -0.0000063557   0.0000067456   0.0000020312   0.0000022075
       -0.0000286624   0.0000095006   0.0000033851   0.0000108583   0.0000025560
        0.0000167979   0.0000008518  -0.0000108029   0.0000103077   0.0000680755
       -0.0000185430  -0.0000370483  -0.0053891728  -0.0004957529  -0.0005665514
        0.0668060387  -0.0454990661  -0.0416232151   0.0031551986  -0.0077662961
       -0.0065817336   0.0030081662  -0.0064591842  -0.0063826728  -0.0000013541
        0.0000073378   0.0000043720   0.0000009255  -0.0000048104   0.0000022060
       -0.0000131596  -0.0000009820   0.0000057685
        0.0000098324   0.0000075445   0.0000094582   0.0000359197   0.0000388869
       -0.0000125620   0.0000182624  -0.0000057950  -0.0000024927  -0.0000551308
       -0.0000116459  -0.0000050037   0.0002393538   0.0000844576   0.0000902872
        0.0001582902  -0.0003752550  -0.0002002890  -0.0007254250   0.0010146553
       -0.0002886618  -0.0002929404  -0.0005490593   0.0006744765   0.0072082708
       -0.0039174796  -0.0041786038   0.0367523563  -0.1701392070  -0.1155256184
        0.0000014607  -0.0000129330   0.0000026858   0.0000111186   0.0000065856
       -0.0000000782  -0.0000050743  -0.0000039196  -0.0000021700  -0.0000082456
        0.0000043022   0.0000020168  -0.0000023578   0.0000089848   0.0000011315
        0.0000026734   0.0000094970  -0.0000011176  -0.0000065459   0.0000086118
        0.0000041018  -0.0000032404  -0.0000138551  -0.0000022669  -0.0000148102
        0.0000055549   0.0000110663   0.0002574973   0.0008434460   0.0001597668
       -0.0454990661   0.1923242784   0.1344224762   0.0037470183  -0.0243395916
       -0.0186874974  -0.0018116866   0.0050037105   0.0035210738  -0.0000098544
        0.0000001185   0.0000023233  -0.0000037213   0.0000026246   0.0000013202
       -0.0000039552   0.0000054825   0.0000041771
        0.0000024120   0.0000157575   0.0000048213   0.0000251259   0.0000107306
        0.0000092853   0.0000155590   0.0000102218  -0.0000140319  -0.0000602099
       -0.0000200862   0.0000003571   0.0002083806   0.0000826339   0.0000743107
        0.0002223161  -0.0002172784  -0.0003056720  -0.0007718871  -0.0002437430
        0.0010714263  -0.0002133645   0.0006933169  -0.0006684080   0.0062226796
       -0.0036680702  -0.0023797604   0.0339085189  -0.1156357632  -0.1509476699
        0.0000111857  -0.0000266200   0.0000216529   0.0000035305   0.0000145485
       -0.0000085298  -0.0000106175  -0.0000013436   0.0000056527  -0.0000026700
       -0.0000033340  -0.0000034701   0.0000055423   0.0000057976   0.0000086418
       -0.0000095254  -0.0000013947   0.0000103005  -0.0000009373   0.0000083328
        0.0000093446  -0.0000145298   0.0000008693  -0.0000012199  -0.0000122805
        0.0000105032  -0.0000012152   0.0000596758   0.0001662213   0.0007902664
       -0.0416232151   0.1344224762   0.1697732763  -0.0020413707   0.0055615540
        0.0058919056   0.0040763017  -0.0211824701  -0.0233428447   0.0000047001
        0.0000020635  -0.0000012725  -0.0000031791  -0.0000030362   0.0000004922
       -0.0000021412  -0.0000018874   0.0000023610
       -0.0000234688   0.0000072768   0.0000008395  -0.0000040604  -0.0000384280
        0.0000109130  -0.0000647077   0.0000114146  -0.0000082955  -0.0000746845
        0.0000231595   0.0000440293   0.0003677503  -0.0001697439  -0.0001675134
       -0.0026047400   0.0008218209  -0.0016718829  -0.0019311110   0.0004882324
        0.0071745609   0.0010760447  -0.0003339928  -0.0007320681  -0.0314119094
       -0.0276213653   0.0044374142  -0.0684033677  -0.0751948193   0.0261179962
        0.0000089135   0.0000440484   0.0000024062  -0.0000430289  -0.0000257074
       -0.0000057751   0.0000064917  -0.0000083629  -0.0000024580   0.0000049291
       -0.0000094844  -0.0000072685   0.0000061200  -0.0000070799   0.0000005207
        0.0000171594   0.0000075719   0.0000301582  -0.0000011839  -0.0000082433
        0.0000043113   0.0000017543  -0.0000098465   0.0000136618  -0.0000097868
       -0.0000030610  -0.0000183824   0.0000564607  -0.0012076085   0.0000146581
        0.0031551986   0.0037470183  -0.0020413707   0.0951149725   0.0926990565
       -0.0308622067   0.0047513890   0.0067880888  -0.0023290930  -0.0000008269
        0.0000038761  -0.0000031082   0.0000036317  -0.0000019944  -0.0000022698
        0.0000020602  -0.0000018268   0.0000002230
       -0.0000028337   0.0000051102  -0.0000099519   0.0000141738  -0.0000315773
        0.0000201625  -0.0000154523   0.0000104239   0.0000053532   0.0000212767
        0.0000283444   0.0000311326  -0.0000130234  -0.0001017927  -0.0000302885
       -0.0001182873   0.0000882847   0.0000681139   0.0006471389   0.0001043577
        0.0013213489  -0.0000165220   0.0002773145  -0.0001513717  -0.0060280948
        0.0042968124  -0.0019963302  -0.0774194140  -0.2267329328   0.0631610863
       -0.0000106333   0.0000029054   0.0000051468  -0.0000151362  -0.0000036391
       -0.0000000277   0.0000076223   0.0000124363  -0.0000036986   0.0000090548
       -0.0000036847   0.0000010396   0.0000011375  -0.0000048154  -0.0000018658
        0.0000037918  -0.0000137121   0.0000044261   0.0000018938  -0.0000088953
       -0.0000056828   0.0000065508   0.0000098908  -0.0000041748  -0.0000070309
        0.0000089240  -0.0000100354   0.0003985202   0.0004652539  -0.0004297283
       -0.0077662961  -0.0243395916   0.0055615540   0.0926990565   0.2560382110
       -0.0729476844  -0.0023900932  -0.0101119477   0.0054145543   0.0000000955
        0.0000055341  -0.0000013912  -0.0000034728   0.0000030242  -0.0000023797
       -0.0000040225  -0.0000042387   0.0000006927
        0.0000028685   0.0000007793  -0.0000005686  -0.0000125308   0.0000025383
        0.0000101658   0.0000103604  -0.0000000196  -0.0000098282   0.0000432767
       -0.0000392505  -0.0000312855  -0.0001059748   0.0001553740   0.0001451632
        0.0005662183  -0.0003383864  -0.0001417612  -0.0012239489  -0.0007715961
       -0.0011783614  -0.0002838865   0.0005648354   0.0002870990   0.0046172618
        0.0001492916   0.0029172087   0.0252397943   0.0632851901  -0.0649668116
        0.0000104399  -0.0000138088  -0.0000034366   0.0000031827   0.0000064081
        0.0000031095  -0.0000028300  -0.0000019457   0.0000032018   0.0000014995
        0.0000052542  -0.0000035964  -0.0000022544   0.0000022161   0.0000031843
       -0.0000083113  -0.0000106014  -0.0000030800   0.0000004160   0.0000036554
        0.0000028214  -0.0000106351  -0.0000019915   0.0000014135   0.0000238990
        0.0000075717  -0.0000077777   0.0003484498   0.0003737597   0.0000838458
       -0.0065817336  -0.0186874974   0.0058919056  -0.0308622067  -0.0729476844
        0.0694187292   0.0082288458   0.0282602769  -0.0124381480  -0.0000005534
        0.0000000549   0.0000054702   0.0000013414  -0.0000022195   0.0000057984
       -0.0000029885  -0.0000022045   0.0000055386
       -0.0000190519  -0.0000062019   0.0000082568   0.0000138950  -0.0000154402
       -0.0000066201  -0.0000760681  -0.0000124805   0.0000171848  -0.0000838275
        0.0000366054  -0.0000013801   0.0003919271  -0.0001475286  -0.0001313540
       -0.0026268585  -0.0015472143   0.0008827623  -0.0017228883   0.0072418160
       -0.0001495943   0.0010762638  -0.0008108760  -0.0002851548  -0.0303343207
        0.0033755491  -0.0288007564  -0.0628642842   0.0191903492  -0.0703605511
       -0.0000366060   0.0000711915  -0.0000496975  -0.0000067785  -0.0000168593
        0.0000239529   0.0000073162  -0.0000048496  -0.0000058739   0.0000028826
       -0.0000062402  -0.0000100562   0.0000010631  -0.0000038775  -0.0000041757
        0.0000299400   0.0000203807   0.0000191427  -0.0000064066  -0.0000070229
       -0.0000061512   0.0000155896  -0.0000091585   0.0000056646  -0.0000046622
       -0.0000236403   0.0000048265   0.0000923913  -0.0000710914  -0.0012043335
        0.0030081662  -0.0018116866   0.0040763017   0.0047513890  -0.0023900932
        0.0082288458   0.0883919654  -0.0230612236   0.0877643028  -0.0000057614
        0.0000029670  -0.0000060977   0.0000023555   0.0000035799  -0.0000050832
        0.0000023689   0.0000030460  -0.0000043615
        0.0000085179  -0.0000036540   0.0000012660  -0.0000138756   0.0000146047
        0.0000005049   0.0000151225   0.0000043972  -0.0000060230   0.0000533749
       -0.0000409064  -0.0000216880  -0.0001218234   0.0001771595   0.0001253452
        0.0006236750  -0.0001457731  -0.0003233921  -0.0011332293  -0.0013076178
       -0.0006915068  -0.0003147458   0.0003462766   0.0005679214   0.0050917080
        0.0026454534   0.0011567044   0.0181578196  -0.0577425081   0.0533466834
        0.0000093368  -0.0000187300  -0.0000098840  -0.0000036680   0.0000002919
       -0.0000044936   0.0000021329  -0.0000042627   0.0000066198  -0.0000005338
        0.0000029743   0.0000029944  -0.0000057975   0.0000038815  -0.0000001313
       -0.0000034862  -0.0000022487  -0.0000075005   0.0000011578   0.0000087274
        0.0000001356  -0.0000050696  -0.0000055365   0.0000076196   0.0000229962
       -0.0000015108   0.0000036045   0.0003616573   0.0000683659   0.0004512762
       -0.0064591842   0.0050037105  -0.0211824701   0.0067880888  -0.0101119477
        0.0282602769  -0.0230612236   0.0611001924  -0.0616749633  -0.0000099705
        0.0000025387  -0.0000073956   0.0000023905   0.0000009108  -0.0000009630
       -0.0000053709   0.0000052108  -0.0000005412
       -0.0000022100  -0.0000155369   0.0000011429   0.0000151751  -0.0000020856
       -0.0000122591  -0.0000335800  -0.0000091998   0.0000204723   0.0000370703
        0.0000530840   0.0000141263  -0.0000025458  -0.0000794206  -0.0000986388
       -0.0002532913   0.0000809463   0.0001180647   0.0007448183   0.0016424185
        0.0001001560   0.0000355425  -0.0002019616   0.0002199394  -0.0075466657
       -0.0016095404   0.0034445898  -0.0724074101   0.0532901431  -0.2394476950
       -0.0000269209   0.0000287799  -0.0000312692   0.0000007120  -0.0000123443
        0.0000169940   0.0000107622   0.0000026854  -0.0000024637   0.0000092760
       -0.0000033219   0.0000089589   0.0000008965  -0.0000057413   0.0000001211
        0.0000128823   0.0000103223  -0.0000099416  -0.0000072605  -0.0000096836
       -0.0000072969   0.0000162410  -0.0000012537  -0.0000008554  -0.0000080012
       -0.0000150258   0.0000123980   0.0003461925  -0.0004076162   0.0004418739
       -0.0063826728   0.0035210738  -0.0233428447  -0.0023290930   0.0054145543
       -0.0124381480   0.0877643028  -0.0616749633   0.2709937474  -0.0000005751
       -0.0000022249   0.0000006132   0.0000055226   0.0000025287   0.0000015358
        0.0000008324   0.0000033833  -0.0000033214
        0.0001250805   0.0003929856  -0.0000262082  -0.0030181509  -0.0017143783
       -0.0014413782   0.0000391931   0.0003551360  -0.0003423138   0.0005104930
       -0.0009452893   0.0005336725  -0.0004137138  -0.0002480376  -0.0004442568
       -0.0000083652   0.0002765718   0.0003497943   0.0001917198  -0.0002062917
       -0.0001173816  -0.0000421803   0.0001211868   0.0000354708  -0.0000618816
        0.0000159749  -0.0000103084  -0.0000232229  -0.0000065944   0.0000069064
       -0.0032607296  -0.0173477340   0.0042022855  -0.0379342724  -0.0047648107
        0.0060720247   0.0000298054   0.0000476724   0.0000149440   0.0000255786
        0.0000382849   0.0000328767   0.0000236319  -0.0001862604  -0.0000577020
        0.0000706997   0.0000258240  -0.0000255264  -0.0000534153   0.0000783250
        0.0000822051   0.0000197978   0.0000665243  -0.0000984768  -0.0001427994
        0.0000087110  -0.0001460482   0.0000397948   0.0000215404   0.0000333547
       -0.0000013541  -0.0000098544   0.0000047001  -0.0000008269   0.0000000955
       -0.0000005534  -0.0000057614  -0.0000099705  -0.0000005751   0.0439239901
        0.0054473785  -0.0026851739  -0.0004069915   0.0262662821  -0.0116414310
        0.0003738804  -0.0077232721   0.0056690989
       -0.0001173040   0.0002660066  -0.0000695935  -0.0023107083  -0.0010411515
       -0.0013395568   0.0000016583   0.0004321075  -0.0003103477   0.0004405801
       -0.0006991171   0.0003442267  -0.0003577473  -0.0002401542  -0.0003427454
        0.0000337210   0.0002265434   0.0002024767   0.0000199614  -0.0000280901
        0.0000641600   0.0000103894  -0.0000253627  -0.0000594045  -0.0000177945
       -0.0000028587  -0.0000423663  -0.0000160838  -0.0000015759   0.0000065344
       -0.0051078691  -0.0172367686   0.0022749758  -0.0013079729  -0.2439949922
        0.1034553693  -0.0000705875   0.0001376485   0.0000165468  -0.0000477289
       -0.0000248266   0.0000081019  -0.0001444219   0.0001318436   0.0000815371
        0.0000094130  -0.0000195750  -0.0000381937  -0.0000565341   0.0000114291
       -0.0001922167  -0.0000057971   0.0000844746  -0.0001629626  -0.0001120072
       -0.0000023021  -0.0001035800   0.0000062895   0.0000173506   0.0000346289
        0.0000073378   0.0000001185   0.0000020635   0.0000038761   0.0000055341
        0.0000000549   0.0000029670   0.0000025387  -0.0000022249   0.0054473785
        0.2769852889  -0.1141079796   0.0031878481  -0.0159217053   0.0079254446
        0.0005011365   0.0009375961   0.0023550512
        0.0000030637  -0.0000314217   0.0000294089  -0.0021656733  -0.0017250313
       -0.0011539837   0.0000412263   0.0006864727  -0.0000998417   0.0003372081
       -0.0007345978   0.0003054268  -0.0002196739  -0.0001125606  -0.0003030365
       -0.0000080248   0.0000963353   0.0002743246   0.0001629648  -0.0000234542
       -0.0000626310  -0.0000396157   0.0000214650   0.0000118479  -0.0000581064
       -0.0000241174  -0.0000133820  -0.0000029270   0.0000022109   0.0000055118
       -0.0008963826  -0.0102720625   0.0038454364   0.0038758234   0.0997241791
       -0.0877993415   0.0000021878   0.0000092363   0.0000023503  -0.0000258923
       -0.0000009315   0.0000762103   0.0000321754   0.0000760732  -0.0000366832
       -0.0002050266  -0.0000469390  -0.0000061666   0.0003206563  -0.0000437534
        0.0000213511   0.0000891235   0.0000953499   0.0000590617  -0.0001007239
        0.0000234122  -0.0000931073   0.0000307183   0.0000194950   0.0000184339
        0.0000043720   0.0000023233  -0.0000012725  -0.0000031082  -0.0000013912
        0.0000054702  -0.0000060977  -0.0000073956   0.0000006132  -0.0026851739
       -0.1141079796   0.1002287323  -0.0000934662  -0.0015303259   0.0011879844
        0.0016103731   0.0279054090  -0.0165027177
        0.0003679477   0.0000230865   0.0002043819   0.0007487583   0.0004861322
        0.0000493777  -0.0000840564  -0.0000108309  -0.0001268463   0.0000307996
        0.0004246329  -0.0000293641   0.0000710236  -0.0000757708   0.0000544573
       -0.0000760394   0.0000214732   0.0000432954   0.0000809388  -0.0000044151
       -0.0000993748  -0.0000309428   0.0000007376   0.0000484620  -0.0000149433
       -0.0000219790   0.0000237189  -0.0000168427  -0.0000025850  -0.0000045947
       -0.0232937014  -0.0013649767  -0.0079288861  -0.2344185480   0.1076746588
        0.0277929743   0.0000657987  -0.0000537204  -0.0001035789  -0.0000702765
        0.0000207427   0.0000101043   0.0007544266  -0.0004863862   0.0000127572
       -0.0000589185   0.0000757658  -0.0000225318   0.0001020249  -0.0003580052
        0.0006267233   0.0001000517   0.0001145167   0.0000300314   0.0000674581
        0.0000659708   0.0000662596   0.0000038957   0.0000257789  -0.0000014257
        0.0000009255  -0.0000037213  -0.0000031791   0.0000036317  -0.0000034728
        0.0000013414   0.0000023555   0.0000023905   0.0000055226  -0.0004069915
        0.0031878481  -0.0000934662   0.2654598723  -0.1166240293  -0.0251495022
       -0.0093886479   0.0068861580   0.0045933427
       -0.0008792920  -0.0005976873  -0.0003706855   0.0000039862   0.0002789663
        0.0004187719   0.0000236906  -0.0002645141   0.0000460443  -0.0003618275
        0.0001182612  -0.0001719667   0.0002968788   0.0002265187   0.0002434421
        0.0001329901  -0.0002583708  -0.0001197151  -0.0000516227  -0.0000632124
       -0.0001655663   0.0000064917   0.0000515617   0.0000693386   0.0000141503
        0.0000168510   0.0000646190  -0.0000025524   0.0000099059  -0.0000025300
       -0.0138165785   0.0027933585  -0.0022953160   0.1011621908  -0.0885297467
       -0.0094823226   0.0002818142   0.0002876381   0.0001910426  -0.0000467871
        0.0000316299  -0.0001090360   0.0007483438  -0.0011985676  -0.0000406636
        0.0000170310  -0.0000496129  -0.0000790421  -0.0001233473  -0.0000652477
        0.0004190863  -0.0000096640   0.0000023663   0.0000218935   0.0000091184
        0.0000276827   0.0000343773   0.0000077001   0.0000213256  -0.0000128419
       -0.0000048104   0.0000026246  -0.0000030362  -0.0000019944   0.0000030242
       -0.0000022195   0.0000035799   0.0000009108   0.0000025287   0.0262662821
       -0.0159217053  -0.0015303259  -0.1166240293   0.1043495867   0.0131484665
        0.0029482576  -0.0012735475  -0.0002743436
       -0.0000061903  -0.0001853850  -0.0000253529   0.0008733167   0.0000810005
        0.0003115371   0.0002688997   0.0000748600   0.0000760670   0.0001597468
        0.0003057602  -0.0000214417  -0.0000187828   0.0000112390   0.0000350032
       -0.0000876293  -0.0000345884   0.0000248853   0.0002103987  -0.0000646219
       -0.0001246696  -0.0000460645   0.0000543338   0.0000514711  -0.0000637519
       -0.0000188890   0.0000128697   0.0000057078  -0.0000003296  -0.0000000470
       -0.0140284611   0.0024705421  -0.0014555653   0.0226246424  -0.0095031673
       -0.0422112171   0.0001183413   0.0000884319  -0.0000487813  -0.0002098444
       -0.0001534518  -0.0002510570   0.0001335766  -0.0002406016   0.0006383649
       -0.0001533349  -0.0000863165  -0.0001052799   0.0003355895   0.0003430722
       -0.0004118616  -0.0001445928  -0.0000229774  -0.0000374025  -0.0000092446
        0.0000085071   0.0000261096   0.0000238271   0.0000291940   0.0000141396
        0.0000022060   0.0000013202   0.0000004922  -0.0000022698  -0.0000023797
        0.0000057984  -0.0000050832  -0.0000009630   0.0000015358  -0.0116414310
        0.0079254446   0.0011879844  -0.0251495022   0.0131484665   0.0471304739
        0.0268099303  -0.0142285011  -0.0048240562
       -0.0000461671   0.0002511571   0.0000104222   0.0002773181   0.0002513748
        0.0006412383   0.0005041237  -0.0003675059   0.0002169340  -0.0001631544
        0.0002033974  -0.0000927612   0.0002483880  -0.0000483115   0.0000026979
       -0.0000049857   0.0000810179   0.0000576325   0.0000084228  -0.0002527716
       -0.0002884576   0.0000173680   0.0001876059   0.0001621440   0.0000306750
        0.0000435238   0.0000862222  -0.0000023643   0.0000064299   0.0000010310
       -0.0012080345  -0.0056217933  -0.0198923511  -0.0577567485   0.0089485127
        0.0665262651   0.0000125572   0.0000778243   0.0000345466  -0.0001462072
        0.0000248356  -0.0000376768   0.0000327844  -0.0001011197   0.0001894894
       -0.0004050204  -0.0003636474   0.0001271495   0.0002702408   0.0002724718
       -0.0000335096  -0.0002354248   0.0000305520   0.0000190420   0.0000074790
        0.0000574725   0.0000708658   0.0000328930   0.0000242744  -0.0000043977
       -0.0000131596  -0.0000039552  -0.0000021412   0.0000020602  -0.0000040225
       -0.0000029885   0.0000023689  -0.0000053709   0.0000008324   0.0003738804
        0.0005011365   0.0016103731  -0.0093886479   0.0029482576   0.0268099303
        0.0675493549  -0.0071413461  -0.0762125323
       -0.0000019965  -0.0002352081   0.0000592250   0.0005220767   0.0003139774
       -0.0001934218  -0.0001823330  -0.0004786580   0.0001429622  -0.0005594745
        0.0000517731  -0.0001623711   0.0004231965   0.0002454974   0.0001908525
        0.0001196492  -0.0002863520  -0.0001083874  -0.0001432135   0.0001199602
       -0.0000308002   0.0000345022  -0.0000866127   0.0000194185   0.0000410978
       -0.0000339585   0.0000337278   0.0000090065   0.0000122091  -0.0000027474
       -0.0042980459  -0.0045255846  -0.0151582330   0.0118754396  -0.0398512019
       -0.0213783844  -0.0000373506  -0.0000033732  -0.0000113692  -0.0000501766
        0.0000991591   0.0001252108   0.0001239431   0.0000556321  -0.0001014055
       -0.0006832846  -0.0002176300   0.0001546210   0.0006123822  -0.0017382583
        0.0006970607   0.0000943264   0.0002095019   0.0000336760   0.0000914743
        0.0000870654   0.0000870213  -0.0000129960   0.0000219538  -0.0000187904
       -0.0000009820   0.0000054825  -0.0000018874  -0.0000018268  -0.0000042387
       -0.0000022045   0.0000030460   0.0000052108   0.0000033833  -0.0077232721
        0.0009375961   0.0279054090   0.0068861580  -0.0012735475  -0.0142285011
       -0.0071413461   0.0465696045   0.0219459353
       -0.0001456539   0.0001240986   0.0000133856   0.0000371540   0.0004345920
        0.0002417512   0.0001370375   0.0004688007   0.0001995071   0.0001022504
        0.0002639598  -0.0001168450   0.0001092058   0.0000066893   0.0000443720
       -0.0001285729   0.0000282407  -0.0000037897   0.0001478649   0.0000244343
        0.0000391309  -0.0000220303   0.0000009641  -0.0000363963  -0.0000515520
       -0.0000520309  -0.0000386442   0.0000130307  -0.0000026821  -0.0000020487
       -0.0080976960  -0.0077679080  -0.0160188959   0.0734394799  -0.0180511295
       -0.2675036469  -0.0000228648   0.0000450949   0.0000242483  -0.0000035638
        0.0001079962   0.0000152630   0.0001370065  -0.0000648198  -0.0001048485
        0.0000334294  -0.0000240762   0.0001041142   0.0001238050   0.0002601537
        0.0003760095   0.0000953105   0.0001076571   0.0001609840   0.0000445120
        0.0000348358   0.0000582947   0.0000003075   0.0000241576   0.0000175214
        0.0000057685   0.0000041771   0.0000023610   0.0000002230   0.0000006927
        0.0000055386  -0.0000043615  -0.0000005412  -0.0000033214   0.0056690989
        0.0023550512  -0.0165027177   0.0045933427  -0.0002743436  -0.0048240562
       -0.0762125323   0.0219459353   0.3038527289
