           1           2  0.986788159126291     
           2           3  0.970820094335088     
           2           4   1.00152752991142     
           4           5   1.88797136827627     
           5           6  0.954249583192410     
           6           7   1.01085014105529     
           6           8  0.114838220682796     
           7           8   1.57264886944587     
           7           9   1.28257685499037     
           8           9  0.170527722094465     
           9          10  0.991525610656938     
           2          11  0.941713783092947     
          11          12   1.01204546427008     
           1          13  0.977064607492014     
           1          14  0.983043007512524     
           1          15  0.981161420305241     
           3          16  0.977445860561595     
           3          17  0.977333915780799     
           3          18  0.978527993956283     
           4          19  0.930813733405939     
           9          20  0.915430008251685     
          10          21  0.972117100054305     
          10          22  0.978393011388376     
          10          23  0.973686021835108     
          12          24  0.981833487477419     
          12          25  0.979745729320389     
          12          26  0.974906916311296     
