           1           2   1.00854172111964     
           2           3  0.988977341945877     
           2           4   1.01173217168893     
           4           5   1.83676443457273     
           5           6  0.970822371929075     
           6           7   1.00059163490976     
           6           8  0.111920030051410     
           7           8   1.60547617004952     
           7           9   1.28071861375707     
           8           9  0.183964741059307     
           9          10  0.991914939279051     
           2          11  0.891859575443886     
          11          12   1.01261368405269     
           1          13  0.980013329758552     
           1          14  0.981852221397537     
           1          15  0.975599872066920     
           3          16  0.981944936147034     
           3          17  0.980211777376751     
           3          18  0.977762660471121     
           4          19  0.939364224394829     
           9          20  0.915895032445618     
          10          21  0.972312023229897     
          10          22  0.972583790931833     
          10          23  0.977971511572861     
          12          24  0.975314759154611     
          12          25  0.982162559285516     
          12          26  0.981668659140894     
