           1           2   1.02058312612721     
           2           3   1.00710466270570     
           3           4  0.999376409411640     
           4           5  0.924778420537264     
           5           6   1.16487218938415     
           5           7  0.168858910396884     
           6           7   1.68720088444528     
           6           8  0.999513415790566     
           1           9  0.986949203659642     
           1          10  0.985209114192941     
           1          11  0.986560473874768     
           2          12  0.977729264000493     
           2          13  0.977163230637020     
           3          14  0.971277944063861     
           3          15  0.976010865521328     
           4          16  0.965685313998321     
           4          17  0.969353679380085     
           8          18  0.977802431976259     
           8          19  0.945954129144485     
           8          20  0.964647804509502     
