           1           2   1.01953084143987     
           2           3   1.00580632196732     
           3           4   1.06202872932768     
           4           5   1.76306382792075     
           5           6   1.13235808978209     
           4           7  0.102949193827934     
           6           7   1.77622810833359     
           1           8  0.986041891237708     
           1           9  0.987281208526747     
           1          10  0.986895538412449     
           2          11  0.977411177432759     
           2          12  0.975036630002411     
           3          13  0.943800208769740     
           3          14  0.926772457692882     
           4          15  0.958870597660608     
           5          16  0.955385193352739     
           6          17  0.932142992225184     
