           1           2   1.02059365640702     
           2           3   1.00944172114393     
           3           4  0.988123583086549     
           4           5  0.984698011122376     
           5           6   1.70798385463808     
           5           7   1.16250756182348     
           6           7  0.156856674762238     
           1           8  0.987086317518532     
           1           9  0.982988170943682     
           1          10  0.986248299133561     
           2          11  0.976983075279770     
           2          12  0.975710201644897     
           3          13  0.970205761426282     
           3          14  0.974074943048948     
           4          15  0.971955044385638     
           4          16  0.944576920801549     
           7          17  0.809693535959926     
