           1           2   1.02072700233280     
           2           3   1.00827474498567     
           3           4   1.00562108472263     
           4           5  0.923094952521735     
           5           6   1.17039639435187     
           5           7  0.169625921657534     
           6           7   1.68251018656890     
           6           8  0.999052724045132     
           1           9  0.986702179736452     
           1          10  0.987032267666282     
           1          11  0.986889655449524     
           2          12  0.977534012643282     
           2          13  0.976917524162104     
           3          14  0.972583552917174     
           3          15  0.971518256662749     
           4          16  0.967331347754773     
           4          17  0.968358654743221     
           8          18  0.944750310672959     
           8          19  0.974728200394659     
           8          20  0.969295063992739     
