           1           2  0.982506409416435     
           2           3  0.984302204365254     
           3           4  0.985021450048496     
           4           5  0.981597779730932     
           5           6  0.984463862689175     
           1           7  0.978053710855108     
           1           8  0.979684484851488     
           1           9  0.978024420098795     
           3          10  0.967997729976212     
           3          11  0.963129767088385     
           4          12  0.966572248130637     
           4          13  0.967321118976728     
           6          14  0.976857293454202     
           6          15  0.978189012093501     
           6          16  0.976849086165747     
