           1           2   1.02017920014462     
           2           3   1.00539867085756     
           3           4  0.977755321812765     
           4           5  0.994800158629969     
           5           6   1.80460087111850     
           5           7   1.02492715190145     
           1           8  0.987139354336038     
           1           9  0.986832150567989     
           1          10  0.985813140863748     
           2          11  0.976153078992219     
           2          12  0.977698659141279     
           3          13  0.977652189059339     
           3          14  0.977235499379066     
           4          15  0.974272016542508     
           4          16  0.953766784266857     
           7          17  0.982341275286330     
           7          18  0.951709580502405     
           7          19  0.948398296045515     
