           1           2   1.03330942067368     
           2           3   1.82465249153897     
           2           4  0.965260965208903     
           4           5  0.940423221419381     
           5           6  0.989792439779287     
           5           7  0.154533217724636     
           6           7   1.46107491799192     
           5           8  0.142907714673427     
           6           8   1.46816333895329     
           7           8  0.295247572863055     
           1           9  0.926431252353149     
           1          10  0.958645737678915     
           1          11  0.971569306314147     
           4          12  0.936607951159235     
           4          13  0.924584786650999     
