*************************************************
******************* ORCA 6.0.1 ******************
*************************************************
$Calculation_Status
   &GeometryIndex 1
   &ListStatus       OUT
   &VERSION [&Type "String"] "6.0.1"
   &PROGNAME [&Type "String"] "LeanSCF"
   &STATUS [&Type "String"] "NORMAL TERMINATION"
$End
$Geometry
   &GeometryIndex 1
   &ListStatus       OUT
   &NATOMS [&Type "Integer"] 23
   &NCORELESSECP [&Type "Integer"] 0
   &NGHOSTATOMS [&Type "Integer"] 0
   &CartesianCoordinates [&Type "Coordinates", &Dim(23,4), &Units "Bohr"] 
              C      4.883419535021    3.137605579110    0.215623911443
              C      3.483008507341    0.728904221781   -0.540044909754
              C      5.366867828877   -1.271507582992   -1.421291418835
              C      1.892940548626   -0.218384410907    1.691041968105
              C     -0.041878571776   -2.227097320359    0.955589513245
              O     -1.814419008492   -1.280086258205   -0.863717399637
              C     -3.824913897563   -0.027336089448   -0.030951553172
              O     -4.257857481879    0.341580648722    2.191295746136
              C     -5.480745402882    0.814654551705   -2.170702605636
              H      5.999979361923    3.843294030999   -1.357643733388
              H      6.146304844928    2.760661456666    1.792803854020
              H      3.559914593548    4.605248485907    0.780846950736
              H      2.202675472068    1.170945389524   -2.105911775717
              H      4.404754237599   -2.958505364828   -2.085900600946
              H      6.623547760419   -1.794215018727    0.118822951771
              H      6.504747602335   -0.537040766387   -2.966027335989
              H      0.869945261208    1.368822844859    2.527849700098
              H      3.124296689216   -1.013930824466    3.139506241656
              H      0.843862089856   -3.841984461937    0.035249559897
              H     -1.083265161290   -2.846425024311    2.631925180932
              H     -6.917366032372    2.097130090816   -1.467757619220
              H     -6.373677667894   -0.838478641825   -3.002488274210
              H     -4.336781435793    1.718135936014   -3.614573818182
$End
$SCF_Energy
   &GeometryIndex 1
   &ListStatus       OUT
   &SCF_ENERGY [&Type "Double"]      -4.2475581634009234e+02
$End
$DFT_Energy
   &GeometryIndex 1
   &ListStatus       OUT
   &NALPHAEL [&Type "Integer"] 36
   &NBETAEL [&Type "Integer"] 36
   &NTOTALEL [&Type "Integer"] 72
   &EEXCHANGE [&Type "Double"]      -5.7459975232951273e+01
   &ECORR [&Type "Double"]      -2.3884444889465728e+00
   &ECNL [&Type "Double"]       0.0000000000000000e+00
   &EXC [&Type "Double"]      -5.9848419721897848e+01
   &EEMBED [&Type "Double"]       0.0000000000000000e+00
   &FINALEN [&Type "Double"]      -4.2475581634009234e+02  "No Van der Waals correction"
$End
$Mulliken_Population_Analysis
   &GeometryIndex 1
   &ListStatus       OUT
   &NATOMS [&Type "Integer"] 23
   &ATNO [&Type "ArrayOfIntegers", &Dim (23,1)] 
                                                         0

0                                                        6
1                                                        6
2                                                        6
3                                                        6
4                                                        6
5                                                        8
6                                                        6
7                                                        8
8                                                        6
9                                                        1
10                                                       1
11                                                       1
12                                                       1
13                                                       1
14                                                       1
15                                                       1
16                                                       1
17                                                       1
18                                                       1
19                                                       1
20                                                       1
21                                                       1
22                                                       1
   &ATOMICCHARGES [&Type "ArrayOfDoubles", &Dim (23,1)] 
                                                         0

0                                     -2.3144933185975969e-01
1                                     -1.9074676024878379e-01
2                                     -2.5572978548888425e-01
3                                     -1.7420378478053955e-01
4                                      3.7062649466318653e-02
5                                     -2.4697824970245996e-01
6                                      8.2660035413677946e-02
7                                     -2.1045364272143630e-01
8                                     -2.4316579333360799e-01
9                                      9.8270157428453908e-02
10                                     9.1741718005464934e-02
11                                     1.0027334329870263e-01
12                                     8.1292021320088059e-02
13                                     1.0364058334561355e-01
14                                     9.2405631993778048e-02
15                                     1.0061003157329307e-01
16                                     1.0193087322816374e-01
17                                     8.5722317061999620e-02
18                                     9.3827089940532238e-02
19                                     1.0359166209530679e-01
20                                     1.2374566291587685e-01
21                                     1.3152150390057005e-01
22                                     1.2443206714764710e-01
$End
$Loewdin_Population_Analysis
   &GeometryIndex 1
   &ListStatus       OUT
   &NATOMS [&Type "Integer"] 23
   &ATNO [&Type "ArrayOfIntegers", &Dim (23,1)] 
                                                         0

0                                                        6
1                                                        6
2                                                        6
3                                                        6
4                                                        6
5                                                        8
6                                                        6
7                                                        8
8                                                        6
9                                                        1
10                                                       1
11                                                       1
12                                                       1
13                                                       1
14                                                       1
15                                                       1
16                                                       1
17                                                       1
18                                                       1
19                                                       1
20                                                       1
21                                                       1
22                                                       1
   &ATOMICCHARGES [&Type "ArrayOfDoubles", &Dim (23,1)] 
                                                         0

0                                      1.4935461915978420e-05
1                                      6.3257722992396265e-05
2                                      1.1381386280276811e-05
3                                      2.3164687417102451e-04
4                                      1.0654004356012934e-02
5                                      1.4065170083876496e-01
6                                      2.3363416082926988e-01
7                                      6.0799518203717395e-01
8                                      6.3912415838805452e-03
9                                      1.8810832600726733e-07
10                                     2.3383789145166683e-07
11                                     1.9791806255573302e-07
12                                     1.8585022836026815e-06
13                                     1.2776769601248733e-06
14                                     6.5597913345584767e-07
15                                     2.7734144452406507e-07
16                                     1.4119929895830140e-05
17                                     2.1855386478985459e-06
18                                     6.4174650071775516e-05
19                                     8.1618843826110511e-05
20                                     1.3325539012215687e-04
21                                     4.3357614357236218e-05
22                                     9.0875785195955757e-06
$End
$Mayer_Population_Analysis
   &GeometryIndex 1
   &ListStatus       OUT
   &NATOMS [&Type "Integer"] 23 "Total number of atoms"
   &BONDTHRESH [&Type "Double"]       1.0000000000000001e-01  "The threshold for printing"
   &NBONDORDERSPRINT [&Type "Integer"] 22 "The number of bond orders larger than threshold"
   &BONDORDERS [&Type "ArrayOfDoubles", &Dim (22,1)] "The bond orders"
                                                         0

0                                      1.1154001048376125e+00
1                                      9.5184389215530696e-01
2                                      9.4951039752164557e-01
3                                      9.4894842298642090e-01
4                                      1.1042305602117639e+00
5                                      1.0738490080155687e+00
6                                      9.0262875123556330e-01
7                                      9.4726246621119126e-01
8                                      9.4920823983509095e-01
9                                      9.4967878121027527e-01
10                                     1.1410583917644348e+00
11                                     9.1107568927084159e-01
12                                     9.0864768146810293e-01
13                                     9.2471078567282305e-01
14                                     9.2197231444309513e-01
15                                     9.0492123634429023e-01
16                                     1.1829646340530739e+00
17                                     2.0482113305637561e+00
18                                     1.0833831686456321e+00
19                                     9.4228626635670110e-01
20                                     9.2541391582567345e-01
21                                     9.3225154018075251e-01
   &COMPONENTS [&Type "ArrayOfIntegers", &Dim (22,4)] "The indices and atomic numbers of the bonding atoms"
                                                         0                           1                           2                           3

0                                                        0                           6                           1                           6
1                                                        0                           6                           9                           1
2                                                        0                           6                          10                           1
3                                                        0                           6                          11                           1
4                                                        1                           6                           2                           6
5                                                        1                           6                           3                           6
6                                                        1                           6                          12                           1
7                                                        2                           6                          13                           1
8                                                        2                           6                          14                           1
9                                                        2                           6                          15                           1
10                                                       3                           6                           4                           6
11                                                       3                           6                          16                           1
12                                                       3                           6                          17                           1
13                                                       4                           6                           5                           8
14                                                       4                           6                          18                           1
15                                                       4                           6                          19                           1
16                                                       5                           8                           6                           6
17                                                       6                           6                           7                           8
18                                                       6                           6                           8                           6
19                                                       8                           6                          20                           1
20                                                       8                           6                          21                           1
21                                                       8                           6                          22                           1
   &ATNO [&Type "ArrayOfIntegers", &Dim (23,1)] "Atomic number of the elements"
                                                         0

0                                                        6
1                                                        6
2                                                        6
3                                                        6
4                                                        6
5                                                        8
6                                                        6
7                                                        8
8                                                        6
9                                                        1
10                                                       1
11                                                       1
12                                                       1
13                                                       1
14                                                       1
15                                                       1
16                                                       1
17                                                       1
18                                                       1
19                                                       1
20                                                       1
21                                                       1
22                                                       1
   &NA [&Type "ArrayOfDoubles", &Dim (23,1)] "Mulliken gross atomic population"
                                                         0

0                                      6.2314493318597659e+00
1                                      6.1907467602487865e+00
2                                      6.2557297854888896e+00
3                                      6.1742037847805511e+00
4                                      5.9629373505336751e+00
5                                      8.2469782497024475e+00
6                                      5.9173399645863176e+00
7                                      8.2104536427214470e+00
8                                      6.2431657933336009e+00
9                                      9.0172984257154609e-01
10                                     9.0825828199453418e-01
11                                     8.9972665670129770e-01
12                                     9.1870797867991139e-01
13                                     8.9635941665438701e-01
14                                     9.0759436800622129e-01
15                                     8.9938996842670638e-01
16                                     8.9806912677183703e-01
17                                     9.1427768293800049e-01
18                                     9.0617291005946854e-01
19                                     8.9640833790469365e-01
20                                     8.7625433708412293e-01
21                                     8.6847849609943006e-01
22                                     8.7556793285235257e-01
   &ZA [&Type "ArrayOfDoubles", &Dim (23,1)] "Total nuclear charge"
                                                         0

0                                      6.0000000000000000e+00
1                                      6.0000000000000000e+00
2                                      6.0000000000000000e+00
3                                      6.0000000000000000e+00
4                                      6.0000000000000000e+00
5                                      8.0000000000000000e+00
6                                      6.0000000000000000e+00
7                                      8.0000000000000000e+00
8                                      6.0000000000000000e+00
9                                      1.0000000000000000e+00
10                                     1.0000000000000000e+00
11                                     1.0000000000000000e+00
12                                     1.0000000000000000e+00
13                                     1.0000000000000000e+00
14                                     1.0000000000000000e+00
15                                     1.0000000000000000e+00
16                                     1.0000000000000000e+00
17                                     1.0000000000000000e+00
18                                     1.0000000000000000e+00
19                                     1.0000000000000000e+00
20                                     1.0000000000000000e+00
21                                     1.0000000000000000e+00
22                                     1.0000000000000000e+00
   &QA [&Type "ArrayOfDoubles", &Dim (23,1)] "Mulliken gross atomic charge"
                                                         0

0                                     -2.3144933185976591e-01
1                                     -1.9074676024878645e-01
2                                     -2.5572978548888958e-01
3                                     -1.7420378478055110e-01
4                                      3.7062649466324871e-02
5                                     -2.4697824970244753e-01
6                                      8.2660035413682387e-02
7                                     -2.1045364272144695e-01
8                                     -2.4316579333360089e-01
9                                      9.8270157428453908e-02
10                                     9.1741718005465822e-02
11                                     1.0027334329870230e-01
12                                     8.1292021320088614e-02
13                                     1.0364058334561299e-01
14                                     9.2405631993778714e-02
15                                     1.0061003157329362e-01
16                                     1.0193087322816297e-01
17                                     8.5722317061999509e-02
18                                     9.3827089940531461e-02
19                                     1.0359166209530635e-01
20                                     1.2374566291587707e-01
21                                     1.3152150390056994e-01
22                                     1.2443206714764743e-01
   &VA [&Type "ArrayOfDoubles", &Dim (23,1)] "Mayer's total valence"
                                                         0

0                                      3.9599558042264578e+00
1                                      4.2406661723467272e+00
2                                      3.9525045607260019e+00
3                                      4.0345860858301981e+00
4                                      4.0027391319580188e+00
5                                      2.2374694495363787e+00
6                                      4.4335196504708279e+00
7                                      2.2845765548212267e+00
8                                      3.8802077138765956e+00
9                                      9.5660927685506603e-01
10                                     9.6264655949152600e-01
11                                     9.5852781417395838e-01
12                                     9.5228963203752381e-01
13                                     9.6139792869271790e-01
14                                     9.6442678089468359e-01
15                                     9.5775247250536089e-01
16                                     9.7529396844409089e-01
17                                     9.6047272886098278e-01
18                                     9.6662399853002368e-01
19                                     9.7919252118375266e-01
20                                     9.7689268317647371e-01
21                                     9.6009951398200366e-01
22                                     9.6548979730560636e-01
   &BVA [&Type "ArrayOfDoubles", &Dim (23,1)] "Mayer's bonded valence"
                                                         0

0                                      3.9599558042264245e+00
1                                      4.2406661723467094e+00
2                                      3.9525045607259401e+00
3                                      4.0345860858301705e+00
4                                      4.0027391319580410e+00
5                                      2.2374694495363996e+00
6                                      4.4335196504708634e+00
7                                      2.2845765548212147e+00
8                                      3.8802077138766315e+00
9                                      9.5660927685506458e-01
10                                     9.6264655949152600e-01
11                                     9.5852781417395527e-01
12                                     9.5228963203752393e-01
13                                     9.6139792869271157e-01
14                                     9.6442678089468226e-01
15                                     9.5775247250535012e-01
16                                     9.7529396844409144e-01
17                                     9.6047272886098178e-01
18                                     9.6662399853002645e-01
19                                     9.7919252118375499e-01
20                                     9.7689268317647715e-01
21                                     9.6009951398200322e-01
22                                     9.6548979730560935e-01
   &FA [&Type "ArrayOfDoubles", &Dim (23,1)] "Mayer's free valence"
                                                         0

0                                      0.0000000000000000e+00
1                                      0.0000000000000000e+00
2                                      0.0000000000000000e+00
3                                      0.0000000000000000e+00
4                                      0.0000000000000000e+00
5                                      0.0000000000000000e+00
6                                      0.0000000000000000e+00
7                                      0.0000000000000000e+00
8                                      0.0000000000000000e+00
9                                      0.0000000000000000e+00
10                                     0.0000000000000000e+00
11                                     0.0000000000000000e+00
12                                     0.0000000000000000e+00
13                                     0.0000000000000000e+00
14                                     0.0000000000000000e+00
15                                     0.0000000000000000e+00
16                                     0.0000000000000000e+00
17                                     0.0000000000000000e+00
18                                     0.0000000000000000e+00
19                                     0.0000000000000000e+00
20                                     0.0000000000000000e+00
21                                     0.0000000000000000e+00
22                                     0.0000000000000000e+00
$End
$VdW_Correction
   &GeometryIndex 1
   &ListStatus       OUT
   &VDW [&Type "Double"]      -1.8716345887739228e-02
$End
$Calculation_Info
   &GeometryIndex 1
   &ListStatus       OUT
   &MULT [&Type "Integer"] 1
   &CHARGE [&Type "Integer"] 0
   &NUMOFATOMS [&Type "Integer"] 23
   &NUMOFELECTRONS [&Type "Integer"] 72
   &NUMOFFCELECTRONS [&Type "Integer"] 1
   &NUMOFCORRELECTRONS [&Type "Integer"] 0
   &NUMOFBASISFUNCTS [&Type "Integer"] 154
   &NUMOFAUXCBASISFUNCTS [&Type "Integer"] 0
   &NUMOFAUXJBASISFUNCTS [&Type "Integer"] 595
   &NUMOFAUXJKBASISFUNCTS [&Type "Integer"] 0
   &NUMOFCABSBASISFUNCTS [&Type "Integer"] 0
   &TOTALENERGY [&Type "Double"]      -4.2467077510188011e+02  "Hartrees"
$End
$SCF_Dipole_Moment
   &GeometryIndex 1
   &ListStatus       OUT
   &METHOD [&Type "String"] "SCF"
   &LEVEL [&Type "String"] "Relaxed density"
   &MULT [&Type "Integer"] 1
   &STATE [&Type "Integer"] -1
   &IRREP [&Type "Integer"] 0
   &NATOMS [&Type "Integer"] 23
   &DODIPOLEATOM [&Type "Boolean"] false
   &DIPOLEELECCONTRIB [&Type "ArrayOfDoubles", &Dim (3,1)] "Electronic contribution"
                                                         0

0                                     -1.0273523260152229e+01
1                                     -2.0370545808938609e+00
2                                      2.1616690600916448e+00
   &DIPOLENUCCONTRIB [&Type "ArrayOfDoubles", &Dim (3,1)] "Nuclear contribution"
                                                         0

0                                      1.0660380797500128e+01
1                                      1.8462328440863325e+00
2                                     -2.7564805938307266e+00
   &DIPOLETOTAL [&Type "ArrayOfDoubles", &Dim (3,1)] "Total"
                                                         0

0                                      3.8685753734789863e-01
1                                     -1.9082173680752845e-01
2                                     -5.9481153373908180e-01
   &DIPOLEMAGNITUDE [&Type "Double", &Units "a.u."]       7.3476013100205784e-01
$End
