*************************************************
******************* ORCA 6.0.0 ******************
*************************************************
$Calculation_Status
   &GeometryIndex 1
   &ListStatus       OUT
   &VERSION [&Type "String"] "6.0.0"
   &PROGNAME [&Type "String"] "LeanSCF"
   &STATUS [&Type "String"] "NORMAL TERMINATION"
$End
$Geometry
   &GeometryIndex 1
   &ListStatus       OUT
   &NATOMS [&Type "Integer"] 26
   &NCORELESSECP [&Type "Integer"] 0
   &NGHOSTATOMS [&Type "Integer"] 0
   &CartesianCoordinates [&Type "Coordinates", &Dim(26,4), &Units "Bohr"] 
              C      3.183856383597   -2.581857329399   -3.134937796413
              C      3.609594027181   -1.185714610075   -0.638852440917
              C      6.412410874990   -1.078698210442    0.006283736427
              C      2.134148236898   -2.395259460762    1.442670932205
              N     -0.216603670004   -2.626902159611    1.762563177081
              O     -1.795294295746   -1.662646472675   -0.181691062638
              C     -3.680657084528   -0.104132437179    0.655419548801
              O     -3.725419286354    0.803503235648    2.765670151029
              N     -5.342571984123    0.290909446373   -1.192484774292
              C     -7.431701974342    2.036335318299   -0.956614369742
              S      2.414612800700    2.101266078281   -1.148407093065
              C      2.209493787452    3.349683924019    2.037315067978
              H      1.180049038216   -2.681069707741   -3.571174345114
              H      4.142554973867   -1.578905203767   -4.648802015119
              H      3.936379663425   -4.488872321488   -2.998059248048
              H      6.731008910121   -0.086294422329    1.777692832845
              H      7.425585179724   -0.096023246283   -1.485424909030
              H      7.163133399825   -2.984061407280    0.179851195039
              H      3.199129539495   -3.228749184964    2.979152235533
              H     -5.037472649028   -0.546167079320   -2.877473967542
              H     -9.202668509939    1.062754105013   -1.341308170056
              H     -7.203806455585    3.606333392987   -2.268881911519
              H     -7.443714174226    2.750857904626    0.971220635052
              H      3.972613087879    3.026971030453    3.032296073474
              H      0.628380184529    2.496166499014    3.036961378520
              H      1.883750447610    5.362403136590    1.818532955324
$End
$SCF_Energy
   &GeometryIndex 1
   &ListStatus       OUT
   &SCF_ENERGY [&Type "Double"]      -9.3189576708376046e+02
$End
$DFT_Energy
   &GeometryIndex 1
   &ListStatus       OUT
   &NALPHAEL [&Type "Integer"] 51
   &NBETAEL [&Type "Integer"] 51
   &NTOTALEL [&Type "Integer"] 102
   &EEXCHANGE [&Type "Double"]      -9.5531144993137048e+01
   &ECORR [&Type "Double"]      -3.5050811243508595e+00
   &ECNL [&Type "Double"]       0.0000000000000000e+00
   &EXC [&Type "Double"]      -9.9036226117487914e+01
   &EEMBED [&Type "Double"]       0.0000000000000000e+00
   &FINALEN [&Type "Double"]      -9.3189576708376046e+02  "No Van der Waals correction"
$End
$Mulliken_Population_Analysis
   &GeometryIndex 1
   &ListStatus       OUT
   &NATOMS [&Type "Integer"] 26
   &ATNO [&Type "ArrayOfIntegers", &Dim (26,1)] 
                                                         0

0                                                        6
1                                                        6
2                                                        6
3                                                        6
4                                                        7
5                                                        8
6                                                        6
7                                                        8
8                                                        7
9                                                        6
10                                                      16
11                                                       6
12                                                       1
13                                                       1
14                                                       1
15                                                       1
16                                                       1
17                                                       1
18                                                       1
19                                                       1
20                                                       1
21                                                       1
22                                                       1
23                                                       1
24                                                       1
25                                                       1
   &ATOMICCHARGES [&Type "ArrayOfDoubles", &Dim (26,1)] 
                                                         0

0                                     -1.9246771439785881e-01
1                                     -3.2053682633715841e-01
2                                     -1.8798008549930856e-01
3                                     -7.6531051983248943e-02
4                                      7.1819378442625315e-02
5                                     -2.4182658013835123e-01
6                                      2.2156277400047664e-01
7                                     -2.3292216705091562e-01
8                                     -2.8168517018030581e-01
9                                     -1.7327345589986543e-01
10                                    -4.4580774322763972e-02
11                                    -3.8956764304096048e-01
12                                     1.2717741589226450e-01
13                                     1.1313890744565946e-01
14                                     1.0856600036865938e-01
15                                     1.1169164123598607e-01
16                                     1.1322536973963693e-01
17                                     1.0161741431955884e-01
18                                     1.0607845104479163e-01
19                                     2.3350068998967033e-01
20                                     1.1554908193708835e-01
21                                     1.1533832419963885e-01
22                                     1.4013584918516253e-01
23                                     1.3417637097208335e-01
24                                     1.8337914240014785e-01
25                                     1.4441465767744965e-01
$End
$Loewdin_Population_Analysis
   &GeometryIndex 1
   &ListStatus       OUT
   &NATOMS [&Type "Integer"] 26
   &ATNO [&Type "ArrayOfIntegers", &Dim (26,1)] 
                                                         0

0                                                        6
1                                                        6
2                                                        6
3                                                        6
4                                                        7
5                                                        8
6                                                        6
7                                                        8
8                                                        7
9                                                        6
10                                                      16
11                                                       6
12                                                       1
13                                                       1
14                                                       1
15                                                       1
16                                                       1
17                                                       1
18                                                       1
19                                                       1
20                                                       1
21                                                       1
22                                                       1
23                                                       1
24                                                       1
25                                                       1
   &ATOMICCHARGES [&Type "ArrayOfDoubles", &Dim (26,1)] 
                                                         0

0                                      7.0719001081749882e-05
1                                      3.6707865255740232e-03
2                                      3.3698585537966737e-04
3                                      1.3058455970369032e-02
4                                      1.3080744393167767e-01
5                                      3.4019783306021151e-01
6                                      1.7787362660116005e-01
7                                      2.6598393803768222e-01
8                                      6.0927558680113125e-02
9                                      5.7851045495293041e-03
10                                     9.7766483367523781e-05
11                                     6.8148020365347902e-05
12                                     2.1014122629698983e-05
13                                     4.4363025892783538e-06
14                                     3.1473229030841619e-07
15                                     1.1179633720862015e-06
16                                     4.4853845546394599e-06
17                                     1.5479872583446522e-07
18                                     8.0799501756182603e-06
19                                     8.6049594246826811e-04
20                                     6.3966120420290944e-05
21                                     4.4132801048094254e-05
22                                     5.4354996716043984e-05
23                                     2.4363210480393464e-06
24                                     5.4039865503327525e-05
25                                     2.6039819476901800e-06
$End
$Mayer_Population_Analysis
   &GeometryIndex 1
   &ListStatus       OUT
   &NATOMS [&Type "Integer"] 26 "Total number of atoms"
   &BONDTHRESH [&Type "Double"]       1.0000000000000001e-01  "The threshold for printing"
   &NBONDORDERSPRINT [&Type "Integer"] 25 "The number of bond orders larger than threshold"
   &BONDORDERS [&Type "ArrayOfDoubles", &Dim (25,1)] "The bond orders"
                                                         0

0                                      1.0585115478797580e+00
1                                      9.3591588497045231e-01
2                                      9.4031004398690388e-01
3                                      9.4255956823509068e-01
4                                      1.0374212626993373e+00
5                                      8.9116479253108261e-01
6                                      1.0001480286610083e+00
7                                      9.4136381306336236e-01
8                                      9.4276422744614674e-01
9                                      9.3247075493757681e-01
10                                     2.0099564273709056e+00
11                                     9.3101998222103421e-01
12                                     9.1689544594792804e-01
13                                     1.0266942366013658e+00
14                                     1.9971649696875657e+00
15                                     1.2477121942458635e+00
16                                     1.0225099458617910e+00
17                                     8.5741201607995232e-01
18                                     9.5945062334175990e-01
19                                     9.5800841642971624e-01
20                                     9.3787370677682635e-01
21                                     1.0516608878862552e+00
22                                     9.3524825055006544e-01
23                                     9.0159943475831239e-01
24                                     9.4426895313424442e-01
   &COMPONENTS [&Type "ArrayOfIntegers", &Dim (25,4)] "The indices and atomic numbers of the bonding atoms"
                                                         0                           1                           2                           3

0                                                        0                           6                           1                           6
1                                                        0                           6                          12                           1
2                                                        0                           6                          13                           1
3                                                        0                           6                          14                           1
4                                                        1                           6                           2                           6
5                                                        1                           6                           3                           6
6                                                        1                           6                          10                          16
7                                                        2                           6                          15                           1
8                                                        2                           6                          16                           1
9                                                        2                           6                          17                           1
10                                                       3                           6                           4                           7
11                                                       3                           6                          18                           1
12                                                       4                           7                           5                           8
13                                                       5                           8                           6                           6
14                                                       6                           6                           7                           8
15                                                       6                           6                           8                           7
16                                                       8                           7                           9                           6
17                                                       8                           7                          19                           1
18                                                       9                           6                          20                           1
19                                                       9                           6                          21                           1
20                                                       9                           6                          22                           1
21                                                      10                          16                          11                           6
22                                                      11                           6                          23                           1
23                                                      11                           6                          24                           1
24                                                      11                           6                          25                           1
   &ATNO [&Type "ArrayOfIntegers", &Dim (26,1)] "Atomic number of the elements"
                                                         0

0                                                        6
1                                                        6
2                                                        6
3                                                        6
4                                                        7
5                                                        8
6                                                        6
7                                                        8
8                                                        7
9                                                        6
10                                                      16
11                                                       6
12                                                       1
13                                                       1
14                                                       1
15                                                       1
16                                                       1
17                                                       1
18                                                       1
19                                                       1
20                                                       1
21                                                       1
22                                                       1
23                                                       1
24                                                       1
25                                                       1
   &NA [&Type "ArrayOfDoubles", &Dim (26,1)] "Mulliken gross atomic population"
                                                         0

0                                      6.1924677143978517e+00
1                                      6.3205368263371566e+00
2                                      6.1879800854993094e+00
3                                      6.0765310519832623e+00
4                                      6.9281806215573631e+00
5                                      8.2418265801383743e+00
6                                      5.7784372259995234e+00
7                                      8.2329221670509316e+00
8                                      7.2816851701802978e+00
9                                      6.1732734558998583e+00
10                                     1.6044580774322792e+01
11                                     6.3895676430409569e+00
12                                     8.7282258410773528e-01
13                                     8.8686109255434042e-01
14                                     8.9143399963133940e-01
15                                     8.8830835876401337e-01
16                                     8.8677463026036329e-01
17                                     8.9838258568044094e-01
18                                     8.9392154895520848e-01
19                                     7.6649931001032900e-01
20                                     8.8445091806291187e-01
21                                     8.8466167580036037e-01
22                                     8.5986415081483758e-01
23                                     8.6582362902791665e-01
24                                     8.1662085759985237e-01
25                                     8.5558534232254979e-01
   &ZA [&Type "ArrayOfDoubles", &Dim (26,1)] "Total nuclear charge"
                                                         0

0                                      6.0000000000000000e+00
1                                      6.0000000000000000e+00
2                                      6.0000000000000000e+00
3                                      6.0000000000000000e+00
4                                      7.0000000000000000e+00
5                                      8.0000000000000000e+00
6                                      6.0000000000000000e+00
7                                      8.0000000000000000e+00
8                                      7.0000000000000000e+00
9                                      6.0000000000000000e+00
10                                     1.6000000000000000e+01
11                                     6.0000000000000000e+00
12                                     1.0000000000000000e+00
13                                     1.0000000000000000e+00
14                                     1.0000000000000000e+00
15                                     1.0000000000000000e+00
16                                     1.0000000000000000e+00
17                                     1.0000000000000000e+00
18                                     1.0000000000000000e+00
19                                     1.0000000000000000e+00
20                                     1.0000000000000000e+00
21                                     1.0000000000000000e+00
22                                     1.0000000000000000e+00
23                                     1.0000000000000000e+00
24                                     1.0000000000000000e+00
25                                     1.0000000000000000e+00
   &QA [&Type "ArrayOfDoubles", &Dim (26,1)] "Mulliken gross atomic charge"
                                                         0

0                                     -1.9246771439785171e-01
1                                     -3.2053682633715663e-01
2                                     -1.8798008549930945e-01
3                                     -7.6531051983262266e-02
4                                      7.1819378442636861e-02
5                                     -2.4182658013837433e-01
6                                      2.2156277400047664e-01
7                                     -2.3292216705093161e-01
8                                     -2.8168517018029782e-01
9                                     -1.7327345589985832e-01
10                                    -4.4580774322792394e-02
11                                    -3.8956764304095692e-01
12                                     1.2717741589226472e-01
13                                     1.1313890744565958e-01
14                                     1.0856600036866060e-01
15                                     1.1169164123598663e-01
16                                     1.1322536973963671e-01
17                                     1.0161741431955906e-01
18                                     1.0607845104479152e-01
19                                     2.3350068998967100e-01
20                                     1.1554908193708813e-01
21                                     1.1533832419963963e-01
22                                     1.4013584918516242e-01
23                                     1.3417637097208335e-01
24                                     1.8337914240014763e-01
25                                     1.4441465767745021e-01
   &VA [&Type "ArrayOfDoubles", &Dim (26,1)] "Mayer's total valence"
                                                         0

0                                      3.8732362506777589e+00
1                                      4.0575947837556745e+00
2                                      3.8477547114539097e+00
3                                      3.9340352221317851e+00
4                                      3.0639840275065726e+00
5                                      2.1589932105061602e+00
6                                      4.3917468876151355e+00
7                                      2.2916826920423894e+00
8                                      3.2440687571985132e+00
9                                      3.9016035404995679e+00
10                                     2.1743346341074923e+00
11                                     3.8621975386870711e+00
12                                     9.8529740043110703e-01
13                                     9.6353643378425324e-01
14                                     9.6036098694845906e-01
15                                     9.6952126094454039e-01
16                                     9.7513415486856114e-01
17                                     9.5875797967368304e-01
18                                     9.6402754530958035e-01
19                                     9.2405967450989346e-01
20                                     9.5371343261554997e-01
21                                     9.5262752295511077e-01
22                                     9.9661717442012743e-01
23                                     9.5243899695744028e-01
24                                     9.8131345839792450e-01
25                                     9.4941076282163750e-01
   &BVA [&Type "ArrayOfDoubles", &Dim (26,1)] "Mayer's bonded valence"
                                                         0

0                                      3.8732362506777611e+00
1                                      4.0575947837556239e+00
2                                      3.8477547114539186e+00
3                                      3.9340352221316999e+00
4                                      3.0639840275065540e+00
5                                      2.1589932105060590e+00
6                                      4.3917468876151249e+00
7                                      2.2916826920422926e+00
8                                      3.2440687571985314e+00
9                                      3.9016035404995857e+00
10                                     2.1743346341074168e+00
11                                     3.8621975386870404e+00
12                                     9.8529740043109981e-01
13                                     9.6353643378425102e-01
14                                     9.6036098694846217e-01
15                                     9.6952126094453384e-01
16                                     9.7513415486855370e-01
17                                     9.5875797967368837e-01
18                                     9.6402754530957524e-01
19                                     9.2405967450989646e-01
20                                     9.5371343261554553e-01
21                                     9.5262752295510655e-01
22                                     9.9661717442012654e-01
23                                     9.5243899695743206e-01
24                                     9.8131345839791695e-01
25                                     9.4941076282163606e-01
   &FA [&Type "ArrayOfDoubles", &Dim (26,1)] "Mayer's free valence"
                                                         0

0                                      0.0000000000000000e+00
1                                      0.0000000000000000e+00
2                                      0.0000000000000000e+00
3                                      0.0000000000000000e+00
4                                      0.0000000000000000e+00
5                                      0.0000000000000000e+00
6                                      0.0000000000000000e+00
7                                      0.0000000000000000e+00
8                                      0.0000000000000000e+00
9                                      0.0000000000000000e+00
10                                     0.0000000000000000e+00
11                                     0.0000000000000000e+00
12                                     0.0000000000000000e+00
13                                     0.0000000000000000e+00
14                                     0.0000000000000000e+00
15                                     0.0000000000000000e+00
16                                     0.0000000000000000e+00
17                                     0.0000000000000000e+00
18                                     0.0000000000000000e+00
19                                     0.0000000000000000e+00
20                                     0.0000000000000000e+00
21                                     0.0000000000000000e+00
22                                     0.0000000000000000e+00
23                                     0.0000000000000000e+00
24                                     0.0000000000000000e+00
25                                     0.0000000000000000e+00
$End
$VdW_Correction
   &GeometryIndex 1
   &ListStatus       OUT
   &VDW [&Type "Double"]      -2.8832693412632827e-02
$End
$Calculation_Info
   &GeometryIndex 1
   &ListStatus       OUT
   &MULT [&Type "Integer"] 1
   &CHARGE [&Type "Integer"] 0
   &NUMOFATOMS [&Type "Integer"] 26
   &NUMOFELECTRONS [&Type "Integer"] 102
   &NUMOFFCELECTRONS [&Type "Integer"] 1
   &NUMOFCORRELECTRONS [&Type "Integer"] 0
   &NUMOFBASISFUNCTS [&Type "Integer"] 200
   &NUMOFAUXCBASISFUNCTS [&Type "Integer"] 0
   &NUMOFAUXJBASISFUNCTS [&Type "Integer"] 744
   &NUMOFAUXJKBASISFUNCTS [&Type "Integer"] 0
   &NUMOFCABSBASISFUNCTS [&Type "Integer"] 0
   &TOTALENERGY [&Type "Double"]      -9.3180668301947310e+02  "Hartrees"
$End
$SCF_Dipole_Moment
   &GeometryIndex 1
   &ListStatus       OUT
   &METHOD [&Type "String"] "SCF"
   &LEVEL [&Type "String"] "Relaxed density"
   &MULT [&Type "Integer"] 1
   &STATE [&Type "Integer"] -1
   &IRREP [&Type "Integer"] 0
   &NATOMS [&Type "Integer"] 26
   &DODIPOLEATOM [&Type "Boolean"] false
   &DIPOLEELECCONTRIB [&Type "ArrayOfDoubles", &Dim (3,1)] "Electronic contribution"
                                                         0

0                                     -5.3362440101256103e+00
1                                     -1.3328111679803352e+00
2                                      1.6276779350868871e+00
   &DIPOLENUCCONTRIB [&Type "ArrayOfDoubles", &Dim (3,1)] "Nuclear contribution"
                                                         0

0                                      5.5507551219133395e+00
1                                      1.2527002817127944e+00
2                                     -2.6390894750466254e+00
   &DIPOLETOTAL [&Type "ArrayOfDoubles", &Dim (3,1)] "Total"
                                                         0

0                                      2.1451111178772919e-01
1                                     -8.0110886267540815e-02
2                                     -1.0114115399597383e+00
   &DIPOLEMAGNITUDE [&Type "Double", &Units "a.u."]       1.0370082325337189e+00
$End
