           1           2  0.992561404863986     
           2           3   1.01665441038689     
           3           4  0.922952620426937     
           1           5   1.01665240670105     
           5           6  0.922954449799342     
           1           7  0.973676031168826     
           1           8  0.973671129896145     
           2           9  0.973673204662508     
           2          10  0.973671553581740     
           3          11  0.975919097797653     
           3          12  0.975917406110256     
           5          13  0.975920634108041     
           5          14  0.975922053228222     
