           1           2   1.02056386450419     
           2           3   1.00712290557955     
           3           4  0.999363979211825     
           4           5  0.924799982593848     
           5           6   1.16483274315898     
           5           7  0.168823256304021     
           6           7   1.68736099639110     
           6           8  0.999447300309141     
           1           9  0.986953083605303     
           1          10  0.985231982234569     
           1          11  0.986563540394969     
           2          12  0.977717370530631     
           2          13  0.977182393038115     
           3          14  0.971282888817281     
           3          15  0.976016186179584     
           4          16  0.965755319402082     
           4          17  0.969374413159386     
           8          18  0.977496504721249     
           8          19  0.945707893612097     
           8          20  0.965276398061504     
