*************************************************
******************* ORCA 6.0.1 ******************
*************************************************
$Calculation_Status
   &GeometryIndex 1
   &ListStatus       OUT
   &VERSION [&Type "String"] "6.0.1"
   &PROGNAME [&Type "String"] "LeanSCF"
   &STATUS [&Type "String"] "NORMAL TERMINATION"
$End
$Geometry
   &GeometryIndex 1
   &ListStatus       OUT
   &NATOMS [&Type "Integer"] 23
   &NCORELESSECP [&Type "Integer"] 0
   &NGHOSTATOMS [&Type "Integer"] 0
   &CartesianCoordinates [&Type "Coordinates", &Dim(23,4), &Units "Bohr"] 
              C      5.737139134078   -1.074498721566    2.135413267571
              C      4.391400099346    1.033534669713    0.693839343118
              C      5.030949228998    0.909309500585   -2.118374577396
              C      1.528012386810    1.013793283583    1.154958363312
              C      0.176975598025   -1.341995208526    0.180123305020
              O     -2.446172600401   -1.279430941622    0.868159066555
              C     -4.046572883740   -0.043392933293   -0.619429490459
              O     -3.422778231547    0.991398191894   -2.569984502297
              C     -6.682517972496   -0.095031040096    0.417621059512
              H      5.221055385729   -1.039083485410    4.123212545207
              H      7.771917291964   -0.832906288644    1.989738704701
              H      5.258006589019   -2.915058481554    1.361205720507
              H      5.078663271107    2.845562290820    1.424464271849
              H      7.032432904764    1.273677913993   -2.404177715981
              H      3.958234211993    2.312393308909   -3.169150796739
              H      4.603647486683   -0.947427283595   -2.885716871680
              H      0.686527073732    2.658034186919    0.229283246325
              H      1.163789653901    1.169934811231    3.180754606963
              H      0.311950428724   -1.468488542612   -1.877585721033
              H      0.902253881330   -3.054404139763    1.063455621053
              H     -8.021077572739   -0.320467929155   -1.120872114665
              H     -7.053767587405    1.708319751155    1.332524656656
              H     -6.864445987327   -1.605089923900    1.791146376929
$End
$SCF_Energy
   &GeometryIndex 1
   &ListStatus       OUT
   &SCF_ENERGY [&Type "Double"]      -4.2475397686060376e+02
$End
$DFT_Energy
   &GeometryIndex 1
   &ListStatus       OUT
   &NALPHAEL [&Type "Integer"] 35
   &NBETAEL [&Type "Integer"] 35
   &NTOTALEL [&Type "Integer"] 71
   &EEXCHANGE [&Type "Double"]      -5.7461217483438880e+01
   &ECORR [&Type "Double"]      -2.3885530474742471e+00
   &ECNL [&Type "Double"]       0.0000000000000000e+00
   &EXC [&Type "Double"]      -5.9849770530913126e+01
   &EEMBED [&Type "Double"]       0.0000000000000000e+00
   &FINALEN [&Type "Double"]      -4.2475397686060376e+02  "No Van der Waals correction"
$End
$Mulliken_Population_Analysis
   &GeometryIndex 1
   &ListStatus       OUT
   &NATOMS [&Type "Integer"] 23
   &ATNO [&Type "ArrayOfIntegers", &Dim (23,1)] 
                                                         0

0                                                        6
1                                                        6
2                                                        6
3                                                        6
4                                                        6
5                                                        8
6                                                        6
7                                                        8
8                                                        6
9                                                        1
10                                                       1
11                                                       1
12                                                       1
13                                                       1
14                                                       1
15                                                       1
16                                                       1
17                                                       1
18                                                       1
19                                                       1
20                                                       1
21                                                       1
22                                                       1
   &ATOMICCHARGES [&Type "ArrayOfDoubles", &Dim (23,1)] 
                                                         0

0                                     -2.5690647518882948e-01
1                                     -1.7641112750406496e-01
2                                     -2.5729198202301351e-01
3                                     -1.5913618757293868e-01
4                                     -9.5569282223806340e-04
5                                     -2.3541758089548104e-01
6                                      8.3348776304678296e-02
7                                     -2.1634974756270076e-01
8                                     -2.4870515296946749e-01
9                                      9.9813527956727155e-02
10                                     1.0155470463869765e-01
11                                     1.0216891988238652e-01
12                                     7.6853164653207795e-02
13                                     1.0005036025503233e-01
14                                     1.1102579648646038e-01
15                                     1.0248204394994209e-01
16                                     1.0185208798785017e-01
17                                     8.6644545258929395e-02
18                                     1.0637338911972938e-01
19                                     9.7402843673582096e-02
20                                     1.2879979543776776e-01
21                                     1.3483759445268839e-01
22                                     1.1796639648101048e-01
$End
$Loewdin_Population_Analysis
   &GeometryIndex 1
   &ListStatus       OUT
   &NATOMS [&Type "Integer"] 23
   &ATNO [&Type "ArrayOfIntegers", &Dim (23,1)] 
                                                         0

0                                                        6
1                                                        6
2                                                        6
3                                                        6
4                                                        6
5                                                        8
6                                                        6
7                                                        8
8                                                        6
9                                                        1
10                                                       1
11                                                       1
12                                                       1
13                                                       1
14                                                       1
15                                                       1
16                                                       1
17                                                       1
18                                                       1
19                                                       1
20                                                       1
21                                                       1
22                                                       1
   &ATOMICCHARGES [&Type "ArrayOfDoubles", &Dim (23,1)] 
                                                         0

0                                      4.7494509786775649e-05
1                                      8.5652194464972960e-05
2                                      3.0486989622268585e-05
3                                      3.5409707514595385e-04
4                                      1.3638851744562067e-02
5                                      1.3988745637633601e-01
6                                      2.2797945049673610e-01
7                                      6.1178945664365769e-01
8                                      5.7743774696837136e-03
9                                      5.8901182829674816e-07
10                                     1.5007380274073630e-06
11                                     7.9614365279279239e-07
12                                     7.4786013777240886e-08
13                                     2.3786735714368121e-06
14                                     3.1598741114385388e-06
15                                     1.0006924459267752e-05
16                                     7.3631428651065608e-06
17                                     4.2427014036922328e-06
18                                     1.6619174591725420e-04
19                                     1.0241167542136419e-04
20                                     3.0760847100018938e-05
21                                     4.3109034664915615e-05
22                                     4.0091200972832099e-05
$End
$Mayer_Population_Analysis
   &GeometryIndex 1
   &ListStatus       OUT
   &NATOMS [&Type "Integer"] 23 "Total number of atoms"
   &BONDTHRESH [&Type "Double"]       1.0000000000000001e-01  "The threshold for printing"
   &NBONDORDERSPRINT [&Type "Integer"] 22 "The number of bond orders larger than threshold"
   &BONDORDERS [&Type "ArrayOfDoubles", &Dim (22,1)] "The bond orders"
                                                         0

0                                      1.1060701807103277e+00
1                                      9.5149655800924116e-01
2                                      9.5045330669554617e-01
3                                      9.4540085003493302e-01
4                                      1.1085397219294093e+00
5                                      1.0835922953956301e+00
6                                      9.0063361797648656e-01
7                                      9.4992846715857115e-01
8                                      9.4998821253421628e-01
9                                      9.4463867201689578e-01
10                                     1.1358624312392611e+00
11                                     9.0985416256677565e-01
12                                     9.1392489742136074e-01
13                                     9.2371955131026895e-01
14                                     9.0043505721227102e-01
15                                     9.2562553671887493e-01
16                                     1.2106114473122351e+00
17                                     2.0355911217561191e+00
18                                     1.0823389519349906e+00
19                                     9.3561040932834139e-01
20                                     9.2590678566013374e-01
21                                     9.3690104885338443e-01
   &COMPONENTS [&Type "ArrayOfIntegers", &Dim (22,4)] "The indices and atomic numbers of the bonding atoms"
                                                         0                           1                           2                           3

0                                                        0                           6                           1                           6
1                                                        0                           6                           9                           1
2                                                        0                           6                          10                           1
3                                                        0                           6                          11                           1
4                                                        1                           6                           2                           6
5                                                        1                           6                           3                           6
6                                                        1                           6                          12                           1
7                                                        2                           6                          13                           1
8                                                        2                           6                          14                           1
9                                                        2                           6                          15                           1
10                                                       3                           6                           4                           6
11                                                       3                           6                          16                           1
12                                                       3                           6                          17                           1
13                                                       4                           6                           5                           8
14                                                       4                           6                          18                           1
15                                                       4                           6                          19                           1
16                                                       5                           8                           6                           6
17                                                       6                           6                           7                           8
18                                                       6                           6                           8                           6
19                                                       8                           6                          20                           1
20                                                       8                           6                          21                           1
21                                                       8                           6                          22                           1
   &ATNO [&Type "ArrayOfIntegers", &Dim (23,1)] "Atomic number of the elements"
                                                         0

0                                                        6
1                                                        6
2                                                        6
3                                                        6
4                                                        6
5                                                        8
6                                                        6
7                                                        8
8                                                        6
9                                                        1
10                                                       1
11                                                       1
12                                                       1
13                                                       1
14                                                       1
15                                                       1
16                                                       1
17                                                       1
18                                                       1
19                                                       1
20                                                       1
21                                                       1
22                                                       1
   &NA [&Type "ArrayOfDoubles", &Dim (23,1)] "Mulliken gross atomic population"
                                                         0

0                                      6.2569064751888286e+00
1                                      6.1764111275040738e+00
2                                      6.2572919820230180e+00
3                                      6.1591361875729174e+00
4                                      6.0009556928222469e+00
5                                      8.2354175808954775e+00
6                                      5.9166512236953155e+00
7                                      8.2163497475627025e+00
8                                      6.2487051529694773e+00
9                                      9.0018647204327240e-01
10                                     8.9844529536130235e-01
11                                     8.9783108011761392e-01
12                                     9.2314683534679221e-01
13                                     8.9994963974496689e-01
14                                     8.8897420351353951e-01
15                                     8.9751795605005802e-01
16                                     8.9814791201215027e-01
17                                     9.1335545474107094e-01
18                                     8.9362661088027118e-01
19                                     9.0259715632641802e-01
20                                     8.7120020456223224e-01
21                                     8.6516240554731172e-01
22                                     8.8203360351898941e-01
   &ZA [&Type "ArrayOfDoubles", &Dim (23,1)] "Total nuclear charge"
                                                         0

0                                      6.0000000000000000e+00
1                                      6.0000000000000000e+00
2                                      6.0000000000000000e+00
3                                      6.0000000000000000e+00
4                                      6.0000000000000000e+00
5                                      8.0000000000000000e+00
6                                      6.0000000000000000e+00
7                                      8.0000000000000000e+00
8                                      6.0000000000000000e+00
9                                      1.0000000000000000e+00
10                                     1.0000000000000000e+00
11                                     1.0000000000000000e+00
12                                     1.0000000000000000e+00
13                                     1.0000000000000000e+00
14                                     1.0000000000000000e+00
15                                     1.0000000000000000e+00
16                                     1.0000000000000000e+00
17                                     1.0000000000000000e+00
18                                     1.0000000000000000e+00
19                                     1.0000000000000000e+00
20                                     1.0000000000000000e+00
21                                     1.0000000000000000e+00
22                                     1.0000000000000000e+00
   &QA [&Type "ArrayOfDoubles", &Dim (23,1)] "Mulliken gross atomic charge"
                                                         0

0                                     -2.5690647518882859e-01
1                                     -1.7641112750407384e-01
2                                     -2.5729198202301795e-01
3                                     -1.5913618757291736e-01
4                                     -9.5569282224694518e-04
5                                     -2.3541758089547749e-01
6                                      8.3348776304684513e-02
7                                     -2.1634974756270253e-01
8                                     -2.4870515296947726e-01
9                                      9.9813527956727599e-02
10                                     1.0155470463869765e-01
11                                     1.0216891988238608e-01
12                                     7.6853164653207795e-02
13                                     1.0005036025503311e-01
14                                     1.1102579648646049e-01
15                                     1.0248204394994198e-01
16                                     1.0185208798784973e-01
17                                     8.6644545258929062e-02
18                                     1.0637338911972882e-01
19                                     9.7402843673581985e-02
20                                     1.2879979543776776e-01
21                                     1.3483759445268828e-01
22                                     1.1796639648101059e-01
   &VA [&Type "ArrayOfDoubles", &Dim (23,1)] "Mayer's total valence"
                                                         0

0                                      3.9537284918740245e+00
1                                      4.2634272690772228e+00
2                                      3.9544250912227006e+00
3                                      4.0531757069690215e+00
4                                      3.9964888897912942e+00
5                                      2.2650255592749264e+00
6                                      4.4452213760417729e+00
7                                      2.2681044168015463e+00
8                                      3.8772546451065253e+00
9                                      9.5723370538368435e-01
10                                     9.5545255970987952e-01
11                                     9.6348899125362375e-01
12                                     9.3564694502388934e-01
13                                     9.5460825364632396e-01
14                                     9.5751281225800111e-01
15                                     9.6417006700326124e-01
16                                     9.6711420960945871e-01
17                                     9.5688325064901203e-01
18                                     9.9128068741014541e-01
19                                     9.6432712400443377e-01
20                                     9.6968282313400378e-01
21                                     9.5886767400377981e-01
22                                     9.7413851226133807e-01
   &BVA [&Type "ArrayOfDoubles", &Dim (23,1)] "Mayer's bonded valence"
                                                         0

0                                      3.9537284918740054e+00
1                                      4.2634272690772441e+00
2                                      3.9544250912227037e+00
3                                      4.0531757069690526e+00
4                                      3.9964888897912592e+00
5                                      2.2650255592749806e+00
6                                      4.4452213760417951e+00
7                                      2.2681044168015605e+00
8                                      3.8772546451065280e+00
9                                      9.5723370538367769e-01
10                                     9.5545255970987997e-01
11                                     9.6348899125361853e-01
12                                     9.3564694502390000e-01
13                                     9.5460825364632163e-01
14                                     9.5751281225800067e-01
15                                     9.6417006700326224e-01
16                                     9.6711420960945782e-01
17                                     9.5688325064900981e-01
18                                     9.9128068741013775e-01
19                                     9.6432712400442744e-01
20                                     9.6968282313400711e-01
21                                     9.5886767400377915e-01
22                                     9.7413851226134429e-01
   &FA [&Type "ArrayOfDoubles", &Dim (23,1)] "Mayer's free valence"
                                                         0

0                                      0.0000000000000000e+00
1                                      0.0000000000000000e+00
2                                      0.0000000000000000e+00
3                                      0.0000000000000000e+00
4                                      0.0000000000000000e+00
5                                      0.0000000000000000e+00
6                                      0.0000000000000000e+00
7                                      0.0000000000000000e+00
8                                      0.0000000000000000e+00
9                                      0.0000000000000000e+00
10                                     0.0000000000000000e+00
11                                     0.0000000000000000e+00
12                                     0.0000000000000000e+00
13                                     0.0000000000000000e+00
14                                     0.0000000000000000e+00
15                                     0.0000000000000000e+00
16                                     0.0000000000000000e+00
17                                     0.0000000000000000e+00
18                                     0.0000000000000000e+00
19                                     0.0000000000000000e+00
20                                     0.0000000000000000e+00
21                                     0.0000000000000000e+00
22                                     0.0000000000000000e+00
$End
$VdW_Correction
   &GeometryIndex 1
   &ListStatus       OUT
   &VDW [&Type "Double"]      -1.8671835622454426e-02
$End
$Calculation_Info
   &GeometryIndex 1
   &ListStatus       OUT
   &MULT [&Type "Integer"] 1
   &CHARGE [&Type "Integer"] 0
   &NUMOFATOMS [&Type "Integer"] 23
   &NUMOFELECTRONS [&Type "Integer"] 72
   &NUMOFFCELECTRONS [&Type "Integer"] 1
   &NUMOFCORRELECTRONS [&Type "Integer"] 0
   &NUMOFBASISFUNCTS [&Type "Integer"] 154
   &NUMOFAUXCBASISFUNCTS [&Type "Integer"] 0
   &NUMOFAUXJBASISFUNCTS [&Type "Integer"] 595
   &NUMOFAUXJKBASISFUNCTS [&Type "Integer"] 0
   &NUMOFCABSBASISFUNCTS [&Type "Integer"] 0
   &TOTALENERGY [&Type "Double"]      -4.2466906063602619e+02  "Hartrees"
$End
$SCF_Dipole_Moment
   &GeometryIndex 1
   &ListStatus       OUT
   &METHOD [&Type "String"] "SCF"
   &LEVEL [&Type "String"] "Relaxed density"
   &MULT [&Type "Integer"] 1
   &STATE [&Type "Integer"] -1
   &IRREP [&Type "Integer"] 0
   &NATOMS [&Type "Integer"] 23
   &DODIPOLEATOM [&Type "Boolean"] false
   &DIPOLEELECCONTRIB [&Type "ArrayOfDoubles", &Dim (3,1)] "Electronic contribution"
                                                         0

0                                     -9.6988654396573306e+00
1                                     -1.1220570060286873e-01
2                                     -1.8648799709045880e+00
   &DIPOLENUCCONTRIB [&Type "ArrayOfDoubles", &Dim (3,1)] "Nuclear contribution"
                                                         0

0                                      9.9074867685965522e+00
1                                     -1.0900033608939474e-01
2                                      2.4879315487978637e+00
   &DIPOLETOTAL [&Type "ArrayOfDoubles", &Dim (3,1)] "Total"
                                                         0

0                                      2.0862132893922158e-01
1                                     -2.2120603669226346e-01
2                                      6.2305157789327570e-01
   &DIPOLEMAGNITUDE [&Type "Double", &Units "a.u."]       6.9328799086149362e-01
$End
