           1           2   1.02169487772690     
           2           3  0.972134120164899     
           3           4   1.05593787521267     
           4           5   1.77603662364267     
           5           6   1.12694273945319     
           4           7  0.103903490462985     
           6           7   1.78378006636961     
           1           8  0.985515724913555     
           1           9  0.986437622930071     
           1          10  0.986182399854912     
           2          11  0.979071501422627     
           2          12  0.975112696900884     
           3          13  0.973180427855625     
           3          14  0.943091359657941     
           4          15  0.957358177358348     
           5          16  0.958029932573227     
           6          17  0.932395358561550     
