           1           2   1.04410225260186     
           2           3   1.81929082911687     
           2           4  0.967113546873849     
           4           5  0.942902210789267     
           5           6  0.982624977828515     
           5           7  0.156771520189206     
           6           7   1.46838705356274     
           5           8  0.146467417465331     
           6           8   1.47492930473229     
           7           8  0.300462037446092     
           1           9  0.976419054344216     
           1          10  0.936640974671681     
           1          11  0.934725167064690     
           4          12  0.935638288308549     
           4          13  0.932509312319874     
