$hessian                                                                        
        0.4813683345  -0.0068066740   0.0251481528  -0.0486390601  -0.0216220899
       -0.0007343662  -0.0065506590  -0.0112064698   0.0071223744  -0.0011216748
       -0.0018317812  -0.0013113064   0.0003790919  -0.0000848645  -0.0003877440
        0.0001891169   0.0000018771   0.0003357217  -0.0621094755  -0.0410005517
       -0.0491601043  -0.1610027596   0.0264396612   0.1018880179  -0.2024510869
        0.0532173742  -0.0839964513  -0.0000115412   0.0019935534   0.0008427655
        0.0018025777   0.0010174429  -0.0003851902  -0.0006042570  -0.0001186565
        0.0000298734  -0.0000607703  -0.0002227493   0.0000447502  -0.0009910128
        0.0002202165   0.0004796759  -0.0000428586  -0.0000421857   0.0001032917
       -0.0001539653   0.0000458972  -0.0000194611
       -0.0068066740   0.4330854781   0.0539850556  -0.0246754169  -0.1527809874
        0.0597846402  -0.0064050968  -0.0381096002   0.0008894651   0.0005859325
       -0.0001761074   0.0006101985  -0.0013345314  -0.0001543077   0.0003606550
        0.0001372330  -0.0010224923  -0.0004257485  -0.0420989188  -0.1357066700
       -0.1143413116   0.0278295578  -0.0456614365  -0.0269183038   0.0555460396
       -0.0571434360   0.0265130412  -0.0024057781  -0.0041169234  -0.0021494839
       -0.0002650485   0.0006741829   0.0018651164  -0.0001500032   0.0003608033
       -0.0000287556   0.0000223427  -0.0000009632  -0.0001753678  -0.0001177148
        0.0007015150  -0.0001068131   0.0001523539   0.0000546787   0.0002137893
       -0.0000142769  -0.0000037339  -0.0000761771
        0.0251481528   0.0539850556   0.4960964935   0.0082185352   0.0799498444
       -0.1240217413  -0.0004546777  -0.0142165146   0.0125680186  -0.0001447430
       -0.0007816455  -0.0006027870   0.0007023629  -0.0000843750   0.0001992758
        0.0002887354   0.0003397598  -0.0006246503  -0.0475060176  -0.1077855223
       -0.1667129000   0.1011925211  -0.0266217945  -0.1322286789  -0.0850631218
        0.0235342897  -0.0871881425  -0.0008746018  -0.0043976807  -0.0009941736
       -0.0014919545  -0.0034319482   0.0028979496  -0.0003921521  -0.0001707674
        0.0000534332  -0.0001865655  -0.0001459115   0.0001728160   0.0006593662
       -0.0003523990   0.0003079633  -0.0002188903  -0.0000026180  -0.0001301296
        0.0001230508   0.0001822272   0.0002072531
       -0.0486390601  -0.0246754169   0.0082185352   0.1210054992   0.1057143124
        0.0440679495  -0.0646491142  -0.0327722140  -0.0405471268  -0.0160796729
       -0.0292504616  -0.0208278151   0.0046875950   0.0001084474   0.0004015317
        0.0000929619   0.0010699955   0.0010983980  -0.0021377603  -0.0119977921
        0.0038955410  -0.0035371769  -0.0239833562   0.0161789382   0.0077281741
        0.0202622578  -0.0128611266   0.0064382177  -0.0006304196   0.0036085212
        0.0017500729  -0.0007672302  -0.0016272865  -0.0080692855  -0.0030954733
       -0.0000944851   0.0024710658   0.0008414941  -0.0007633704  -0.0005816077
       -0.0003982921  -0.0002209912  -0.0002508315  -0.0001379883  -0.0004373205
       -0.0002290775  -0.0002878630  -0.0000898929
       -0.0216220899  -0.1527809874   0.0799498444   0.1057143124   0.3921269880
       -0.0202520770  -0.0390853167  -0.1221350203  -0.0631587718  -0.0140586664
       -0.0115494871  -0.0102407084   0.0000343410   0.0034489954  -0.0008298518
        0.0002446013   0.0002340653   0.0002462646  -0.0073831780  -0.0293748727
        0.0084997607  -0.0125918978  -0.0100715911   0.0161474268   0.0035070040
       -0.0265946523   0.0182453593  -0.0097334737  -0.0352563733  -0.0184799343
       -0.0020001373  -0.0067268611  -0.0114656844  -0.0035162425  -0.0009560872
        0.0006866152   0.0006916815  -0.0002201410   0.0005405418   0.0002105168
        0.0000489165   0.0001544708  -0.0001802768  -0.0001266891  -0.0001361929
       -0.0002311780  -0.0000662026   0.0000929370
       -0.0007343662   0.0597846402  -0.1240217413   0.0440679495  -0.0202520770
        0.3130044473  -0.0311000341  -0.0401025233  -0.1346869611  -0.0102242364
       -0.0076471104  -0.0004407222   0.0000723586   0.0022189992  -0.0002897820
       -0.0002408350  -0.0004756579   0.0000776203  -0.0038332049  -0.0176807354
        0.0097747563   0.0113589739   0.0274581354  -0.0217174888  -0.0004054043
        0.0261945073  -0.0143839889   0.0032838017   0.0007056463   0.0053150929
       -0.0111555384  -0.0302978399  -0.0342727585  -0.0012202085  -0.0006054148
        0.0010676467  -0.0000546802   0.0003175200   0.0004018520   0.0000943135
        0.0005032988   0.0002683143   0.0000750855   0.0000060724  -0.0000580709
        0.0000160254  -0.0001274609  -0.0000382161
       -0.0065506590  -0.0064050968  -0.0004546777  -0.0646491142  -0.0390853167
       -0.0311000341   0.4149287459  -0.0242110918  -0.0074004587  -0.1559894199
       -0.0130715263   0.0211788488  -0.0255886072   0.0145199791  -0.0061789145
       -0.0013669931  -0.0007178864  -0.0005455144   0.0007798122  -0.0008018100
        0.0005498052   0.0004032538  -0.0013540721  -0.0012329105   0.0009732429
        0.0010735377   0.0008852503  -0.0860373488   0.0847392769  -0.0332130007
       -0.0538774974  -0.0074118373   0.0516132462  -0.0106698156  -0.0047688779
        0.0001320318  -0.0133206350  -0.0029130870   0.0049208426   0.0006934660
        0.0002969126   0.0004760142   0.0002690637  -0.0000115550   0.0002635247
        0.0000025059   0.0001224511   0.0001059466
       -0.0112064698  -0.0381096002  -0.0142165146  -0.0327722140  -0.1221350203
       -0.0401025233  -0.0242110918   0.4728998082  -0.0619268981  -0.0151132450
       -0.0581283918   0.0040621174   0.0324453981  -0.0058932245   0.0021646464
        0.0018864005   0.0000274089   0.0008777790  -0.0016936722  -0.0059339381
        0.0024088730   0.0013416537   0.0014582130  -0.0008289704  -0.0011701659
        0.0007099619  -0.0010656629   0.0849710850  -0.1889770804   0.0672792024
       -0.0089226318  -0.0497136455   0.0416180312  -0.0202082674  -0.0056532464
       -0.0001024482  -0.0057068681   0.0002936946   0.0009731411   0.0000224796
       -0.0000937721  -0.0004492384   0.0001405861  -0.0003249401  -0.0003459260
        0.0001970230  -0.0004262271  -0.0003456085
        0.0071223744   0.0008894651   0.0125680186  -0.0405471268  -0.0631587718
       -0.1346869611  -0.0074004587  -0.0619268981   0.4982523209   0.0207883342
        0.0041433628  -0.0669342346  -0.0114364876   0.0031030721   0.0034092004
       -0.0005442187  -0.0006413453  -0.0005639436   0.0006414889   0.0025667811
        0.0000186556   0.0013048756   0.0030664495   0.0016043879  -0.0004118266
        0.0003045467   0.0012026529  -0.0337438462   0.0651074159  -0.0693609728
        0.0504151773   0.0459506602  -0.2398424632  -0.0160857187  -0.0056075378
        0.0002790748   0.0297940421   0.0062312514  -0.0060856979   0.0004229484
       -0.0005321287  -0.0000890585  -0.0001098850   0.0000182792   0.0001552880
       -0.0002096725   0.0004853977   0.0000737325
       -0.0011216748   0.0005859325  -0.0001447430  -0.0160796729  -0.0140586664
       -0.0102242364  -0.1559894199  -0.0151132450   0.0207883342   0.4064045228
        0.0176917320  -0.0112065476  -0.0843239145   0.0599073767  -0.0215236909
       -0.0110791633   0.0120161517   0.0016549314   0.0002737665   0.0000760015
        0.0002226074   0.0000486396  -0.0000520503   0.0000259677   0.0007564980
       -0.0002201173   0.0002887709  -0.0159412265   0.0024660641   0.0015770578
       -0.0132198436  -0.0018643973   0.0049199667  -0.0581671117  -0.0501607603
       -0.0383073692  -0.0530671274  -0.0129990744   0.0510044315   0.0009584966
       -0.0011921505   0.0002861045   0.0000971409   0.0014878637   0.0015888989
        0.0004500901   0.0014293393  -0.0009504839
       -0.0018317812  -0.0001761074  -0.0007816455  -0.0292504616  -0.0115494871
       -0.0076471104  -0.0130715263  -0.0581283918   0.0041433628   0.0176917320
        0.4454401273   0.0395877534   0.0579457967  -0.1348111937   0.0302419531
        0.0134921038  -0.0324745423  -0.0025826278   0.0000288895  -0.0004025180
        0.0002119632  -0.0000504876  -0.0003763372   0.0002201439   0.0000543933
       -0.0004911740   0.0004120454   0.0226191649  -0.0012755065  -0.0012228373
       -0.0076832381   0.0005194854   0.0027238514  -0.0501226528  -0.1579609815
       -0.1022698070  -0.0113176841  -0.0478766437   0.0385091379   0.0012937650
        0.0005329396   0.0009510231   0.0022850334  -0.0030923845  -0.0034007492
       -0.0020830469   0.0021227155   0.0009035431
       -0.0013113064   0.0006101985  -0.0006027870  -0.0208278151  -0.0102407084
       -0.0004407222   0.0211788488   0.0040621174  -0.0669342346  -0.0112065476
        0.0395877534   0.5343148662  -0.0370749789   0.0509065504  -0.1022711540
        0.0132948129  -0.0157304567   0.0114970416  -0.0001067623  -0.0002252178
        0.0002068954  -0.0001310954  -0.0006614988  -0.0000378802   0.0003181521
        0.0004881388   0.0002380210  -0.0093362378   0.0014286822   0.0011456647
        0.0298230700   0.0026601474  -0.0064151591  -0.0393076444  -0.1002531039
       -0.1283054259   0.0512638846   0.0340613357  -0.2424955156   0.0001035497
       -0.0005734274   0.0013930500   0.0020109203  -0.0035230074  -0.0021438129
        0.0013091497  -0.0025975033   0.0008511527
        0.0003790919  -0.0013345314   0.0007023629   0.0046875950   0.0000343410
        0.0000723586  -0.0255886072   0.0324453981  -0.0114364876  -0.0843239145
        0.0579457967  -0.0370749789   0.1763229508  -0.1554316402  -0.0081926864
       -0.0607707535   0.0315537506   0.0342164469  -0.0003152352   0.0002169487
       -0.0003820958  -0.0003282902   0.0002409506   0.0000239573  -0.0005995001
        0.0002858293  -0.0000639598  -0.0091172328   0.0012255713   0.0008649247
        0.0026429655  -0.0000167055  -0.0007517397   0.0028553478   0.0079393338
        0.0027378156   0.0001029374   0.0047951376  -0.0037020489   0.0108419607
       -0.0094502544  -0.0137563238  -0.0070801510   0.0141643565   0.0114948074
       -0.0097091647   0.0153857173   0.0252476476
       -0.0000848645  -0.0001543077  -0.0000843750   0.0001084474   0.0034489954
        0.0022189992   0.0145199791  -0.0058932245   0.0031030721   0.0599073767
       -0.1348111937   0.0509065504  -0.1554316402   0.3151915181   0.0359371958
        0.0323718712  -0.0946522244  -0.0673067128   0.0001051996  -0.0000516265
        0.0000238998   0.0001692463   0.0000271859  -0.0000961763  -0.0003886653
        0.0002930554  -0.0001863717   0.0020337989   0.0003176064  -0.0010457757
       -0.0000982423   0.0000013626  -0.0008436877   0.0159632642  -0.0330506229
        0.0046628568   0.0097630435  -0.0208670321   0.0152180630   0.0019403909
       -0.0137922214  -0.0204639483   0.0132398097  -0.0231966247  -0.0196051613
        0.0058809846   0.0071893539  -0.0024384283
       -0.0003877440   0.0003606550   0.0001992758   0.0004015317  -0.0008298518
       -0.0002897820  -0.0061789145   0.0021646464   0.0034092004  -0.0215236909
        0.0302419531  -0.1022711540  -0.0081926864   0.0359371958   0.3345401462
        0.0209445159  -0.0494730593  -0.1701387966   0.0001240960  -0.0000021679
       -0.0000368486   0.0000532721   0.0001405919  -0.0000323444   0.0000829179
       -0.0004696567   0.0000191698  -0.0003204591   0.0000364068   0.0008274200
       -0.0001146917  -0.0004627346   0.0000314216   0.0093007681  -0.0138430233
        0.0067605907  -0.0158634396   0.0318035969  -0.0184983219   0.0048844034
       -0.0251200120  -0.0302878728  -0.0024488649   0.0043524961   0.0085608194
        0.0192389858  -0.0148370364  -0.0327929235
        0.0001891169   0.0001372330   0.0002887354   0.0000929619   0.0002446013
       -0.0002408350  -0.0013669931   0.0018864005  -0.0005442187  -0.0110791633
        0.0134921038   0.0132948129  -0.0607707535   0.0323718712   0.0209445159
        0.4793320840   0.0012247753   0.0386471095  -0.0000254938  -0.0000117104
        0.0001412280  -0.0001362544  -0.0000718586  -0.0000405602  -0.0008617018
       -0.0006602352   0.0002830715  -0.0006318257  -0.0000876486   0.0000134190
       -0.0001084824   0.0001958151   0.0000899946  -0.0003105501  -0.0011036061
       -0.0000132547   0.0018284516  -0.0006388458  -0.0002034100  -0.1807151647
       -0.0498829061  -0.0955818589  -0.0865615080   0.0769680652  -0.0513617678
       -0.1388747236  -0.0740640548   0.0742830186
        0.0000018771  -0.0010224923   0.0003397598   0.0010699955   0.0002340653
       -0.0004756579  -0.0007178864   0.0000274089  -0.0006413453   0.0120161517
       -0.0324745423  -0.0157304567   0.0315537506  -0.0946522244  -0.0494730593
        0.0012247753   0.4741905565  -0.0551656057  -0.0000838471   0.0000618240
       -0.0001045830  -0.0000656877   0.0000374291   0.0000133966  -0.0003983868
        0.0003582867   0.0002431301   0.0000902459   0.0003049780   0.0001307681
        0.0000383241  -0.0000488412   0.0001157538   0.0036821895  -0.0055409654
        0.0005583749   0.0011314872   0.0004788829  -0.0027854893  -0.0516260954
       -0.0598915563  -0.0322371672   0.0772473850  -0.1822270605   0.0929050268
       -0.0751642785  -0.0998357490   0.0623071542
        0.0003357217  -0.0004257485  -0.0006246503   0.0010983980   0.0002462646
        0.0000776203  -0.0005455144   0.0008777790  -0.0005639436   0.0016549314
       -0.0025826278   0.0114970416   0.0342164469  -0.0673067128  -0.1701387966
        0.0386471095  -0.0551656057   0.4570083497  -0.0002529180   0.0000094800
       -0.0001745079   0.0001590417  -0.0002079105   0.0001587629   0.0005089181
        0.0005281652   0.0005406655  -0.0003814279   0.0001855282   0.0001600724
       -0.0001982940   0.0000074076   0.0002735538  -0.0005638417   0.0025608883
        0.0007430065  -0.0018360151   0.0022239690   0.0030886482  -0.0979269837
       -0.0296381269  -0.1061586567  -0.0481445570   0.0868545496  -0.0957101405
        0.0732289844   0.0618327007  -0.1001770254
       -0.0621094755  -0.0420989188  -0.0475060176  -0.0021377603  -0.0073831780
       -0.0038332049   0.0007798122  -0.0016936722   0.0006414889   0.0002737665
        0.0000288895  -0.0001067623  -0.0003152352   0.0001051996   0.0001240960
       -0.0000254938  -0.0000838471  -0.0002529180   0.0682783781   0.0531203269
        0.0547084212   0.0052194252   0.0148974662   0.0177817951  -0.0095638895
       -0.0164594574  -0.0218307561  -0.0001768096  -0.0003515485  -0.0001182319
       -0.0001251361   0.0000434236   0.0002523264  -0.0000131690   0.0000467052
        0.0000184676   0.0000163745  -0.0000177521   0.0000017591  -0.0002485346
       -0.0002038380   0.0000615472   0.0000469459  -0.0000079050  -0.0000078474
        0.0001008012   0.0000581061   0.0000658369
       -0.0410005517  -0.1357066700  -0.1077855223  -0.0119977921  -0.0293748727
       -0.0176807354  -0.0008018100  -0.0059339381   0.0025667811   0.0000760015
       -0.0004025180  -0.0002252178   0.0002169487  -0.0000516265  -0.0000021679
       -0.0000117104   0.0000618240   0.0000094800   0.0531203269   0.1705748442
        0.1264756017  -0.0006196966  -0.0038164994  -0.0076228188   0.0016647192
        0.0056958701   0.0039824817  -0.0005381046  -0.0011505929  -0.0005649077
        0.0000937571   0.0000868555   0.0007775039  -0.0001104208   0.0000299130
        0.0000383934   0.0000408698  -0.0000007498  -0.0000470951  -0.0001918515
       -0.0000507341   0.0000461638   0.0000135208   0.0000208544  -0.0000001151
        0.0000457938   0.0000180403   0.0000321745
       -0.0491601043  -0.1143413116  -0.1667129000   0.0038955410   0.0084997607
        0.0097747563   0.0005498052   0.0024088730   0.0000186556   0.0002226074
        0.0002119632   0.0002068954  -0.0003820958   0.0000238998  -0.0000368486
        0.0001412280  -0.0001045830  -0.0001745079   0.0547084212   0.1264756017
        0.1861624717  -0.0042305470  -0.0145654303  -0.0181710144  -0.0058448501
       -0.0094341035  -0.0121561314   0.0001127533   0.0005106437   0.0004372614
        0.0000076481   0.0002443996   0.0003606383   0.0001213776   0.0000537445
        0.0000161101  -0.0001026978  -0.0000114678   0.0000748387  -0.0000499374
       -0.0000168048   0.0001422300  -0.0000082417   0.0000087366  -0.0000120852
        0.0000190922   0.0000360782   0.0000696299
       -0.1610027596   0.0278295578   0.1011925211  -0.0035371769  -0.0125918978
        0.0113589739   0.0004032538   0.0013416537   0.0013048756   0.0000486396
       -0.0000504876  -0.0001310954  -0.0003282902   0.0001692463   0.0000532721
       -0.0001362544  -0.0000656877   0.0001590417   0.0052194252  -0.0006196966
       -0.0042305470   0.1860943635  -0.0238796325  -0.1263412723  -0.0265526788
        0.0086402612   0.0179218497  -0.0000299910   0.0002111542  -0.0000757605
       -0.0003633920  -0.0008112115  -0.0006924512  -0.0000457820  -0.0000641928
       -0.0000832608   0.0001700874   0.0000517310  -0.0000838287  -0.0000175867
       -0.0000130271  -0.0002903371   0.0001180360  -0.0000351737   0.0000136914
       -0.0000398938  -0.0001125969  -0.0000756725
        0.0264396612  -0.0456614365  -0.0266217945  -0.0239833562  -0.0100715911
        0.0274581354  -0.0013540721   0.0014582130   0.0030664495  -0.0000520503
       -0.0003763372  -0.0006614988   0.0002409506   0.0000271859   0.0001405919
       -0.0000718586   0.0000374291  -0.0002079105   0.0148974662  -0.0038164994
       -0.0145654303  -0.0238796325   0.0579740714   0.0179643454   0.0073332883
       -0.0004616616  -0.0061130022   0.0000321114   0.0005533187   0.0004362650
        0.0002721769   0.0003649243  -0.0009400171  -0.0000860863   0.0000097138
       -0.0000395794   0.0001647613   0.0000165275  -0.0001037865  -0.0000076993
       -0.0001422693   0.0001808806  -0.0000576911   0.0000208838  -0.0000423462
        0.0001120307   0.0000675277   0.0000486976
        0.1018880179  -0.0269183038  -0.1322286789   0.0161789382   0.0161474268
       -0.0217174888  -0.0012329105  -0.0008289704   0.0016043879   0.0000259677
        0.0002201439  -0.0000378802   0.0000239573  -0.0000961763  -0.0000323444
       -0.0000405602   0.0000133966   0.0001587629   0.0177817951  -0.0076228188
       -0.0181710144  -0.1263412723   0.0179643454   0.1622627526  -0.0085486145
        0.0012708713   0.0077040296   0.0000179955  -0.0002789883  -0.0000045105
        0.0003566513   0.0001471488   0.0004940381   0.0000426463   0.0000162903
        0.0000557392  -0.0000517956  -0.0000465964  -0.0000004898  -0.0001200060
        0.0000652567  -0.0000902597   0.0000533328  -0.0000264635   0.0000437960
       -0.0000341429  -0.0000265623  -0.0000408399
       -0.2024510869   0.0555460396  -0.0850631218   0.0077281741   0.0035070040
       -0.0004054043   0.0009732429  -0.0011701659  -0.0004118266   0.0007564980
        0.0000543933   0.0003181521  -0.0005995001  -0.0003886653   0.0000829179
       -0.0008617018  -0.0003983868   0.0005089181  -0.0095638895   0.0016647192
       -0.0058448501  -0.0265526788   0.0073332883  -0.0085486145   0.2313910843
       -0.0666010013   0.0986561754  -0.0001493631  -0.0002280580   0.0000624552
       -0.0001123769   0.0003937034   0.0002315912   0.0000458933   0.0000733446
       -0.0000086063  -0.0001506868   0.0001006337  -0.0000033414  -0.0001002970
       -0.0000857953   0.0005055365  -0.0003142738   0.0001453796   0.0000120200
       -0.0000390378   0.0000535670  -0.0000920014
        0.0532173742  -0.0571434360   0.0235342897   0.0202622578  -0.0265946523
        0.0261945073   0.0010735377   0.0007099619   0.0003045467  -0.0002201173
       -0.0004911740   0.0004881388   0.0002858293   0.0002930554  -0.0004696567
       -0.0006602352   0.0003582867   0.0005281652  -0.0164594574   0.0056958701
       -0.0094341035   0.0086402612  -0.0004616616   0.0012708713  -0.0666010013
        0.0778382878  -0.0415930568  -0.0001596063   0.0001261557  -0.0005205177
        0.0002235104  -0.0004991935  -0.0003032113   0.0001575139   0.0000137501
        0.0000240355   0.0001469943   0.0000740276  -0.0001543351  -0.0001326306
        0.0000630775   0.0002372595   0.0001115488   0.0000402475  -0.0000349747
        0.0001142205  -0.0000226030  -0.0000719584
       -0.0839964513   0.0265130412  -0.0871881425  -0.0128611266   0.0182453593
       -0.0143839889   0.0008852503  -0.0010656629   0.0012026529   0.0002887709
        0.0004120454   0.0002380210  -0.0000639598  -0.0001863717   0.0000191698
        0.0002830715   0.0002431301   0.0005406655  -0.0218307561   0.0039824817
       -0.0121561314   0.0179218497  -0.0061130022   0.0077040296   0.0986561754
       -0.0415930568   0.1051710919   0.0000650226  -0.0000384425  -0.0000418221
        0.0002640787  -0.0003884520   0.0001770349   0.0000417586  -0.0000591731
       -0.0000579660  -0.0000538940   0.0000495773  -0.0000340823   0.0004904730
        0.0002906888  -0.0011196816   0.0001329365  -0.0000709619   0.0001172299
       -0.0002231994  -0.0002212007  -0.0001880807
       -0.0000115412  -0.0024057781  -0.0008746018   0.0064382177  -0.0097334737
        0.0032838017  -0.0860373488   0.0849710850  -0.0337438462  -0.0159412265
        0.0226191649  -0.0093362378  -0.0091172328   0.0020337989  -0.0003204591
       -0.0006318257   0.0000902459  -0.0003814279  -0.0001768096  -0.0005381046
        0.0001127533  -0.0000299910   0.0000321114   0.0000179955  -0.0001493631
       -0.0001596063   0.0000650226   0.1013669236  -0.0929453165   0.0393018262
        0.0038241147  -0.0047913829   0.0021215418  -0.0001119432   0.0001990081
       -0.0002723016   0.0005772409   0.0006712228  -0.0001856032   0.0000904257
       -0.0001425602  -0.0000237080  -0.0000167623   0.0000463928   0.0001574682
       -0.0000728783   0.0000531924   0.0000777764
        0.0019935534  -0.0041169234  -0.0043976807  -0.0006304196  -0.0352563733
        0.0007056463   0.0847392769  -0.1889770804   0.0651074159   0.0024660641
       -0.0012755065   0.0014286822   0.0012255713   0.0003176064   0.0000364068
       -0.0000876486   0.0003049780   0.0001855282  -0.0003515485  -0.0011505929
        0.0005106437   0.0002111542   0.0005533187  -0.0002789883  -0.0002280580
        0.0001261557  -0.0000384425  -0.0929453165   0.2356689028  -0.0687827495
        0.0040672606  -0.0066202876   0.0057102690  -0.0001769012   0.0002892047
        0.0000225718  -0.0002447495   0.0001012249  -0.0002339052  -0.0000498964
       -0.0000504583   0.0000662130  -0.0000633984   0.0000530248  -0.0000139707
        0.0000750561   0.0000328063  -0.0000276399
        0.0008427655  -0.0021494839  -0.0009941736   0.0036085212  -0.0184799343
        0.0053150929  -0.0332130007   0.0672792024  -0.0693609728   0.0015770578
       -0.0012228373   0.0011456647   0.0008649247  -0.0010457757   0.0008274200
        0.0000134190   0.0001307681   0.0001600724  -0.0001182319  -0.0005649077
        0.0004372614  -0.0000757605   0.0004362650  -0.0000045105   0.0000624552
       -0.0005205177  -0.0000418221   0.0393018262  -0.0687827495   0.0749850603
       -0.0130941147   0.0253078122  -0.0126147316  -0.0003458544   0.0000577588
       -0.0001561195   0.0006563895  -0.0004105501   0.0002854862  -0.0000298416
       -0.0000221365  -0.0000427644   0.0000099764  -0.0000264962  -0.0000021974
       -0.0000605318   0.0000135825   0.0000612340
        0.0018025777  -0.0002650485  -0.0014919545   0.0017500729  -0.0020001373
       -0.0111555384  -0.0538774974  -0.0089226318   0.0504151773  -0.0132198436
       -0.0076832381   0.0298230700   0.0026429655  -0.0000982423  -0.0001146917
       -0.0001084824   0.0000383241  -0.0001982940  -0.0001251361   0.0000937571
        0.0000076481  -0.0003633920   0.0002721769   0.0003566513  -0.0001123769
        0.0002235104   0.0002640787   0.0038241147   0.0040672606  -0.0130941147
        0.0638106226   0.0154532433  -0.0564204034   0.0006541467   0.0001557829
        0.0006388038  -0.0067988595  -0.0010904778   0.0012721402  -0.0000959092
       -0.0001519378  -0.0000963198   0.0000158579  -0.0000004790  -0.0001062365
        0.0002011392  -0.0000918627  -0.0001000166
        0.0010174429   0.0006741829  -0.0034319482  -0.0007672302  -0.0067268611
       -0.0302978399  -0.0074118373  -0.0497136455   0.0459506602  -0.0018643973
        0.0005194854   0.0026601474  -0.0000167055   0.0000013626  -0.0004627346
        0.0001958151  -0.0000488412   0.0000074076   0.0000434236   0.0000868555
        0.0002443996  -0.0008112115   0.0003649243   0.0001471488   0.0003937034
       -0.0004991935  -0.0003884520  -0.0047913829  -0.0066202876   0.0253078122
        0.0154532433   0.0615676604  -0.0399207421  -0.0004394002  -0.0001744518
        0.0003904989  -0.0009297944   0.0006472217  -0.0001340521  -0.0001157722
       -0.0000194105  -0.0000483330   0.0000214932  -0.0000014832  -0.0000404933
        0.0000226100  -0.0000575185   0.0000165206
       -0.0003851902   0.0018651164   0.0028979496  -0.0016272865  -0.0114656844
       -0.0342727585   0.0516132462   0.0416180312  -0.2398424632   0.0049199667
        0.0027238514  -0.0064151591  -0.0007517397  -0.0008436877   0.0000314216
        0.0000899946   0.0001157538   0.0002735538   0.0002523264   0.0007775039
        0.0003606383  -0.0006924512  -0.0009400171   0.0004940381   0.0002315912
       -0.0003032113   0.0001770349   0.0021215418   0.0057102690  -0.0126147316
       -0.0564204034  -0.0399207421   0.2876116163  -0.0004109839   0.0000130117
        0.0004698882   0.0012394592   0.0004160777   0.0007278988  -0.0000792777
        0.0001581869  -0.0000026499   0.0000042441   0.0000096502   0.0000747606
       -0.0001050377   0.0000658902   0.0000289622
       -0.0006042570  -0.0001500032  -0.0003921521  -0.0080692855  -0.0035162425
       -0.0012202085  -0.0106698156  -0.0202082674  -0.0160857187  -0.0581671117
       -0.0501226528  -0.0393076444   0.0028553478   0.0159632642   0.0093007681
       -0.0003105501   0.0036821895  -0.0005638417  -0.0000131690  -0.0001104208
        0.0001213776  -0.0000457820  -0.0000860863   0.0000426463   0.0000458933
        0.0001575139   0.0000417586  -0.0001119432  -0.0001769012  -0.0003458544
        0.0006541467  -0.0004394002  -0.0004109839   0.0719172551   0.0498329553
        0.0438707461   0.0030846478   0.0046349102   0.0044842984  -0.0002152236
        0.0000809883   0.0000927126  -0.0003908350   0.0005883484   0.0004624406
        0.0000406820  -0.0001301955  -0.0000903446
       -0.0001186565   0.0003608033  -0.0001707674  -0.0030954733  -0.0009560872
       -0.0006054148  -0.0047688779  -0.0056532464  -0.0056075378  -0.0501607603
       -0.1579609815  -0.1002531039   0.0079393338  -0.0330506229  -0.0138430233
       -0.0011036061  -0.0055409654   0.0025608883   0.0000467052   0.0000299130
        0.0000537445  -0.0000641928   0.0000097138   0.0000162903   0.0000733446
        0.0000137501  -0.0000591731   0.0001990081   0.0002892047   0.0000577588
        0.0001557829  -0.0001744518   0.0000130117   0.0498329553   0.1994463752
        0.1177404961   0.0006662538   0.0035155090   0.0005331293   0.0001674241
       -0.0000128163   0.0000560905   0.0005261257  -0.0007904546  -0.0009297548
       -0.0002953667   0.0004743569   0.0004373655
        0.0000298734  -0.0000287556   0.0000534332  -0.0000944851   0.0006866152
        0.0010676467   0.0001320318  -0.0001024482   0.0002790748  -0.0383073692
       -0.1022698070  -0.1283054259   0.0027378156   0.0046628568   0.0067605907
       -0.0000132547   0.0005583749   0.0007430065   0.0000184676   0.0000383934
        0.0000161101  -0.0000832608  -0.0000395794   0.0000557392  -0.0000086063
        0.0000240355  -0.0000579660  -0.0002723016   0.0000225718  -0.0001561195
        0.0006388038   0.0003904989   0.0004698882   0.0438707461   0.1177404961
        0.1406412153  -0.0085536237  -0.0220041470  -0.0219950434   0.0000125090
        0.0005248271   0.0001509907  -0.0000220851   0.0000627385   0.0002858705
       -0.0000852606  -0.0002666711  -0.0000090112
       -0.0000607703   0.0000223427  -0.0001865655   0.0024710658   0.0006916815
       -0.0000546802  -0.0133206350  -0.0057068681   0.0297940421  -0.0530671274
       -0.0113176841   0.0512638846   0.0001029374   0.0097630435  -0.0158634396
        0.0018284516   0.0011314872  -0.0018360151   0.0000163745   0.0000408698
       -0.0001026978   0.0001700874   0.0001647613  -0.0000517956  -0.0001506868
        0.0001469943  -0.0000538940   0.0005772409  -0.0002447495   0.0006563895
       -0.0067988595  -0.0009297944   0.0012394592   0.0030846478   0.0006662538
       -0.0085536237   0.0656665125   0.0064394497  -0.0566532250   0.0000030285
       -0.0001683095   0.0001368353  -0.0000713219  -0.0001750137   0.0000152675
       -0.0004509454  -0.0005244644   0.0002500585
       -0.0002227493  -0.0000009632  -0.0001459115   0.0008414941  -0.0002201410
        0.0003175200  -0.0029130870   0.0002936946   0.0062312514  -0.0129990744
       -0.0478766437   0.0340613357   0.0047951376  -0.0208670321   0.0318035969
       -0.0006388458   0.0004788829   0.0022239690  -0.0000177521  -0.0000007498
       -0.0000114678   0.0000517310   0.0000165275  -0.0000465964   0.0001006337
        0.0000740276   0.0000495773   0.0006712228   0.0001012249  -0.0004105501
       -0.0010904778   0.0006472217   0.0004160777   0.0046349102   0.0035155090
       -0.0220041470   0.0064394497   0.0639999288  -0.0521568213  -0.0003159735
       -0.0007684506   0.0001104678  -0.0002217213   0.0003754358  -0.0002259609
        0.0008851022   0.0002315277  -0.0002123407
        0.0000447502  -0.0001753678   0.0001728160  -0.0007633704   0.0005405418
        0.0004018520   0.0049208426   0.0009731411  -0.0060856979   0.0510044315
        0.0385091379  -0.2424955156  -0.0037020489   0.0152180630  -0.0184983219
       -0.0002034100  -0.0027854893   0.0030886482   0.0000017591  -0.0000470951
        0.0000748387  -0.0000838287  -0.0001037865  -0.0000004898  -0.0000033414
       -0.0001543351  -0.0000340823  -0.0001856032  -0.0002339052   0.0002854862
        0.0012721402  -0.0001340521   0.0007278988   0.0044842984   0.0005331293
       -0.0219950434  -0.0566532250  -0.0521568213   0.2832786212   0.0000668544
        0.0000164944   0.0003209374   0.0003696575  -0.0007018213   0.0000166191
       -0.0005699063   0.0007021663   0.0007414333
       -0.0009910128  -0.0001177148   0.0006593662  -0.0005816077   0.0002105168
        0.0000943135   0.0006934660   0.0000224796   0.0004229484   0.0009584966
        0.0012937650   0.0001035497   0.0108419607   0.0019403909   0.0048844034
       -0.1807151647  -0.0516260954  -0.0979269837  -0.0002485346  -0.0001918515
       -0.0000499374  -0.0000175867  -0.0000076993  -0.0001200060  -0.0001002970
       -0.0001326306   0.0004904730   0.0000904257  -0.0000498964  -0.0000298416
       -0.0000959092  -0.0001157722  -0.0000792777  -0.0002152236   0.0001674241
        0.0000125090   0.0000030285  -0.0003159735   0.0000668544   0.2052804860
        0.0601233563   0.1109345058  -0.0128752063  -0.0027235885  -0.0090082087
       -0.0220273208  -0.0084767103  -0.0104546682
        0.0002202165   0.0007015150  -0.0003523990  -0.0003982921   0.0000489165
        0.0005032988   0.0002969126  -0.0000937721  -0.0005321287  -0.0011921505
        0.0005329396  -0.0005734274  -0.0094502544  -0.0137922214  -0.0251200120
       -0.0498829061  -0.0598915563  -0.0296381269  -0.0002038380  -0.0000507341
       -0.0000168048  -0.0000130271  -0.0001422693   0.0000652567  -0.0000857953
        0.0000630775   0.0002906888  -0.0001425602  -0.0000504583  -0.0000221365
       -0.0001519378  -0.0000194105   0.0001581869   0.0000809883  -0.0000128163
        0.0005248271  -0.0001683095  -0.0007684506   0.0000164944   0.0601233563
        0.0731229365   0.0481341937   0.0192249363   0.0060326705   0.0136367457
       -0.0182573389  -0.0056803666  -0.0070746567
        0.0004796759  -0.0001068131   0.0003079633  -0.0002209912   0.0001544708
        0.0002683143   0.0004760142  -0.0004492384  -0.0000890585   0.0002861045
        0.0009510231   0.0013930500  -0.0137563238  -0.0204639483  -0.0302878728
       -0.0955818589  -0.0322371672  -0.1061586567   0.0000615472   0.0000461638
        0.0001422300  -0.0002903371   0.0001808806  -0.0000902597   0.0005055365
        0.0002372595  -0.0011196816  -0.0000237080   0.0000662130  -0.0000427644
       -0.0000963198  -0.0000483330  -0.0000026499   0.0000927126   0.0000560905
        0.0001509907   0.0001368353   0.0001104678   0.0003209374   0.1109345058
        0.0481341937   0.1359880466  -0.0150306306  -0.0020432246  -0.0091864340
        0.0120272375   0.0054119617   0.0084058454
       -0.0000428586   0.0001523539  -0.0002188903  -0.0002508315  -0.0001802768
        0.0000750855   0.0002690637   0.0001405861  -0.0001098850   0.0000971409
        0.0022850334   0.0020109203  -0.0070801510   0.0132398097  -0.0024488649
       -0.0865615080   0.0772473850  -0.0481445570   0.0000469459   0.0000135208
       -0.0000082417   0.0001180360  -0.0000576911   0.0000533328  -0.0003142738
        0.0001115488   0.0001329365  -0.0000167623  -0.0000633984   0.0000099764
        0.0000158579   0.0000214932   0.0000042441  -0.0003908350   0.0005261257
       -0.0000220851  -0.0000713219  -0.0002217213   0.0003696575  -0.0128752063
        0.0192249363  -0.0150306306   0.0991041404  -0.0961003785   0.0532357529
        0.0079525638  -0.0163393267   0.0100912486
       -0.0000421857   0.0000546787  -0.0000026180  -0.0001379883  -0.0001266891
        0.0000060724  -0.0000115550  -0.0003249401   0.0000182792   0.0014878637
       -0.0030923845  -0.0035230074   0.0141643565  -0.0231966247   0.0043524961
        0.0769680652  -0.1822270605   0.0868545496  -0.0000079050   0.0000208544
        0.0000087366  -0.0000351737   0.0000208838  -0.0000264635   0.0001453796
        0.0000402475  -0.0000709619   0.0000463928   0.0000530248  -0.0000264962
       -0.0000004790  -0.0000014832   0.0000096502   0.0005883484  -0.0007904546
        0.0000627385  -0.0001750137   0.0003754358  -0.0007018213  -0.0027235885
        0.0060326705  -0.0020432246  -0.0961003785   0.2185058602  -0.0969294086
        0.0058338610  -0.0153440192   0.0120114790
        0.0001032917   0.0002137893  -0.0001301296  -0.0004373205  -0.0001361929
       -0.0000580709   0.0002635247  -0.0003459260   0.0001552880   0.0015888989
       -0.0034007492  -0.0021438129   0.0114948074  -0.0196051613   0.0085608194
       -0.0513617678   0.0929050268  -0.0957101405  -0.0000078474  -0.0000001151
       -0.0000120852   0.0000136914  -0.0000423462   0.0000437960   0.0000120200
       -0.0000349747   0.0001172299   0.0001574682  -0.0000139707  -0.0000021974
       -0.0001062365  -0.0000404933   0.0000747606   0.0004624406  -0.0009297548
        0.0002858705   0.0000152675  -0.0002259609   0.0000166191  -0.0090082087
        0.0136367457  -0.0091864340   0.0532357529  -0.0969294086   0.1073575576
       -0.0064257825   0.0149494919  -0.0093690705
       -0.0001539653  -0.0000142769   0.0001230508  -0.0002290775  -0.0002311780
        0.0000160254   0.0000025059   0.0001970230  -0.0002096725   0.0004500901
       -0.0020830469   0.0013091497  -0.0097091647   0.0058809846   0.0192389858
       -0.1388747236  -0.0751642785   0.0732289844   0.0001008012   0.0000457938
        0.0000190922  -0.0000398938   0.0001120307  -0.0000341429  -0.0000390378
        0.0001142205  -0.0002231994  -0.0000728783   0.0000750561  -0.0000605318
        0.0002011392   0.0000226100  -0.0001050377   0.0000406820  -0.0002953667
       -0.0000852606  -0.0004509454   0.0008851022  -0.0005699063  -0.0220273208
       -0.0182573389   0.0120272375   0.0079525638   0.0058338610  -0.0064257825
        0.1628492251   0.0828788039  -0.0982489921
        0.0000458972  -0.0000037339   0.0001822272  -0.0002878630  -0.0000662026
       -0.0001274609   0.0001224511  -0.0004262271   0.0004853977   0.0014293393
        0.0021227155  -0.0025975033   0.0153857173   0.0071893539  -0.0148370364
       -0.0740640548  -0.0998357490   0.0618327007   0.0000581061   0.0000180403
        0.0000360782  -0.0001125969   0.0000675277  -0.0000265623   0.0000535670
       -0.0000226030  -0.0002212007   0.0000531924   0.0000328063   0.0000135825
       -0.0000918627  -0.0000575185   0.0000658902  -0.0001301955   0.0004743569
       -0.0002666711  -0.0005244644   0.0002315277   0.0007021663  -0.0084767103
       -0.0056803666   0.0054119617  -0.0163393267  -0.0153440192   0.0149494919
        0.0828788039   0.1113000915  -0.0656030617
       -0.0000194611  -0.0000761771   0.0002072531  -0.0000898929   0.0000929370
       -0.0000382161   0.0001059466  -0.0003456085   0.0000737325  -0.0009504839
        0.0009035431   0.0008511527   0.0252476476  -0.0024384283  -0.0327929235
        0.0742830186   0.0623071542  -0.1001770254   0.0000658369   0.0000321745
        0.0000696299  -0.0000756725   0.0000486976  -0.0000408399  -0.0000920014
       -0.0000719584  -0.0001880807   0.0000777764  -0.0000276399   0.0000612340
       -0.0001000166   0.0000165206   0.0000289622  -0.0000903446   0.0004373655
       -0.0000090112   0.0002500585  -0.0002123407   0.0007414333  -0.0104546682
       -0.0070746567   0.0084058454   0.0100912486   0.0120114790  -0.0093690705
       -0.0982489921  -0.0656030617   0.1321759242
