           1           2   1.01876024218773     
           2           3   1.00933724416619     
           3           4  0.987620436984337     
           4           5   1.02760972419843     
           5           6   1.97873609411751     
           1           7  0.987949378794776     
           1           8  0.987214095000402     
           1           9  0.987651706263116     
           2          10  0.977517712236900     
           2          11  0.978114050954889     
           3          12  0.976267162070066     
           3          13  0.978595609982182     
           4          14  0.964833893942687     
           4          15  0.974994081155045     
           5          16  0.965683592983325     
           6          17  0.977283621652798     
           6          18  0.975221909959084     
