           1           2  0.973481980809465     
           2           3  0.994724962180064     
           2           4  0.997698897859882     
           4           5   1.87110859064280     
           5           6  0.978506007914852     
           6           7  0.994432092586295     
           6           8  0.111051174016197     
           7           8   1.60891270177930     
           7           9   1.28328214979036     
           8           9  0.185326307637081     
           9          10  0.991486612025399     
           2          11  0.939660110247653     
          11          12   1.01172942573502     
           1          13  0.983747312958541     
           1          14  0.977839969428694     
           1          15  0.978723522207788     
           3          16  0.984658499361543     
           3          17  0.981518648753378     
           3          18  0.974568118993077     
           4          19  0.940565994534828     
           9          20  0.916017391759697     
          10          21  0.972350234654170     
          10          22  0.972260563089986     
          10          23  0.977873247454443     
          12          24  0.982750312991833     
          12          25  0.980878777490153     
          12          26  0.976952407836534     
