           1           2   1.00327699827063     
           2           3   1.69915666688704     
           2           4   1.14081155228251     
           3           4  0.166266484323186     
           4           5  0.943206752709798     
           5           6  0.987897665335290     
           6           7  0.945795869939298     
           7           8   1.13674334410753     
           7           9  0.163942897293826     
           8           9   1.70391287730825     
           8          10   1.00479972967588     
           1          11  0.978546320104931     
           1          12  0.951434140923786     
           1          13  0.948799606523014     
           5          14  0.962450439269173     
           5          15  0.966089449509814     
           6          16  0.963036016194839     
           6          17  0.966812762309425     
          10          18  0.940674210973578     
          10          19  0.962180923740074     
          10          20  0.975466342254846     
