           1           2  0.960845909977644     
           2           3   1.09645654788664     
           3           4   1.41611958338874     
           4           5   1.32250370791820     
           5           6   1.32109079916364     
           6           7   1.37378885336896     
           3           8   1.24757762896845     
           7           8   1.30322693141884     
           8           9   1.15016755565980     
           7          10   1.03601540549768     
          10          11  0.946601316189826     
           6          12  0.973983768432794     
           5          13   1.10771213211466     
          13          14   1.79128709550646     
           1          15  0.975561807213171     
           1          16  0.975407204660201     
           1          17  0.974984645817183     
           4          18  0.954096613976341     
           9          19  0.810446950045093     
          11          20  0.976101998576589     
          11          21  0.975401706929824     
          11          22  0.981693355623397     
          13          23  0.932772478177264     
