           1           2   1.01988650441602     
           2           3   1.00884875845225     
           3           4  0.982921769271665     
           4           5  0.998925470265198     
           5           6   1.80632832293077     
           5           7   1.02028038303152     
           1           8  0.987247086240577     
           1           9  0.987004785121312     
           1          10  0.986561832994669     
           2          11  0.977212562686965     
           2          12  0.977424541072388     
           3          13  0.975355326896377     
           3          14  0.974627377461117     
           4          15  0.972640191244889     
           4          16  0.948366966260749     
           7          17  0.964952541278030     
           7          18  0.941814249893341     
           7          19  0.979738578686642     
