$hessian                                                                        
        0.4728044948  -0.0158263386   0.0215667050  -0.1717042734  -0.0342108941
        0.0462202987  -0.0198586624   0.0009730554   0.0097493090  -0.0011090510
        0.0024697700   0.0010004746   0.0001651453  -0.0001574241   0.0000037127
       -0.0000843196   0.0002670766   0.0000327908   0.0000466428  -0.0000383916
        0.0000378973  -0.0966530420   0.0955343194   0.0340841587  -0.0479204719
        0.0215725617  -0.0282746237  -0.1156392577  -0.0608505328  -0.0920475581
        0.0003424380  -0.0009119804   0.0016740715  -0.0209802763  -0.0074389803
        0.0061030502   0.0004732139  -0.0007694161   0.0000039776   0.0010915346
       -0.0006195737  -0.0004078552  -0.0000830757   0.0001757553  -0.0001726923
       -0.0008124384  -0.0001654742   0.0004127565  -0.0000671718  -0.0000515900
        0.0000519849  -0.0000050071   0.0000212597   0.0000178240  -0.0000064222
        0.0000267978  -0.0000562823
       -0.0158263386   0.5187952351   0.0076175307  -0.0330525961  -0.0749813316
        0.0150948711   0.0190476042   0.0032422155  -0.0087868685   0.0036180906
       -0.0027250095  -0.0012427828  -0.0003611790  -0.0014015375  -0.0009276505
       -0.0000058127   0.0009850430   0.0001153142   0.0000077505  -0.0000978470
        0.0002108764   0.0951272321  -0.2073687061  -0.0611689181   0.0214570106
       -0.1323154049   0.1125041538  -0.0610700445  -0.0962139621  -0.0764535885
       -0.0169494196  -0.0057110586   0.0097222993  -0.0147995322  -0.0040634785
        0.0047448327   0.0006472442   0.0008407972  -0.0008691863   0.0010301592
        0.0007492592   0.0001504536   0.0000124174   0.0000247016  -0.0001439138
        0.0011195630   0.0001553382  -0.0005401695   0.0000017900   0.0000026160
       -0.0000479860   0.0000333503   0.0000380103   0.0000288818  -0.0000372895
        0.0000451196  -0.0000081496
        0.0215667050   0.0076175307   0.5122390776   0.0464819915   0.0156440743
       -0.0886890115   0.0112309565  -0.0001023721  -0.0054183408   0.0012779674
       -0.0014424532  -0.0004157433  -0.0002736637  -0.0001854750  -0.0004079423
        0.0000487302   0.0001525784   0.0001136894   0.0001035012  -0.0000165344
        0.0000350864   0.0340278053  -0.0613457402  -0.0668759120  -0.0284370011
        0.1123433995  -0.1892886868  -0.0918771989  -0.0764473986  -0.1578264954
        0.0223029552   0.0088365504  -0.0121327658  -0.0169279411  -0.0056554101
        0.0073188220  -0.0007008391   0.0002063001   0.0007631160   0.0006735029
        0.0005432366   0.0003255081  -0.0000715360  -0.0001396340   0.0002306287
        0.0005651898   0.0000292035  -0.0000807953  -0.0000117103  -0.0000188826
        0.0000222976   0.0000354980  -0.0000254582   0.0000555155  -0.0000149129
        0.0000064848   0.0000319519
       -0.1717042734  -0.0330525961   0.0464819915   0.4766152225   0.0151619655
        0.0294074020  -0.0901733284   0.0510856393   0.0150987500  -0.0190259086
        0.0182617766   0.0106521573  -0.0003086534   0.0002548873   0.0011572768
       -0.0006169069   0.0006202438   0.0001251217   0.0000042751   0.0000998364
       -0.0000007801  -0.0171753408  -0.0022639586   0.0081412034   0.0013106208
       -0.0015331501   0.0020593250  -0.0208060993  -0.0078557003   0.0050155011
       -0.0479278450   0.0206158072  -0.0297394857  -0.1089557647  -0.0583632941
       -0.0865834079  -0.0038365122   0.0080545053   0.0010374298   0.0064716565
       -0.0112339274  -0.0042715127   0.0008229547   0.0004642759  -0.0007906854
       -0.0045663588  -0.0004484962   0.0023990206  -0.0000681869   0.0000923749
       -0.0000391799  -0.0000505911   0.0000064536  -0.0000014510  -0.0000089603
        0.0000333570  -0.0001486764
       -0.0342108941  -0.0749813316   0.0156440743   0.0151619655   0.4945996512
       -0.0109788738   0.0509095485  -0.1562043163  -0.0331776071   0.0006765509
        0.0036533734  -0.0001909800   0.0002915304   0.0006188157   0.0014062210
       -0.0002921243   0.0002905400  -0.0002165982  -0.0003821900   0.0001118934
       -0.0002705092   0.0216871215   0.0050206944  -0.0098986908  -0.0167209964
       -0.0065911211   0.0097614684  -0.0145909133  -0.0049034884   0.0042829274
        0.0210407880  -0.1298705149   0.1074466769  -0.0586008230  -0.0958447722
       -0.0726765499   0.0116473900  -0.0208743942  -0.0032371158   0.0062631643
       -0.0166145938  -0.0088328859  -0.0009957863   0.0009237374   0.0002511344
       -0.0018505145   0.0006396666   0.0008928275   0.0000119183  -0.0000358605
       -0.0000697068   0.0000034677   0.0000499982  -0.0000963734  -0.0000492032
        0.0000120227  -0.0000394390
        0.0462202987   0.0150948711  -0.0886890115   0.0294074020  -0.0109788738
        0.5208023457   0.0146359020  -0.0330693894  -0.0803999590   0.0094358987
       -0.0080902309  -0.0048605585  -0.0009006673   0.0003086575   0.0001341536
        0.0005646390  -0.0001177064  -0.0002484333   0.0001191969  -0.0002484321
       -0.0001530688   0.0104835902   0.0015345425  -0.0044689306   0.0223189327
        0.0091125903  -0.0125473385  -0.0173509010  -0.0055082170   0.0077733286
       -0.0296619734   0.1069759031  -0.1810056361  -0.0869693853  -0.0724218871
       -0.1534712090  -0.0101730532   0.0189443302   0.0059284836   0.0089635204
       -0.0209106222  -0.0088983230   0.0003810168  -0.0008749527   0.0003400680
        0.0024991378   0.0002543403  -0.0004517693   0.0000722806   0.0000889124
        0.0001531559  -0.0000949435  -0.0000565914   0.0000354077   0.0000491079
       -0.0000372445   0.0000272946
       -0.0198586624   0.0190476042   0.0112309565  -0.0901733284   0.0509095485
        0.0146359020   0.4566649112   0.0081030940   0.0366191699  -0.1485237712
       -0.0221592790   0.0513097684  -0.0255857363  -0.0141123532  -0.0026089743
        0.0002370720   0.0028005358  -0.0011667651   0.0014570621  -0.0006435509
       -0.0009660336  -0.0049104613  -0.0004593080   0.0025785445   0.0008192599
        0.0005467373  -0.0006165150   0.0005837508   0.0010355369   0.0004973180
       -0.0040284817   0.0079289968   0.0011637031   0.0068768838  -0.0113158316
       -0.0043281304  -0.0467084727   0.0209652645  -0.0298124793  -0.1103696835
       -0.0588811906  -0.0903425897   0.0004611143  -0.0017593623   0.0022468149
       -0.0166132551  -0.0015879616   0.0094457922  -0.0006601449  -0.0000997499
       -0.0001437408   0.0001451702   0.0001125969  -0.0001755478   0.0001867732
       -0.0004313276   0.0004328067
        0.0009730554   0.0032422155  -0.0001023721   0.0510856393  -0.1562043163
       -0.0330693894   0.0081030940   0.4854130170  -0.0120771504  -0.0293917686
       -0.0661480499   0.0194722560  -0.0159111686  -0.0066027826   0.0017974223
        0.0016346796   0.0001935559  -0.0028597717   0.0002480273  -0.0008792530
        0.0001409933  -0.0020043343   0.0008350300   0.0009797949  -0.0010713483
        0.0009194317   0.0002972839  -0.0007337453   0.0007699222   0.0006825167
        0.0120899922  -0.0211593918  -0.0035912098   0.0074620390  -0.0166896240
       -0.0087594575   0.0210981317  -0.1293776346   0.1083076226  -0.0588351540
       -0.0930357482  -0.0726200398  -0.0164462446  -0.0059035265   0.0105617107
        0.0205756436   0.0044873542  -0.0097598696   0.0009059549   0.0001186026
        0.0003001517   0.0001064485   0.0000501953  -0.0000531637   0.0001110581
       -0.0000289973   0.0003526719
        0.0097493090  -0.0087868685  -0.0054183408   0.0150987500  -0.0331776071
       -0.0803999590   0.0366191699  -0.0120771504   0.5175423646   0.0347686635
        0.0128465461  -0.0820011603  -0.0103802163   0.0017648865   0.0134819539
        0.0005255208  -0.0049206292  -0.0031345977   0.0011726343   0.0009809937
       -0.0029089127   0.0024362332   0.0002868428  -0.0005393749   0.0003829354
       -0.0009519136   0.0003211931  -0.0008158814   0.0002443160   0.0006149087
       -0.0105765946   0.0192476513   0.0057706861   0.0099073715  -0.0209615634
       -0.0090019582  -0.0293643900   0.1086828141  -0.1819718410  -0.0906545635
       -0.0731292572  -0.1546301320   0.0210477978   0.0089730490  -0.0121953976
        0.0117655909   0.0013854951  -0.0045979222  -0.0016619572  -0.0000904141
       -0.0008064208  -0.0000947868   0.0000654431  -0.0003274808   0.0000744134
       -0.0003826341   0.0002023915
       -0.0011090510   0.0036180906   0.0012779674  -0.0190259086   0.0006765509
        0.0094358987  -0.1485237712  -0.0293917686   0.0347686635   0.4168914162
       -0.0421381215   0.0168330446  -0.1009296420  -0.0144578407  -0.0376438469
        0.0064857161  -0.0238817981  -0.0140319818  -0.0056608566  -0.0019122886
       -0.0186827166  -0.0012607507   0.0000002446   0.0007098901  -0.0000103979
        0.0000787426  -0.0001702729   0.0003879260   0.0001030671   0.0000710372
        0.0003026915  -0.0006688428  -0.0001028080   0.0006640500  -0.0006354834
       -0.0000252139  -0.0000887905  -0.0013800419   0.0019441831  -0.0237476660
       -0.0087468367   0.0079437282  -0.0457973546   0.0274646781  -0.0305195210
       -0.0782313057   0.0902339136   0.0319326830  -0.0006684498   0.0001118213
       -0.0014782815  -0.0004559583   0.0018793007  -0.0027008619   0.0007781030
       -0.0009533870   0.0004384086
        0.0024697700  -0.0027250095  -0.0014424532   0.0182617766   0.0036533734
       -0.0080902309  -0.0221592790  -0.0661480499   0.0128465461  -0.0421381215
        0.5385499506  -0.0182074962  -0.0173158524  -0.0752304630  -0.0228627844
       -0.0348528611  -0.0460492171  -0.0303367590   0.0069953535   0.0067185405
        0.0086559815   0.0010459008   0.0002266252  -0.0004915574   0.0000688549
       -0.0000180480  -0.0001195718   0.0001213845  -0.0000520708   0.0000025122
        0.0006952177   0.0007665920  -0.0009249223   0.0001290362   0.0007332637
        0.0002463878  -0.0163090499  -0.0059951783   0.0098825628  -0.0141787261
       -0.0041447410   0.0049934688   0.0269357087  -0.1410324242   0.1090617839
        0.0881263929  -0.2079192149  -0.0655419767   0.0000713905   0.0003479286
       -0.0001078183   0.0022612425  -0.0015111979   0.0025748420  -0.0002281386
       -0.0001706596  -0.0001385150
        0.0010004746  -0.0012427828  -0.0004157433   0.0106521573  -0.0001909800
       -0.0048605585   0.0513097684   0.0194722560  -0.0820011603   0.0168330446
       -0.0182074962   0.4771265940  -0.0521705734  -0.0315089185  -0.1284075292
       -0.0111365350  -0.0143964607   0.0068430921  -0.0199811061  -0.0035035250
       -0.0123408054   0.0004394696   0.0001318710   0.0000018608  -0.0000375117
       -0.0001845170   0.0002177030   0.0000218977  -0.0001116377  -0.0001309285
       -0.0008196458   0.0003104466   0.0005485000   0.0000160522   0.0006014128
        0.0004497001   0.0205818363   0.0080436223  -0.0120810776  -0.0146959852
       -0.0048338851   0.0064415743  -0.0296807490   0.1099051278  -0.1768689066
        0.0313243309  -0.0658351466  -0.0716441612   0.0006803364  -0.0010523444
        0.0007522678  -0.0031412519   0.0019980649  -0.0017323151  -0.0011960100
        0.0006048926  -0.0018981063
        0.0001651453  -0.0003611790  -0.0002736637  -0.0003086534   0.0002915304
       -0.0009006673  -0.0255857363  -0.0159111686  -0.0103802163  -0.1009296420
       -0.0173158524  -0.0521705734   0.3166697397   0.0641276883   0.1212731858
       -0.0754618161  -0.0762256098  -0.0113048240  -0.0998426102   0.0280024583
       -0.0423726817   0.0002669951  -0.0001155325  -0.0000947091  -0.0000234229
        0.0000963368  -0.0000267291   0.0001440168   0.0001275690   0.0000864958
       -0.0002901530   0.0003196783   0.0000264984  -0.0006542358   0.0006269033
        0.0011756693   0.0010004705   0.0003281554  -0.0006433774  -0.0035480823
       -0.0011705904   0.0016026562  -0.0060347441  -0.0010387072  -0.0077390906
        0.0069987080   0.0042878832   0.0107894453   0.0090663897  -0.0103048783
        0.0143557611  -0.0088619899   0.0067881240  -0.0116693260  -0.0127703791
        0.0174471913  -0.0117338534
       -0.0001574241  -0.0014015375  -0.0001854750   0.0002548873   0.0006188157
        0.0003086575  -0.0141123532  -0.0066027826   0.0017648865  -0.0144578407
       -0.0752304630  -0.0315089185   0.0641276883   0.8477757466  -0.0087995463
       -0.0742984829  -0.6438300427  -0.0117808121   0.0289297312  -0.0942500583
        0.0462070844   0.0005207865  -0.0001862355  -0.0002227087  -0.0001852966
        0.0001534686   0.0000958642  -0.0001639338   0.0000979717  -0.0000072600
        0.0006000624  -0.0000622004   0.0006465913   0.0012375774   0.0006144199
       -0.0016845458  -0.0005115949  -0.0002566944   0.0002180502   0.0005902053
        0.0010038126  -0.0003295500   0.0095825219   0.0081303530   0.0150247622
       -0.0129055316  -0.0156825405  -0.0164723181   0.0058945877  -0.0182228253
        0.0108793715  -0.0054233654   0.0106668553  -0.0100729369   0.0104777754
       -0.0133360633   0.0059188037
        0.0000037127  -0.0009276505  -0.0004079423   0.0011572768   0.0014062210
        0.0001341536  -0.0026089743   0.0017974223   0.0134819539  -0.0376438469
       -0.0228627844  -0.1284075292   0.1212731858  -0.0087995463   0.3525108923
       -0.0124439650  -0.0121265385  -0.0701265248  -0.0387165466   0.0378187129
       -0.1249952656   0.0004148447  -0.0001963550  -0.0001747082   0.0000454947
        0.0002512467  -0.0000677810  -0.0001161066   0.0000729007   0.0000603337
       -0.0005120969  -0.0000260924  -0.0001507425   0.0005262914  -0.0003572479
       -0.0000650128   0.0009847379   0.0011540979   0.0001695041   0.0048068405
        0.0018912017  -0.0010261454  -0.0184294224  -0.0077053244  -0.0206498689
       -0.0064166761  -0.0078634162  -0.0057537100  -0.0037729346   0.0102463315
       -0.0053542020  -0.0158084967   0.0130816202  -0.0188515256   0.0072566817
       -0.0068547994   0.0096741207
       -0.0000843196  -0.0000058127   0.0000487302  -0.0006169069  -0.0002921243
        0.0005646390   0.0002370720   0.0016346796   0.0005255208   0.0064857161
       -0.0348528611  -0.0111365350  -0.0754618161  -0.0742984829  -0.0124439650
        0.0579160682   0.0899755954   0.0329857445   0.0171599790   0.0194892037
       -0.0066875171   0.0000263298   0.0000314020   0.0000097378   0.0000065971
       -0.0000560440   0.0000372095  -0.0000462070  -0.0000634902  -0.0000280985
        0.0002340784  -0.0001395522   0.0000464196  -0.0010613730   0.0000094419
       -0.0004215187  -0.0000576061  -0.0001603827   0.0001435573   0.0000639904
        0.0001517962  -0.0001800236   0.0004778241   0.0001053241   0.0018884591
       -0.0034587109  -0.0039305630  -0.0048642314  -0.0017341194   0.0037280544
       -0.0030276208   0.0000677475  -0.0003131775   0.0019847037  -0.0001543436
       -0.0010130066   0.0005547886
        0.0002670766   0.0009850430   0.0001525784   0.0006202438   0.0002905400
       -0.0001177064   0.0028005358   0.0001935559  -0.0049206292  -0.0238817981
       -0.0460492171  -0.0143964607  -0.0762256098  -0.6438300427  -0.0121265385
        0.0899755954   0.7581626884   0.0112266089   0.0076573234  -0.0622534731
        0.0164486722  -0.0002178740   0.0001519095   0.0001189214   0.0000895518
       -0.0002063013  -0.0000196537   0.0001584723  -0.0001286442  -0.0000126732
       -0.0003883279  -0.0001204125  -0.0004622959  -0.0009119830  -0.0001017429
        0.0010952584   0.0000435957  -0.0004372917  -0.0000198260  -0.0022115676
       -0.0009296954   0.0009244288   0.0016758479   0.0009229102  -0.0000328122
       -0.0031111880  -0.0025390413  -0.0054844636   0.0043148156  -0.0037220396
        0.0056869833  -0.0017065503   0.0014109554  -0.0007909607   0.0010518403
       -0.0017997004   0.0027305690
        0.0000327908   0.0001153142   0.0001136894   0.0001251217  -0.0002165982
       -0.0002484333  -0.0011667651  -0.0028597717  -0.0031345977  -0.0140319818
       -0.0303367590   0.0068430921  -0.0113048240  -0.0117808121  -0.0701265248
        0.0329857445   0.0112266089   0.0578491251  -0.0052898101   0.0310914745
        0.0091778053  -0.0000843816   0.0000669259  -0.0000035386   0.0000025703
       -0.0000651949  -0.0000221584   0.0000942487   0.0000167318   0.0000099015
        0.0002640494   0.0000540796   0.0000521835   0.0001382755   0.0000970568
        0.0001387495  -0.0000552199  -0.0001149615  -0.0000271074  -0.0014636196
       -0.0004107574   0.0006027123   0.0022262581   0.0004036867   0.0024283415
       -0.0017869749  -0.0026730083  -0.0021854165  -0.0010672803   0.0026701945
       -0.0014286535   0.0022282125  -0.0011875902   0.0020798214  -0.0018464144
        0.0039033804  -0.0021189913
        0.0000466428   0.0000077505   0.0001035012   0.0000042751  -0.0003821900
        0.0001191969   0.0014570621   0.0002480273   0.0011726343  -0.0056608566
        0.0069953535  -0.0199811061  -0.0998426102   0.0289297312  -0.0387165466
        0.0171599790   0.0076573234  -0.0052898101   0.4790205602   0.0396356752
        0.0010911205  -0.0000969220   0.0000376427   0.0000269966   0.0000228051
        0.0000387150  -0.0000366456  -0.0000545869  -0.0000167197  -0.0000449121
        0.0000452035   0.0001172447  -0.0000575937  -0.0000189132  -0.0000256411
       -0.0001848912  -0.0009763064   0.0005734639  -0.0006454540  -0.0000253856
        0.0002045064  -0.0002687643  -0.0017826148  -0.0017228450  -0.0034728424
       -0.0008694001   0.0005049855  -0.0010676547  -0.1367055961  -0.1140711482
        0.0544388851  -0.0827137172  -0.0542478707  -0.0732461091  -0.1690096189
        0.0855159953   0.0860599952
       -0.0000383916  -0.0000978470  -0.0000165344   0.0000998364   0.0001118934
       -0.0002484321  -0.0006435509  -0.0008792530   0.0009809937  -0.0019122886
        0.0067185405  -0.0035035250   0.0280024583  -0.0942500583   0.0378187129
        0.0194892037  -0.0622534731   0.0310914745   0.0396356752   0.5071746402
        0.0284162116   0.0000121594  -0.0000046661  -0.0000084302  -0.0000080225
        0.0000362690  -0.0000383727   0.0000603244   0.0000349387   0.0000362904
       -0.0001015320   0.0000176191  -0.0000022475  -0.0000259804  -0.0000165953
        0.0002239928  -0.0005490151   0.0002451677  -0.0005648517   0.0002509000
        0.0001022150   0.0000931636  -0.0018635646  -0.0000389475  -0.0017251412
       -0.0002144783   0.0006232567   0.0005643874  -0.1105997335  -0.1550029219
        0.0603259016  -0.0542459393  -0.1139902802  -0.0956977335   0.0826519394
       -0.0885304980  -0.0577458603
        0.0000378973   0.0002108764   0.0000350864  -0.0000007801  -0.0002705092
       -0.0001530688  -0.0009660336   0.0001409933  -0.0029089127  -0.0186827166
        0.0086559815  -0.0123408054  -0.0423726817   0.0462070844  -0.1249952656
       -0.0066875171   0.0164486722   0.0091778053   0.0010911205   0.0284162116
        0.4874212716  -0.0000903760   0.0000301096   0.0000530139  -0.0000592676
       -0.0000995834   0.0000822204   0.0000273207  -0.0000125246   0.0000051446
        0.0000856037  -0.0000468305   0.0001030508  -0.0000284366   0.0001775012
        0.0000120895   0.0005465803  -0.0002105034   0.0000626265  -0.0009834455
       -0.0003824305   0.0003992424  -0.0032998105  -0.0009235324  -0.0022695599
        0.0000716750   0.0013555723   0.0008469908   0.0528408142   0.0601930582
       -0.0747964704  -0.0729385456  -0.0967009715  -0.1814844972   0.0914085991
       -0.0631891753  -0.0992499620
       -0.0966530420   0.0951272321   0.0340278053  -0.0171753408   0.0216871215
        0.0104835902  -0.0049104613  -0.0020043343   0.0024362332  -0.0012607507
        0.0010459008   0.0004394696   0.0002669951   0.0005207865   0.0004148447
        0.0000263298  -0.0002178740  -0.0000843816  -0.0000969220   0.0000121594
       -0.0000903760   0.1139989612  -0.1100416438  -0.0422859884  -0.0028268457
        0.0074716136   0.0006427085   0.0079088908  -0.0139365339  -0.0057473574
        0.0006663177   0.0002730670  -0.0001527317   0.0002373720   0.0005314403
       -0.0001987605   0.0001179146  -0.0002373574   0.0000058382  -0.0000229675
       -0.0001641586  -0.0000742543   0.0000707269   0.0000388502  -0.0000253160
       -0.0003986168  -0.0000588732   0.0001725870   0.0000281877  -0.0000194079
        0.0000390911  -0.0000047281  -0.0000102532  -0.0000034175   0.0000279791
       -0.0000177351   0.0000004156
        0.0955343194  -0.2073687061  -0.0613457402  -0.0022639586   0.0050206944
        0.0015345425  -0.0004593080   0.0008350300   0.0002868428   0.0000002446
        0.0002266252   0.0001318710  -0.0001155325  -0.0001862355  -0.0001963550
        0.0000314020   0.0001519095   0.0000669259   0.0000376427  -0.0000046661
        0.0000301096  -0.1100416438   0.2384004888   0.0709134488   0.0112797338
       -0.0215771755  -0.0040395939   0.0066705778  -0.0166953134  -0.0077578945
       -0.0002710576   0.0004775078  -0.0001449386   0.0000433617   0.0003812172
        0.0003356514  -0.0002808963   0.0001692670  -0.0000885719  -0.0000677169
        0.0001200534   0.0002818441   0.0000284590   0.0000301416  -0.0000449556
       -0.0000829288   0.0000148861   0.0000351892  -0.0000430925  -0.0000097357
       -0.0000089374   0.0000092570   0.0000121040   0.0000197249  -0.0000088633
        0.0000019072  -0.0000091633
        0.0340841587  -0.0611689181  -0.0668759120   0.0081412034  -0.0098986908
       -0.0044689306   0.0025785445   0.0009797949  -0.0005393749   0.0007098901
       -0.0004915574   0.0000018608  -0.0000947091  -0.0002227087  -0.0001747082
        0.0000097378   0.0001189214  -0.0000035386   0.0000269966  -0.0000084302
        0.0000530139  -0.0422859884   0.0709134488   0.0748540561  -0.0121256745
        0.0222747190   0.0062494625   0.0093555265  -0.0224057876  -0.0092662206
        0.0000712993  -0.0003979498  -0.0001621031  -0.0005007453   0.0000870938
        0.0003439097   0.0000243897   0.0000411051  -0.0000601524  -0.0000884119
        0.0001713148   0.0001332630  -0.0000596100  -0.0000404626   0.0000127225
        0.0001636899   0.0000318015  -0.0000893890   0.0000072322   0.0000045741
       -0.0000124826  -0.0000064051   0.0000103013   0.0000071820  -0.0000111247
        0.0000014307  -0.0000026585
       -0.0479204719   0.0214570106  -0.0284370011   0.0013106208  -0.0167209964
        0.0223189327   0.0008192599  -0.0010713483   0.0003829354  -0.0000103979
        0.0000688549  -0.0000375117  -0.0000234229  -0.0001852966   0.0000454947
        0.0000065971   0.0000895518   0.0000025703   0.0000228051  -0.0000080225
       -0.0000592676  -0.0028268457   0.0112797338  -0.0121256745   0.0564880792
       -0.0237259172   0.0303505008  -0.0036097816   0.0104513823  -0.0159179623
       -0.0047359130  -0.0021153651   0.0034291535   0.0008806165  -0.0000427171
        0.0003529299  -0.0003348766   0.0003133709  -0.0000220124  -0.0000897138
        0.0000570096  -0.0001364615   0.0000317627   0.0000657028  -0.0000891272
        0.0000357997   0.0000285875  -0.0000494142  -0.0000688962   0.0000605036
        0.0000072276  -0.0000061269   0.0000006011  -0.0000045249   0.0000309054
       -0.0000026458  -0.0000107878
        0.0215725617  -0.1323154049   0.1123433995  -0.0015331501  -0.0065911211
        0.0091125903   0.0005467373   0.0009194317  -0.0009519136   0.0000787426
       -0.0000180480  -0.0001845170   0.0000963368   0.0001534686   0.0002512467
       -0.0000560440  -0.0002063013  -0.0000651949   0.0000387150   0.0000362690
       -0.0000995834   0.0074716136  -0.0215771755   0.0222747190  -0.0237259172
        0.1516856121  -0.1330692884  -0.0023229898   0.0083154765  -0.0108651106
       -0.0023720080  -0.0003084742   0.0011709921   0.0002068304  -0.0002042981
        0.0000792856  -0.0000093475   0.0002218102   0.0000476520  -0.0000677914
       -0.0000932134   0.0000128624   0.0000653463  -0.0000706521  -0.0000164579
        0.0000268514   0.0000256137  -0.0000342916  -0.0000082975   0.0000634291
        0.0000032317  -0.0000353864  -0.0000204043  -0.0000132144   0.0000271970
       -0.0000160178   0.0000035923
       -0.0282746237   0.1125041538  -0.1892886868   0.0020593250   0.0097614684
       -0.0125473385  -0.0006165150   0.0002972839   0.0003211931  -0.0001702729
       -0.0001195718   0.0002177030  -0.0000267291   0.0000958642  -0.0000677810
        0.0000372095  -0.0000196537  -0.0000221584  -0.0000366456  -0.0000383727
        0.0000822204   0.0006427085  -0.0040395939   0.0062494625   0.0303505008
       -0.1330692884   0.2182842477  -0.0072948954   0.0141805217  -0.0230718398
        0.0033041440   0.0013084197  -0.0007754494  -0.0004492108  -0.0003813127
        0.0007224987   0.0006902130  -0.0004010371   0.0001237551  -0.0001228118
        0.0000383457  -0.0003313176  -0.0001235122  -0.0000359329   0.0000615339
       -0.0000061698  -0.0000495131   0.0000106410   0.0000626772  -0.0000414249
        0.0000427098  -0.0000128659  -0.0000014169   0.0000009544  -0.0000125256
        0.0000110606  -0.0000123482
       -0.1156392577  -0.0610700445  -0.0918771989  -0.0208060993  -0.0145909133
       -0.0173509010   0.0005837508  -0.0007337453  -0.0008158814   0.0003879260
        0.0001213845   0.0000218977   0.0001440168  -0.0001639338  -0.0001161066
       -0.0000462070   0.0001584723   0.0000942487  -0.0000545869   0.0000603244
        0.0000273207   0.0079088908   0.0066705778   0.0093555265  -0.0036097816
       -0.0023229898  -0.0072948954   0.1366695715   0.0734711475   0.1055899691
        0.0008442280   0.0002355227  -0.0004813001  -0.0060281190  -0.0023020988
        0.0022763474  -0.0001046483   0.0000308859  -0.0001285448  -0.0003298355
        0.0004703468   0.0007405910   0.0000194703  -0.0000428739  -0.0000502803
        0.0000244362   0.0000432339  -0.0000094906  -0.0000056501  -0.0000404710
       -0.0000254658   0.0000505632   0.0000063012   0.0000254548  -0.0000086683
       -0.0000011267   0.0000187088
       -0.0608505328  -0.0962139621  -0.0764473986  -0.0078557003  -0.0049034884
       -0.0055082170   0.0010355369   0.0007699222   0.0002443160   0.0001030671
       -0.0000520708  -0.0001116377   0.0001275690   0.0000979717   0.0000729007
       -0.0000634902  -0.0001286442   0.0000167318  -0.0000167197   0.0000349387
       -0.0000125246  -0.0139365339  -0.0166953134  -0.0224057876   0.0104513823
        0.0083154765   0.0141805217   0.0734711475   0.1091503766   0.0894309245
       -0.0000869330  -0.0002220533  -0.0003336008  -0.0023774122  -0.0002103362
        0.0008457577  -0.0000122120  -0.0000900052   0.0000859057  -0.0000037468
        0.0002065770  -0.0000660661  -0.0000355753  -0.0000547438   0.0000136377
        0.0000332677   0.0000088399  -0.0000169879   0.0000004845  -0.0000081828
        0.0000017895   0.0000133221  -0.0000106646  -0.0000019414   0.0000030789
        0.0000053623   0.0000116765
       -0.0920475581  -0.0764535885  -0.1578264954   0.0050155011   0.0042829274
        0.0077733286   0.0004973180   0.0006825167   0.0006149087   0.0000710372
        0.0000025122  -0.0001309285   0.0000864958  -0.0000072600   0.0000603337
       -0.0000280985  -0.0000126732   0.0000099015  -0.0000449121   0.0000362904
        0.0000051446  -0.0057473574  -0.0077578945  -0.0092662206  -0.0159179623
       -0.0108651106  -0.0230718398   0.1055899691   0.0894309245   0.1808575185
        0.0003529113   0.0001180741   0.0007588091   0.0024018787   0.0005443148
        0.0003780904  -0.0001647403  -0.0000169023  -0.0003025326  -0.0000869015
        0.0000028388   0.0001600093   0.0000262896   0.0000050423   0.0000139978
       -0.0000236365   0.0000115358   0.0000067410   0.0000121519  -0.0000155767
       -0.0000383923   0.0000205791   0.0000051596  -0.0000125686  -0.0000129653
        0.0000068691   0.0000101946
        0.0003424380  -0.0169494196   0.0223029552  -0.0479278450   0.0210407880
       -0.0296619734  -0.0040284817   0.0120899922  -0.0105765946   0.0003026915
        0.0006952177  -0.0008196458  -0.0002901530   0.0006000624  -0.0005120969
        0.0002340784  -0.0003883279   0.0002640494   0.0000452035  -0.0001015320
        0.0000856037   0.0006663177  -0.0002710576   0.0000712993  -0.0047359130
       -0.0023720080   0.0033041440   0.0008442280  -0.0000869330   0.0003529113
        0.0589276333  -0.0260989550   0.0300494660  -0.0034528710   0.0097804703
       -0.0169327733  -0.0012389302   0.0031268931   0.0011605359   0.0004427790
       -0.0007449925  -0.0000299325  -0.0003961624   0.0000475109   0.0006835528
        0.0001315967  -0.0002350756   0.0000739304   0.0000587332  -0.0000756990
        0.0000874428   0.0000484169  -0.0000374442   0.0000632540   0.0000262401
       -0.0000194903   0.0000338717
       -0.0009119804  -0.0057110586   0.0088365504   0.0206158072  -0.1298705149
        0.1069759031   0.0079289968  -0.0211593918   0.0192476513  -0.0006688428
        0.0007665920   0.0003104466   0.0003196783  -0.0000622004  -0.0000260924
       -0.0001395522  -0.0001204125   0.0000540796   0.0001172447   0.0000176191
       -0.0000468305   0.0002730670   0.0004775078  -0.0003979498  -0.0021153651
       -0.0003084742   0.0013084197   0.0002355227  -0.0002220533   0.0001180741
       -0.0260989550   0.1526980907  -0.1256074439  -0.0023566857   0.0081570563
       -0.0098627286   0.0030741761  -0.0054567957  -0.0011973367  -0.0002928736
        0.0003470841   0.0007046841   0.0004250535   0.0002795082  -0.0003561441
       -0.0002677207   0.0001614114   0.0000027903  -0.0001021489  -0.0000195132
       -0.0000529894  -0.0000107726   0.0000339653  -0.0000087947  -0.0000246493
       -0.0000084202  -0.0000022890
        0.0016740715   0.0097222993  -0.0121327658  -0.0297394857   0.1074466769
       -0.1810056361   0.0011637031  -0.0035912098   0.0057706861  -0.0001028080
       -0.0009249223   0.0005485000   0.0000264984   0.0006465913  -0.0001507425
        0.0000464196  -0.0004622959   0.0000521835  -0.0000575937  -0.0000022475
        0.0001030508  -0.0001527317  -0.0001449386  -0.0001621031   0.0034291535
        0.0011709921  -0.0007754494  -0.0004813001  -0.0003336008   0.0007588091
        0.0300494660  -0.1256074439   0.2094948752  -0.0073577612   0.0137085591
       -0.0237477639   0.0011333199  -0.0012200114   0.0005345533   0.0002534915
       -0.0002585907   0.0006889072  -0.0000225858  -0.0000013226   0.0000877384
        0.0000318796  -0.0000809352  -0.0000614039   0.0000521039  -0.0000818545
       -0.0000198700   0.0000582088   0.0000149893  -0.0000099384  -0.0000040498
       -0.0000007348   0.0000263697
       -0.0209802763  -0.0147995322  -0.0169279411  -0.1089557647  -0.0586008230
       -0.0869693853   0.0068768838   0.0074620390   0.0099073715   0.0006640500
        0.0001290362   0.0000160522  -0.0006542358   0.0012375774   0.0005262914
       -0.0010613730  -0.0009119830   0.0001382755  -0.0000189132  -0.0000259804
       -0.0000284366   0.0002373720   0.0000433617  -0.0005007453   0.0008806165
        0.0002068304  -0.0004492108  -0.0060281190  -0.0023774122   0.0024018787
       -0.0034528710  -0.0023566857  -0.0073577612   0.1328591727   0.0677824257
        0.0978788367   0.0003490491  -0.0003396446   0.0002061744  -0.0007202833
        0.0026444621   0.0014159410  -0.0000240266  -0.0000558766  -0.0000431665
       -0.0000043568  -0.0000368735  -0.0001398533   0.0000790538   0.0000853700
       -0.0000135823  -0.0000972225  -0.0000306767  -0.0001067806   0.0000512442
       -0.0000556148   0.0000460416
       -0.0074389803  -0.0040634785  -0.0056554101  -0.0583632941  -0.0958447722
       -0.0724218871  -0.0113158316  -0.0166896240  -0.0209615634  -0.0006354834
        0.0007332637   0.0006014128   0.0006269033   0.0006144199  -0.0003572479
        0.0000094419  -0.0001017429   0.0000970568  -0.0000256411  -0.0000165953
        0.0001775012   0.0005314403   0.0003812172   0.0000870938  -0.0000427171
       -0.0002042981  -0.0003813127  -0.0023020988  -0.0002103362   0.0005443148
        0.0097804703   0.0081570563   0.0137085591   0.0677824257   0.1123194167
        0.0872245213  -0.0006843862   0.0004424517  -0.0002602400   0.0022394981
       -0.0052181788  -0.0026531462   0.0000286854  -0.0000884665   0.0000189113
       -0.0001939845   0.0000787306   0.0001300652   0.0000434001  -0.0003212959
        0.0000264433   0.0000516720   0.0000484861   0.0000368352  -0.0000915199
       -0.0000162539   0.0000380927
        0.0061030502   0.0047448327   0.0073188220  -0.0865834079  -0.0726765499
       -0.1534712090  -0.0043281304  -0.0087594575  -0.0090019582  -0.0000252139
        0.0002463878   0.0004497001   0.0011756693  -0.0016845458  -0.0000650128
       -0.0004215187   0.0010952584   0.0001387495  -0.0001848912   0.0002239928
        0.0000120895  -0.0001987605   0.0003356514   0.0003439097   0.0003529299
        0.0000792856   0.0007224987   0.0022763474   0.0008457577   0.0003780904
       -0.0169327733  -0.0098627286  -0.0237477639   0.0978788367   0.0872245213
        0.1766650102  -0.0000539132   0.0006847224   0.0006835580   0.0013802731
       -0.0027036612  -0.0001291155  -0.0001934999  -0.0000162667  -0.0003075369
       -0.0001609419   0.0002091512   0.0000853115   0.0000045267  -0.0000466070
       -0.0000062290  -0.0000254796   0.0000352981  -0.0000126029  -0.0000631027
        0.0000249573  -0.0000563114
        0.0004732139   0.0006472442  -0.0007008391  -0.0038365122   0.0116473900
       -0.0101730532  -0.0467084727   0.0210981317  -0.0293643900  -0.0000887905
       -0.0163090499   0.0205818363   0.0010004705  -0.0005115949   0.0009847379
       -0.0000576061   0.0000435957  -0.0000552199  -0.0009763064  -0.0005490151
        0.0005465803   0.0001179146  -0.0002808963   0.0000243897  -0.0003348766
       -0.0000093475   0.0006902130  -0.0001046483  -0.0000122120  -0.0001647403
       -0.0012389302   0.0030741761   0.0011333199   0.0003490491  -0.0006843862
       -0.0000539132   0.0591678427  -0.0263191451   0.0312451440  -0.0032877142
        0.0098320299  -0.0165601816  -0.0044104425  -0.0020971955   0.0028268495
        0.0006571685  -0.0001747604   0.0000395720  -0.0009273853   0.0003446939
       -0.0009762689   0.0002354382   0.0001541545  -0.0000339245  -0.0000294128
        0.0001061870   0.0000098881
       -0.0007694161   0.0008407972   0.0002063001   0.0080545053  -0.0208743942
        0.0189443302   0.0209652645  -0.1293776346   0.1086828141  -0.0013800419
       -0.0059951783   0.0080436223   0.0003281554  -0.0002566944   0.0011540979
       -0.0001603827  -0.0004372917  -0.0001149615   0.0005734639   0.0002451677
       -0.0002105034  -0.0002373574   0.0001692670   0.0000411051   0.0003133709
        0.0002218102  -0.0004010371   0.0000308859  -0.0000900052  -0.0000169023
        0.0031268931  -0.0054567957  -0.0012200114  -0.0003396446   0.0004424517
        0.0006847224  -0.0263191451   0.1517779375  -0.1267753953  -0.0023167663
        0.0078839912  -0.0095999232  -0.0017938055  -0.0001281446   0.0013272686
        0.0002977108   0.0004352814  -0.0004586070  -0.0004317513   0.0006698138
       -0.0002597586  -0.0000815060  -0.0000560876   0.0000017605   0.0001395672
       -0.0000142914  -0.0000289215
        0.0000039776  -0.0008691863   0.0007631160   0.0010374298  -0.0032371158
        0.0059284836  -0.0298124793   0.1083076226  -0.1819718410   0.0019441831
        0.0098825628  -0.0120810776  -0.0006433774   0.0002180502   0.0001695041
        0.0001435573  -0.0000198260  -0.0000271074  -0.0006454540  -0.0005648517
        0.0000626265   0.0000058382  -0.0000885719  -0.0000601524  -0.0000220124
        0.0000476520   0.0001237551  -0.0001285448   0.0000859057  -0.0003025326
        0.0011605359  -0.0011973367   0.0005345533   0.0002061744  -0.0002602400
        0.0006835580   0.0312451440  -0.1267753953   0.2098960260  -0.0073089827
        0.0135083378  -0.0228800700   0.0031275155   0.0009374763  -0.0010456272
       -0.0001485542   0.0000278451  -0.0001416469  -0.0002902901   0.0000189765
        0.0004726237   0.0000067278  -0.0000557605  -0.0000908619   0.0001186114
        0.0000338552  -0.0000333292
        0.0010915346   0.0010301592   0.0006735029   0.0064716565   0.0062631643
        0.0089635204  -0.1103696835  -0.0588351540  -0.0906545635  -0.0237476660
       -0.0141787261  -0.0146959852  -0.0035480823   0.0005902053   0.0048068405
        0.0000639904  -0.0022115676  -0.0014636196  -0.0000253856   0.0002509000
       -0.0009834455  -0.0000229675  -0.0000677169  -0.0000884119  -0.0000897138
       -0.0000677914  -0.0001228118  -0.0003298355  -0.0000037468  -0.0000869015
        0.0004427790  -0.0002928736   0.0002534915  -0.0007202833   0.0022394981
        0.0013802731  -0.0032877142  -0.0023167663  -0.0073089827   0.1331290144
        0.0676711342   0.1002353877   0.0006962134   0.0000647059  -0.0003161622
        0.0001998171   0.0000298867  -0.0004899190  -0.0001343063  -0.0001205083
       -0.0001302974   0.0001097386   0.0001310488  -0.0000790471   0.0000708940
       -0.0001758514   0.0001071313
       -0.0006195737   0.0007492592   0.0005432366  -0.0112339274  -0.0166145938
       -0.0209106222  -0.0588811906  -0.0930357482  -0.0731292572  -0.0087468367
       -0.0041447410  -0.0048338851  -0.0011705904   0.0010038126   0.0018912017
        0.0001517962  -0.0009296954  -0.0004107574   0.0002045064   0.0001022150
       -0.0003824305  -0.0001641586   0.0001200534   0.0001713148   0.0000570096
       -0.0000932134   0.0000383457   0.0004703468   0.0002065770   0.0000028388
       -0.0007449925   0.0003470841  -0.0002585907   0.0026444621  -0.0052181788
       -0.0027036612   0.0098320299   0.0078839912   0.0135083378   0.0676711342
        0.1092524088   0.0868384329  -0.0001508152  -0.0002396224  -0.0003089718
        0.0006978371   0.0005196533   0.0001208777  -0.0001644012   0.0000601519
       -0.0001426386   0.0000422929   0.0000373017  -0.0000810054   0.0001050711
       -0.0000067153   0.0000472338
       -0.0004078552   0.0001504536   0.0003255081  -0.0042715127  -0.0088328859
       -0.0088983230  -0.0903425897  -0.0726200398  -0.1546301320   0.0079437282
        0.0049934688   0.0064415743   0.0016026562  -0.0003295500  -0.0010261454
       -0.0001800236   0.0009244288   0.0006027123  -0.0002687643   0.0000931636
        0.0003992424  -0.0000742543   0.0002818441   0.0001332630  -0.0001364615
        0.0000128624  -0.0003313176   0.0007405910  -0.0000660661   0.0001600093
       -0.0000299325   0.0007046841   0.0006889072   0.0014159410  -0.0026531462
       -0.0001291155  -0.0165601816  -0.0095999232  -0.0228800700   0.1002353877
        0.0868384329   0.1780100938   0.0003046565   0.0000672331   0.0005504393
       -0.0001278681   0.0002726182   0.0003744781   0.0001514482  -0.0002095294
        0.0000772917   0.0000938864   0.0000043966   0.0001270770  -0.0000888518
       -0.0000324457   0.0000045073
       -0.0000830757   0.0000124174  -0.0000715360   0.0008229547  -0.0009957863
        0.0003810168   0.0004611143  -0.0164462446   0.0210477978  -0.0457973546
        0.0269357087  -0.0296807490  -0.0060347441   0.0095825219  -0.0184294224
        0.0004778241   0.0016758479   0.0022262581  -0.0017826148  -0.0018635646
       -0.0032998105   0.0000707269   0.0000284590  -0.0000596100   0.0000317627
        0.0000653463  -0.0001235122   0.0000194703  -0.0000355753   0.0000262896
       -0.0003961624   0.0004250535  -0.0000225858  -0.0000240266   0.0000286854
       -0.0001934999  -0.0044104425  -0.0017938055   0.0031275155   0.0006962134
       -0.0001508152   0.0003046565   0.0587595851  -0.0279031522   0.0350266309
       -0.0021541952   0.0102606299  -0.0098285702  -0.0001151488  -0.0002645800
        0.0003531039  -0.0007154826   0.0005184044  -0.0007629253   0.0001735958
       -0.0000795506  -0.0000210478
        0.0001757553   0.0000247016  -0.0001396340   0.0004642759   0.0009237374
       -0.0008749527  -0.0017593623  -0.0059035265   0.0089730490   0.0274646781
       -0.1410324242   0.1099051278  -0.0010387072   0.0081303530  -0.0077053244
        0.0001053241   0.0009229102   0.0004036867  -0.0017228450  -0.0000389475
       -0.0009235324   0.0000388502   0.0000301416  -0.0000404626   0.0000657028
       -0.0000706521  -0.0000359329  -0.0000428739  -0.0000547438   0.0000050423
        0.0000475109   0.0002795082  -0.0000013226  -0.0000558766  -0.0000884665
       -0.0000162667  -0.0020971955  -0.0001281446   0.0009374763   0.0000647059
       -0.0002396224   0.0000672331  -0.0279031522   0.1574296157  -0.1296775273
        0.0066676069  -0.0204537996   0.0196983973   0.0001101992  -0.0000374567
       -0.0001317863  -0.0002888072   0.0003100907  -0.0002692455  -0.0002957893
       -0.0000032742  -0.0001740253
       -0.0001726923  -0.0001439138   0.0002306287  -0.0007906854   0.0002511344
        0.0003400680   0.0022468149   0.0105617107  -0.0121953976  -0.0305195210
        0.1090617839  -0.1768689066  -0.0077390906   0.0150247622  -0.0206498689
        0.0018884591  -0.0000328122   0.0024283415  -0.0034728424  -0.0017251412
       -0.0022695599  -0.0000253160  -0.0000449556   0.0000127225  -0.0000891272
       -0.0000164579   0.0000615339  -0.0000502803   0.0000136377   0.0000139978
        0.0006835528  -0.0003561441   0.0000877384  -0.0000431665   0.0000189113
       -0.0003075369   0.0028268495   0.0013272686  -0.0010456272  -0.0003161622
       -0.0003089718   0.0005504393   0.0350266309  -0.1296775273   0.2038570206
        0.0011632063  -0.0044034192   0.0064211655   0.0002352876  -0.0003505427
        0.0002915883  -0.0007435695   0.0007281399  -0.0006903419  -0.0001083477
        0.0000725371  -0.0002680054
       -0.0008124384   0.0011195630   0.0005651898  -0.0045663588  -0.0018505145
        0.0024991378  -0.0166132551   0.0205756436   0.0117655909  -0.0782313057
        0.0881263929   0.0313243309   0.0069987080  -0.0129055316  -0.0064166761
       -0.0034587109  -0.0031111880  -0.0017869749  -0.0008694001  -0.0002144783
        0.0000716750  -0.0003986168  -0.0000829288   0.0001636899   0.0000357997
        0.0000268514  -0.0000061698   0.0000244362   0.0000332677  -0.0000236365
        0.0001315967  -0.0002677207   0.0000318796  -0.0000043568  -0.0001939845
       -0.0001609419   0.0006571685   0.0002977108  -0.0001485542   0.0001998171
        0.0006978371  -0.0001278681  -0.0021541952   0.0066676069   0.0011632063
        0.0994179131  -0.0985939885  -0.0384690359   0.0002327191  -0.0001159619
        0.0002450510  -0.0000214982  -0.0000745489   0.0001404280  -0.0005680226
       -0.0001340277  -0.0008303218
       -0.0001654742   0.0001553382   0.0000292035  -0.0004484962   0.0006396666
        0.0002543403  -0.0015879616   0.0044873542   0.0013854951   0.0902339136
       -0.2079192149  -0.0658351466   0.0042878832  -0.0156825405  -0.0078634162
       -0.0039305630  -0.0025390413  -0.0026730083   0.0005049855   0.0006232567
        0.0013555723  -0.0000588732   0.0000148861   0.0000318015   0.0000285875
        0.0000256137  -0.0000495131   0.0000432339   0.0000088399   0.0000115358
       -0.0002350756   0.0001614114  -0.0000809352  -0.0000368735   0.0000787306
        0.0002091512  -0.0001747604   0.0004352814   0.0000278451   0.0000298867
        0.0005196533   0.0002726182   0.0102606299  -0.0204537996  -0.0044034192
       -0.0985939885   0.2390408434   0.0769271275   0.0000345086   0.0000698318
       -0.0000385180   0.0001115578  -0.0000192257   0.0004148861  -0.0003031206
        0.0003531147   0.0000243802
        0.0004127565  -0.0005401695  -0.0000807953   0.0023990206   0.0008928275
       -0.0004517693   0.0094457922  -0.0097598696  -0.0045979222   0.0319326830
       -0.0655419767  -0.0716441612   0.0107894453  -0.0164723181  -0.0057537100
       -0.0048642314  -0.0054844636  -0.0021854165  -0.0010676547   0.0005643874
        0.0008469908   0.0001725870   0.0000351892  -0.0000893890  -0.0000494142
       -0.0000342916   0.0000106410  -0.0000094906  -0.0000169879   0.0000067410
        0.0000739304   0.0000027903  -0.0000614039  -0.0001398533   0.0001300652
        0.0000853115   0.0000395720  -0.0004586070  -0.0001416469  -0.0004899190
        0.0001208777   0.0003744781  -0.0098285702   0.0196983973   0.0064211655
       -0.0384690359   0.0769271275   0.0780287163   0.0003655456  -0.0000549781
       -0.0006159766   0.0002156642   0.0001107815   0.0002931599  -0.0009288274
       -0.0001187814  -0.0004450132
       -0.0000671718   0.0000017900  -0.0000117103  -0.0000681869   0.0000119183
        0.0000722806  -0.0006601449   0.0009059549  -0.0016619572  -0.0006684498
        0.0000713905   0.0006803364   0.0090663897   0.0058945877  -0.0037729346
       -0.0017341194   0.0043148156  -0.0010672803  -0.1367055961  -0.1105997335
        0.0528408142   0.0000281877  -0.0000430925   0.0000072322  -0.0000688962
       -0.0000082975   0.0000626772  -0.0000056501   0.0000004845   0.0000121519
        0.0000587332  -0.0001021489   0.0000521039   0.0000790538   0.0000434001
        0.0000045267  -0.0009273853  -0.0004317513  -0.0002902901  -0.0001343063
       -0.0001644012   0.0001514482  -0.0001151488   0.0001101992   0.0002352876
        0.0002327191   0.0000345086   0.0003655456   0.1595998526   0.1263970842
       -0.0629133753  -0.0093574341  -0.0105010316   0.0033698430  -0.0185524465
       -0.0159356772   0.0118633002
       -0.0000515900   0.0000026160  -0.0000188826   0.0000923749  -0.0000358605
        0.0000889124  -0.0000997499   0.0001186026  -0.0000904141   0.0001118213
        0.0003479286  -0.0010523444  -0.0103048783  -0.0182228253   0.0102463315
        0.0037280544  -0.0037220396   0.0026701945  -0.1140711482  -0.1550029219
        0.0601930582  -0.0000194079  -0.0000097357   0.0000045741   0.0000605036
        0.0000634291  -0.0000414249  -0.0000404710  -0.0000081828  -0.0000155767
       -0.0000756990  -0.0000195132  -0.0000818545   0.0000853700  -0.0003212959
       -0.0000466070   0.0003446939   0.0006698138   0.0000189765  -0.0001205083
        0.0000601519  -0.0002095294  -0.0002645800  -0.0000374567  -0.0003505427
       -0.0001159619   0.0000698318  -0.0000549781   0.1263970842   0.1799250949
       -0.0706368590  -0.0130106729  -0.0132900963   0.0041508071   0.0073547651
        0.0094124591  -0.0047738409
        0.0000519849  -0.0000479860   0.0000222976  -0.0000391799  -0.0000697068
        0.0001531559  -0.0001437408   0.0003001517  -0.0008064208  -0.0014782815
       -0.0001078183   0.0007522678   0.0143557611   0.0108793715  -0.0053542020
       -0.0030276208   0.0056869833  -0.0014286535   0.0544388851   0.0603259016
       -0.0747964704   0.0000390911  -0.0000089374  -0.0000124826   0.0000072276
        0.0000032317   0.0000427098  -0.0000254658   0.0000017895  -0.0000383923
        0.0000874428  -0.0000529894  -0.0000198700  -0.0000135823   0.0000264433
       -0.0000062290  -0.0009762689  -0.0002597586   0.0004726237  -0.0001302974
       -0.0001426386   0.0000772917   0.0003531039  -0.0001317863   0.0002915883
        0.0002450510  -0.0000385180  -0.0006159766  -0.0629133753  -0.0706368590
        0.0801684636  -0.0147199976  -0.0159268056   0.0073349001   0.0138892628
        0.0101999314  -0.0062366012
       -0.0000050071   0.0000333503   0.0000354980  -0.0000505911   0.0000034677
       -0.0000949435   0.0001451702   0.0001064485  -0.0000947868  -0.0004559583
        0.0022612425  -0.0031412519  -0.0088619899  -0.0054233654  -0.0158084967
        0.0000677475  -0.0017065503   0.0022282125  -0.0827137172  -0.0542459393
       -0.0729385456  -0.0000047281   0.0000092570  -0.0000064051  -0.0000061269
       -0.0000353864  -0.0000128659   0.0000505632   0.0000133221   0.0000205791
        0.0000484169  -0.0000107726   0.0000582088  -0.0000972225   0.0000516720
       -0.0000254796   0.0002354382  -0.0000815060   0.0000067278   0.0001097386
        0.0000422929   0.0000938864  -0.0007154826  -0.0002888072  -0.0007435695
       -0.0000214982   0.0001115578   0.0002156642  -0.0093574341  -0.0130106729
       -0.0147199976   0.0933198715   0.0603713711   0.0880537600   0.0083128098
        0.0117990181   0.0168738052
        0.0000212597   0.0000380103  -0.0000254582   0.0000064536   0.0000499982
       -0.0000565914   0.0001125969   0.0000501953   0.0000654431   0.0018793007
       -0.0015111979   0.0019980649   0.0067881240   0.0106668553   0.0130816202
       -0.0003131775   0.0014109554  -0.0011875902  -0.0542478707  -0.1139902802
       -0.0967009715  -0.0000102532   0.0000121040   0.0000103013   0.0000006011
       -0.0000204043  -0.0000014169   0.0000063012  -0.0000106646   0.0000051596
       -0.0000374442   0.0000339653   0.0000149893  -0.0000306767   0.0000484861
        0.0000352981   0.0001541545  -0.0000560876  -0.0000557605   0.0001310488
        0.0000373017   0.0000043966   0.0005184044   0.0003100907   0.0007281399
       -0.0000745489  -0.0000192257   0.0001107815  -0.0105010316  -0.0132900963
       -0.0159268056   0.0603713711   0.1252521838   0.1117582201  -0.0047746131
       -0.0090121893  -0.0138578203
        0.0000178240   0.0000288818   0.0000555155  -0.0000014510  -0.0000963734
        0.0000354077  -0.0001755478  -0.0000531637  -0.0003274808  -0.0027008619
        0.0025748420  -0.0017323151  -0.0116693260  -0.0100729369  -0.0188515256
        0.0019847037  -0.0007909607   0.0020798214  -0.0732461091  -0.0956977335
       -0.1814844972  -0.0000034175   0.0000197249   0.0000071820  -0.0000045249
       -0.0000132144   0.0000009544   0.0000254548  -0.0000019414  -0.0000125686
        0.0000632540  -0.0000087947  -0.0000099384  -0.0001067806   0.0000368352
       -0.0000126029  -0.0000339245   0.0000017605  -0.0000908619  -0.0000790471
       -0.0000810054   0.0001270770  -0.0007629253  -0.0002692455  -0.0006903419
        0.0001404280   0.0004148861   0.0002931599   0.0033698430   0.0041508071
        0.0073349001   0.0880537600   0.1117582201   0.2079505769  -0.0048713517
       -0.0119005881  -0.0146724626
       -0.0000064222  -0.0000372895  -0.0000149129  -0.0000089603  -0.0000492032
        0.0000491079   0.0001867732   0.0001110581   0.0000744134   0.0007781030
       -0.0002281386  -0.0011960100  -0.0127703791   0.0104777754   0.0072566817
       -0.0001543436   0.0010518403  -0.0018464144  -0.1690096189   0.0826519394
        0.0914085991   0.0000279791  -0.0000088633  -0.0000111247   0.0000309054
        0.0000271970  -0.0000125256  -0.0000086683   0.0000030789  -0.0000129653
        0.0000262401  -0.0000246493  -0.0000040498   0.0000512442  -0.0000915199
       -0.0000631027  -0.0000294128   0.0001395672   0.0001186114   0.0000708940
        0.0001050711  -0.0000888518   0.0001735958  -0.0002957893  -0.0001083477
       -0.0005680226  -0.0003031206  -0.0009288274  -0.0185524465   0.0073547651
        0.0138892628   0.0083128098  -0.0047746131  -0.0048713517   0.1914497296
       -0.0961091057  -0.1036381923
        0.0000267978   0.0000451196   0.0000064848   0.0000333570   0.0000120227
       -0.0000372445  -0.0004313276  -0.0000289973  -0.0003826341  -0.0009533870
       -0.0001706596   0.0006048926   0.0174471913  -0.0133360633  -0.0068547994
       -0.0010130066  -0.0017997004   0.0039033804   0.0855159953  -0.0885304980
       -0.0631891753  -0.0000177351   0.0000019072   0.0000014307  -0.0000026458
       -0.0000160178   0.0000110606  -0.0000011267   0.0000053623   0.0000068691
       -0.0000194903  -0.0000084202  -0.0000007348  -0.0000556148  -0.0000162539
        0.0000249573   0.0001061870  -0.0000142914   0.0000338552  -0.0001758514
       -0.0000067153  -0.0000324457  -0.0000795506  -0.0000032742   0.0000725371
       -0.0001340277   0.0003531147  -0.0001187814  -0.0159356772   0.0094124591
        0.0101999314   0.0117990181  -0.0090121893  -0.0119005881  -0.0961091057
        0.1031130950   0.0676510041
       -0.0000562823  -0.0000081496   0.0000319519  -0.0001486764  -0.0000394390
        0.0000272946   0.0004328067   0.0003526719   0.0002023915   0.0004384086
       -0.0001385150  -0.0018981063  -0.0117338534   0.0059188037   0.0096741207
        0.0005547886   0.0027305690  -0.0021189913   0.0860599952  -0.0577458603
       -0.0992499620   0.0000004156  -0.0000091633  -0.0000026585  -0.0000107878
        0.0000035923  -0.0000123482   0.0000187088   0.0000116765   0.0000101946
        0.0000338717  -0.0000022890   0.0000263697   0.0000460416   0.0000380927
       -0.0000563114   0.0000098881  -0.0000289215  -0.0000333292   0.0001071313
        0.0000472338   0.0000045073  -0.0000210478  -0.0001740253  -0.0002680054
       -0.0008303218   0.0000243802  -0.0004450132   0.0118633002  -0.0047738409
       -0.0062366012   0.0168738052  -0.0138578203  -0.0146724626  -0.1036381923
        0.0676510041   0.1150169590
