           1           2   1.02056818947230     
           2           3   1.00939736338113     
           3           4  0.992995928199310     
           4           5  0.982232390799292     
           5           6   1.69964155497209     
           5           7   1.15082602484834     
           6           7  0.166357237188487     
           7           8  0.940193760376964     
           1           9  0.986110946414370     
           1          10  0.987659709885505     
           1          11  0.984477915180733     
           2          12  0.976186126787931     
           2          13  0.976991496203125     
           3          14  0.975858286328606     
           3          15  0.974526030100534     
           4          16  0.968769375043179     
           4          17  0.939961905759823     
           8          18  0.977136395593460     
           8          19  0.976870725013990     
           8          20  0.976497500261635     
