*************************************************
******************* ORCA 6.0.0 ******************
*************************************************
$Calculation_Status
   &GeometryIndex 1
   &ListStatus       OUT
   &VERSION [&Type "String"] "6.0.0"
   &PROGNAME [&Type "String"] "LeanSCF"
   &STATUS [&Type "String"] "NORMAL TERMINATION"
$End
$Geometry
   &GeometryIndex 1
   &ListStatus       OUT
   &NATOMS [&Type "Integer"] 33
   &NCORELESSECP [&Type "Integer"] 0
   &NGHOSTATOMS [&Type "Integer"] 0
   &CartesianCoordinates [&Type "Coordinates", &Dim(33,4), &Units "Bohr"] 
              C     -8.436403268844    2.787261757433   -0.637791834203
              C     -6.120329727549    1.426718378566    0.270320957812
              C     -5.974872026249    0.656904148644    2.776653751246
              C     -3.876611464032   -0.619832923745    3.670354601703
              C     -1.902639746777   -1.173221706193    2.057723418584
              C     -2.007178139838   -0.400854070003   -0.454823846199
              C     -4.109143602548    0.929280197988   -1.361011637507
              C     -4.133539682911    1.784128980409   -4.064951709297
              N     -0.083810234652   -1.037164384050   -2.153371760966
              C      2.375777425938   -1.594243056140   -1.583210956102
              C      3.637341171559   -3.419876775521   -3.032776708120
              C      6.073041554122   -4.146416942349   -2.481179021330
              C      7.343059804074   -3.094635323507   -0.435491922338
              C      6.173517304524   -1.233335352058    0.958829150314
              C      3.737240229324   -0.404547137409    0.372423844619
              C      2.849562864478    1.838859440349    1.758373644604
              O      3.498482433980    2.356125166096    3.909972373805
              O      1.414791827874    3.402219886763    0.411869502090
              H     -9.231419052596    1.850100755369   -2.285857413410
              H     -9.860348410247    2.832285183096    0.840895851939
              H     -7.985150337776    4.727715230097   -1.155106438661
              H     -7.524052730447    1.057612191572    4.043598125048
              H     -3.787191955296   -1.214940407327    5.620397080696
              H     -0.285614972129   -2.219076611732    2.737069465544
              H     -4.787197607656    0.269944421376   -5.300117394531
              H     -5.381172174531    3.390253324899   -4.317945033084
              H     -2.239019257852    2.334234888098   -4.641282073712
              H     -0.690539753732   -1.683675793147   -3.844753233111
              H      2.647095776857   -4.284904183958   -4.593205397127
              H      6.987668127429   -5.566158962822   -3.624109810702
              H      9.230649819542   -3.698504670274    0.035106430717
              H      7.133262535487   -0.319891633738    2.511840277230
              H      1.035134565148    4.942122108587    1.350696143729
$End
$SCF_Energy
   &GeometryIndex 1
   &ListStatus       OUT
   &SCF_ENERGY [&Type "Double"]      -7.8427759837357689e+02
$End
$DFT_Energy
   &GeometryIndex 1
   &ListStatus       OUT
   &NALPHAEL [&Type "Integer"] 63
   &NBETAEL [&Type "Integer"] 63
   &NTOTALEL [&Type "Integer"] 127
   &EEXCHANGE [&Type "Double"]      -1.0585627857014339e+02
   &ECORR [&Type "Double"]      -4.3156849031848123e+00
   &ECNL [&Type "Double"]       0.0000000000000000e+00
   &EXC [&Type "Double"]      -1.1017196347332820e+02
   &EEMBED [&Type "Double"]       0.0000000000000000e+00
   &FINALEN [&Type "Double"]      -7.8427759837357689e+02  "No Van der Waals correction"
$End
$Mulliken_Population_Analysis
   &GeometryIndex 1
   &ListStatus       OUT
   &NATOMS [&Type "Integer"] 33
   &ATNO [&Type "ArrayOfIntegers", &Dim (33,1)] 
                                                         0

0                                                        6
1                                                        6
2                                                        6
3                                                        6
4                                                        6
5                                                        6
6                                                        6
7                                                        6
8                                                        7
9                                                        6
10                                                       6
11                                                       6
12                                                       6
13                                                       6
14                                                       6
15                                                       6
16                                                       8
17                                                       8
18                                                       1
19                                                       1
20                                                       1
21                                                       1
22                                                       1
23                                                       1
24                                                       1
25                                                       1
26                                                       1
27                                                       1
28                                                       1
29                                                       1
30                                                       1
31                                                       1
32                                                       1
   &ATOMICCHARGES [&Type "ArrayOfDoubles", &Dim (33,1)] 
                                                         0

0                                     -2.3266255422915805e-01
1                                     -3.9050594476602640e-02
2                                     -1.2514256721816341e-01
3                                     -5.3972690966778814e-02
4                                     -1.1581858698439262e-01
5                                      1.2909006873739237e-01
6                                     -7.4711833826615504e-02
7                                     -2.3883011296424961e-01
8                                     -2.0332848280479432e-01
9                                      1.5640674079250783e-01
10                                    -1.4785372124711138e-01
11                                    -3.8188445746277111e-02
12                                    -4.0596713657107486e-02
13                                    -1.2118974697736995e-01
14                                    -1.6509436602920147e-02
15                                     9.6900262428850858e-02
16                                    -1.9164507792357277e-01
17                                    -2.8973287791415103e-01
18                                     1.1137393989833799e-01
19                                     1.0182420390907621e-01
20                                     1.1937798839645652e-01
21                                     2.8989409983313785e-02
22                                     4.8933311788293854e-02
23                                     6.3604528034017838e-02
24                                     1.1095057119014906e-01
25                                     1.0318684354304875e-01
26                                     1.1608195571044322e-01
27                                     2.3454472200847831e-01
28                                     2.3255089399405682e-02
29                                     5.5259741832797360e-02
30                                     5.2517292276964223e-02
31                                     6.1164726802441560e-02
32                                     3.1577204680738680e-01
$End
$Loewdin_Population_Analysis
   &GeometryIndex 1
   &ListStatus       OUT
   &NATOMS [&Type "Integer"] 33
   &ATNO [&Type "ArrayOfIntegers", &Dim (33,1)] 
                                                         0

0                                                        6
1                                                        6
2                                                        6
3                                                        6
4                                                        6
5                                                        6
6                                                        6
7                                                        6
8                                                        7
9                                                        6
10                                                       6
11                                                       6
12                                                       6
13                                                       6
14                                                       6
15                                                       6
16                                                       8
17                                                       8
18                                                       1
19                                                       1
20                                                       1
21                                                       1
22                                                       1
23                                                       1
24                                                       1
25                                                       1
26                                                       1
27                                                       1
28                                                       1
29                                                       1
30                                                       1
31                                                       1
32                                                       1
   &ATOMICCHARGES [&Type "ArrayOfDoubles", &Dim (33,1)] 
                                                         0

0                                      3.4273894192112435e-06
1                                      6.6079150162336411e-05
2                                      2.6542946200873483e-05
3                                      7.6246995254737431e-05
4                                      4.2482418415068100e-04
5                                      1.1963215058923388e-03
6                                      2.8942311185061034e-04
7                                      5.5665885950066937e-06
8                                      5.3395297518562153e-03
9                                      8.4375314395739292e-03
10                                     1.4429464399255570e-03
11                                     3.8313046739568278e-04
12                                     7.8526886818368422e-04
13                                     3.7060945210017188e-03
14                                     2.0375986499730096e-02
15                                     2.2279151687194804e-01
16                                     6.8714826715001964e-01
17                                     4.6952173046671312e-02
18                                     7.9217977066325616e-08
19                                     2.4894163613267759e-08
20                                     1.0221085426706536e-07
21                                     4.4683112440117390e-07
22                                     3.0408284720574137e-06
23                                     1.6248373817237095e-06
24                                     1.3600223052652188e-08
25                                     3.6967721652393236e-07
26                                     3.8122694701546033e-06
27                                     9.2400494958911757e-05
28                                     3.1441585347021436e-05
29                                     9.5971353362526651e-06
30                                     6.9318666586612630e-06
31                                     5.3828975006314997e-05
32                                     3.4540864797611153e-04
$End
$Mayer_Population_Analysis
   &GeometryIndex 1
   &ListStatus       OUT
   &NATOMS [&Type "Integer"] 33 "Total number of atoms"
   &BONDTHRESH [&Type "Double"]       1.0000000000000001e-01  "The threshold for printing"
   &NBONDORDERSPRINT [&Type "Integer"] 34 "The number of bond orders larger than threshold"
   &BONDORDERS [&Type "ArrayOfDoubles", &Dim (34,1)] "The bond orders"
                                                         0

0                                      1.1226420026383235e+00
1                                      9.2859107497040316e-01
2                                      9.3719514859683628e-01
3                                      9.2433529827439198e-01
4                                      1.3816178600079323e+00
5                                      1.4108070314007277e+00
6                                      1.3333531282456161e+00
7                                      9.6253462865280204e-01
8                                      1.3585970228531157e+00
9                                      9.6409449727928009e-01
10                                     1.3727097104991317e+00
11                                     9.4417633355834485e-01
12                                     1.3835998202381017e+00
13                                     1.0392961187806957e+00
14                                     1.1741716242615194e+00
15                                     9.2218507037590747e-01
16                                     9.1578238961760849e-01
17                                     9.1727209719417990e-01
18                                     1.1719639770718082e+00
19                                     8.3141277643425826e-01
20                                     1.3050836038302993e+00
21                                     1.3122263472890703e+00
22                                     1.3985660899021770e+00
23                                     9.5620936553014491e-01
24                                     1.3218762434326345e+00
25                                     9.6112637280338398e-01
26                                     1.3602454790320091e+00
27                                     9.6924540178145535e-01
28                                     1.3941300780149759e+00
29                                     9.5813964972744492e-01
30                                     9.5264824125102432e-01
31                                     2.0918294488612386e+00
32                                     1.2751622318390377e+00
33                                     8.2103423353280858e-01
   &COMPONENTS [&Type "ArrayOfIntegers", &Dim (34,4)] "The indices and atomic numbers of the bonding atoms"
                                                         0                           1                           2                           3

0                                                        0                           6                           1                           6
1                                                        0                           6                          18                           1
2                                                        0                           6                          19                           1
3                                                        0                           6                          20                           1
4                                                        1                           6                           2                           6
5                                                        1                           6                           6                           6
6                                                        2                           6                           3                           6
7                                                        2                           6                          21                           1
8                                                        3                           6                           4                           6
9                                                        3                           6                          22                           1
10                                                       4                           6                           5                           6
11                                                       4                           6                          23                           1
12                                                       5                           6                           6                           6
13                                                       5                           6                           8                           7
14                                                       6                           6                           7                           6
15                                                       7                           6                          24                           1
16                                                       7                           6                          25                           1
17                                                       7                           6                          26                           1
18                                                       8                           7                           9                           6
19                                                       8                           7                          27                           1
20                                                       9                           6                          10                           6
21                                                       9                           6                          14                           6
22                                                      10                           6                          11                           6
23                                                      10                           6                          28                           1
24                                                      11                           6                          12                           6
25                                                      11                           6                          29                           1
26                                                      12                           6                          13                           6
27                                                      12                           6                          30                           1
28                                                      13                           6                          14                           6
29                                                      13                           6                          31                           1
30                                                      14                           6                          15                           6
31                                                      15                           6                          16                           8
32                                                      15                           6                          17                           8
33                                                      17                           8                          32                           1
   &ATNO [&Type "ArrayOfIntegers", &Dim (33,1)] "Atomic number of the elements"
                                                         0

0                                                        6
1                                                        6
2                                                        6
3                                                        6
4                                                        6
5                                                        6
6                                                        6
7                                                        6
8                                                        7
9                                                        6
10                                                       6
11                                                       6
12                                                       6
13                                                       6
14                                                       6
15                                                       6
16                                                       8
17                                                       8
18                                                       1
19                                                       1
20                                                       1
21                                                       1
22                                                       1
23                                                       1
24                                                       1
25                                                       1
26                                                       1
27                                                       1
28                                                       1
29                                                       1
30                                                       1
31                                                       1
32                                                       1
   &NA [&Type "ArrayOfDoubles", &Dim (33,1)] "Mulliken gross atomic population"
                                                         0

0                                      6.2326625542291643e+00
1                                      6.0390505944766071e+00
2                                      6.1251425672181510e+00
3                                      6.0539726909667824e+00
4                                      6.1158185869844139e+00
5                                      5.8709099312625970e+00
6                                      6.0747118338266297e+00
7                                      6.2388301129642274e+00
8                                      7.2033284828047899e+00
9                                      5.8435932592074886e+00
10                                     6.1478537212470918e+00
11                                     6.0381884457462727e+00
12                                     6.0405967136571244e+00
13                                     6.1211897469773699e+00
14                                     6.0165094366029281e+00
15                                     5.9030997375711367e+00
16                                     8.1916450779235497e+00
17                                     8.2897328779141581e+00
18                                     8.8862606010166223e-01
19                                     8.9817579609092457e-01
20                                     8.8062201160354336e-01
21                                     9.7101059001668544e-01
22                                     9.5106668821170637e-01
23                                     9.3639547196598172e-01
24                                     8.8904942880985094e-01
25                                     8.9681315645695181e-01
26                                     8.8391804428955623e-01
27                                     7.6545527799152224e-01
28                                     9.7674491060059410e-01
29                                     9.4474025816720320e-01
30                                     9.4748270772303667e-01
31                                     9.3883527319755755e-01
32                                     6.8422795319261309e-01
   &ZA [&Type "ArrayOfDoubles", &Dim (33,1)] "Total nuclear charge"
                                                         0

0                                      6.0000000000000000e+00
1                                      6.0000000000000000e+00
2                                      6.0000000000000000e+00
3                                      6.0000000000000000e+00
4                                      6.0000000000000000e+00
5                                      6.0000000000000000e+00
6                                      6.0000000000000000e+00
7                                      6.0000000000000000e+00
8                                      7.0000000000000000e+00
9                                      6.0000000000000000e+00
10                                     6.0000000000000000e+00
11                                     6.0000000000000000e+00
12                                     6.0000000000000000e+00
13                                     6.0000000000000000e+00
14                                     6.0000000000000000e+00
15                                     6.0000000000000000e+00
16                                     8.0000000000000000e+00
17                                     8.0000000000000000e+00
18                                     1.0000000000000000e+00
19                                     1.0000000000000000e+00
20                                     1.0000000000000000e+00
21                                     1.0000000000000000e+00
22                                     1.0000000000000000e+00
23                                     1.0000000000000000e+00
24                                     1.0000000000000000e+00
25                                     1.0000000000000000e+00
26                                     1.0000000000000000e+00
27                                     1.0000000000000000e+00
28                                     1.0000000000000000e+00
29                                     1.0000000000000000e+00
30                                     1.0000000000000000e+00
31                                     1.0000000000000000e+00
32                                     1.0000000000000000e+00
   &QA [&Type "ArrayOfDoubles", &Dim (33,1)] "Mulliken gross atomic charge"
                                                         0

0                                     -2.3266255422916426e-01
1                                     -3.9050594476607081e-02
2                                     -1.2514256721815098e-01
3                                     -5.3972690966782366e-02
4                                     -1.1581858698441394e-01
5                                      1.2909006873740303e-01
6                                     -7.4711833826629714e-02
7                                     -2.3883011296422740e-01
8                                     -2.0332848280478988e-01
9                                      1.5640674079251138e-01
10                                    -1.4785372124709184e-01
11                                    -3.8188445746272670e-02
12                                    -4.0596713657124361e-02
13                                    -1.2118974697736995e-01
14                                    -1.6509436602928140e-02
15                                     9.6900262428863293e-02
16                                    -1.9164507792354968e-01
17                                    -2.8973287791415814e-01
18                                     1.1137393989833777e-01
19                                     1.0182420390907543e-01
20                                     1.1937798839645664e-01
21                                     2.8989409983314562e-02
22                                     4.8933311788293632e-02
23                                     6.3604528034018282e-02
24                                     1.1095057119014906e-01
25                                     1.0318684354304819e-01
26                                     1.1608195571044377e-01
27                                     2.3454472200847776e-01
28                                     2.3255089399405904e-02
29                                     5.5259741832796805e-02
30                                     5.2517292276963334e-02
31                                     6.1164726802442448e-02
32                                     3.1577204680738691e-01
   &VA [&Type "ArrayOfDoubles", &Dim (33,1)] "Mayer's total valence"
                                                         0

0                                      3.9389293815856665e+00
1                                      4.0977637350699183e+00
2                                      3.7910388474788967e+00
3                                      3.7928111783506631e+00
4                                      3.8240236219477906e+00
5                                      3.9972341570033043e+00
6                                      4.1427505998801548e+00
7                                      3.9465607103738183e+00
8                                      3.2152410244559828e+00
9                                      4.0211220864388419e+00
10                                     3.8001927702830338e+00
11                                     3.8141700275655088e+00
12                                     3.7491477671184237e+00
13                                     3.9010118416528878e+00
14                                     3.7790090634704936e+00
15                                     4.3771153692068969e+00
16                                     2.3082285736794521e+00
17                                     2.1929400080401957e+00
18                                     9.5137299569609557e-01
19                                     9.6717777288349505e-01
20                                     9.4946392338580088e-01
21                                     9.6091046655283563e-01
22                                     9.5049895544119556e-01
23                                     9.6042969832063974e-01
24                                     9.4788957389616191e-01
25                                     9.7500697049809582e-01
26                                     9.7061752094806719e-01
27                                     9.1984512539213503e-01
28                                     9.6546453795698961e-01
29                                     9.4935796227462965e-01
30                                     9.5095150050693034e-01
31                                     9.7782574499622232e-01
32                                     9.0707606747037484e-01
   &BVA [&Type "ArrayOfDoubles", &Dim (33,1)] "Mayer's bonded valence"
                                                         0

0                                      3.9389293815856590e+00
1                                      4.0977637350699032e+00
2                                      3.7910388474788759e+00
3                                      3.7928111783506107e+00
4                                      3.8240236219477253e+00
5                                      3.9972341570033074e+00
6                                      4.1427505998801388e+00
7                                      3.9465607103738445e+00
8                                      3.2152410244559455e+00
9                                      4.0211220864388535e+00
10                                     3.8001927702831475e+00
11                                     3.8141700275655031e+00
12                                     3.7491477671183540e+00
13                                     3.9010118416528048e+00
14                                     3.7790090634704665e+00
15                                     4.3771153692069360e+00
16                                     2.3082285736795392e+00
17                                     2.1929400080401971e+00
18                                     9.5137299569609290e-01
19                                     9.6717777288349327e-01
20                                     9.4946392338579333e-01
21                                     9.6091046655284218e-01
22                                     9.5049895544119722e-01
23                                     9.6042969832064384e-01
24                                     9.4788957389615702e-01
25                                     9.7500697049809659e-01
26                                     9.7061752094806697e-01
27                                     9.1984512539213248e-01
28                                     9.6546453795700604e-01
29                                     9.4935796227462876e-01
30                                     9.5095150050691712e-01
31                                     9.7782574499620079e-01
32                                     9.0707606747037961e-01
   &FA [&Type "ArrayOfDoubles", &Dim (33,1)] "Mayer's free valence"
                                                         0

0                                      0.0000000000000000e+00
1                                      0.0000000000000000e+00
2                                      0.0000000000000000e+00
3                                      0.0000000000000000e+00
4                                      0.0000000000000000e+00
5                                      0.0000000000000000e+00
6                                      0.0000000000000000e+00
7                                      0.0000000000000000e+00
8                                      0.0000000000000000e+00
9                                      0.0000000000000000e+00
10                                     0.0000000000000000e+00
11                                     0.0000000000000000e+00
12                                     0.0000000000000000e+00
13                                     0.0000000000000000e+00
14                                     0.0000000000000000e+00
15                                     0.0000000000000000e+00
16                                     0.0000000000000000e+00
17                                     0.0000000000000000e+00
18                                     0.0000000000000000e+00
19                                     0.0000000000000000e+00
20                                     0.0000000000000000e+00
21                                     0.0000000000000000e+00
22                                     0.0000000000000000e+00
23                                     0.0000000000000000e+00
24                                     0.0000000000000000e+00
25                                     0.0000000000000000e+00
26                                     0.0000000000000000e+00
27                                     0.0000000000000000e+00
28                                     0.0000000000000000e+00
29                                     0.0000000000000000e+00
30                                     0.0000000000000000e+00
31                                     0.0000000000000000e+00
32                                     0.0000000000000000e+00
$End
$VdW_Correction
   &GeometryIndex 1
   &ListStatus       OUT
   &VDW [&Type "Double"]      -4.5476758363433525e-02
$End
$Calculation_Info
   &GeometryIndex 1
   &ListStatus       OUT
   &MULT [&Type "Integer"] 1
   &CHARGE [&Type "Integer"] 0
   &NUMOFATOMS [&Type "Integer"] 33
   &NUMOFELECTRONS [&Type "Integer"] 128
   &NUMOFFCELECTRONS [&Type "Integer"] 1
   &NUMOFCORRELECTRONS [&Type "Integer"] 0
   &NUMOFBASISFUNCTS [&Type "Integer"] 282
   &NUMOFAUXCBASISFUNCTS [&Type "Integer"] 0
   &NUMOFAUXJBASISFUNCTS [&Type "Integer"] 1047
   &NUMOFAUXJKBASISFUNCTS [&Type "Integer"] 0
   &NUMOFCABSBASISFUNCTS [&Type "Integer"] 0
   &TOTALENERGY [&Type "Double"]      -7.8418420618484026e+02  "Hartrees"
$End
$SCF_Dipole_Moment
   &GeometryIndex 1
   &ListStatus       OUT
   &METHOD [&Type "String"] "SCF"
   &LEVEL [&Type "String"] "Relaxed density"
   &MULT [&Type "Integer"] 1
   &STATE [&Type "Integer"] -1
   &IRREP [&Type "Integer"] 0
   &NATOMS [&Type "Integer"] 33
   &DODIPOLEATOM [&Type "Boolean"] false
   &DIPOLEELECCONTRIB [&Type "ArrayOfDoubles", &Dim (3,1)] "Electronic contribution"
                                                         0

0                                      1.1594238397911520e+01
1                                     -1.3041064851456425e+00
2                                      5.1058372972116564e+00
   &DIPOLENUCCONTRIB [&Type "ArrayOfDoubles", &Dim (3,1)] "Nuclear contribution"
                                                         0

0                                     -1.2243068605139339e+01
1                                      1.2421219886246804e+00
2                                     -6.2390609596843198e+00
   &DIPOLETOTAL [&Type "ArrayOfDoubles", &Dim (3,1)] "Total"
                                                         0

0                                     -6.4883020722781914e-01
1                                     -6.1984496520962162e-02
2                                     -1.1332236624726635e+00
   &DIPOLEMAGNITUDE [&Type "Double", &Units "a.u."]       1.3072943757272917e+00
$End
