           1           2   1.03218678312083     
           2           3   1.82042667057849     
           2           4  0.968657550206405     
           4           5  0.940657793504388     
           5           6  0.988355152356631     
           5           7  0.154360524797809     
           6           7   1.46217851229499     
           5           8  0.142395531066628     
           6           8   1.46772509676907     
           7           8  0.295141219740839     
           1           9  0.935924571435623     
           1          10  0.939788730839832     
           1          11  0.979554936586225     
           4          12  0.932676560533174     
           4          13  0.924631394627234     
