           1           2   1.01946566701696     
           2           3   1.00728975722182     
           3           4   1.00801777874058     
           4           5   1.02079011366093     
           5           6  0.941599003838230     
           1           7  0.986916056354513     
           1           8  0.987655748414472     
           1           9  0.987629184375947     
           2          10  0.978194540235433     
           2          11  0.978338451335347     
           3          12  0.973463981953066     
           3          13  0.976712480077387     
           4          14  0.960491324752999     
           4          15  0.973907029249167     
           5          16  0.975724448784604     
           5          17  0.975202559965448     
