*************************************************
******************* ORCA 6.0.0 ******************
*************************************************
$Calculation_Status
   &GeometryIndex 1
   &ListStatus       OUT
   &VERSION [&Type "String"] "6.0.0"
   &PROGNAME [&Type "String"] "LeanSCF"
   &STATUS [&Type "String"] "NORMAL TERMINATION"
$End
$Geometry
   &GeometryIndex 1
   &ListStatus       OUT
   &NATOMS [&Type "Integer"] 26
   &NCORELESSECP [&Type "Integer"] 0
   &NGHOSTATOMS [&Type "Integer"] 0
   &CartesianCoordinates [&Type "Coordinates", &Dim(26,4), &Units "Bohr"] 
              C     -6.496618753941    0.183204710973   -2.429743419847
              C     -5.924464999299   -1.831484717593   -0.455050329687
              C     -4.562971484840   -0.735437053970    1.860045518517
              C     -1.995680873885    0.271288241346    1.184544276791
              C     -1.569584680656    2.832240022043    0.884240485533
              C      0.799167146217    3.715820902259    0.194866703597
              C      2.777102179289    2.057492983112   -0.207588967508
              C      2.370108598836   -0.553409916766    0.094868433887
              C     -0.004513367852   -1.403572784221    0.784558608701
              O      4.429928425358   -2.060968262983   -0.331145218183
              C      4.144426562031   -4.700348435056   -0.053365141312
              O      5.139883597288    2.837641831030   -0.887663249158
              H     -7.697604576331    1.649267541026   -1.634397978852
              H     -4.755928671957    1.055611025075   -3.088469423410
              H     -7.463523075168   -0.645280278032   -4.042237848776
              H     -4.747878899719   -3.300675471854   -1.299962857452
              H     -7.687847489822   -2.706702913758    0.162618524854
              H     -4.367232114785   -2.220519030241    3.279341372004
              H     -5.711283013887    0.777232953818    2.662336989014
              H     -3.084790464699    4.162869927405    1.187035662435
              H      1.109575842441    5.720479194342   -0.032765971641
              H     -0.343392268317   -3.398262686855    1.028599629694
              H      3.605882419672   -5.195092186286    1.879465859263
              H      5.994233856727   -5.488868082454   -0.478911080494
              H      2.749004694804   -5.445961942991   -1.382857058321
              H      5.176058034886    4.663809233637   -1.026521655846
$End
$SCF_Energy
   &GeometryIndex 1
   &ListStatus       OUT
   &SCF_ENERGY [&Type "Double"]      -5.3881873645778876e+02
$End
$DFT_Energy
   &GeometryIndex 1
   &ListStatus       OUT
   &NALPHAEL [&Type "Integer"] 44
   &NBETAEL [&Type "Integer"] 44
   &NTOTALEL [&Type "Integer"] 89
   &EEXCHANGE [&Type "Double"]      -7.2996402862710553e+01
   &ECORR [&Type "Double"]      -3.0089639762487668e+00
   &ECNL [&Type "Double"]       0.0000000000000000e+00
   &EXC [&Type "Double"]      -7.6005366838959318e+01
   &EEMBED [&Type "Double"]       0.0000000000000000e+00
   &FINALEN [&Type "Double"]      -5.3881873645778876e+02  "No Van der Waals correction"
$End
$Mulliken_Population_Analysis
   &GeometryIndex 1
   &ListStatus       OUT
   &NATOMS [&Type "Integer"] 26
   &ATNO [&Type "ArrayOfIntegers", &Dim (26,1)] 
                                                         0

0                                                        6
1                                                        6
2                                                        6
3                                                        6
4                                                        6
5                                                        6
6                                                        6
7                                                        6
8                                                        6
9                                                        8
10                                                       6
11                                                       8
12                                                       1
13                                                       1
14                                                       1
15                                                       1
16                                                       1
17                                                       1
18                                                       1
19                                                       1
20                                                       1
21                                                       1
22                                                       1
23                                                       1
24                                                       1
25                                                       1
   &ATOMICCHARGES [&Type "ArrayOfDoubles", &Dim (26,1)] 
                                                         0

0                                     -2.9117325653508708e-01
1                                     -1.8429563195830223e-01
2                                     -9.1984737627091917e-02
3                                      9.6897332486467924e-02
4                                     -1.2265780791751268e-01
5                                     -1.9155047755940124e-01
6                                      1.9540585218815476e-01
7                                      2.3468324828016840e-01
8                                     -3.1331907439142270e-01
9                                     -2.6562119745169177e-01
10                                    -1.1016591872362369e-01
11                                    -3.3001432701878741e-01
12                                     9.2421722508317039e-02
13                                     1.2396439376282642e-01
14                                     1.0056866960589339e-01
15                                     8.6180241017403292e-02
16                                     8.5264865868939443e-02
17                                     8.0944743112510986e-02
18                                     7.5699628881350511e-02
19                                     2.8735338326947968e-02
20                                     1.8764219225917866e-02
21                                     2.4340582368340247e-02
22                                     1.0826538341141667e-01
23                                     1.2531777800856614e-01
24                                     1.0757651596040274e-01
25                                     3.1575191416928183e-01
$End
$Loewdin_Population_Analysis
   &GeometryIndex 1
   &ListStatus       OUT
   &NATOMS [&Type "Integer"] 26
   &ATNO [&Type "ArrayOfIntegers", &Dim (26,1)] 
                                                         0

0                                                        6
1                                                        6
2                                                        6
3                                                        6
4                                                        6
5                                                        6
6                                                        6
7                                                        6
8                                                        6
9                                                        8
10                                                       6
11                                                       8
12                                                       1
13                                                       1
14                                                       1
15                                                       1
16                                                       1
17                                                       1
18                                                       1
19                                                       1
20                                                       1
21                                                       1
22                                                       1
23                                                       1
24                                                       1
25                                                       1
   &ATOMICCHARGES [&Type "ArrayOfDoubles", &Dim (26,1)] 
                                                         0

0                                      7.2304375115426115e-06
1                                      4.4453884800199622e-05
2                                      3.0614395254097669e-03
3                                      3.7397737049717696e-02
4                                      3.3932561385037710e-02
5                                      4.9751481086253255e-02
6                                      1.4322179390550860e-01
7                                      1.6693676597750390e-01
8                                      5.1990302432901703e-02
9                                      3.0446381216105983e-01
10                                     2.1028896342393195e-02
11                                     1.8040453634132708e-01
12                                     7.3833680281929730e-08
13                                     1.3399378958469380e-07
14                                     3.6619701056175828e-08
15                                     3.4915449007605350e-06
16                                     1.3113835508579699e-06
17                                     1.3909227087975011e-05
18                                     4.0333814410992639e-05
19                                     1.1835709331409316e-03
20                                     2.0187965451746331e-03
21                                     2.2508306738449335e-03
22                                     6.6944809772709912e-06
23                                     1.8915104738757705e-04
24                                     6.9716008665757366e-06
25                                     2.0436837720693270e-03
$End
$Mayer_Population_Analysis
   &GeometryIndex 1
   &ListStatus       OUT
   &NATOMS [&Type "Integer"] 26 "Total number of atoms"
   &BONDTHRESH [&Type "Double"]       1.0000000000000001e-01  "The threshold for printing"
   &NBONDORDERSPRINT [&Type "Integer"] 26 "The number of bond orders larger than threshold"
   &BONDORDERS [&Type "ArrayOfDoubles", &Dim (26,1)] "The bond orders"
                                                         0

0                                      1.1536993946755583e+00
1                                      9.5437478823889454e-01
2                                      9.4672699390943038e-01
3                                      9.5094998909810036e-01
4                                      1.1138604391297426e+00
5                                      9.2588665243502810e-01
6                                      9.2424691895291211e-01
7                                      1.0702325090280733e+00
8                                      9.0201252885319705e-01
9                                      9.0782814043604365e-01
10                                     1.4089404695986143e+00
11                                     1.2916383418624431e+00
12                                     1.2945791353357963e+00
13                                     9.6285568910017083e-01
14                                     1.3539700562697776e+00
15                                     9.6620269528737457e-01
16                                     1.3364952446060301e+00
17                                     1.2130244399320331e+00
18                                     1.3114353043123403e+00
19                                     1.1635235928477796e+00
20                                     9.6299767191916952e-01
21                                     9.9456974903464401e-01
22                                     9.4081588676613959e-01
23                                     9.5825412364367402e-01
24                                     9.4107181452240440e-01
25                                     8.4215057661308479e-01
   &COMPONENTS [&Type "ArrayOfIntegers", &Dim (26,4)] "The indices and atomic numbers of the bonding atoms"
                                                         0                           1                           2                           3

0                                                        0                           6                           1                           6
1                                                        0                           6                          12                           1
2                                                        0                           6                          13                           1
3                                                        0                           6                          14                           1
4                                                        1                           6                           2                           6
5                                                        1                           6                          15                           1
6                                                        1                           6                          16                           1
7                                                        2                           6                           3                           6
8                                                        2                           6                          17                           1
9                                                        2                           6                          18                           1
10                                                       3                           6                           4                           6
11                                                       3                           6                           8                           6
12                                                       4                           6                           5                           6
13                                                       4                           6                          19                           1
14                                                       5                           6                           6                           6
15                                                       5                           6                          20                           1
16                                                       6                           6                           7                           6
17                                                       6                           6                          11                           8
18                                                       7                           6                           8                           6
19                                                       7                           6                           9                           8
20                                                       8                           6                          21                           1
21                                                       9                           8                          10                           6
22                                                      10                           6                          22                           1
23                                                      10                           6                          23                           1
24                                                      10                           6                          24                           1
25                                                      11                           8                          25                           1
   &ATNO [&Type "ArrayOfIntegers", &Dim (26,1)] "Atomic number of the elements"
                                                         0

0                                                        6
1                                                        6
2                                                        6
3                                                        6
4                                                        6
5                                                        6
6                                                        6
7                                                        6
8                                                        6
9                                                        8
10                                                       6
11                                                       8
12                                                       1
13                                                       1
14                                                       1
15                                                       1
16                                                       1
17                                                       1
18                                                       1
19                                                       1
20                                                       1
21                                                       1
22                                                       1
23                                                       1
24                                                       1
25                                                       1
   &NA [&Type "ArrayOfDoubles", &Dim (26,1)] "Mulliken gross atomic population"
                                                         0

0                                      6.2911732565350897e+00
1                                      6.1842956319582969e+00
2                                      6.0919847376270919e+00
3                                      5.9031026675135339e+00
4                                      6.1226578079175198e+00
5                                      6.1915504775593959e+00
6                                      5.8045941478118221e+00
7                                      5.7653167517198316e+00
8                                      6.3133190743914023e+00
9                                      8.2656211974517024e+00
10                                     6.1101659187236219e+00
11                                     8.3300143270187750e+00
12                                     9.0757827749168307e-01
13                                     8.7603560623717458e-01
14                                     8.9943133039410761e-01
15                                     9.1381975898259704e-01
16                                     9.1473513413106045e-01
17                                     9.1905525688748957e-01
18                                     9.2430037111865038e-01
19                                     9.7126466167305203e-01
20                                     9.8123578077408191e-01
21                                     9.7565941763165953e-01
22                                     8.9173461658858322e-01
23                                     8.7468222199143508e-01
24                                     8.9242348403959781e-01
25                                     6.8424808583071772e-01
   &ZA [&Type "ArrayOfDoubles", &Dim (26,1)] "Total nuclear charge"
                                                         0

0                                      6.0000000000000000e+00
1                                      6.0000000000000000e+00
2                                      6.0000000000000000e+00
3                                      6.0000000000000000e+00
4                                      6.0000000000000000e+00
5                                      6.0000000000000000e+00
6                                      6.0000000000000000e+00
7                                      6.0000000000000000e+00
8                                      6.0000000000000000e+00
9                                      8.0000000000000000e+00
10                                     6.0000000000000000e+00
11                                     8.0000000000000000e+00
12                                     1.0000000000000000e+00
13                                     1.0000000000000000e+00
14                                     1.0000000000000000e+00
15                                     1.0000000000000000e+00
16                                     1.0000000000000000e+00
17                                     1.0000000000000000e+00
18                                     1.0000000000000000e+00
19                                     1.0000000000000000e+00
20                                     1.0000000000000000e+00
21                                     1.0000000000000000e+00
22                                     1.0000000000000000e+00
23                                     1.0000000000000000e+00
24                                     1.0000000000000000e+00
25                                     1.0000000000000000e+00
   &QA [&Type "ArrayOfDoubles", &Dim (26,1)] "Mulliken gross atomic charge"
                                                         0

0                                     -2.9117325653508974e-01
1                                     -1.8429563195829690e-01
2                                     -9.1984737627091917e-02
3                                      9.6897332486466148e-02
4                                     -1.2265780791751979e-01
5                                     -1.9155047755939592e-01
6                                      1.9540585218817785e-01
7                                      2.3468324828016840e-01
8                                     -3.1331907439140227e-01
9                                     -2.6562119745170243e-01
10                                    -1.1016591872362191e-01
11                                    -3.3001432701877498e-01
12                                     9.2421722508316928e-02
13                                     1.2396439376282542e-01
14                                     1.0056866960589239e-01
15                                     8.6180241017402959e-02
16                                     8.5264865868939554e-02
17                                     8.0944743112510431e-02
18                                     7.5699628881349623e-02
19                                     2.8735338326947968e-02
20                                     1.8764219225918088e-02
21                                     2.4340582368340469e-02
22                                     1.0826538341141678e-01
23                                     1.2531777800856492e-01
24                                     1.0757651596040219e-01
25                                     3.1575191416928228e-01
   &VA [&Type "ArrayOfDoubles", &Dim (26,1)] "Mayer's total valence"
                                                         0

0                                      4.0115777129198706e+00
1                                      4.1497400744479931e+00
2                                      3.9988628921699623e+00
3                                      3.9434915017528982e+00
4                                      3.8200555123985422e+00
5                                      3.7640083899891712e+00
6                                      3.9913960711768364e+00
7                                      3.9282093204928343e+00
8                                      3.7701884983193477e+00
9                                      2.2692217112816646e+00
10                                     3.9003721351873994e+00
11                                     2.1554050562756664e+00
12                                     9.5803572870468434e-01
13                                     9.6113722326509876e-01
14                                     9.5013756841758490e-01
15                                     9.5325942391518059e-01
16                                     9.4257420727320851e-01
17                                     9.4879725277141669e-01
18                                     9.5915393664950011e-01
19                                     9.6258184566971594e-01
20                                     9.6500528980088585e-01
21                                     9.8466133014702573e-01
22                                     9.5136952388528029e-01
23                                     9.5402638181279054e-01
24                                     9.5129492472381028e-01
25                                     8.7641784923814214e-01
   &BVA [&Type "ArrayOfDoubles", &Dim (26,1)] "Mayer's bonded valence"
                                                         0

0                                      4.0115777129198671e+00
1                                      4.1497400744480064e+00
2                                      3.9988628921699814e+00
3                                      3.9434915017529244e+00
4                                      3.8200555123984863e+00
5                                      3.7640083899892263e+00
6                                      3.9913960711768901e+00
7                                      3.9282093204928401e+00
8                                      3.7701884983193832e+00
9                                      2.2692217112816322e+00
10                                     3.9003721351873888e+00
11                                     2.1554050562756983e+00
12                                     9.5803572870468834e-01
13                                     9.6113722326510331e-01
14                                     9.5013756841758323e-01
15                                     9.5325942391517815e-01
16                                     9.4257420727321106e-01
17                                     9.4879725277142046e-01
18                                     9.5915393664949933e-01
19                                     9.6258184566971261e-01
20                                     9.6500528980088973e-01
21                                     9.8466133014703128e-01
22                                     9.5136952388527318e-01
23                                     9.5402638181278054e-01
24                                     9.5129492472380395e-01
25                                     8.7641784923814881e-01
   &FA [&Type "ArrayOfDoubles", &Dim (26,1)] "Mayer's free valence"
                                                         0

0                                      0.0000000000000000e+00
1                                      0.0000000000000000e+00
2                                      0.0000000000000000e+00
3                                      0.0000000000000000e+00
4                                      0.0000000000000000e+00
5                                      0.0000000000000000e+00
6                                      0.0000000000000000e+00
7                                      0.0000000000000000e+00
8                                      0.0000000000000000e+00
9                                      0.0000000000000000e+00
10                                     0.0000000000000000e+00
11                                     0.0000000000000000e+00
12                                     0.0000000000000000e+00
13                                     0.0000000000000000e+00
14                                     0.0000000000000000e+00
15                                     0.0000000000000000e+00
16                                     0.0000000000000000e+00
17                                     0.0000000000000000e+00
18                                     0.0000000000000000e+00
19                                     0.0000000000000000e+00
20                                     0.0000000000000000e+00
21                                     0.0000000000000000e+00
22                                     0.0000000000000000e+00
23                                     0.0000000000000000e+00
24                                     0.0000000000000000e+00
25                                     0.0000000000000000e+00
$End
$VdW_Correction
   &GeometryIndex 1
   &ListStatus       OUT
   &VDW [&Type "Double"]      -2.7191057854322468e-02
$End
$Calculation_Info
   &GeometryIndex 1
   &ListStatus       OUT
   &MULT [&Type "Integer"] 1
   &CHARGE [&Type "Integer"] 0
   &NUMOFATOMS [&Type "Integer"] 26
   &NUMOFELECTRONS [&Type "Integer"] 90
   &NUMOFFCELECTRONS [&Type "Integer"] 1
   &NUMOFCORRELECTRONS [&Type "Integer"] 0
   &NUMOFBASISFUNCTS [&Type "Integer"] 196
   &NUMOFAUXCBASISFUNCTS [&Type "Integer"] 0
   &NUMOFAUXJBASISFUNCTS [&Type "Integer"] 742
   &NUMOFAUXJKBASISFUNCTS [&Type "Integer"] 0
   &NUMOFCABSBASISFUNCTS [&Type "Integer"] 0
   &TOTALENERGY [&Type "Double"]      -5.3873249898784309e+02  "Hartrees"
$End
$SCF_Dipole_Moment
   &GeometryIndex 1
   &ListStatus       OUT
   &METHOD [&Type "String"] "SCF"
   &LEVEL [&Type "String"] "Relaxed density"
   &MULT [&Type "Integer"] 1
   &STATE [&Type "Integer"] -1
   &IRREP [&Type "Integer"] 0
   &NATOMS [&Type "Integer"] 26
   &DODIPOLEATOM [&Type "Boolean"] false
   &DIPOLEELECCONTRIB [&Type "ArrayOfDoubles", &Dim (3,1)] "Electronic contribution"
                                                         0

0                                      1.3287153409663485e+01
1                                      5.1185691083604192e+00
2                                      1.4143789346825486e+00
   &DIPOLENUCCONTRIB [&Type "ArrayOfDoubles", &Dim (3,1)] "Nuclear contribution"
                                                         0

0                                     -1.3440860869855708e+01
1                                     -5.1432106463785141e+00
2                                     -1.3930496455802550e+00
   &DIPOLETOTAL [&Type "ArrayOfDoubles", &Dim (3,1)] "Total"
                                                         0

0                                     -1.5370746019222281e-01
1                                     -2.4641538018094877e-02
2                                      2.1329289102293592e-02
   &DIPOLEMAGNITUDE [&Type "Double", &Units "a.u."]       1.5712455978697346e-01
$End
