$hessian                                                                        
        0.5143037834   0.0185558239   0.0138214998  -0.0788784714   0.0340046751
        0.0236489659  -0.0139542064   0.0192923234   0.0177903012   0.0004233954
       -0.0000186915  -0.0000133318   0.0009195044   0.0002503135   0.0000278816
       -0.0004560456   0.0000071573   0.0003698907  -0.0004055040  -0.0000547416
       -0.0001626042   0.0001792753  -0.0000132073  -0.0000827363  -0.0446593086
       -0.0083893429   0.0037118076  -0.2602504459  -0.0435566593   0.0575240124
       -0.1171856264  -0.0116360938  -0.1110030429  -0.0000398530   0.0027812870
        0.0010097818   0.0050817322  -0.0124188184  -0.0096193708   0.0008496506
        0.0008771885  -0.0006007202  -0.0051200231  -0.0000020183   0.0028494745
       -0.0001851235   0.0000059015   0.0000754680  -0.0005687892   0.0003065577
        0.0006239972  -0.0000068056   0.0000068044   0.0000112617  -0.0000205422
        0.0000027336   0.0000174266  -0.0000265964  -0.0000011927   0.0000000375
        0.0185558239   0.4858664455  -0.0265531267   0.0328239760  -0.1460546940
       -0.0578664642   0.0030612774   0.0019091998  -0.0000817437  -0.0001685951
        0.0000140207   0.0000893037   0.0001816701  -0.0000038475  -0.0003965942
       -0.0001237536   0.0001250515   0.0002832268  -0.0000709508   0.0000508456
        0.0000743581   0.0000138405  -0.0000349535  -0.0000316696  -0.0085328122
       -0.2169912526   0.1066022905  -0.0431570862  -0.0511805760   0.0129600208
       -0.0118637799  -0.0450273242  -0.0154538554   0.0096841031  -0.0255230149
       -0.0144943152   0.0016091885  -0.0054328542  -0.0066308987  -0.0009218097
        0.0013626979   0.0005625403  -0.0011283084   0.0008749186   0.0009253885
       -0.0001048169   0.0000066428  -0.0000693121   0.0001441586   0.0000303943
        0.0000780020   0.0000148133   0.0000007669  -0.0000031220  -0.0000216983
        0.0000092545   0.0000092333   0.0000047597  -0.0000017215  -0.0000032624
        0.0138214998  -0.0265531267   0.5064550557   0.0225494525  -0.0578958327
       -0.1108306525   0.0086155589  -0.0078170636  -0.0081994474   0.0000000088
       -0.0000839000  -0.0002088265   0.0000777303  -0.0001239546  -0.0004135202
       -0.0000132863   0.0000942705   0.0003117192  -0.0000098610   0.0000078815
        0.0001201074   0.0000361437  -0.0000102166  -0.0000501150   0.0037837451
        0.1064181566  -0.1085102993   0.0579237383   0.0131511060  -0.0591450945
       -0.1112037516  -0.0148532040  -0.2097282660  -0.0039293264   0.0100394046
        0.0078218821   0.0063522420  -0.0215749091  -0.0181581606  -0.0002295338
       -0.0008712314   0.0003812090   0.0024979200   0.0001316769  -0.0002194869
        0.0001034593   0.0001191594   0.0000858730  -0.0003696122  -0.0001727947
        0.0002805333  -0.0000080392  -0.0000037427   0.0000048012  -0.0000089947
        0.0000002112   0.0000015054   0.0000109066  -0.0000018905   0.0000011822
       -0.0788784714   0.0328239760   0.0225494525   0.4739240878   0.0005616747
        0.0304956231  -0.1707580133  -0.0217670863   0.0450129533  -0.0264880306
       -0.0038099987   0.0022665470  -0.0022471241  -0.0003407566  -0.0023934963
        0.0006907474  -0.0000691390  -0.0004571590  -0.0014497780  -0.0001342779
       -0.0000153382  -0.0002208497  -0.0000743395  -0.0001778684  -0.0000081776
        0.0016430066  -0.0001172535  -0.0128864964   0.0218777113   0.0177502080
        0.0057727725  -0.0120437945  -0.0091378130  -0.0431322502   0.0022634121
       -0.0038991639  -0.1301478272  -0.0170310133  -0.1123126670  -0.0039272948
       -0.0032185327   0.0031084575  -0.0115969097  -0.0004194916   0.0062203820
        0.0010116891  -0.0002449689   0.0008878515   0.0004312496  -0.0000082519
        0.0002236773   0.0000102776   0.0000180088  -0.0000238955   0.0000210769
       -0.0000241277  -0.0000182280  -0.0001206779  -0.0000020108   0.0000377308
        0.0340046751  -0.1460546940  -0.0578958327   0.0005616747   0.5016457317
       -0.0226187479  -0.0233189857  -0.0708986664   0.0107657013  -0.0027780428
       -0.0004349542   0.0000801077  -0.0005856536   0.0000986575  -0.0000506740
        0.0003390233   0.0000027125  -0.0002736866   0.0004521151   0.0001227803
        0.0002423474  -0.0000911705   0.0000130818   0.0000467258   0.0097910292
       -0.0264462418  -0.0138703483  -0.0001789073   0.0023547032   0.0009639385
        0.0001118040  -0.0042465283  -0.0055555159   0.0025013286  -0.2040506723
        0.1049190770  -0.0173589979  -0.0478257258  -0.0187069799  -0.0241891063
       -0.0075495581   0.0118276087   0.0195782266   0.0026332978  -0.0096861786
        0.0012546438   0.0007027960  -0.0001323867  -0.0001150405  -0.0000735106
       -0.0000285068   0.0000232938   0.0000094103  -0.0000088539  -0.0000184245
       -0.0000100782  -0.0000111388   0.0000165148   0.0000074586  -0.0000066564
        0.0236489659  -0.0578664642  -0.1108306525   0.0304956231  -0.0226187479
        0.5130153247   0.0421459276   0.0103590263  -0.0823542413  -0.0183655910
       -0.0024498586   0.0065917696  -0.0016155681  -0.0004029125  -0.0038030941
        0.0002075948   0.0000469706   0.0007855267  -0.0017520910  -0.0001533479
        0.0001868635  -0.0004448383  -0.0001280078  -0.0002618602  -0.0042112227
        0.0098384580   0.0084013172   0.0053439917  -0.0076873378  -0.0062644206
        0.0069379680  -0.0211900215  -0.0183365747  -0.0038994312   0.1043388556
       -0.1112139625  -0.1118781772  -0.0186406016  -0.1816178336   0.0155284590
        0.0054387286  -0.0068967093   0.0188204102   0.0017476709  -0.0085416934
       -0.0008338536  -0.0004527777   0.0008143473  -0.0000531247  -0.0001687144
        0.0002921853  -0.0000076097  -0.0000076447   0.0000075206   0.0000149811
        0.0000069532   0.0000038787  -0.0000824141  -0.0000102267   0.0000223086
       -0.0139542064   0.0030612774   0.0086155589  -0.1707580133  -0.0233189857
        0.0421459276   0.4601251866  -0.0121942049  -0.0118125550  -0.1182494767
       -0.0004923245  -0.0643382409  -0.0271419526  -0.0002038495  -0.0127166813
        0.0006258550  -0.0013493337  -0.0051599234  -0.0069420673  -0.0003841751
        0.0006717591  -0.0010611018  -0.0005200078  -0.0008690988   0.0006303197
       -0.0007141182  -0.0003410205  -0.0002458462   0.0017439228   0.0015777645
        0.0004157658  -0.0002036843  -0.0003509553  -0.0041188197  -0.0030622661
        0.0032757898  -0.0241443389  -0.0051550655   0.0055437399  -0.0416279402
        0.0005164575   0.0011665845  -0.0537332832   0.0417129118   0.0352792342
       -0.0009727980   0.0019917831  -0.0026783393   0.0014956092  -0.0013705076
       -0.0000196323  -0.0000206983   0.0000400048  -0.0000685477   0.0000809353
       -0.0000724296  -0.0000518548  -0.0004031289  -0.0000254048   0.0001304909
        0.0192923234   0.0019091998  -0.0078170636  -0.0217670863  -0.0708986664
        0.0103590263  -0.0121942049   0.5348401551  -0.0000228655  -0.0002023547
       -0.0679914581  -0.0041908717  -0.0029320737  -0.0000090228   0.0008547911
       -0.0000684285  -0.0003883275  -0.0008431389  -0.0002926493   0.0011514579
        0.0002587743  -0.0002101647   0.0003283444  -0.0001759540   0.0011377764
        0.0011006534  -0.0006941656   0.0027866611  -0.0029856583  -0.0033317474
        0.0000185998   0.0005800826   0.0002285648  -0.0239764470  -0.0072075303
        0.0113130546  -0.0036008430  -0.0001460963   0.0010275903  -0.0004122114
       -0.2177680578   0.0977615205   0.0423422573  -0.1703185934  -0.1057542461
        0.0157014883  -0.0006414421   0.0182742842  -0.0155637459  -0.0015672030
       -0.0172516354   0.0000806548   0.0000298224  -0.0000257960  -0.0000895111
       -0.0000151431   0.0000251575  -0.0000500407  -0.0000025164   0.0000047206
        0.0177903012  -0.0000817437  -0.0081994474   0.0450129533   0.0107657013
       -0.0823542413  -0.0118125550  -0.0000228655   0.4905761818  -0.0642851520
       -0.0042792853  -0.1383552749  -0.0024810012  -0.0007234249   0.0065496940
        0.0027339552   0.0001213893   0.0002189192   0.0049663154   0.0009356113
        0.0011946625   0.0005751523   0.0003261803   0.0005026388  -0.0007088026
        0.0006396461   0.0007955382   0.0016196100  -0.0025578567  -0.0018573304
        0.0001341716   0.0004067936   0.0001899228   0.0163687556   0.0061327567
       -0.0076960283  -0.0198125150  -0.0044485257   0.0059796614   0.0008882663
        0.0988387356  -0.1008748065   0.0352315351  -0.1058409763  -0.1357059255
       -0.0133663421   0.0030641523  -0.0157062447  -0.0129444315  -0.0032688746
       -0.0152199749  -0.0000814609   0.0000400901  -0.0000019399  -0.0000895889
       -0.0000629896   0.0000075574   0.0002608331   0.0000154856  -0.0000435624
        0.0004233954  -0.0001685951   0.0000000088  -0.0264880306  -0.0027780428
       -0.0183655910  -0.1182494767  -0.0002023547  -0.0642851520   0.4514045231
        0.0004198664   0.0079284441  -0.1535546551   0.0007621210   0.0462779059
       -0.0143847480   0.0007840251   0.0191106228  -0.0506106472  -0.0073112730
       -0.0048472986  -0.0000368399  -0.0011569288  -0.0031171035  -0.0000728151
        0.0000880829  -0.0000288997  -0.0002010106  -0.0001596010  -0.0002725376
       -0.0006344258  -0.0000959818  -0.0003671734   0.0012497077   0.0007703698
       -0.0006704591  -0.0061507155  -0.0010067220   0.0011862163  -0.0029408166
        0.0018752984  -0.0046180504   0.0024815912  -0.0020355187   0.0002280370
       -0.0382515078  -0.0134203657   0.0075985027  -0.0422737309   0.0236735067
        0.0136280135  -0.0003697215   0.0000417314   0.0000183080  -0.0001841602
       -0.0000629735   0.0000911599  -0.0011559159  -0.0000166451   0.0005050465
       -0.0000186915   0.0000140207  -0.0000839000  -0.0038099987  -0.0004349542
       -0.0024498586  -0.0004923245  -0.0679914581  -0.0042792853   0.0004198664
        0.5043199987   0.0169307607   0.0010454039  -0.0712310904   0.0025146519
        0.0060924420   0.0176034620  -0.0081236447  -0.0099700269   0.0041255036
       -0.0011414965  -0.0009273827   0.0047041673  -0.0017845020  -0.0000468831
        0.0001955783   0.0000592136   0.0000803155   0.0000299959   0.0000041903
        0.0005820054   0.0001870237  -0.0000278640  -0.0007083374   0.0006316420
       -0.0009092239  -0.0013129547   0.0005507642   0.0002392441   0.0175805897
       -0.0002233464   0.0202211856  -0.0153671069  -0.0019367969  -0.0191743830
       -0.0170204974  -0.1942425223   0.1108481752   0.0242682839  -0.1964419710
       -0.1128856117   0.0009041641   0.0000848539   0.0000092500  -0.0009854125
       -0.0000870891  -0.0000483618  -0.0003134549   0.0001422180   0.0000814602
       -0.0000133318   0.0000893037  -0.0002088265   0.0022665470   0.0000801077
        0.0065917696  -0.0643382409  -0.0041908717  -0.1383552749   0.0079284441
        0.0169307607   0.4967149105   0.0327785868   0.0018849352  -0.0742267264
        0.0413828454  -0.0055917726  -0.0354258721  -0.0171162867  -0.0010510403
        0.0114742976  -0.0029421177  -0.0024316694  -0.0025795988   0.0000570298
       -0.0001324181   0.0001029748   0.0003009583  -0.0000572362   0.0000713098
        0.0005304708   0.0003038114   0.0003750258   0.0009335032  -0.0003828448
        0.0009122391   0.0026370109   0.0006358394   0.0006995445  -0.0133107921
        0.0019072232  -0.0154899955  -0.0150149149  -0.0039834807  -0.0198905850
        0.0104832410   0.1077408823  -0.1138805231   0.0145555525  -0.1116078831
       -0.1169339463  -0.0002456920  -0.0000275662  -0.0001265410   0.0003167588
       -0.0000507885  -0.0001621473  -0.0011895726  -0.0000652918   0.0003379653
        0.0009195044   0.0001816701   0.0000777303  -0.0022471241  -0.0005856536
       -0.0016155681  -0.0271419526  -0.0029320737  -0.0024810012  -0.1535546551
        0.0010454039   0.0327785868   0.5090115557   0.0049195404  -0.1272954666
       -0.1209200295   0.0298178028   0.1657978987  -0.1452457865  -0.0211442320
       -0.0599713258  -0.0448972465  -0.0091330811  -0.0215897922  -0.0003725820
       -0.0000793316   0.0000911339   0.0005400652   0.0001514738  -0.0001821974
       -0.0004892043   0.0001066961   0.0002016144  -0.0002949913   0.0003213568
       -0.0004577074  -0.0001007171  -0.0001061979   0.0005455010   0.0000763957
       -0.0002373425   0.0002293256  -0.0003975648   0.0002566628   0.0002772426
       -0.0037480842  -0.0018217386   0.0068323880  -0.0045369635   0.0003528403
        0.0080881302   0.0003571155   0.0002427790  -0.0013328796   0.0002760096
       -0.0009060461  -0.0012552303  -0.0072337445  -0.0004505289   0.0012616170
        0.0002503135  -0.0000038475  -0.0001239546  -0.0003407566   0.0000986575
       -0.0004029125  -0.0002038495  -0.0000090228  -0.0007234249   0.0007621210
       -0.0712310904   0.0018849352   0.0049195404   0.2193411774   0.1181042554
        0.0249880228  -0.0822602839  -0.0915285886  -0.0240086478  -0.0638708008
       -0.0273936715  -0.0067786131  -0.0003718786  -0.0002818973   0.0000198315
        0.0000032260   0.0000128345   0.0000058216   0.0000178048   0.0000757743
       -0.0000612438  -0.0000528184   0.0000791234   0.0000089469   0.0000420126
        0.0000271109  -0.0002116297   0.0001331842  -0.0000808745   0.0006733084
        0.0001400211   0.0003047753  -0.0012865198  -0.0000873754  -0.0004987195
       -0.0233615634  -0.0022946177   0.0126887516   0.0236629214  -0.0017228744
       -0.0118543994  -0.0008735296   0.0012020489  -0.0005350732   0.0020958363
        0.0005131166   0.0007024077  -0.0002603105   0.0004133608  -0.0004564525
        0.0000278816  -0.0003965942  -0.0004135202  -0.0023934963  -0.0000506740
       -0.0038030941  -0.0127166813   0.0008547911   0.0065496940   0.0462779059
        0.0025146519  -0.0742267264  -0.1272954666   0.1181042554   0.8161737488
        0.1454879296  -0.0933532906  -0.5765427954  -0.0737681827  -0.0295058944
       -0.1583121918  -0.0122784778   0.0009176361   0.0088647690   0.0000536114
        0.0001586100   0.0000104097  -0.0001157797  -0.0000239284   0.0001415283
        0.0002709317  -0.0000541930  -0.0000224382   0.0003305338   0.0000538273
        0.0000861487  -0.0018399816  -0.0003025982   0.0000182964  -0.0020614816
        0.0011645959  -0.0000035349  -0.0020829219  -0.0019607894  -0.0000715799
        0.0179003295   0.0045289419  -0.0097180872   0.0163607624  -0.0030704895
       -0.0099179666   0.0029516419   0.0029407698   0.0012146177   0.0027885083
       -0.0021048022   0.0021350348   0.0021024335  -0.0004148256  -0.0021623125
       -0.0004560456  -0.0001237536  -0.0000132863   0.0006907474   0.0003390233
        0.0002075948   0.0006258550  -0.0000684285   0.0027339552  -0.0143847480
        0.0060924420   0.0413828454  -0.1209200295   0.0249880228   0.1454879296
        0.1299349721  -0.0224346202  -0.1564435019   0.0072094118  -0.0091243448
       -0.0338264153   0.0024498039  -0.0005041949  -0.0051547808   0.0001176942
       -0.0000173378  -0.0000096971  -0.0002101628  -0.0000255440   0.0000386839
        0.0001993569  -0.0000514778  -0.0001539675   0.0000657601   0.0000385725
        0.0000880553  -0.0000435684   0.0000599104  -0.0001378011   0.0004212860
       -0.0000739655   0.0000257169  -0.0001989746   0.0002023758   0.0003214624
       -0.0035165359   0.0001959852   0.0019657596  -0.0052601753  -0.0000115265
        0.0027948840   0.0008526253   0.0011297337   0.0005506030   0.0010256484
       -0.0005282784   0.0010286454   0.0013970789  -0.0000825938  -0.0008866857
        0.0000071573   0.0001250515   0.0000942705  -0.0000691390   0.0000027125
        0.0000469706  -0.0013493337  -0.0003883275   0.0001213893   0.0007840251
        0.0176034620  -0.0055917726   0.0298178028  -0.0822602839  -0.0933532906
       -0.0224346202   0.0510720848   0.1303416762  -0.0090591227   0.0180697572
       -0.0328859628   0.0010674014  -0.0032676235   0.0011211427  -0.0000524043
       -0.0000146526  -0.0000029634   0.0000146848   0.0000195414  -0.0000197631
       -0.0000565669  -0.0000021838  -0.0000200891  -0.0000049190   0.0000039720
       -0.0000903160   0.0000367867  -0.0000493035   0.0000383283  -0.0003749936
        0.0000664671   0.0001846281   0.0005156813  -0.0000172642   0.0004577370
        0.0025592375  -0.0004230167  -0.0018097252  -0.0016598828   0.0002324039
        0.0008404023   0.0000895697  -0.0004969564   0.0006988045  -0.0001452632
       -0.0003775532  -0.0003829319   0.0003138987   0.0001017129   0.0002114651
        0.0003698907   0.0002832268   0.0003117192  -0.0004571590  -0.0002736866
        0.0007855267  -0.0051599234  -0.0008431389   0.0002189192   0.0191106228
       -0.0081236447  -0.0354258721   0.1657978987  -0.0915285886  -0.5765427954
       -0.1564435019   0.1303416762   0.7188491211  -0.0317697836  -0.0320289822
       -0.1114730232   0.0022997755   0.0015954075   0.0037031777  -0.0000899155
       -0.0001154373  -0.0000112289   0.0000923491   0.0000877027  -0.0000351897
       -0.0002964196   0.0000276613   0.0000664762  -0.0002443923  -0.0000028271
       -0.0002038824   0.0003686737  -0.0000343299   0.0002324177   0.0008341488
       -0.0010416665   0.0001744733   0.0004430464   0.0015636462   0.0006941020
        0.0012984375  -0.0007391816  -0.0007427969   0.0042588278   0.0003444520
       -0.0017905091  -0.0005740030  -0.0011791618   0.0000530404  -0.0006955197
        0.0012756541  -0.0002606685   0.0008569470   0.0003912183   0.0013969928
       -0.0004055040  -0.0000709508  -0.0000098610  -0.0014497780   0.0004521151
       -0.0017520910  -0.0069420673  -0.0002926493   0.0049663154  -0.0506106472
       -0.0099700269  -0.0171162867  -0.1452457865  -0.0240086478  -0.0737681827
        0.0072094118  -0.0090591227  -0.0317697836   0.4428310184   0.0430890787
        0.0347636217  -0.1662659011   0.0019224776   0.0582025664   0.0001637251
        0.0000053355  -0.0000703017  -0.0000912142  -0.0000598007   0.0000856832
        0.0002393176  -0.0000462232  -0.0000161151   0.0002361054  -0.0001530905
        0.0000744803  -0.0007564550  -0.0001435115  -0.0000833295   0.0002702899
        0.0002422982  -0.0001628266   0.0009903077   0.0000292014   0.0001497217
       -0.0012676014  -0.0010831672  -0.0008693405  -0.0003431846   0.0006166004
       -0.0014583051  -0.0220960297  -0.0075674450   0.0140416162  -0.0282798684
        0.0080914243   0.0119289020  -0.0281861385  -0.0019938957   0.0028635166
       -0.0000547416   0.0000508456   0.0000078815  -0.0001342779   0.0001227803
       -0.0001533479  -0.0003841751   0.0011514579   0.0009356113  -0.0073112730
        0.0041255036  -0.0010510403  -0.0211442320  -0.0638708008  -0.0295058944
       -0.0091243448   0.0180697572  -0.0320289822   0.0430890787   0.0892525572
        0.0649227340  -0.0010068954  -0.0537372089  -0.0026993799  -0.0000177938
        0.0000104607  -0.0000349520   0.0000239398  -0.0000037013   0.0000173139
        0.0000034865  -0.0000692212   0.0000354198   0.0000745931  -0.0000193969
       -0.0000073322  -0.0000436114  -0.0000331965  -0.0000007598  -0.0001161489
       -0.0000217167  -0.0002680490   0.0003522937   0.0001049054   0.0000745227
        0.0008905033   0.0005622761  -0.0001914961  -0.0014827615   0.0005822826
       -0.0002470410  -0.0243760267   0.0004214186   0.0062673550   0.0286266774
        0.0032066968  -0.0077596617  -0.0078642904   0.0000943004   0.0016870980
       -0.0001626042   0.0000743581   0.0001201074  -0.0000153382   0.0002423474
        0.0001868635   0.0006717591   0.0002587743   0.0011946625  -0.0048472986
       -0.0011414965   0.0114742976  -0.0599713258  -0.0273936715  -0.1583121918
       -0.0338264153  -0.0328859628  -0.1114730232   0.0347636217   0.0649227340
        0.3563568653   0.0444397408  -0.0037968483  -0.0905498333   0.0000544063
       -0.0000062689  -0.0000595083  -0.0000273131  -0.0000315137  -0.0000032720
        0.0000184897   0.0000001800   0.0000317223   0.0000583302  -0.0001272640
        0.0000386936   0.0001452553  -0.0000160807  -0.0000836667   0.0003472729
       -0.0000575697  -0.0003165884   0.0008411786   0.0003409850  -0.0001611471
       -0.0010136595  -0.0009051924  -0.0007265479  -0.0001907362   0.0011263245
       -0.0006087571   0.0273312525   0.0015683843  -0.0088575182   0.0163664387
       -0.0013339879  -0.0055432762  -0.0249830549  -0.0008382311   0.0072921181
        0.0001792753   0.0000138405   0.0000361437  -0.0002208497  -0.0000911705
       -0.0004448383  -0.0010611018  -0.0002101647   0.0005751523  -0.0000368399
       -0.0009273827  -0.0029421177  -0.0448972465  -0.0067786131  -0.0122784778
        0.0024498039   0.0010674014   0.0022997755  -0.1662659011  -0.0010068954
        0.0444397408   0.3999284167   0.0004010086   0.0430474244  -0.0000572154
       -0.0000260894  -0.0000087004  -0.0000416624   0.0000337565  -0.0000042429
       -0.0000991284  -0.0000314054  -0.0000511223  -0.0000404087   0.0000759352
       -0.0000701708  -0.0002280323  -0.0000461776   0.0000981677  -0.0000765425
       -0.0002030919   0.0001030551  -0.0001446439   0.0001658530   0.0001489450
       -0.0006650667   0.0001962768  -0.0000914154  -0.0001459316  -0.0003683429
       -0.0003537317  -0.0405150624  -0.0174342499   0.0147550525  -0.0519672375
        0.0526215353   0.0189276854  -0.0960946249  -0.0274520238  -0.1081863251
       -0.0000132073  -0.0000349535  -0.0000102166  -0.0000743395   0.0000130818
       -0.0001280078  -0.0005200078   0.0003283444   0.0003261803  -0.0011569288
        0.0047041673  -0.0024316694  -0.0091330811  -0.0003718786   0.0009176361
       -0.0005041949  -0.0032676235   0.0015954075   0.0019224776  -0.0537372089
       -0.0037968483   0.0004010086   0.4985158014   0.0108976869   0.0000209512
       -0.0000124913   0.0000073916  -0.0000117904  -0.0000004668   0.0000036097
        0.0000098528   0.0000260642  -0.0000119249  -0.0000204250  -0.0000188964
        0.0000249742  -0.0000485789  -0.0000265182   0.0000272023   0.0000194767
       -0.0000525004   0.0000098688   0.0000165162   0.0000094222   0.0000129935
        0.0008397768   0.0000379473  -0.0004098650  -0.0002595866   0.0000990705
        0.0004534305  -0.0140087072  -0.1600815946   0.1156828500   0.0484784902
       -0.2318103694  -0.0763269097  -0.0259577024  -0.0543193973  -0.0468437897
       -0.0000827363  -0.0000316696  -0.0000501150  -0.0001778684   0.0000467258
       -0.0002618602  -0.0008690988  -0.0001759540   0.0005026388  -0.0031171035
       -0.0017845020  -0.0025795988  -0.0215897922  -0.0002818973   0.0088647690
       -0.0051547808   0.0011211427   0.0037031777   0.0582025664  -0.0026993799
       -0.0905498333   0.0430474244   0.0108976869   0.5286762346   0.0000186969
        0.0000118533   0.0000049387   0.0000147056   0.0000006154   0.0000300490
        0.0000416428   0.0000069499   0.0000407680   0.0000272690  -0.0000194509
        0.0000219853  -0.0000947616  -0.0000028672   0.0000046613   0.0000130783
        0.0000717798   0.0000338503   0.0000741980  -0.0000408437   0.0000557734
       -0.0000349269  -0.0001162154   0.0002909870   0.0002593377   0.0001616540
        0.0000736979   0.0123452132   0.1153397759  -0.1562440921   0.0180575517
       -0.0763311997  -0.0730628417  -0.1009806153  -0.0461742039  -0.2195551897
       -0.0446593086  -0.0085328122   0.0037837451  -0.0000081776   0.0097910292
       -0.0042112227   0.0006303197   0.0011377764  -0.0007088026  -0.0000728151
       -0.0000468831   0.0000570298  -0.0003725820   0.0000198315   0.0000536114
        0.0001176942  -0.0000524043  -0.0000899155   0.0001637251  -0.0000177938
        0.0000544063  -0.0000572154   0.0000209512   0.0000186969   0.0486255299
        0.0083165365  -0.0061378314  -0.0043214421  -0.0278852290   0.0179861733
        0.0002400999   0.0158306390  -0.0121641765  -0.0001387088   0.0022378907
        0.0012640216   0.0000615276  -0.0005739531  -0.0001254790  -0.0001750859
       -0.0000458196   0.0004610332   0.0000163657  -0.0001657182  -0.0000268019
        0.0000758895  -0.0001366594   0.0000329738  -0.0001449180   0.0001075971
       -0.0002395088  -0.0000023744   0.0000036207  -0.0000030107   0.0000080879
       -0.0000120232  -0.0000076333   0.0000133882   0.0000034237   0.0000026912
       -0.0083893429  -0.2169912526   0.1064181566   0.0016430066  -0.0264462418
        0.0098384580  -0.0007141182   0.0011006534   0.0006396461   0.0000880829
        0.0001955783  -0.0001324181  -0.0000793316   0.0000032260   0.0001586100
       -0.0000173378  -0.0000146526  -0.0001154373   0.0000053355   0.0000104607
       -0.0000062689  -0.0000260894  -0.0000124913   0.0000118533   0.0083165365
        0.2544355174  -0.1221930761  -0.0031294564  -0.0082719820   0.0064485959
        0.0005705976   0.0000952409   0.0021670671   0.0018069956  -0.0049521017
       -0.0034817931  -0.0003071170   0.0003201446   0.0004210625   0.0005788391
        0.0003202835  -0.0004288134  -0.0003689461   0.0002005970   0.0001164315
       -0.0001699048  -0.0000019643  -0.0000446686   0.0002103722   0.0000062924
        0.0001828464  -0.0000115803   0.0000081875  -0.0000049598   0.0000007274
       -0.0000058229   0.0000002653  -0.0000072688   0.0000003275   0.0000044427
        0.0037118076   0.1066022905  -0.1085102993  -0.0001172535  -0.0138703483
        0.0084013172  -0.0003410205  -0.0006941656   0.0007955382  -0.0000288997
        0.0000592136   0.0001029748   0.0000911339   0.0000128345   0.0000104097
       -0.0000096971  -0.0000029634  -0.0000112289  -0.0000703017  -0.0000349520
       -0.0000595083  -0.0000087004   0.0000073916   0.0000049387  -0.0061378314
       -0.1221930761   0.1237793897   0.0020614182   0.0090066410  -0.0054021585
       -0.0005074648   0.0245272149  -0.0185094703   0.0014589091  -0.0033068135
       -0.0009133844   0.0000622183  -0.0003199181   0.0006099140   0.0000699997
        0.0001009294  -0.0000065259  -0.0000804981   0.0000087914   0.0000098748
        0.0000421937  -0.0000847783  -0.0001250901  -0.0002001834   0.0001835082
       -0.0001763015   0.0000023265  -0.0000017964   0.0000073215   0.0000021209
       -0.0000036646  -0.0000048411  -0.0000002775   0.0000036611  -0.0000028703
       -0.2602504459  -0.0431570862   0.0579237383  -0.0128864964  -0.0001789073
        0.0053439917  -0.0002458462   0.0027866611   0.0016196100  -0.0002010106
        0.0000803155   0.0003009583   0.0005400652   0.0000058216  -0.0001157797
       -0.0002101628   0.0000146848   0.0000923491  -0.0000912142   0.0000239398
       -0.0000273131  -0.0000416624  -0.0000117904   0.0000147056  -0.0043214421
       -0.0031294564   0.0020614182   0.3007973715   0.0492193892  -0.0689825576
       -0.0234091597  -0.0054910736   0.0018691204  -0.0000769133   0.0000447239
       -0.0003285268   0.0007251784  -0.0004349160  -0.0000859760   0.0001812821
        0.0001519369  -0.0002285834  -0.0007922116   0.0000488029   0.0003908633
        0.0000044852  -0.0000665876   0.0000543361   0.0002658122   0.0000958137
        0.0000898022   0.0000041690  -0.0000026142   0.0000053797   0.0000022748
        0.0000072733   0.0000096100   0.0000059270  -0.0000069309  -0.0000071464
       -0.0435566593  -0.0511805760   0.0131511060   0.0218777113   0.0023547032
       -0.0076873378   0.0017439228  -0.0029856583  -0.0025578567  -0.0001596010
        0.0000299959  -0.0000572362   0.0001514738   0.0000178048  -0.0000239284
       -0.0000255440   0.0000195414   0.0000877027  -0.0000598007  -0.0000037013
       -0.0000315137   0.0000337565  -0.0000004668   0.0000006154  -0.0278852290
       -0.0082719820   0.0090066410   0.0492193892   0.0589537546  -0.0120401534
       -0.0030236365   0.0000656082   0.0005048646   0.0003471973   0.0003136143
        0.0000010328   0.0002432408   0.0006378498   0.0003302095  -0.0000382055
       -0.0001012507  -0.0000976994   0.0010747724   0.0001272078  -0.0006465130
       -0.0000011680   0.0000013793  -0.0000221046   0.0000696789   0.0000202195
        0.0000792289  -0.0000020611  -0.0000064998  -0.0000010640  -0.0000038308
        0.0000078055  -0.0000006332  -0.0000054074   0.0000006507   0.0000046394
        0.0575240124   0.0129600208  -0.0591450945   0.0177502080   0.0009639385
       -0.0062644206   0.0015777645  -0.0033317474  -0.0018573304  -0.0002725376
        0.0000041903   0.0000713098  -0.0001821974   0.0000757743   0.0001415283
        0.0000386839  -0.0000197631  -0.0000351897   0.0000856832   0.0000173139
       -0.0000032720  -0.0000042429   0.0000036097   0.0000300490   0.0179861733
        0.0064485959  -0.0054021585  -0.0689825576  -0.0120401534   0.0677596424
       -0.0268670047  -0.0055401410   0.0049874290  -0.0002229519   0.0002929026
        0.0002815963   0.0006211742   0.0003400400  -0.0000283627  -0.0002247798
       -0.0001267125   0.0000966941   0.0010299906  -0.0000999980  -0.0005137766
        0.0000120978  -0.0000718250  -0.0000208092   0.0001415080   0.0001236514
       -0.0000943857  -0.0000049682  -0.0000001073  -0.0000059263  -0.0000067768
       -0.0000018542  -0.0000053793   0.0000007211   0.0000022645   0.0000078565
       -0.1171856264  -0.0118637799  -0.1112037516   0.0057727725   0.0001118040
        0.0069379680   0.0004157658   0.0000185998   0.0001341716  -0.0006344258
        0.0005820054   0.0005304708  -0.0004892043  -0.0000612438   0.0002709317
        0.0001993569  -0.0000565669  -0.0002964196   0.0002393176   0.0000034865
        0.0000184897  -0.0000991284   0.0000098528   0.0000416428   0.0002400999
        0.0005705976  -0.0005074648  -0.0234091597  -0.0030236365  -0.0268670047
        0.1359491159   0.0127028721   0.1291271878   0.0002589144  -0.0003901852
        0.0000721627   0.0004209970   0.0013561997   0.0015089195  -0.0000657311
       -0.0000396991  -0.0000232516  -0.0001254474  -0.0000065983  -0.0001559276
       -0.0000089575   0.0002600692  -0.0000199385  -0.0015219094  -0.0001731168
        0.0004590840   0.0000139568   0.0000060956  -0.0000118274   0.0000187083
       -0.0000102442  -0.0000121143   0.0000105851   0.0000034882  -0.0000033285
       -0.0116360938  -0.0450273242  -0.0148532040  -0.0120437945  -0.0042465283
       -0.0211900215  -0.0002036843   0.0005800826   0.0004067936  -0.0000959818
        0.0001870237   0.0003038114   0.0001066961  -0.0000528184  -0.0000541930
       -0.0000514778  -0.0000021838   0.0000276613  -0.0000462232  -0.0000692212
        0.0000001800  -0.0000314054   0.0000260642   0.0000069499   0.0158306390
        0.0000952409   0.0245272149  -0.0054910736   0.0000656082  -0.0055401410
        0.0127028721   0.0516563697   0.0210253291  -0.0006583545   0.0005503910
       -0.0004748001   0.0014196533  -0.0037941648  -0.0042257898   0.0000378645
       -0.0001464452   0.0000735659  -0.0001016427  -0.0000003592   0.0000795642
        0.0002360582  -0.0003974344  -0.0000576307   0.0000371640   0.0005783326
       -0.0000563936  -0.0000075104  -0.0000037330   0.0000055340   0.0000037038
       -0.0000053094  -0.0000063117  -0.0000074091   0.0000064092   0.0000018810
       -0.1110030429  -0.0154538554  -0.2097282660  -0.0091378130  -0.0055555159
       -0.0183365747  -0.0003509553   0.0002285648   0.0001899228  -0.0003671734
       -0.0000278640   0.0003750258   0.0002016144   0.0000791234  -0.0000224382
       -0.0001539675  -0.0000200891   0.0000664762  -0.0000161151   0.0000354198
        0.0000317223  -0.0000511223  -0.0000119249   0.0000407680  -0.0121641765
        0.0021670671  -0.0185094703   0.0018691204   0.0005048646   0.0049874290
        0.1291271878   0.0210253291   0.2420954412  -0.0000901590   0.0006287780
        0.0008630159   0.0013450669  -0.0039404712  -0.0023673947  -0.0001563360
        0.0000349421  -0.0002564344  -0.0001798601   0.0001709783   0.0000989349
        0.0001184194  -0.0001867235   0.0000907836   0.0010370538   0.0003159688
        0.0003842749  -0.0000046057  -0.0000000220  -0.0000084910  -0.0000091538
        0.0000027858  -0.0000035008  -0.0000139820   0.0000026440   0.0000087755
       -0.0000398530   0.0096841031  -0.0039293264  -0.0431322502   0.0025013286
       -0.0038994312  -0.0041188197  -0.0239764470   0.0163687556   0.0012497077
       -0.0007083374   0.0009335032  -0.0002949913   0.0000089469   0.0003305338
        0.0000657601  -0.0000049190  -0.0002443923   0.0002361054   0.0000745931
        0.0000583302  -0.0000404087  -0.0000204250   0.0000272690  -0.0001387088
        0.0018069956   0.0014589091  -0.0000769133   0.0003471973  -0.0002229519
        0.0002589144  -0.0006583545  -0.0000901590   0.0524654663  -0.0036113513
        0.0005599481  -0.0010803623   0.0165714613  -0.0135750759  -0.0053562779
       -0.0021152815   0.0028227664   0.0005120250  -0.0002159332  -0.0001348193
       -0.0005403960   0.0002613319  -0.0004707714  -0.0000094286   0.0000488786
        0.0000176899   0.0000158762   0.0000141210  -0.0000062038   0.0000058581
       -0.0000073552   0.0000042745   0.0000186967  -0.0000005533  -0.0000088487
        0.0027812870  -0.0255230149   0.0100394046   0.0022634121  -0.2040506723
        0.1043388556  -0.0030622661  -0.0072075303   0.0061327567   0.0007703698
        0.0006316420  -0.0003828448   0.0003213568   0.0000420126   0.0000538273
        0.0000385725   0.0000039720  -0.0000028271  -0.0001530905  -0.0000193969
       -0.0001272640   0.0000759352  -0.0000188964  -0.0000194509   0.0022378907
       -0.0049521017  -0.0033068135   0.0000447239   0.0003136143   0.0002929026
       -0.0003901852   0.0005503910   0.0006287780  -0.0036113513   0.2391801940
       -0.1202339420   0.0009208481   0.0007596281   0.0015891912  -0.0018552004
       -0.0000401343   0.0012493646   0.0002324765   0.0003906427  -0.0001249028
       -0.0005782933   0.0002156679  -0.0001853990  -0.0000654943  -0.0002734188
        0.0000499856   0.0000027992  -0.0000070377   0.0000044323   0.0000214360
        0.0000110616   0.0000064314   0.0000047734  -0.0000066229  -0.0000024857
        0.0010097818  -0.0144943152   0.0078218821  -0.0038991639   0.1049190770
       -0.1112139625   0.0032757898   0.0113130546  -0.0076960283  -0.0006704591
       -0.0009092239   0.0009122391  -0.0004577074   0.0000271109   0.0000861487
        0.0000880553  -0.0000903160  -0.0002038824   0.0000744803  -0.0000073322
        0.0000386936  -0.0000701708   0.0000249742   0.0000219853   0.0012640216
       -0.0034817931  -0.0009133844  -0.0003285268   0.0000010328   0.0002815963
        0.0000721627  -0.0004748001   0.0008630159   0.0005599481  -0.1202339420
        0.1290123268  -0.0037513665   0.0227152951  -0.0181813740   0.0028750190
        0.0005938102  -0.0007380940  -0.0000900385   0.0001644960  -0.0002713028
        0.0000762947   0.0000078836   0.0003243930  -0.0000236754  -0.0000732841
       -0.0001295598   0.0000003233   0.0000030055  -0.0000121558   0.0000026633
       -0.0000061801  -0.0000077265  -0.0000074315   0.0000014469   0.0000051896
        0.0050817322   0.0016091885   0.0063522420  -0.1301478272  -0.0173589979
       -0.1118781772  -0.0241443389  -0.0036008430  -0.0198125150  -0.0061507155
       -0.0013129547   0.0026370109  -0.0001007171  -0.0002116297  -0.0018399816
       -0.0000435684   0.0000367867   0.0003686737  -0.0007564550  -0.0000436114
        0.0001452553  -0.0002280323  -0.0000485789  -0.0000947616   0.0000615276
       -0.0003071170   0.0000622183   0.0007251784   0.0002432408   0.0006211742
        0.0004209970   0.0014196533   0.0013450669  -0.0010803623   0.0009208481
       -0.0037513665   0.1555923074   0.0184818536   0.1262905075   0.0004237764
       -0.0000960098  -0.0003614099   0.0001387934   0.0002794343  -0.0006041497
        0.0001763561  -0.0001579775   0.0003778029   0.0000435528   0.0001482581
        0.0001254277   0.0000103490  -0.0000068509   0.0000061246   0.0000124753
        0.0000084486   0.0000024851  -0.0000350288  -0.0000031410   0.0000083723
       -0.0124188184  -0.0054328542  -0.0215749091  -0.0170310133  -0.0478257258
       -0.0186406016  -0.0051550655  -0.0001460963  -0.0044485257  -0.0010067220
        0.0005507642   0.0006358394  -0.0001061979   0.0001331842  -0.0003025982
        0.0000599104  -0.0000493035  -0.0000343299  -0.0001435115  -0.0000331965
       -0.0000160807  -0.0000461776  -0.0000265182  -0.0000028672  -0.0005739531
        0.0003201446  -0.0003199181  -0.0004349160   0.0006378498   0.0003400400
        0.0013561997  -0.0037941648  -0.0039404712   0.0165714613   0.0007596281
        0.0227152951   0.0184818536   0.0548198273   0.0258774718  -0.0003259110
       -0.0001317667  -0.0002911029   0.0007105138   0.0002199778   0.0000775122
       -0.0000663488   0.0000556557  -0.0000370470   0.0001155879  -0.0000569942
       -0.0000359002   0.0000015432   0.0000003301  -0.0000030312   0.0000138567
        0.0000004307  -0.0000037506  -0.0000022914  -0.0000011723   0.0000049752
       -0.0096193708  -0.0066308987  -0.0181581606  -0.1123126670  -0.0187069799
       -0.1816178336   0.0055437399   0.0010275903   0.0059796614   0.0011862163
        0.0002392441   0.0006995445   0.0005455010  -0.0000808745   0.0000182964
       -0.0001378011   0.0000383283   0.0002324177  -0.0000833295  -0.0000007598
       -0.0000836667   0.0000981677   0.0000272023   0.0000046613  -0.0001254790
        0.0004210625   0.0006099140  -0.0000859760   0.0003302095  -0.0000283627
        0.0015089195  -0.0042257898  -0.0023673947  -0.0135750759   0.0015891912
       -0.0181813740   0.1262905075   0.0258774718   0.2118851709   0.0001119883
       -0.0002063485   0.0002882398   0.0002801875   0.0003236505   0.0006613278
        0.0001692073  -0.0001362435   0.0000245069   0.0002010949   0.0001136252
        0.0000201734   0.0000023149  -0.0000149213   0.0000076475  -0.0000047656
        0.0000153612   0.0000035758   0.0000066203  -0.0000001209   0.0000016550
        0.0008496506  -0.0009218097  -0.0002295338  -0.0039272948  -0.0241891063
        0.0155284590  -0.0416279402  -0.0004122114   0.0008882663  -0.0029408166
        0.0175805897  -0.0133107921   0.0000763957   0.0006733084  -0.0020614816
        0.0004212860  -0.0003749936   0.0008341488   0.0002702899  -0.0001161489
        0.0003472729  -0.0000765425   0.0000194767   0.0000130783  -0.0001750859
        0.0005788391   0.0000699997   0.0001812821  -0.0000382055  -0.0002247798
       -0.0000657311   0.0000378645  -0.0001563360  -0.0053562779  -0.0018552004
        0.0028750190   0.0004237764  -0.0003259110   0.0001119883   0.0529104737
        0.0012923535   0.0011875166   0.0011391928   0.0077003180  -0.0030349849
       -0.0028398978   0.0002144035  -0.0033045073   0.0007240662   0.0001594489
        0.0004494033  -0.0000421130  -0.0000185038   0.0000090635   0.0000210076
       -0.0000034406  -0.0000062296   0.0000342788  -0.0000010714   0.0000144294
        0.0008771885   0.0013626979  -0.0008712314  -0.0032185327  -0.0075495581
        0.0054387286   0.0005164575  -0.2177680578   0.0988387356   0.0018752984
       -0.0002233464   0.0019072232  -0.0002373425   0.0001400211   0.0011645959
       -0.0000739655   0.0000664671  -0.0010416665   0.0002422982  -0.0000217167
       -0.0000575697  -0.0002030919  -0.0000525004   0.0000717798  -0.0000458196
        0.0003202835   0.0001009294   0.0001519369  -0.0001012507  -0.0001267125
       -0.0000396991  -0.0001464452   0.0000349421  -0.0021152815  -0.0000401343
        0.0005938102  -0.0000960098  -0.0001317667  -0.0002063485   0.0012923535
        0.2506571671  -0.1157707844   0.0012180993  -0.0282429976   0.0102014680
        0.0001360236   0.0009238513   0.0002180131  -0.0002567245   0.0008059808
       -0.0004776620  -0.0000160877   0.0000350456  -0.0000034210   0.0000007816
       -0.0000284699   0.0000036054  -0.0000078828  -0.0000052705  -0.0000184352
       -0.0006007202   0.0005625403   0.0003812090   0.0031084575   0.0118276087
       -0.0068967093   0.0011665845   0.0977615205  -0.1008748065  -0.0046180504
        0.0202211856  -0.0154899955   0.0002293256   0.0003047753  -0.0000035349
        0.0000257169   0.0001846281   0.0001744733  -0.0001628266  -0.0002680490
       -0.0003165884   0.0001030551   0.0000098688   0.0000338503   0.0004610332
       -0.0004288134  -0.0000065259  -0.0002285834  -0.0000976994   0.0000966941
       -0.0000232516   0.0000735659  -0.0002564344   0.0028227664   0.0012493646
       -0.0007380940  -0.0003614099  -0.0002911029   0.0002882398   0.0011875166
       -0.1157707844   0.1182425637   0.0003086081  -0.0168188757   0.0088257484
       -0.0038568191   0.0007865982  -0.0037498457   0.0003965833   0.0006932331
        0.0002709714   0.0000065721  -0.0000170889   0.0000254499   0.0000135456
        0.0000075394  -0.0000078782   0.0000218964   0.0000099852   0.0000012129
       -0.0051200231  -0.0011283084   0.0024979200  -0.0115969097   0.0195782266
        0.0188204102  -0.0537332832   0.0423422573   0.0352315351   0.0024815912
       -0.0153671069  -0.0150149149  -0.0003975648  -0.0012865198  -0.0020829219
       -0.0001989746   0.0005156813   0.0004430464   0.0009903077   0.0003522937
        0.0008411786  -0.0001446439   0.0000165162   0.0000741980   0.0000163657
       -0.0003689461  -0.0000804981  -0.0007922116   0.0010747724   0.0010299906
       -0.0001254474  -0.0001016427  -0.0001798601   0.0005120250   0.0002324765
       -0.0000900385   0.0001387934   0.0007105138   0.0002801875   0.0011391928
        0.0012180993   0.0003086081   0.0693878724  -0.0471659305  -0.0388114035
        0.0003899079  -0.0000955903   0.0002346912  -0.0029481781  -0.0005378369
       -0.0034874685   0.0000000979  -0.0000096625  -0.0000085784  -0.0000391606
        0.0000076963  -0.0000197722   0.0000402430   0.0000130107   0.0000136905
       -0.0000020183   0.0008749186   0.0001316769  -0.0004194916   0.0026332978
        0.0017476709   0.0417129118  -0.1703185934  -0.1058409763  -0.0020355187
       -0.0019367969  -0.0039834807   0.0002566628  -0.0000873754  -0.0019607894
        0.0002023758  -0.0000172642   0.0015636462   0.0000292014   0.0001049054
        0.0003409850   0.0001658530   0.0000094222  -0.0000408437  -0.0001657182
        0.0002005970   0.0000087914   0.0000488029   0.0001272078  -0.0000999980
       -0.0000065983  -0.0000003592   0.0001709783  -0.0002159332   0.0003906427
        0.0001644960   0.0002794343   0.0002199778   0.0003236505   0.0077003180
       -0.0282429976  -0.0168188757  -0.0471659305   0.1946646974   0.1247323713
        0.0001472147   0.0003974645   0.0003646884  -0.0005454493   0.0009868555
       -0.0008236754  -0.0000035618  -0.0000403612  -0.0000027490   0.0000009585
        0.0000372077  -0.0000071718   0.0000164865  -0.0000034465   0.0000296050
        0.0028494745   0.0009253885  -0.0002194869   0.0062203820  -0.0096861786
       -0.0085416934   0.0352792342  -0.1057542461  -0.1357059255   0.0002280370
       -0.0191743830  -0.0198905850   0.0002772426  -0.0004987195  -0.0000715799
        0.0003214624   0.0004577370   0.0006941020   0.0001497217   0.0000745227
       -0.0001611471   0.0001489450   0.0000129935   0.0000557734  -0.0000268019
        0.0001164315   0.0000098748   0.0003908633  -0.0006465130  -0.0005137766
       -0.0001559276   0.0000795642   0.0000989349  -0.0001348193  -0.0001249028
       -0.0002713028  -0.0006041497   0.0000775122   0.0006613278  -0.0030349849
        0.0102014680   0.0088257484  -0.0388114035   0.1247323713   0.1589104614
        0.0003589845  -0.0003157917   0.0000088611  -0.0034976833  -0.0004957003
       -0.0039159558   0.0000133745  -0.0000185695  -0.0000007803  -0.0000056067
        0.0000341871   0.0000117398   0.0000336553   0.0000028284   0.0000154096
       -0.0001851235  -0.0001048169   0.0001034593   0.0010116891   0.0012546438
       -0.0008338536  -0.0009727980   0.0157014883  -0.0133663421  -0.0382515078
       -0.0170204974   0.0104832410  -0.0037480842  -0.0233615634   0.0179003295
       -0.0035165359   0.0025592375   0.0012984375  -0.0012676014   0.0008905033
       -0.0010136595  -0.0006650667   0.0008397768  -0.0000349269   0.0000758895
       -0.0001699048   0.0000421937   0.0000044852  -0.0000011680   0.0000120978
       -0.0000089575   0.0002360582   0.0001184194  -0.0005403960  -0.0005782933
        0.0000762947   0.0001763561  -0.0000663488   0.0001692073  -0.0028398978
        0.0001360236  -0.0038568191   0.0003899079   0.0001472147   0.0003589845
        0.0478032785   0.0156340621  -0.0092684523   0.0024205402   0.0038338242
       -0.0021114381   0.0002092882   0.0000803463  -0.0000683377  -0.0001579868
       -0.0000202992   0.0000097087   0.0000625212   0.0000097130  -0.0000185441
        0.0000059015   0.0000066428   0.0001191594  -0.0002449689   0.0007027960
       -0.0004527777   0.0019917831  -0.0006414421   0.0030641523  -0.0134203657
       -0.1942425223   0.1077408823  -0.0018217386  -0.0022946177   0.0045289419
        0.0001959852  -0.0004230167  -0.0007391816  -0.0010831672   0.0005622761
       -0.0009051924   0.0001962768   0.0000379473  -0.0001162154  -0.0001366594
       -0.0000019643  -0.0000847783  -0.0000665876   0.0000013793  -0.0000718250
        0.0002600692  -0.0003974344  -0.0001867235   0.0002613319   0.0002156679
        0.0000078836  -0.0001579775   0.0000556557  -0.0001362435   0.0002144035
        0.0009238513   0.0007865982  -0.0000955903   0.0003974645  -0.0003157917
        0.0156340621   0.2227468209  -0.1262617942  -0.0019702324  -0.0276696824
        0.0131215868   0.0001430851   0.0000155946  -0.0000712745   0.0000608695
        0.0000092938  -0.0000239693   0.0000335198  -0.0000047104  -0.0000034373
        0.0000754680  -0.0000693121   0.0000858730   0.0008878515  -0.0001323867
        0.0008143473  -0.0026783393   0.0182742842  -0.0157062447   0.0075985027
        0.1108481752  -0.1138805231   0.0068323880   0.0126887516  -0.0097180872
        0.0019657596  -0.0018097252  -0.0007427969  -0.0008693405  -0.0001914961
       -0.0007265479  -0.0000914154  -0.0004098650   0.0002909870   0.0000329738
       -0.0000446686  -0.0001250901   0.0000543361  -0.0000221046  -0.0000208092
       -0.0000199385  -0.0000576307   0.0000907836  -0.0004707714  -0.0001853990
        0.0003243930   0.0003778029  -0.0000370470   0.0000245069  -0.0033045073
        0.0002180131  -0.0037498457   0.0002346912   0.0003646884   0.0000088611
       -0.0092684523  -0.1262617942   0.1337780987  -0.0012078744  -0.0131300915
        0.0092112094  -0.0001457699  -0.0000486528   0.0000204349   0.0000403530
        0.0000324455   0.0000116668  -0.0000437179  -0.0000261845   0.0000087832
       -0.0005687892   0.0001441586  -0.0003696122   0.0004312496  -0.0001150405
       -0.0000531247   0.0014956092  -0.0155637459  -0.0129444315  -0.0422737309
        0.0242682839   0.0145555525  -0.0045369635   0.0236629214   0.0163607624
       -0.0052601753  -0.0016598828   0.0042588278  -0.0003431846  -0.0014827615
       -0.0001907362  -0.0001459316  -0.0002595866   0.0002593377  -0.0001449180
        0.0002103722  -0.0002001834   0.0002658122   0.0000696789   0.0001415080
       -0.0015219094   0.0000371640   0.0010370538  -0.0000094286  -0.0000654943
       -0.0000236754   0.0000435528   0.0001155879   0.0002010949   0.0007240662
       -0.0002567245   0.0003965833  -0.0029481781  -0.0005454493  -0.0034976833
        0.0024205402  -0.0019702324  -0.0012078744   0.0520625809  -0.0265579366
       -0.0186128159   0.0000214508   0.0000273900  -0.0000303638   0.0001773248
       -0.0000622434  -0.0000287878   0.0001110226   0.0000035409  -0.0000514317
        0.0003065577   0.0000303943  -0.0001727947  -0.0000082519  -0.0000735106
       -0.0001687144  -0.0013705076  -0.0015672030  -0.0032688746   0.0236735067
       -0.1964419710  -0.1116078831   0.0003528403  -0.0017228744  -0.0030704895
       -0.0000115265   0.0002324039   0.0003444520   0.0006166004   0.0005822826
        0.0011263245  -0.0003683429   0.0000990705   0.0001616540   0.0001075971
        0.0000062924   0.0001835082   0.0000958137   0.0000202195   0.0001236514
       -0.0001731168   0.0005783326   0.0003159688   0.0000488786  -0.0002734188
       -0.0000732841   0.0001482581  -0.0000569942   0.0001136252   0.0001594489
        0.0008059808   0.0006932331  -0.0005378369   0.0009868555  -0.0004957003
        0.0038338242  -0.0276696824  -0.0131300915  -0.0265579366   0.2244619803
        0.1288256502  -0.0001046260  -0.0000181283   0.0000489062  -0.0001677300
        0.0000050385   0.0000365948  -0.0000434505   0.0000149318   0.0000142639
        0.0006239972   0.0000780020   0.0002805333   0.0002236773  -0.0000285068
        0.0002921853  -0.0000196323  -0.0172516354  -0.0152199749   0.0136280135
       -0.1128856117  -0.1169339463   0.0080881302  -0.0118543994  -0.0099179666
        0.0027948840   0.0008404023  -0.0017905091  -0.0014583051  -0.0002470410
       -0.0006087571  -0.0003537317   0.0004534305   0.0000736979  -0.0002395088
        0.0001828464  -0.0001763015   0.0000898022   0.0000792289  -0.0000943857
        0.0004590840  -0.0000563936   0.0003842749   0.0000176899   0.0000499856
       -0.0001295598   0.0001254277  -0.0000359002   0.0000201734   0.0004494033
       -0.0004776620   0.0002709714  -0.0034874685  -0.0008236754  -0.0039159558
       -0.0021114381   0.0131215868   0.0092112094  -0.0186128159   0.1288256502
        0.1382358765   0.0000382612  -0.0000237484  -0.0000174809  -0.0001642440
        0.0000474623   0.0000042937  -0.0000912260   0.0000059788   0.0000316220
       -0.0000068056   0.0000148133  -0.0000080392   0.0000102776   0.0000232938
       -0.0000076097  -0.0000206983   0.0000806548  -0.0000814609  -0.0003697215
        0.0009041641  -0.0002456920   0.0003571155  -0.0008735296   0.0029516419
        0.0008526253   0.0000895697  -0.0005740030  -0.0220960297  -0.0243760267
        0.0273312525  -0.0405150624  -0.0140087072   0.0123452132  -0.0000023744
       -0.0000115803   0.0000023265   0.0000041690  -0.0000020611  -0.0000049682
        0.0000139568  -0.0000075104  -0.0000046057   0.0000158762   0.0000027992
        0.0000003233   0.0000103490   0.0000015432   0.0000023149  -0.0000421130
       -0.0000160877   0.0000065721   0.0000000979  -0.0000035618   0.0000133745
        0.0002092882   0.0001430851  -0.0001457699   0.0000214508  -0.0001046260
        0.0000382612   0.0569139889   0.0230172521  -0.0263680764   0.0023266830
        0.0047890929  -0.0047644752   0.0023169268   0.0103374226  -0.0104865800
        0.0000068044   0.0000007669  -0.0000037427   0.0000180088   0.0000094103
       -0.0000076447   0.0000400048   0.0000298224   0.0000400901   0.0000417314
        0.0000848539  -0.0000275662   0.0002427790   0.0012020489   0.0029407698
        0.0011297337  -0.0004969564  -0.0011791618  -0.0075674450   0.0004214186
        0.0015683843  -0.0174342499  -0.1600815946   0.1153397759   0.0000036207
        0.0000081875  -0.0000017964  -0.0000026142  -0.0000064998  -0.0000001073
        0.0000060956  -0.0000037330  -0.0000000220   0.0000141210  -0.0000070377
        0.0000030055  -0.0000068509   0.0000003301  -0.0000149213  -0.0000185038
        0.0000350456  -0.0000170889  -0.0000096625  -0.0000403612  -0.0000185695
        0.0000803463   0.0000155946  -0.0000486528   0.0000273900  -0.0000181283
       -0.0000237484   0.0230172521   0.1810692654  -0.1351587612  -0.0005550095
       -0.0263445197   0.0200255075   0.0009664482   0.0041220863  -0.0034157500
        0.0000112617  -0.0000031220   0.0000048012  -0.0000238955  -0.0000088539
        0.0000075206  -0.0000685477  -0.0000257960  -0.0000019399   0.0000183080
        0.0000092500  -0.0001265410  -0.0013328796  -0.0005350732   0.0012146177
        0.0005506030   0.0006988045   0.0000530404   0.0140416162   0.0062673550
       -0.0088575182   0.0147550525   0.1156828500  -0.1562440921  -0.0000030107
       -0.0000049598   0.0000073215   0.0000053797  -0.0000010640  -0.0000059263
       -0.0000118274   0.0000055340  -0.0000084910  -0.0000062038   0.0000044323
       -0.0000121558   0.0000061246  -0.0000030312   0.0000076475   0.0000090635
       -0.0000034210   0.0000254499  -0.0000085784  -0.0000027490  -0.0000007803
       -0.0000683377  -0.0000712745   0.0000204349  -0.0000303638   0.0000489062
       -0.0000174809  -0.0263680764  -0.1351587612   0.1783009138  -0.0012824230
       -0.0061330272   0.0066469279  -0.0001932652   0.0192340008  -0.0210137501
       -0.0000205422  -0.0000216983  -0.0000089947   0.0000210769  -0.0000184245
        0.0000149811   0.0000809353  -0.0000895111  -0.0000895889  -0.0001841602
       -0.0009854125   0.0003167588   0.0002760096   0.0020958363   0.0027885083
        0.0010256484  -0.0001452632  -0.0006955197  -0.0282798684   0.0286266774
        0.0163664387  -0.0519672375   0.0484784902   0.0180575517   0.0000080879
        0.0000007274   0.0000021209   0.0000022748  -0.0000038308  -0.0000067768
        0.0000187083   0.0000037038  -0.0000091538   0.0000058581   0.0000214360
        0.0000026633   0.0000124753   0.0000138567  -0.0000047656   0.0000210076
        0.0000007816   0.0000135456  -0.0000391606   0.0000009585  -0.0000056067
       -0.0001579868   0.0000608695   0.0000403530   0.0001773248  -0.0001677300
       -0.0001642440   0.0023266830  -0.0005550095  -0.0012824230   0.0721307150
       -0.0645192731  -0.0299869448   0.0045421506  -0.0127971846  -0.0053489033
        0.0000027336   0.0000092545   0.0000002112  -0.0000241277  -0.0000100782
        0.0000069532  -0.0000724296  -0.0000151431  -0.0000629896  -0.0000629735
       -0.0000870891  -0.0000507885  -0.0009060461   0.0005131166  -0.0021048022
       -0.0005282784  -0.0003775532   0.0012756541   0.0080914243   0.0032066968
       -0.0013339879   0.0526215353  -0.2318103694  -0.0763311997  -0.0000120232
       -0.0000058229  -0.0000036646   0.0000072733   0.0000078055  -0.0000018542
       -0.0000102442  -0.0000053094   0.0000027858  -0.0000073552   0.0000110616
       -0.0000061801   0.0000084486   0.0000004307   0.0000153612  -0.0000034406
       -0.0000284699   0.0000075394   0.0000076963   0.0000372077   0.0000341871
       -0.0000202992   0.0000092938   0.0000324455  -0.0000622434   0.0000050385
        0.0000474623   0.0047890929  -0.0263445197  -0.0061330272  -0.0645192731
        0.2629105540   0.0888024983   0.0007005299  -0.0080261049  -0.0041966041
        0.0000174266   0.0000092333   0.0000015054  -0.0000182280  -0.0000111388
        0.0000038787  -0.0000518548   0.0000251575   0.0000075574   0.0000911599
       -0.0000483618  -0.0001621473  -0.0012552303   0.0007024077   0.0021350348
        0.0010286454  -0.0003829319  -0.0002606685   0.0119289020  -0.0077596617
       -0.0055432762   0.0189276854  -0.0763269097  -0.0730628417  -0.0000076333
        0.0000002653  -0.0000048411   0.0000096100  -0.0000006332  -0.0000053793
       -0.0000121143  -0.0000063117  -0.0000035008   0.0000042745   0.0000064314
       -0.0000077265   0.0000024851  -0.0000037506   0.0000035758  -0.0000062296
        0.0000036054  -0.0000078782  -0.0000197722  -0.0000071718   0.0000117398
        0.0000097087  -0.0000239693   0.0000116668  -0.0000287878   0.0000365948
        0.0000042937  -0.0047644752   0.0200255075   0.0066469279  -0.0299869448
        0.0888024983   0.0813093811   0.0041313726  -0.0250408607  -0.0110773017
       -0.0000265964   0.0000047597   0.0000109066  -0.0001206779   0.0000165148
       -0.0000824141  -0.0004031289  -0.0000500407   0.0002608331  -0.0011559159
       -0.0003134549  -0.0011895726  -0.0072337445  -0.0002603105   0.0021024335
        0.0013970789   0.0003138987   0.0008569470  -0.0281861385  -0.0078642904
       -0.0249830549  -0.0960946249  -0.0259577024  -0.1009806153   0.0000133882
       -0.0000072688  -0.0000002775   0.0000059270  -0.0000054074   0.0000007211
        0.0000105851  -0.0000074091  -0.0000139820   0.0000186967   0.0000047734
       -0.0000074315  -0.0000350288  -0.0000022914   0.0000066203   0.0000342788
       -0.0000078828   0.0000218964   0.0000402430   0.0000164865   0.0000336553
        0.0000625212   0.0000335198  -0.0000437179   0.0001110226  -0.0000434505
       -0.0000912260   0.0023169268   0.0009664482  -0.0001932652   0.0045421506
        0.0007005299   0.0041313726   0.1247030370   0.0324625775   0.1201601709
       -0.0000011927  -0.0000017215  -0.0000018905  -0.0000020108   0.0000074586
       -0.0000102267  -0.0000254048  -0.0000025164   0.0000154856  -0.0000166451
        0.0001422180  -0.0000652918  -0.0004505289   0.0004133608  -0.0004148256
       -0.0000825938   0.0001017129   0.0003912183  -0.0019938957   0.0000943004
       -0.0008382311  -0.0274520238  -0.0543193973  -0.0461742039   0.0000034237
        0.0000003275   0.0000036611  -0.0000069309   0.0000006507   0.0000022645
        0.0000034882   0.0000064092   0.0000026440  -0.0000005533  -0.0000066229
        0.0000014469  -0.0000031410  -0.0000011723  -0.0000001209  -0.0000010714
       -0.0000052705   0.0000099852   0.0000130107  -0.0000034465   0.0000028284
        0.0000097130  -0.0000047104  -0.0000261845   0.0000035409   0.0000149318
        0.0000059788   0.0103374226   0.0041220863   0.0192340008  -0.0127971846
       -0.0080261049  -0.0250408607   0.0324625775   0.0574675065   0.0529023221
        0.0000000375  -0.0000032624   0.0000011822   0.0000377308  -0.0000066564
        0.0000223086   0.0001304909   0.0000047206  -0.0000435624   0.0005050465
        0.0000814602   0.0003379653   0.0012616170  -0.0004564525  -0.0021623125
       -0.0008866857   0.0002114651   0.0013969928   0.0028635166   0.0016870980
        0.0072921181  -0.1081863251  -0.0468437897  -0.2195551897   0.0000026912
        0.0000044427  -0.0000028703  -0.0000071464   0.0000046394   0.0000078565
       -0.0000033285   0.0000018810   0.0000087755  -0.0000088487  -0.0000024857
        0.0000051896   0.0000083723   0.0000049752   0.0000016550   0.0000144294
       -0.0000184352   0.0000012129   0.0000136905   0.0000296050   0.0000154096
       -0.0000185441  -0.0000034373   0.0000087832  -0.0000514317   0.0000142639
        0.0000316220  -0.0104865800  -0.0034157500  -0.0210137501  -0.0053489033
       -0.0041966041  -0.0110773017   0.1201601709   0.0529023221   0.2447239154
