*************************************************
******************* ORCA 6.0.0 ******************
*************************************************
$Calculation_Status
   &GeometryIndex 1
   &ListStatus       OUT
   &VERSION [&Type "String"] "6.0.0"
   &PROGNAME [&Type "String"] "LeanSCF"
   &STATUS [&Type "String"] "NORMAL TERMINATION"
$End
$Geometry
   &GeometryIndex 1
   &ListStatus       OUT
   &NATOMS [&Type "Integer"] 26
   &NCORELESSECP [&Type "Integer"] 0
   &NGHOSTATOMS [&Type "Integer"] 0
   &CartesianCoordinates [&Type "Coordinates", &Dim(26,4), &Units "Bohr"] 
              C      1.811090863832   -1.077706398830   -3.001179451591
              C      3.312907379613   -1.149204302947   -0.558557015238
              C      5.579584266271   -2.923266332595   -0.788613673179
              C      1.918112438857   -1.706826866186    1.823439273207
              N     -0.378858542385   -1.997464728301    2.396753660035
              O     -2.207684339908   -2.066699041732    0.416964986661
              C     -3.941304363429   -0.161306405607    0.464754631799
              O     -3.622818439892    1.809170165086    1.610862753969
              N     -5.905694104135   -0.749698266247   -0.995308351605
              C     -7.990948384539    0.958962890012   -1.443140129284
              S      4.686855262281    2.034058538836    0.156963887895
              C      1.988893900932    4.143335548490    0.094648209927
              H      1.003811711027   -2.932126705692   -3.372159946443
              H      0.282228482742    0.292754818178   -2.917461680105
              H      3.062962236992   -0.568356104501   -4.549776694719
              H      4.925830366304   -4.847998862312   -1.088468098523
              H      6.726509361458   -2.857752684508    0.913618745700
              H      6.743300180413   -2.348997658825   -2.379611549873
              H      3.111463643322   -1.806801169256    3.486592400166
              H     -5.936345207103   -2.472478432704   -1.811059406505
              H     -9.748374092815    0.118502522249   -0.780440727836
              H     -8.141218428020    1.383319602051   -3.451550573895
              H     -7.624767824869    2.691663825575   -0.398475264416
              H      0.403331237348    3.324290199972    1.112184451766
              H      1.479427262967    4.567931633839   -1.847546962464
              H      2.600932352551    5.853208667377    1.046214619633
$End
$SCF_Energy
   &GeometryIndex 1
   &ListStatus       OUT
   &SCF_ENERGY [&Type "Double"]      -9.3189701292129257e+02
$End
$DFT_Energy
   &GeometryIndex 1
   &ListStatus       OUT
   &NALPHAEL [&Type "Integer"] 51
   &NBETAEL [&Type "Integer"] 51
   &NTOTALEL [&Type "Integer"] 102
   &EEXCHANGE [&Type "Double"]      -9.5536008923252666e+01
   &ECORR [&Type "Double"]      -3.5050756451119547e+00
   &ECNL [&Type "Double"]       0.0000000000000000e+00
   &EXC [&Type "Double"]      -9.9041084568364624e+01
   &EEMBED [&Type "Double"]       0.0000000000000000e+00
   &FINALEN [&Type "Double"]      -9.3189701292129257e+02  "No Van der Waals correction"
$End
$Mulliken_Population_Analysis
   &GeometryIndex 1
   &ListStatus       OUT
   &NATOMS [&Type "Integer"] 26
   &ATNO [&Type "ArrayOfIntegers", &Dim (26,1)] 
                                                         0

0                                                        6
1                                                        6
2                                                        6
3                                                        6
4                                                        7
5                                                        8
6                                                        6
7                                                        8
8                                                        7
9                                                        6
10                                                      16
11                                                       6
12                                                       1
13                                                       1
14                                                       1
15                                                       1
16                                                       1
17                                                       1
18                                                       1
19                                                       1
20                                                       1
21                                                       1
22                                                       1
23                                                       1
24                                                       1
25                                                       1
   &ATOMICCHARGES [&Type "ArrayOfDoubles", &Dim (26,1)] 
                                                         0

0                                     -1.7327528608190246e-01
1                                     -3.6804751817339287e-01
2                                     -1.9969016498153636e-01
3                                     -2.4264859925200888e-02
4                                      5.0133444016768891e-02
5                                     -2.5337180209605314e-01
6                                      2.1570748868570888e-01
7                                     -2.3416513391569715e-01
8                                     -2.8663269694493643e-01
9                                     -1.7479692066914865e-01
10                                    -4.2763688507502451e-02
11                                    -4.0618899704493749e-01
12                                     1.0564292042683476e-01
13                                     1.3241838970958120e-01
14                                     1.0335759771986130e-01
15                                     1.2022901615030590e-01
16                                     1.1794709651709878e-01
17                                     1.1611999479011348e-01
18                                     1.0876250395354425e-01
19                                     2.3347355265443648e-01
20                                     1.1803606186144022e-01
21                                     1.1445395991458351e-01
22                                     1.4111894950838433e-01
23                                     1.9626720045858148e-01
24                                     1.4243135591554279e-01
25                                     1.4709753605756770e-01
$End
$Loewdin_Population_Analysis
   &GeometryIndex 1
   &ListStatus       OUT
   &NATOMS [&Type "Integer"] 26
   &ATNO [&Type "ArrayOfIntegers", &Dim (26,1)] 
                                                         0

0                                                        6
1                                                        6
2                                                        6
3                                                        6
4                                                        7
5                                                        8
6                                                        6
7                                                        8
8                                                        7
9                                                        6
10                                                      16
11                                                       6
12                                                       1
13                                                       1
14                                                       1
15                                                       1
16                                                       1
17                                                       1
18                                                       1
19                                                       1
20                                                       1
21                                                       1
22                                                       1
23                                                       1
24                                                       1
25                                                       1
   &ATOMICCHARGES [&Type "ArrayOfDoubles", &Dim (26,1)] 
                                                         0

0                                      1.4202892321969326e-04
1                                      2.5508863949426737e-03
2                                      5.6790282449261899e-05
3                                      1.1330992619791664e-02
4                                      1.2364909698791098e-01
5                                      3.1847002839653649e-01
6                                      1.7952468461204538e-01
7                                      2.9654772171846538e-01
8                                      6.0108625405754998e-02
9                                      6.1225833642138171e-03
10                                     6.6376914876474237e-05
11                                     1.2994123131429677e-04
12                                     8.9108856968254525e-07
13                                     6.8385271952905098e-06
14                                     5.9925838515241887e-07
15                                     2.3911971239393107e-06
16                                     3.5020597509910399e-07
17                                     3.1193467600870379e-06
18                                     5.3610421001722550e-06
19                                     8.6351334998064928e-04
20                                     6.7118358330617135e-05
21                                     4.9958309392266044e-05
22                                     5.3324001758700126e-05
23                                     2.4265766524737050e-04
24                                     1.0414068983510864e-06
25                                     3.0793907602391886e-06
$End
$Mayer_Population_Analysis
   &GeometryIndex 1
   &ListStatus       OUT
   &NATOMS [&Type "Integer"] 26 "Total number of atoms"
   &BONDTHRESH [&Type "Double"]       1.0000000000000001e-01  "The threshold for printing"
   &NBONDORDERSPRINT [&Type "Integer"] 25 "The number of bond orders larger than threshold"
   &BONDORDERS [&Type "ArrayOfDoubles", &Dim (25,1)] "The bond orders"
                                                         0

0                                      1.0771209227402916e+00
1                                      9.3204356178247327e-01
2                                      9.2505493928633808e-01
3                                      9.3361619294002807e-01
4                                      1.0478536296971814e+00
5                                      9.0782816466968297e-01
6                                      9.9763050949713317e-01
7                                      9.4421640653155836e-01
8                                      9.4052337400691655e-01
9                                      9.3917918293849811e-01
10                                     1.9929162839350578e+00
11                                     9.1466897654476131e-01
12                                     8.7690480241497548e-01
13                                     1.0562291747597474e+00
14                                     1.9689616956867955e+00
15                                     1.2403311592269188e+00
16                                     1.0208075820772700e+00
17                                     8.5746583787044650e-01
18                                     9.5898708207624583e-01
19                                     9.5849590748773628e-01
20                                     9.3776463287506440e-01
21                                     1.0297568030220394e+00
22                                     8.9030219315579273e-01
23                                     9.3822692560217069e-01
24                                     9.4097394069924245e-01
   &COMPONENTS [&Type "ArrayOfIntegers", &Dim (25,4)] "The indices and atomic numbers of the bonding atoms"
                                                         0                           1                           2                           3

0                                                        0                           6                           1                           6
1                                                        0                           6                          12                           1
2                                                        0                           6                          13                           1
3                                                        0                           6                          14                           1
4                                                        1                           6                           2                           6
5                                                        1                           6                           3                           6
6                                                        1                           6                          10                          16
7                                                        2                           6                          15                           1
8                                                        2                           6                          16                           1
9                                                        2                           6                          17                           1
10                                                       3                           6                           4                           7
11                                                       3                           6                          18                           1
12                                                       4                           7                           5                           8
13                                                       5                           8                           6                           6
14                                                       6                           6                           7                           8
15                                                       6                           6                           8                           7
16                                                       8                           7                           9                           6
17                                                       8                           7                          19                           1
18                                                       9                           6                          20                           1
19                                                       9                           6                          21                           1
20                                                       9                           6                          22                           1
21                                                      10                          16                          11                           6
22                                                      11                           6                          23                           1
23                                                      11                           6                          24                           1
24                                                      11                           6                          25                           1
   &ATNO [&Type "ArrayOfIntegers", &Dim (26,1)] "Atomic number of the elements"
                                                         0

0                                                        6
1                                                        6
2                                                        6
3                                                        6
4                                                        7
5                                                        8
6                                                        6
7                                                        8
8                                                        7
9                                                        6
10                                                      16
11                                                       6
12                                                       1
13                                                       1
14                                                       1
15                                                       1
16                                                       1
17                                                       1
18                                                       1
19                                                       1
20                                                       1
21                                                       1
22                                                       1
23                                                       1
24                                                       1
25                                                       1
   &NA [&Type "ArrayOfDoubles", &Dim (26,1)] "Mulliken gross atomic population"
                                                         0

0                                      6.1732752860819273e+00
1                                      6.3680475181733822e+00
2                                      6.1996901649815461e+00
3                                      6.0242648599251902e+00
4                                      6.9498665559832276e+00
5                                      8.2533718020960638e+00
6                                      5.7842925113142920e+00
7                                      8.2341651339156776e+00
8                                      7.2866326969449373e+00
9                                      6.1747969206691504e+00
10                                     1.6042763688507474e+01
11                                     6.4061889970449402e+00
12                                     8.9435707957316612e-01
13                                     8.6758161029041836e-01
14                                     8.9664240228013758e-01
15                                     8.7977098384969465e-01
16                                     8.8205290348290155e-01
17                                     8.8388000520988663e-01
18                                     8.9123749604645586e-01
19                                     7.6652644734556263e-01
20                                     8.8196393813855967e-01
21                                     8.8554604008541693e-01
22                                     8.5888105049161578e-01
23                                     8.0373279954141896e-01
24                                     8.5756864408445699e-01
25                                     8.5290246394243263e-01
   &ZA [&Type "ArrayOfDoubles", &Dim (26,1)] "Total nuclear charge"
                                                         0

0                                      6.0000000000000000e+00
1                                      6.0000000000000000e+00
2                                      6.0000000000000000e+00
3                                      6.0000000000000000e+00
4                                      7.0000000000000000e+00
5                                      8.0000000000000000e+00
6                                      6.0000000000000000e+00
7                                      8.0000000000000000e+00
8                                      7.0000000000000000e+00
9                                      6.0000000000000000e+00
10                                     1.6000000000000000e+01
11                                     6.0000000000000000e+00
12                                     1.0000000000000000e+00
13                                     1.0000000000000000e+00
14                                     1.0000000000000000e+00
15                                     1.0000000000000000e+00
16                                     1.0000000000000000e+00
17                                     1.0000000000000000e+00
18                                     1.0000000000000000e+00
19                                     1.0000000000000000e+00
20                                     1.0000000000000000e+00
21                                     1.0000000000000000e+00
22                                     1.0000000000000000e+00
23                                     1.0000000000000000e+00
24                                     1.0000000000000000e+00
25                                     1.0000000000000000e+00
   &QA [&Type "ArrayOfDoubles", &Dim (26,1)] "Mulliken gross atomic charge"
                                                         0

0                                     -1.7327528608192733e-01
1                                     -3.6804751817338222e-01
2                                     -1.9969016498154613e-01
3                                     -2.4264859925190230e-02
4                                      5.0133444016772444e-02
5                                     -2.5337180209606380e-01
6                                      2.1570748868570799e-01
7                                     -2.3416513391567761e-01
8                                     -2.8663269694493732e-01
9                                     -1.7479692066915042e-01
10                                    -4.2763688507474029e-02
11                                    -4.0618899704494016e-01
12                                     1.0564292042683388e-01
13                                     1.3241838970958164e-01
14                                     1.0335759771986242e-01
15                                     1.2022901615030535e-01
16                                     1.1794709651709845e-01
17                                     1.1611999479011337e-01
18                                     1.0876250395354414e-01
19                                     2.3347355265443737e-01
20                                     1.1803606186144033e-01
21                                     1.1445395991458307e-01
22                                     1.4111894950838422e-01
23                                     1.9626720045858104e-01
24                                     1.4243135591554301e-01
25                                     1.4709753605756737e-01
   &VA [&Type "ArrayOfDoubles", &Dim (26,1)] "Mayer's total valence"
                                                         0

0                                      3.8668139779078574e+00
1                                      4.1226419489182344e+00
2                                      3.8668698729861362e+00
3                                      3.9236233118811130e+00
4                                      3.0564619764590639e+00
5                                      2.1363808274349498e+00
6                                      4.3830479861327607e+00
7                                      2.2892552902748680e+00
8                                      3.2372118621811090e+00
9                                      3.8995593934894042e+00
10                                     2.1943288331132198e+00
11                                     3.8348537829864591e+00
12                                     9.6869004286842197e-01
13                                     9.7468961273445431e-01
14                                     9.6939094096893841e-01
15                                     9.5800501383389858e-01
16                                     9.6582216167541735e-01
17                                     9.6964275869831573e-01
18                                     9.7119778411103852e-01
19                                     9.2446403429392132e-01
20                                     9.5330086422016191e-01
21                                     9.5304113321976791e-01
22                                     9.9626482546885053e-01
23                                     1.0100853988759060e+00
24                                     9.4227346689123170e-01
25                                     9.4815325597780342e-01
   &BVA [&Type "ArrayOfDoubles", &Dim (26,1)] "Mayer's bonded valence"
                                                         0

0                                      3.8668139779077739e+00
1                                      4.1226419489182193e+00
2                                      3.8668698729861206e+00
3                                      3.9236233118810926e+00
4                                      3.0564619764590111e+00
5                                      2.1363808274349605e+00
6                                      4.3830479861327731e+00
7                                      2.2892552902748924e+00
8                                      3.2372118621811588e+00
9                                      3.8995593934894188e+00
10                                     2.1943288331132198e+00
11                                     3.8348537829864773e+00
12                                     9.6869004286841887e-01
13                                     9.7468961273445531e-01
14                                     9.6939094096894363e-01
15                                     9.5800501383389913e-01
16                                     9.6582216167541524e-01
17                                     9.6964275869832062e-01
18                                     9.7119778411104019e-01
19                                     9.2446403429392998e-01
20                                     9.5330086422016225e-01
21                                     9.5304113321976547e-01
22                                     9.9626482546885498e-01
23                                     1.0100853988759078e+00
24                                     9.4227346689123259e-01
25                                     9.4815325597780775e-01
   &FA [&Type "ArrayOfDoubles", &Dim (26,1)] "Mayer's free valence"
                                                         0

0                                      0.0000000000000000e+00
1                                      0.0000000000000000e+00
2                                      0.0000000000000000e+00
3                                      0.0000000000000000e+00
4                                      0.0000000000000000e+00
5                                      0.0000000000000000e+00
6                                      0.0000000000000000e+00
7                                      0.0000000000000000e+00
8                                      0.0000000000000000e+00
9                                      0.0000000000000000e+00
10                                     0.0000000000000000e+00
11                                     0.0000000000000000e+00
12                                     0.0000000000000000e+00
13                                     0.0000000000000000e+00
14                                     0.0000000000000000e+00
15                                     0.0000000000000000e+00
16                                     0.0000000000000000e+00
17                                     0.0000000000000000e+00
18                                     0.0000000000000000e+00
19                                     0.0000000000000000e+00
20                                     0.0000000000000000e+00
21                                     0.0000000000000000e+00
22                                     0.0000000000000000e+00
23                                     0.0000000000000000e+00
24                                     0.0000000000000000e+00
25                                     0.0000000000000000e+00
$End
$VdW_Correction
   &GeometryIndex 1
   &ListStatus       OUT
   &VDW [&Type "Double"]      -2.8143240122608409e-02
$End
$Calculation_Info
   &GeometryIndex 1
   &ListStatus       OUT
   &MULT [&Type "Integer"] 1
   &CHARGE [&Type "Integer"] 0
   &NUMOFATOMS [&Type "Integer"] 26
   &NUMOFELECTRONS [&Type "Integer"] 102
   &NUMOFFCELECTRONS [&Type "Integer"] 1
   &NUMOFCORRELECTRONS [&Type "Integer"] 0
   &NUMOFBASISFUNCTS [&Type "Integer"] 200
   &NUMOFAUXCBASISFUNCTS [&Type "Integer"] 0
   &NUMOFAUXJBASISFUNCTS [&Type "Integer"] 744
   &NUMOFAUXJKBASISFUNCTS [&Type "Integer"] 0
   &NUMOFCABSBASISFUNCTS [&Type "Integer"] 0
   &TOTALENERGY [&Type "Double"]      -9.3180616378661523e+02  "Hartrees"
$End
$SCF_Dipole_Moment
   &GeometryIndex 1
   &ListStatus       OUT
   &METHOD [&Type "String"] "SCF"
   &LEVEL [&Type "String"] "Relaxed density"
   &MULT [&Type "Integer"] 1
   &STATE [&Type "Integer"] -1
   &IRREP [&Type "Integer"] 0
   &NATOMS [&Type "Integer"] 26
   &DODIPOLEATOM [&Type "Boolean"] false
   &DIPOLEELECCONTRIB [&Type "ArrayOfDoubles", &Dim (3,1)] "Electronic contribution"
                                                         0

0                                      1.7509519758913655e-01
1                                     -7.1931058847273777e-01
2                                      6.6372690036659421e+00
   &DIPOLENUCCONTRIB [&Type "ArrayOfDoubles", &Dim (3,1)] "Nuclear contribution"
                                                         0

0                                     -6.8727866975049245e-01
1                                      1.5601840541950818e-01
2                                     -7.9445990650580889e+00
   &DIPOLETOTAL [&Type "ArrayOfDoubles", &Dim (3,1)] "Total"
                                                         0

0                                     -5.1218347216135585e-01
1                                     -5.6329218305322959e-01
2                                     -1.3073300613921468e+00
   &DIPOLEMAGNITUDE [&Type "Double", &Units "a.u."]       1.5128588440643529e+00
$End
