           1           2   1.01979683637055     
           2           3   1.00912673838045     
           3           4  0.979209161953046     
           4           5  0.996970899714265     
           5           6   1.80754271625481     
           5           7   1.02186637063988     
           1           8  0.986567336451870     
           1           9  0.987004343468155     
           1          10  0.987333254556243     
           2          11  0.977429168207343     
           2          12  0.977394306963497     
           3          13  0.974604181535017     
           3          14  0.974850111332900     
           4          15  0.954727837341610     
           4          16  0.972719075343482     
           7          17  0.950747647560304     
           7          18  0.951564349570674     
           7          19  0.982881490451792     
