           1           2   1.02040346964558     
           2           3   1.00565991870558     
           3           4   1.00848691536560     
           4           5   1.02025049164829     
           5           6  0.941441968897382     
           1           7  0.986906126683254     
           1           8  0.987010557077592     
           1           9  0.982162125668315     
           2          10  0.979487646329265     
           2          11  0.977156194026264     
           3          12  0.971189111372917     
           3          13  0.976876255368893     
           4          14  0.974966117708966     
           4          15  0.959873772636723     
           5          16  0.969682211808226     
           5          17  0.976267174607345     
