           1           2   1.01938089560247     
           2           3   1.00853292775329     
           3           4   1.00425541533477     
           4           5   1.00082474552415     
           5           6   1.80743715645149     
           5           7   1.01798111619530     
           1           8  0.988012169848970     
           1           9  0.987133641914510     
           1          10  0.987421626494612     
           2          11  0.978744314896994     
           2          12  0.978009219498027     
           3          13  0.976509419612817     
           3          14  0.975642900848416     
           4          15  0.934336833756712     
           4          16  0.959608414254964     
           7          17  0.944851321350945     
           7          18  0.980525383103286     
           7          19  0.964222480875744     
