           1           2   1.02030552416536     
           2           3   1.00722842745813     
           3           4  0.998552936530640     
           4           5  0.990122360336381     
           5           6   1.68868362255126     
           5           7   1.18499809641113     
           6           7  0.171064608971196     
           1           8  0.985585487180580     
           1           9  0.987085783344848     
           1          10  0.986727493261543     
           2          11  0.976919795654227     
           2          12  0.977505693407449     
           3          13  0.977683620988590     
           3          14  0.974748348048267     
           4          15  0.965663361091946     
           4          16  0.933221150393276     
           7          17  0.802636973543980     
