           1           2   1.00408486633797     
           2           3   1.69370077040331     
           2           4   1.14850791533026     
           3           4  0.163379928185876     
           4           5  0.934809973166984     
           5           6  0.995037697423156     
           6           7  0.934074690984836     
           7           8   1.15176569634210     
           7           9  0.164241708344988     
           8           9   1.69148530789090     
           8          10   1.00289786448184     
           1          11  0.939828123528324     
           1          12  0.968777969325026     
           1          13  0.973605986418336     
           5          14  0.961551710683481     
           5          15  0.964036321841459     
           6          16  0.961292203606764     
           6          17  0.964241311174968     
          10          18  0.971079050636740     
          10          19  0.971868902646148     
          10          20  0.941574206245225     
