           1           2   1.02063240843665     
           2           3   1.00713271677048     
           3           4   1.00632722988893     
           4           5  0.923175932395525     
           5           6   1.16631773521933     
           5           7  0.168385191991732     
           6           7   1.68719372056682     
           6           8  0.999332693308579     
           1           9  0.986569034315233     
           1          10  0.986908249893361     
           1          11  0.985776227798732     
           2          12  0.977210875152753     
           2          13  0.977188133675788     
           3          14  0.971269593408717     
           3          15  0.974103716783714     
           4          16  0.965450858887671     
           4          17  0.968140428470511     
           8          18  0.979971516299941     
           8          19  0.949984708866766     
           8          20  0.959466405268449     
