$hessian                                                                        
        0.5211848366  -0.0025446219  -0.0098210014  -0.0727740396  -0.0129366593
       -0.0264549847   0.0033179474   0.0084387742   0.0182689742   0.0007306157
        0.0002401665  -0.0002731942  -0.0004676198  -0.0019306383   0.0006644319
       -0.0012056906   0.0010198352   0.0005019759   0.0004972470  -0.0000320316
        0.0000946072  -0.1959340476   0.0796112366  -0.0819779393  -0.1917463041
       -0.0159797280   0.1151714196  -0.0536579946  -0.0425147184   0.0072389931
       -0.0002530216  -0.0030850591  -0.0040291807  -0.0077862926  -0.0110517503
       -0.0241225507  -0.0022159897  -0.0001366244   0.0044637010   0.0005138424
        0.0007619624  -0.0000074146   0.0000413443   0.0000351893  -0.0000024204
       -0.0000337765   0.0000183226   0.0002519343   0.0000093679   0.0000662580
        0.0000521676  -0.0000541320   0.0000029026  -0.0000723750  -0.0001662926
        0.0000171838   0.0000528562
       -0.0025446219   0.5058873408  -0.0250039796  -0.0136098389  -0.0972961409
       -0.0537739374   0.0019828344   0.0010216721  -0.0001940880  -0.0000646428
       -0.0000364700   0.0002863185   0.0002077985  -0.0009545224  -0.0004898094
       -0.0002534816   0.0009844802   0.0002525993  -0.0002884401  -0.0000085022
        0.0002029576   0.0796264293  -0.0857919664   0.0436012428  -0.0157300830
       -0.0457147663   0.0138259873  -0.0433926156  -0.2667142205   0.0391102362
       -0.0076784841  -0.0183072418  -0.0272125885   0.0024103110   0.0050808361
        0.0074017160  -0.0005652547   0.0007178867   0.0009824764  -0.0000715769
        0.0010753829   0.0011437050  -0.0000803400   0.0000770013   0.0000111208
       -0.0000335185   0.0000389281  -0.0001453398   0.0000766628   0.0000244150
       -0.0000122846  -0.0000582755   0.0000650352  -0.0000078179   0.0000671376
       -0.0001491478   0.0000214853
       -0.0098210014  -0.0250039796   0.4753190322  -0.0277036369  -0.0540712281
       -0.1666159372   0.0010489982  -0.0090795954  -0.0246858597  -0.0003458991
        0.0002670241   0.0004488972  -0.0013439825  -0.0005075687   0.0002185040
        0.0006388996   0.0004104059  -0.0000254462   0.0003283047  -0.0001766678
       -0.0000087691  -0.0816228398   0.0439935318  -0.0868259626   0.1155584965
        0.0139188279  -0.1308181907   0.0074078712   0.0387681240  -0.0496520687
       -0.0002295726  -0.0018554265   0.0005230577  -0.0065391114  -0.0064036725
       -0.0157484070   0.0031895633   0.0001355747  -0.0030818130  -0.0006453814
       -0.0006490357   0.0009451256  -0.0002293462   0.0000575823   0.0000131535
        0.0001841208   0.0001035626   0.0000775953   0.0000816919  -0.0000277184
        0.0000283497   0.0000927100   0.0000201839   0.0000036742  -0.0000498847
        0.0001000754  -0.0001149353
       -0.0727740396  -0.0136098389  -0.0277036369   0.4946793404  -0.0144159007
        0.0207714655  -0.1293551514  -0.0147397759   0.0638286375  -0.0272109367
        0.0004680764   0.0157788308  -0.0007593269   0.0011006667   0.0006544989
        0.0004416768  -0.0007199530   0.0001353707   0.0004246388   0.0002021944
       -0.0003617054  -0.0072693707  -0.0107076418  -0.0233766090   0.0034131652
        0.0103094748   0.0207966456  -0.0010116070  -0.0039005862  -0.0049219912
       -0.0478795012  -0.0252254702   0.0032080560  -0.2078080220   0.0738127600
       -0.0716212098   0.0035179847   0.0008408292  -0.0028679638  -0.0056660635
       -0.0038810992   0.0058446164  -0.0040664587   0.0014058347  -0.0007333419
        0.0013296494  -0.0009150946   0.0006853529   0.0000989952   0.0000254639
        0.0000173704  -0.0000047792  -0.0000712872   0.0000237941  -0.0001001937
        0.0000213478  -0.0001581807
       -0.0129366593  -0.0972961409  -0.0540712281  -0.0144159007   0.5235379329
       -0.0172506269  -0.0157439870  -0.0703121920   0.0142511565   0.0093267645
        0.0007886520  -0.0064085281  -0.0006927959  -0.0012834436  -0.0007659242
        0.0001285714   0.0008566576  -0.0002977898   0.0000453256  -0.0002000389
        0.0002858995   0.0016593041   0.0056899124   0.0094833525   0.0004793276
        0.0009690950   0.0006000997  -0.0074549087  -0.0187102659  -0.0269246376
       -0.0249554875  -0.2602630106   0.0374354358   0.0734955996  -0.0790268187
        0.0329398462   0.0079468874   0.0019393548  -0.0100223666  -0.0214292479
       -0.0071799650   0.0213278513   0.0030397566  -0.0005361187   0.0003300665
        0.0014714811   0.0009077289  -0.0009671881   0.0000177611  -0.0000239187
        0.0000341258   0.0000187364   0.0000483024  -0.0000315960  -0.0000005285
        0.0000942772   0.0000520517
       -0.0264549847  -0.0537739374  -0.1666159372   0.0207714655  -0.0172506269
        0.4681366107   0.0606145160   0.0141351161  -0.1248926864  -0.0009868153
       -0.0023276840   0.0048596883  -0.0004114302   0.0009105661   0.0002192439
       -0.0000081511  -0.0006239177   0.0002545399   0.0001390914  -0.0000023558
       -0.0003299503  -0.0070589065  -0.0059364909  -0.0156117671  -0.0020976240
       -0.0097282755  -0.0212417309   0.0001345769  -0.0022270027   0.0017114392
        0.0033534527   0.0371818511  -0.0477162381  -0.0716609684   0.0327554196
       -0.0710171253   0.0193236393   0.0026870613  -0.0236951185   0.0064655361
        0.0034190661  -0.0052135591  -0.0012989994   0.0007195169   0.0005171611
       -0.0007457610   0.0000685426   0.0006122296   0.0000245460  -0.0000094482
        0.0000202823  -0.0000027059  -0.0000019049   0.0000281693  -0.0001004774
        0.0000045043  -0.0000252515
        0.0033179474   0.0019828344   0.0010489982  -0.1293551514  -0.0157439870
        0.0606145160   0.4574357385   0.0247353563   0.0186545269  -0.1551682240
        0.0466466085  -0.0275314212  -0.0205551535  -0.0008106850  -0.0111525536
        0.0007364155   0.0031096894  -0.0004247141  -0.0011134291  -0.0013322662
       -0.0006853616   0.0005546828   0.0001426007  -0.0003673419   0.0007870935
       -0.0005037699  -0.0015873908   0.0006260438   0.0000344298  -0.0005334064
       -0.0056542645  -0.0035264640   0.0060292878  -0.0245612818  -0.0028576601
        0.0179746027  -0.0611841297  -0.0308525667  -0.0613965969  -0.0464307900
       -0.0323375429   0.0040209197  -0.0200528332   0.0093774456  -0.0031845938
        0.0009530085   0.0017767648  -0.0007764443  -0.0003169065   0.0004036239
       -0.0005755864   0.0001953023  -0.0001522286  -0.0000150917  -0.0002140685
       -0.0000921830  -0.0001123487
        0.0084387742   0.0010216721  -0.0090795954  -0.0147397759  -0.0703121920
        0.0141351161   0.0247353563   0.5228116321   0.0174618048   0.0413902005
       -0.0931124616   0.0149831765  -0.0098246280   0.0107869292   0.0001942863
       -0.0014410307  -0.0010798788  -0.0014031575  -0.0014660704  -0.0006867280
       -0.0033102390   0.0000668798   0.0002061413   0.0002535844  -0.0000957994
       -0.0007813199  -0.0032687347   0.0009147716   0.0008522116  -0.0009860606
       -0.0223419336  -0.0079637316   0.0212147009   0.0090202133   0.0017617981
       -0.0065971515  -0.0305937287  -0.0845311201  -0.0828109732  -0.0324422708
       -0.2636758292   0.0298972821   0.0069451147  -0.0017694698   0.0011441881
        0.0222996589  -0.0137509815   0.0090450130  -0.0005525756   0.0003187721
       -0.0006331858  -0.0000941712  -0.0001078479   0.0001578060  -0.0002189849
        0.0000124039  -0.0003978605
        0.0182689742  -0.0001940880  -0.0246858597   0.0638286375   0.0142511565
       -0.1248926864   0.0186545269   0.0174618048   0.4954205077  -0.0308437003
        0.0189408813  -0.0696561175  -0.0202107500  -0.0003740895  -0.0100901418
        0.0002805562   0.0042309270  -0.0001014238  -0.0024203690  -0.0025204043
       -0.0012987489   0.0004544377   0.0003271398   0.0004808138  -0.0006610962
       -0.0023356843  -0.0050437264   0.0002151904   0.0008613863   0.0011356548
        0.0066894098   0.0040151078  -0.0060140960  -0.0047463631  -0.0009227189
        0.0045184006  -0.0607843913  -0.0830290842  -0.2118360938   0.0042075147
        0.0308869567  -0.0482621884   0.0184692821  -0.0090182123   0.0045282467
       -0.0109619616   0.0070864210  -0.0036535693  -0.0006973733   0.0003330195
       -0.0007863345   0.0002807933  -0.0000049853   0.0000606144  -0.0000233181
        0.0000044661   0.0001767485
        0.0007306157  -0.0000646428  -0.0003458991  -0.0272109367   0.0093267645
       -0.0009868153  -0.1551682240   0.0413902005  -0.0308437003   0.4529483219
        0.0017145464  -0.0173341100  -0.1043618940  -0.0344486418  -0.0360262214
        0.0079343360  -0.0130701197  -0.0070180526  -0.0102981809  -0.0079926407
       -0.0213147112  -0.0001143106   0.0000459223   0.0001118254   0.0000397962
       -0.0000161911  -0.0001842507  -0.0001788157   0.0000866873   0.0001002169
        0.0010054933   0.0009308013  -0.0008269745  -0.0038818119  -0.0000805009
        0.0033898075  -0.0147400094   0.0060915031  -0.0068976985   0.0005757336
        0.0041492677  -0.0007041544  -0.0966818906   0.0245645454   0.1068819719
       -0.0483673492  -0.0326512215   0.0168431807  -0.0018546904   0.0012043755
       -0.0037629514   0.0011366084  -0.0014067308   0.0002940470  -0.0015127914
        0.0002260751  -0.0013755098
        0.0002401665  -0.0000364700   0.0002670241   0.0004680764   0.0007886520
       -0.0023276840   0.0466466085  -0.0931124616   0.0189408813   0.0017145464
        0.5088520679  -0.0388729521  -0.0339277959  -0.0927909042  -0.0300578823
       -0.0237661410  -0.0579203096  -0.0264504870   0.0029733794   0.0061297540
        0.0034605763   0.0001686933   0.0001913358  -0.0002193571  -0.0000975083
        0.0000624945   0.0000357828   0.0000334494  -0.0000641849   0.0001137720
       -0.0014850200   0.0010926265  -0.0002209823  -0.0011547201   0.0006389009
        0.0005558911  -0.0087242543   0.0050651816  -0.0042445603   0.0269052019
       -0.0168557213   0.0096184270   0.0196948978  -0.0447386492  -0.0325954368
       -0.0312203145  -0.2169879797   0.0998604412   0.0017889776  -0.0004488282
        0.0020753415  -0.0003122319   0.0003554079   0.0001703340   0.0000539889
       -0.0002209124  -0.0001091295
       -0.0002731942   0.0002863185   0.0004488972   0.0157788308  -0.0064085281
        0.0048596883  -0.0275314212   0.0149831765  -0.0696561175  -0.0173341100
       -0.0388729521   0.4659763946  -0.0328275791  -0.0261394983  -0.0981444210
       -0.0066121456  -0.0159057916   0.0113835036  -0.0197843830  -0.0050759441
       -0.0085381700   0.0007915267  -0.0004155322  -0.0002632473   0.0000838509
       -0.0000278584   0.0002011312   0.0000046542   0.0000728722  -0.0000367259
        0.0005092792  -0.0007955944   0.0004081534   0.0037399132   0.0002509468
       -0.0016717336  -0.0219358615   0.0099475236  -0.0088491025  -0.0058928224
        0.0053054459  -0.0014941076   0.0997396672  -0.0371878275  -0.2005590389
        0.0160122553   0.0998244658  -0.0922964408  -0.0032191028   0.0017456843
       -0.0010764691  -0.0015574543  -0.0004947254  -0.0012575765   0.0003080966
       -0.0010921815   0.0005653822
       -0.0004676198   0.0002077985  -0.0013439825  -0.0007593269  -0.0006927959
       -0.0004114302  -0.0205551535  -0.0098246280  -0.0202107500  -0.1043618940
       -0.0339277959  -0.0328275791   0.3341631248  -0.0275222160   0.1210864631
       -0.0705316668   0.0301894071  -0.0108273266  -0.1247858967   0.0243849473
       -0.0466608296   0.0008483525  -0.0005510943   0.0016217024   0.0005893666
       -0.0000971080   0.0000310015  -0.0004562709   0.0007684665   0.0003882229
       -0.0001414729   0.0001283334  -0.0000321967   0.0003719530  -0.0000237482
        0.0002739266  -0.0040411022   0.0012719045  -0.0011051410   0.0002047525
       -0.0010487939  -0.0005268175   0.0073873637   0.0081458148   0.0085192266
       -0.0017613446  -0.0055375451  -0.0031113178  -0.0164849346   0.0070434449
       -0.0161366482  -0.0093877987   0.0116606542  -0.0079322818   0.0101695685
       -0.0045750459   0.0092057578
       -0.0019306383  -0.0009545224  -0.0005075687   0.0011006667  -0.0012834436
        0.0009105661  -0.0008106850   0.0107869292  -0.0003740895  -0.0344486418
       -0.0927909042  -0.0261394983  -0.0275222160   0.8587681468  -0.0215169444
        0.0332321429  -0.6530383699   0.0302911412   0.0320545801  -0.0782728690
        0.0255202431   0.0001057397   0.0014156432   0.0000023536  -0.0002272364
       -0.0001149388   0.0002332981   0.0014654354  -0.0007518992  -0.0000040220
       -0.0002489878  -0.0004007923   0.0002315022   0.0011724807   0.0000653707
       -0.0004425182   0.0031297727  -0.0013548619   0.0019784055   0.0013230000
       -0.0010796142   0.0018613826  -0.0027924547  -0.0051416772  -0.0086111812
       -0.0115756165  -0.0206215016  -0.0126003992  -0.0140763551   0.0099307554
       -0.0114342248   0.0135940150  -0.0148829372   0.0095811419   0.0064549986
       -0.0102785139   0.0110204119
        0.0006644319  -0.0004898094   0.0002185040   0.0006544989  -0.0007659242
        0.0002192439  -0.0111525536   0.0001942863  -0.0100901418  -0.0360262214
       -0.0300578823  -0.0981444210   0.1210864631  -0.0215169444   0.3171879933
       -0.0109733360   0.0287930096  -0.0681532961  -0.0493558184   0.0205576450
       -0.1120015254   0.0003689427   0.0006481063  -0.0003334985   0.0000018893
        0.0001469102  -0.0002891937   0.0000422293  -0.0001851633   0.0003105291
       -0.0000671196   0.0001838865   0.0000065698   0.0005017349  -0.0001986099
       -0.0003470387  -0.0022767522   0.0003857605   0.0001513187  -0.0011450923
       -0.0003761296   0.0000807203  -0.0097649230  -0.0194837429  -0.0196110805
        0.0093821883   0.0081551624   0.0071580497  -0.0117924303   0.0038563692
       -0.0105257417   0.0124061352  -0.0048758392   0.0095019950  -0.0125542669
        0.0150289093  -0.0153389867
       -0.0012056906  -0.0002534816   0.0006388996   0.0004416768   0.0001285714
       -0.0000081511   0.0007364155  -0.0014410307   0.0002805562   0.0079343360
       -0.0237661410  -0.0066121456  -0.0705316668   0.0332321429  -0.0109733360
        0.0613735811  -0.0387168575   0.0339121570   0.0065173665   0.0333624313
       -0.0125126046  -0.0004643511   0.0001266805  -0.0001037500  -0.0004680582
       -0.0001504039   0.0001084312   0.0003389283  -0.0004995621  -0.0000531802
       -0.0000390777  -0.0002593958   0.0001362857  -0.0000244336   0.0000559668
       -0.0000524469   0.0004759180  -0.0003968723   0.0001703711  -0.0003283381
       -0.0008148314   0.0004199431  -0.0012804631  -0.0027990776  -0.0019639928
       -0.0008438549  -0.0026393074  -0.0018312518   0.0018617964  -0.0006651074
        0.0026042172  -0.0016468692   0.0018102620  -0.0012413349  -0.0028472154
        0.0036860138  -0.0029186671
        0.0010198352   0.0009844802   0.0004104059  -0.0007199530   0.0008566576
       -0.0006239177   0.0031096894  -0.0010798788   0.0042309270  -0.0130701197
       -0.0579203096  -0.0159057916   0.0301894071  -0.6530383699   0.0287930096
       -0.0387168575   0.7692589986  -0.0351192583   0.0189005305  -0.0506398938
        0.0189029968  -0.0006687545  -0.0010483469   0.0005997682   0.0002396293
       -0.0001246601  -0.0000507347  -0.0007209276   0.0003513839  -0.0000416678
        0.0002686776   0.0000410158  -0.0002181487  -0.0005595795  -0.0000069807
        0.0001534000   0.0001811711   0.0003270273  -0.0000700104  -0.0002911396
        0.0014982680  -0.0005223800  -0.0007988879  -0.0022459426  -0.0002823996
       -0.0047791447  -0.0050237568  -0.0045148035  -0.0004744814   0.0012021317
       -0.0013255078   0.0040955347  -0.0018558604   0.0036965643   0.0027953707
       -0.0015359636   0.0018875483
        0.0005019759   0.0002525993  -0.0000254462   0.0001353707  -0.0002977898
        0.0002545399  -0.0004247141  -0.0014031575  -0.0001014238  -0.0070180526
       -0.0264504870   0.0113835036  -0.0108273266   0.0302911412  -0.0681532961
        0.0339121570  -0.0351192583   0.0528030136  -0.0124239980   0.0322512574
        0.0092816120   0.0003568094  -0.0002512010  -0.0001619510   0.0001196838
        0.0000365243   0.0000133866  -0.0002041184   0.0002534705  -0.0002765418
       -0.0000329188   0.0000076774   0.0000554697   0.0000914808   0.0000634399
       -0.0000475129   0.0002979495  -0.0000093338   0.0000807300   0.0005711726
       -0.0005092610  -0.0003437619   0.0001267214   0.0014241694   0.0004632147
       -0.0033634906  -0.0037325206  -0.0021894096   0.0023429290  -0.0004158381
        0.0008316984  -0.0039980808   0.0037415934  -0.0031962050  -0.0001635504
       -0.0001330256  -0.0006716203
        0.0004972470  -0.0002884401   0.0003283047   0.0004246388   0.0000453256
        0.0001390914  -0.0011134291  -0.0014660704  -0.0024203690  -0.0102981809
        0.0029733794  -0.0197843830  -0.1247858967   0.0320545801  -0.0493558184
        0.0065173665   0.0189005305  -0.0124239980   0.4785607106   0.0279523454
       -0.0069315695  -0.0007470773   0.0002598376  -0.0002790256  -0.0002066669
        0.0000596716  -0.0000098843   0.0000080698   0.0000111829  -0.0000687345
       -0.0000093527  -0.0000006461  -0.0000479877  -0.0001105692  -0.0000226959
       -0.0000862992  -0.0011501587   0.0003908990  -0.0005506581   0.0002545244
        0.0000426041   0.0000977531  -0.0020454839  -0.0010981365  -0.0019629767
        0.0001619976   0.0015000934   0.0001447930  -0.1434640163  -0.1029227755
       -0.0606548022  -0.1037596151   0.0840910759   0.0618831448  -0.0987341079
       -0.0624827608   0.0919834192
       -0.0000320316  -0.0000085022  -0.0001766678   0.0002021944  -0.0002000389
       -0.0000023558  -0.0013322662  -0.0006867280  -0.0025204043  -0.0079926407
        0.0061297540  -0.0050759441   0.0243849473  -0.0782728690   0.0205576450
        0.0333624313  -0.0506398938   0.0322512574   0.0279523454   0.5201987365
        0.0314611555   0.0002287558  -0.0000823629  -0.0000667899   0.0001280621
        0.0000092067  -0.0000231315  -0.0001509410   0.0001124810   0.0000727727
        0.0000672901   0.0001737899  -0.0000013444   0.0000460581   0.0000108117
        0.0000582604  -0.0007376804   0.0003249167  -0.0002066292  -0.0004134177
       -0.0001467697  -0.0002985427   0.0002497072  -0.0002353223   0.0000697602
       -0.0001241411   0.0008261782  -0.0007076847  -0.1019430600  -0.1533338643
       -0.0650667812   0.0839532167  -0.1561660780  -0.0921104605  -0.0578488297
       -0.0880134454   0.0817858847
        0.0000946072   0.0002029576  -0.0000087691  -0.0003617054   0.0002858995
       -0.0003299503  -0.0006853616  -0.0033102390  -0.0012987489  -0.0213147112
        0.0034605763  -0.0085381700  -0.0466608296   0.0255202431  -0.1120015254
       -0.0125126046   0.0189029968   0.0092816120  -0.0069315695   0.0314611555
        0.4718141229  -0.0001338262  -0.0001473427   0.0001993172  -0.0000774438
        0.0000006417   0.0001050338   0.0000399174  -0.0000989025  -0.0000940726
       -0.0000404379  -0.0001016373  -0.0000228744  -0.0002640612   0.0000147540
        0.0002195191  -0.0011379069   0.0004164149  -0.0005567472   0.0004655121
       -0.0000372718   0.0003124348   0.0003116988   0.0006526324   0.0005332547
       -0.0008189680   0.0004656821  -0.0006509960  -0.0608668162  -0.0653764069
       -0.0817080038   0.0642748752  -0.0958985960  -0.1051700213   0.0866196313
        0.0835864423  -0.1720854155
       -0.1959340476   0.0796264293  -0.0816228398  -0.0072693707   0.0016593041
       -0.0070589065   0.0005546828   0.0000668798   0.0004544377  -0.0001143106
        0.0001686933   0.0007915267   0.0008483525   0.0001057397   0.0003689427
       -0.0004643511  -0.0006687545   0.0003568094  -0.0007470773   0.0002287558
       -0.0001338262   0.2281768390  -0.0932696462   0.0968841523  -0.0273263040
        0.0130045024  -0.0092792166   0.0029204380  -0.0002567878   0.0013715992
        0.0000552255   0.0000324122   0.0002330639  -0.0000071282  -0.0012334572
       -0.0022168038  -0.0001609778   0.0000948185   0.0000913406  -0.0001537511
       -0.0000103588  -0.0000678635   0.0000220619  -0.0000646624   0.0001216272
        0.0001345370   0.0000710251   0.0000919207  -0.0000667856  -0.0000574477
       -0.0001195853  -0.0000193065   0.0000495320  -0.0000014617  -0.0004487261
        0.0004530225  -0.0002649171
        0.0796112366  -0.0857919664   0.0439935318  -0.0107076418   0.0056899124
       -0.0059364909   0.0001426007   0.0002061413   0.0003271398   0.0000459223
        0.0001913358  -0.0004155322  -0.0005510943   0.0014156432   0.0006481063
        0.0001266805  -0.0010483469  -0.0002512010   0.0002598376  -0.0000823629
       -0.0001473427  -0.0932696462   0.0974278682  -0.0487340581  -0.0010996371
        0.0012355546  -0.0007648560   0.0269684074  -0.0190100098   0.0148825088
       -0.0006836292   0.0007280758  -0.0002875616  -0.0012080808  -0.0002649719
       -0.0031141528  -0.0000015456  -0.0000942254   0.0000372645   0.0001389921
       -0.0002074343   0.0000562000  -0.0001072770  -0.0001100352  -0.0000673433
        0.0000921067  -0.0002833104  -0.0003302565  -0.0001698828  -0.0000973108
        0.0000496449   0.0001221960  -0.0001015620  -0.0000266654   0.0002904550
        0.0001970045   0.0000810642
       -0.0819779393   0.0436012428  -0.0868259626  -0.0233766090   0.0094833525
       -0.0156117671  -0.0003673419   0.0002535844   0.0004808138   0.0001118254
       -0.0002193571  -0.0002632473   0.0016217024   0.0000023536  -0.0003334985
       -0.0001037500   0.0005997682  -0.0001619510  -0.0002790256  -0.0000667899
        0.0001993172   0.0968841523  -0.0487340581   0.1019638665   0.0158070229
       -0.0077700535   0.0076881226  -0.0061266984   0.0056806362  -0.0027811863
        0.0001780071   0.0005990524   0.0009380221  -0.0022126314  -0.0028193427
       -0.0056372576   0.0000174033   0.0000693326   0.0002754778  -0.0001542865
        0.0000717025  -0.0000849231  -0.0001379982  -0.0000073110   0.0001015997
        0.0001085403  -0.0006684503  -0.0002235731  -0.0000910519  -0.0000045159
       -0.0000359824  -0.0000126393   0.0000177539  -0.0000794630   0.0001113177
       -0.0000889007   0.0003915922
       -0.1917463041  -0.0157300830   0.1155584965   0.0034131652   0.0004793276
       -0.0020976240   0.0007870935  -0.0000957994  -0.0006610962   0.0000397962
       -0.0000975083   0.0000838509   0.0005893666  -0.0002272364   0.0000018893
       -0.0004680582   0.0002396293   0.0001196838  -0.0002066669   0.0001280621
       -0.0000774438  -0.0273263040  -0.0010996371   0.0158070229   0.2210856093
        0.0193633980  -0.1336952938  -0.0071429253  -0.0029365637   0.0055434326
        0.0000191770   0.0003008537  -0.0000627182   0.0007995382  -0.0002130391
       -0.0004159567   0.0000516526   0.0000727023  -0.0000402175   0.0000067427
        0.0001374236  -0.0001871760   0.0001052439  -0.0000445444   0.0000092690
       -0.0000455485  -0.0001480729  -0.0000487210   0.0000255399   0.0000166439
        0.0000211502  -0.0000111339  -0.0000334089   0.0000075282   0.0000240160
       -0.0001121472   0.0001339236
       -0.0159797280  -0.0457147663   0.0139188279   0.0103094748   0.0009690950
       -0.0097282755  -0.0005037699  -0.0007813199  -0.0023356843  -0.0000161911
        0.0000624945  -0.0000278584  -0.0000971080  -0.0001149388   0.0001469102
       -0.0001504039  -0.0001246601   0.0000365243   0.0000596716   0.0000092067
        0.0000006417   0.0130045024   0.0012355546  -0.0077700535   0.0193633980
        0.0498695384  -0.0139763580  -0.0268218105  -0.0060751456   0.0202207204
        0.0003710387   0.0000513905  -0.0002001439   0.0001127087   0.0003108055
        0.0005163568   0.0004330507   0.0001980062  -0.0006577780  -0.0000359102
       -0.0000156054  -0.0000957856  -0.0000529433   0.0000164972   0.0000005723
        0.0000036879   0.0000504448   0.0000131777  -0.0000021126  -0.0000054367
       -0.0000095129   0.0000102405   0.0000133665  -0.0000127175  -0.0000077956
        0.0000454730  -0.0000395638
        0.1151714196   0.0138259873  -0.1308181907   0.0207966456   0.0006000997
       -0.0212417309  -0.0015873908  -0.0032687347  -0.0050437264  -0.0001842507
        0.0000357828   0.0002011312   0.0000310015   0.0002332981  -0.0002891937
        0.0001084312  -0.0000507347   0.0000133866  -0.0000098843  -0.0000231315
        0.0001050338  -0.0092792166  -0.0007648560   0.0076881226  -0.1336952938
       -0.0139763580   0.1545408771   0.0072694890   0.0030404682  -0.0045100087
        0.0002212174   0.0000971549   0.0004576781   0.0004734867   0.0004836573
        0.0002187986   0.0010423681   0.0000117650  -0.0016136565  -0.0002872748
       -0.0002031144   0.0001917892  -0.0000071077   0.0000243939   0.0000968957
       -0.0000394444  -0.0000411369  -0.0000326423  -0.0000156358   0.0000184991
        0.0000010383  -0.0000466523   0.0000041195  -0.0000086766   0.0000380920
       -0.0000471597   0.0000430747
       -0.0536579946  -0.0433926156   0.0074078712  -0.0010116070  -0.0074549087
        0.0001345769   0.0006260438   0.0009147716   0.0002151904  -0.0001788157
        0.0000334494   0.0000046542  -0.0004562709   0.0014654354   0.0000422293
        0.0003389283  -0.0007209276  -0.0002041184   0.0000080698  -0.0001509410
        0.0000399174   0.0029204380   0.0269684074  -0.0061266984  -0.0071429253
       -0.0268218105   0.0072694890   0.0583092470   0.0507810112  -0.0078071596
        0.0003134851  -0.0008883681  -0.0013604138  -0.0001389029  -0.0004832228
        0.0001142898  -0.0001471714  -0.0000360922   0.0000893312   0.0002419296
        0.0000260950   0.0001814420  -0.0000650284  -0.0000534303   0.0000043113
       -0.0000585899  -0.0000910640  -0.0000687011  -0.0000445038  -0.0000224277
        0.0000002556   0.0000532559  -0.0000564998   0.0000231295   0.0000904123
       -0.0000168617   0.0000404035
       -0.0425147184  -0.2667142205   0.0387681240  -0.0039005862  -0.0187102659
       -0.0022270027   0.0000344298   0.0008522116   0.0008613863   0.0000866873
       -0.0000641849   0.0000728722   0.0007684665  -0.0007518992  -0.0001851633
       -0.0004995621   0.0003513839   0.0002534705   0.0000111829   0.0001124810
       -0.0000989025  -0.0002567878  -0.0190100098   0.0056806362  -0.0029365637
       -0.0060751456   0.0030404682   0.0507810112   0.3105640070  -0.0427284684
       -0.0014554564  -0.0016287642  -0.0037516877  -0.0000150921   0.0004837973
        0.0004173420  -0.0001178953   0.0002023533   0.0003014389   0.0003299802
        0.0003468002  -0.0005025604  -0.0000047840   0.0000599779   0.0000724259
       -0.0001629356   0.0000018411   0.0000197725   0.0000129566   0.0000536735
       -0.0000122740  -0.0000732570   0.0000046741   0.0000130597  -0.0000870760
       -0.0000787108   0.0000050624
        0.0072389931   0.0391102362  -0.0496520687  -0.0049219912  -0.0269246376
        0.0017114392  -0.0005334064  -0.0009860606   0.0011356548   0.0001002169
        0.0001137720  -0.0000367259   0.0003882229  -0.0000040220   0.0003105291
       -0.0000531802  -0.0000416678  -0.0002765418  -0.0000687345   0.0000727727
       -0.0000940726   0.0013715992   0.0148825088  -0.0027811863   0.0055434326
        0.0202207204  -0.0045100087  -0.0078071596  -0.0427284684   0.0585787558
       -0.0014127210  -0.0039352450  -0.0046382757   0.0002204095  -0.0001819517
        0.0006364106  -0.0000847630   0.0001648620   0.0001873113   0.0001762596
        0.0002184388  -0.0004369397  -0.0000506436  -0.0000323489   0.0000016627
       -0.0000945220   0.0000519869  -0.0001105461  -0.0000633685  -0.0000036323
       -0.0000045882  -0.0000003943  -0.0000277735  -0.0000097669   0.0000517505
        0.0000305100  -0.0000110428
       -0.0002530216  -0.0076784841  -0.0002295726  -0.0478795012  -0.0249554875
        0.0033534527  -0.0056542645  -0.0223419336   0.0066894098   0.0010054933
       -0.0014850200   0.0005092792  -0.0001414729  -0.0002489878  -0.0000671196
       -0.0000390777   0.0002686776  -0.0000329188  -0.0000093527   0.0000672901
       -0.0000404379   0.0000552255  -0.0006836292   0.0001780071   0.0000191770
        0.0003710387   0.0002212174   0.0003134851  -0.0014554564  -0.0014127210
        0.0549999760   0.0311250868  -0.0060510031   0.0007874342   0.0279144108
       -0.0060723990   0.0004167852   0.0000467698  -0.0004821301  -0.0031154776
       -0.0014980195   0.0037668755   0.0001632907   0.0000252277  -0.0000779688
       -0.0006862093   0.0005106376  -0.0002219748   0.0000609757   0.0000279103
        0.0000211102  -0.0000147490  -0.0000008763   0.0000265634  -0.0000287164
       -0.0000091551  -0.0000776695
       -0.0030850591  -0.0183072418  -0.0018554265  -0.0252254702  -0.2602630106
        0.0371818511  -0.0035264640  -0.0079637316   0.0040151078   0.0009308013
        0.0010926265  -0.0007955944   0.0001283334  -0.0004007923   0.0001838865
       -0.0002593958   0.0000410158   0.0000076774  -0.0000006461   0.0001737899
       -0.0001016373   0.0000324122   0.0007280758   0.0005990524   0.0003008537
        0.0000513905   0.0000971549  -0.0008883681  -0.0016287642  -0.0039352450
        0.0311250868   0.3033904532  -0.0415711990   0.0017308815  -0.0176365729
        0.0046112599   0.0002567993   0.0003025368   0.0000540981  -0.0011765649
        0.0001856433   0.0017498010   0.0001699634  -0.0000548213  -0.0000826998
       -0.0004930155   0.0002822435  -0.0001065378   0.0000333813  -0.0000034536
        0.0000051797  -0.0000082988   0.0000006534   0.0000322963  -0.0000452304
        0.0000099595  -0.0000890253
       -0.0040291807  -0.0272125885   0.0005230577   0.0032080560   0.0374354358
       -0.0477162381   0.0060292878   0.0212147009  -0.0060140960  -0.0008269745
       -0.0002209823   0.0004081534  -0.0000321967   0.0002315022   0.0000065698
        0.0001362857  -0.0002181487   0.0000554697  -0.0000479877  -0.0000013444
       -0.0000228744   0.0002330639  -0.0002875616   0.0009380221  -0.0000627182
       -0.0002001439   0.0004576781  -0.0013604138  -0.0037516877  -0.0046382757
       -0.0060510031  -0.0415711990   0.0604711923  -0.0005331209   0.0131935733
       -0.0017825923  -0.0001354676   0.0004932688   0.0000512055   0.0035859319
        0.0010212163  -0.0030400992  -0.0001956929   0.0000921993  -0.0000751335
        0.0001078743  -0.0001951143   0.0004129878   0.0000063735   0.0000136454
       -0.0000272486   0.0000112195  -0.0000053036  -0.0000033448  -0.0000433366
       -0.0000314680  -0.0000044339
       -0.0077862926   0.0024103110  -0.0065391114  -0.2078080220   0.0734955996
       -0.0716609684  -0.0245612818   0.0090202133  -0.0047463631  -0.0038818119
       -0.0011547201   0.0037399132   0.0003719530   0.0011724807   0.0005017349
       -0.0000244336  -0.0005595795   0.0000914808  -0.0001105692   0.0000460581
       -0.0002640612  -0.0000071282  -0.0012080808  -0.0022126314   0.0007995382
        0.0001127087   0.0004734867  -0.0001389029  -0.0000150921   0.0002204095
        0.0007874342   0.0017308815  -0.0005331209   0.2428477562  -0.0853528708
        0.0815926691   0.0004141369   0.0004023895  -0.0001659489   0.0001114621
       -0.0000596279  -0.0005288499  -0.0012737162   0.0004063213  -0.0001779279
        0.0002077058  -0.0003615266   0.0001728757  -0.0000007749  -0.0000186843
       -0.0000187257   0.0000485646  -0.0000383456   0.0000308312   0.0000043822
       -0.0000284360   0.0000243077
       -0.0110517503   0.0050808361  -0.0064036725   0.0738127600  -0.0790268187
        0.0327554196  -0.0028576601   0.0017617981  -0.0009227189  -0.0000805009
        0.0006389009   0.0002509468  -0.0000237482   0.0000653707  -0.0001986099
        0.0000559668  -0.0000069807   0.0000634399  -0.0000226959   0.0000108117
        0.0000147540  -0.0012334572  -0.0002649719  -0.0028193427  -0.0002130391
        0.0003108055   0.0004836573  -0.0004832228   0.0004837973  -0.0001819517
        0.0279144108  -0.0176365729   0.0131935733  -0.0853528708   0.0880701129
       -0.0356893426   0.0003609716  -0.0000905215  -0.0003441993  -0.0004945994
        0.0002893125  -0.0000467355  -0.0001034951   0.0001508676  -0.0000655691
       -0.0002141674   0.0001719002  -0.0000685112   0.0000232766   0.0000170545
        0.0000017790  -0.0000217212  -0.0000031143   0.0000102934  -0.0000144573
       -0.0000225883  -0.0000332097
       -0.0241225507   0.0074017160  -0.0157484070  -0.0716212098   0.0329398462
       -0.0710171253   0.0179746027  -0.0065971515   0.0045184006   0.0033898075
        0.0005558911  -0.0016717336   0.0002739266  -0.0004425182  -0.0003470387
       -0.0000524469   0.0001534000  -0.0000475129  -0.0000862992   0.0000582604
        0.0002195191  -0.0022168038  -0.0031141528  -0.0056372576  -0.0004159567
        0.0005163568   0.0002187986   0.0001142898   0.0004173420   0.0006364106
       -0.0060723990   0.0046112599  -0.0017825923   0.0815926691  -0.0356893426
        0.0898512597   0.0006369223  -0.0002787470   0.0004599852  -0.0001404964
       -0.0002643510   0.0003816054   0.0006987627  -0.0002777819   0.0000705308
       -0.0000305287   0.0000559767  -0.0001619250   0.0000208111  -0.0000049383
        0.0000122110  -0.0000247329   0.0000222226   0.0000145361   0.0000816322
       -0.0000632885   0.0000303355
       -0.0022159897  -0.0005652547   0.0031895633   0.0035179847   0.0079468874
        0.0193236393  -0.0611841297  -0.0305937287  -0.0607843913  -0.0147400094
       -0.0087242543  -0.0219358615  -0.0040411022   0.0031297727  -0.0022767522
        0.0004759180   0.0001811711   0.0002979495  -0.0011501587  -0.0007376804
       -0.0011379069  -0.0001609778  -0.0000015456   0.0000174033   0.0000516526
        0.0004330507   0.0010423681  -0.0001471714  -0.0001178953  -0.0000847630
        0.0004167852   0.0002567993  -0.0001354676   0.0004141369   0.0003609716
        0.0006369223   0.0800874529   0.0330052139   0.0682843050  -0.0006852364
       -0.0040582659  -0.0049522046  -0.0001502506  -0.0005627704  -0.0010840308
       -0.0002511159   0.0000105099  -0.0002137362  -0.0003022943   0.0001472471
       -0.0002889142   0.0000768245  -0.0000704626   0.0000441266  -0.0000123188
       -0.0000397658   0.0000577507
       -0.0001366244   0.0007178867   0.0001355747   0.0008408292   0.0019393548
        0.0026870613  -0.0308525667  -0.0845311201  -0.0830290842   0.0060915031
        0.0050651816   0.0099475236   0.0012719045  -0.0013548619   0.0003857605
       -0.0003968723   0.0003270273  -0.0000093338   0.0003908990   0.0003249167
        0.0004164149   0.0000948185  -0.0000942254   0.0000693326   0.0000727023
        0.0001980062   0.0000117650  -0.0000360922   0.0002023533   0.0001648620
        0.0000467698   0.0003025368   0.0004932688   0.0004023895  -0.0000905215
       -0.0002787470   0.0330052139   0.0950544235   0.0964221395  -0.0109921539
       -0.0186009915  -0.0280807036  -0.0001270366   0.0008114738   0.0003964083
        0.0002493272  -0.0002848428   0.0001665710   0.0001156829  -0.0000266348
        0.0001123371  -0.0000587954   0.0000541617  -0.0000155309   0.0000181016
       -0.0000141246   0.0000043800
        0.0044637010   0.0009824764  -0.0030818130  -0.0028679638  -0.0100223666
       -0.0236951185  -0.0613965969  -0.0828109732  -0.2118360938  -0.0068976985
       -0.0042445603  -0.0088491025  -0.0011051410   0.0019784055   0.0001513187
        0.0001703711  -0.0000700104   0.0000807300  -0.0005506581  -0.0002066292
       -0.0005567472   0.0000913406   0.0000372645   0.0002754778  -0.0000402175
       -0.0006577780  -0.0016136565   0.0000893312   0.0003014389   0.0001873113
       -0.0004821301   0.0000540981   0.0000512055  -0.0001659489  -0.0003441993
        0.0004599852   0.0682843050   0.0964221395   0.2459411956  -0.0001472369
       -0.0012810026   0.0015730096   0.0008672749  -0.0002305462   0.0013552752
       -0.0002206599   0.0000957515  -0.0003338745  -0.0001162059   0.0000695720
       -0.0001373315  -0.0000060684  -0.0000274567   0.0000388322   0.0000302018
       -0.0000456243  -0.0000106034
        0.0005138424  -0.0000715769  -0.0006453814  -0.0056660635  -0.0214292479
        0.0064655361  -0.0464307900  -0.0324422708   0.0042075147   0.0005757336
        0.0269052019  -0.0058928224   0.0002047525   0.0013230000  -0.0011450923
       -0.0003283381  -0.0002911396   0.0005711726   0.0002545244  -0.0004134177
        0.0004655121  -0.0001537511   0.0001389921  -0.0001542865   0.0000067427
       -0.0000359102  -0.0002872748   0.0002419296   0.0003299802   0.0001762596
       -0.0031154776  -0.0011765649   0.0035859319   0.0001114621  -0.0004945994
       -0.0001404964  -0.0006852364  -0.0109921539  -0.0001472369   0.0590360999
        0.0357845716  -0.0055549770  -0.0003676313   0.0001745560   0.0000100171
       -0.0044262253   0.0027902119  -0.0017278800   0.0000360536  -0.0000652551
        0.0000399426   0.0001196360  -0.0000017196  -0.0000038148   0.0000727367
       -0.0000326576   0.0001773757
        0.0007619624   0.0010753829  -0.0006490357  -0.0038810992  -0.0071799650
        0.0034190661  -0.0323375429  -0.2636758292   0.0308869567   0.0041492677
       -0.0168557213   0.0053054459  -0.0010487939  -0.0010796142  -0.0003761296
       -0.0008148314   0.0014982680  -0.0005092610   0.0000426041  -0.0001467697
       -0.0000372718  -0.0000103588  -0.0002074343   0.0000717025   0.0001374236
       -0.0000156054  -0.0002031144   0.0000260950   0.0003468002   0.0002184388
       -0.0014980195   0.0001856433   0.0010212163  -0.0000596279   0.0002893125
       -0.0002643510  -0.0040582659  -0.0186009915  -0.0012810026   0.0357845716
        0.3064051537  -0.0376669822   0.0002263802  -0.0004550778  -0.0000254362
        0.0026631358  -0.0015771130   0.0001685677  -0.0000218956   0.0000848624
       -0.0000470353  -0.0000361156  -0.0000438381   0.0000159604  -0.0000248897
       -0.0000474635  -0.0000477345
       -0.0000074146   0.0011437050   0.0009451256   0.0058446164   0.0213278513
       -0.0052135591   0.0040209197   0.0298972821  -0.0482621884  -0.0007041544
        0.0096184270  -0.0014941076  -0.0005268175   0.0018613826   0.0000807203
        0.0004199431  -0.0005223800  -0.0003437619   0.0000977531  -0.0002985427
        0.0003124348  -0.0000678635   0.0000562000  -0.0000849231  -0.0001871760
       -0.0000957856   0.0001917892   0.0001814420  -0.0005025604  -0.0004369397
        0.0037668755   0.0017498010  -0.0030400992  -0.0005288499  -0.0000467355
        0.0003816054  -0.0049522046  -0.0280807036   0.0015730096  -0.0055549770
       -0.0376669822   0.0559601918   0.0000173756  -0.0000681982  -0.0000899623
       -0.0019263411   0.0016554259  -0.0005296003  -0.0000104794  -0.0000274764
        0.0000076579   0.0000598803  -0.0000216190  -0.0000144827   0.0000574723
        0.0000209088   0.0000570898
        0.0000413443  -0.0000803400  -0.0002293462  -0.0040664587   0.0030397566
       -0.0012989994  -0.0200528332   0.0069451147   0.0184692821  -0.0966818906
        0.0196948978   0.0997396672   0.0073873637  -0.0027924547  -0.0097649230
       -0.0012804631  -0.0007988879   0.0001267214  -0.0020454839   0.0002497072
        0.0003116988   0.0000220619  -0.0001072770  -0.0001379982   0.0001052439
       -0.0000529433  -0.0000071077  -0.0000650284  -0.0000047840  -0.0000506436
        0.0001632907   0.0001699634  -0.0001956929  -0.0012737162  -0.0001034951
        0.0006987627  -0.0001502506  -0.0001270366   0.0008672749  -0.0003676313
        0.0002263802   0.0000173756   0.1214598446  -0.0258522863  -0.1158886388
       -0.0026121761  -0.0003077073   0.0079133063  -0.0002848996   0.0001383297
        0.0000676775  -0.0004239221   0.0000767072  -0.0007684235   0.0001256049
       -0.0003136447   0.0001300068
        0.0000351893   0.0000770013   0.0000575823   0.0014058347  -0.0005361187
        0.0007195169   0.0093774456  -0.0017694698  -0.0090182123   0.0245645454
       -0.0447386492  -0.0371878275   0.0081458148  -0.0051416772  -0.0194837429
       -0.0027990776  -0.0022459426   0.0014241694  -0.0010981365  -0.0002353223
        0.0006526324  -0.0000646624  -0.0001100352  -0.0000073110  -0.0000445444
        0.0000164972   0.0000243939  -0.0000534303   0.0000599779  -0.0000323489
        0.0000252277  -0.0000548213   0.0000921993   0.0004063213   0.0001508676
       -0.0002777819  -0.0005627704   0.0008114738  -0.0002305462   0.0001745560
       -0.0004550778  -0.0000681982  -0.0258522863   0.0510972134   0.0388484749
       -0.0137602393   0.0029186748   0.0241320468  -0.0002247432   0.0000464729
       -0.0000250498   0.0000140661   0.0001395338   0.0000891914   0.0003108893
       -0.0000305987   0.0002908113
       -0.0000024204   0.0000111208   0.0000131535  -0.0007333419   0.0003300665
        0.0005171611  -0.0031845938   0.0011441881   0.0045282467   0.1068819719
       -0.0325954368  -0.2005590389   0.0085192266  -0.0086111812  -0.0196110805
       -0.0019639928  -0.0002823996   0.0004632147  -0.0019629767   0.0000697602
        0.0005332547   0.0001216272  -0.0000673433   0.0001015997   0.0000092690
        0.0000005723   0.0000968957   0.0000043113   0.0000724259   0.0000016627
       -0.0000779688  -0.0000826998  -0.0000751335  -0.0001779279  -0.0000655691
        0.0000705308  -0.0010840308   0.0003964083   0.0013552752   0.0000100171
       -0.0000254362  -0.0000899623  -0.1158886388   0.0388484749   0.2289736762
        0.0105358445   0.0006566689  -0.0163970630  -0.0003748193   0.0002664370
        0.0002397691  -0.0008178354   0.0002759592  -0.0004968168   0.0001862789
       -0.0003420162   0.0003346548
       -0.0000337765  -0.0000335185   0.0001841208   0.0013296494   0.0014714811
       -0.0007457610   0.0009530085   0.0222996589  -0.0109619616  -0.0483673492
       -0.0312203145   0.0160122553  -0.0017613446  -0.0115756165   0.0093821883
       -0.0008438549  -0.0047791447  -0.0033634906   0.0001619976  -0.0001241411
       -0.0008189680   0.0001345370   0.0000921067   0.0001085403  -0.0000455485
        0.0000036879  -0.0000394444  -0.0000585899  -0.0001629356  -0.0000945220
       -0.0006862093  -0.0004930155   0.0001078743   0.0002077058  -0.0002141674
       -0.0000305287  -0.0002511159   0.0002493272  -0.0002206599  -0.0044262253
        0.0026631358  -0.0019263411  -0.0026121761  -0.0137602393   0.0105358445
        0.0571923803   0.0357867180  -0.0176852761   0.0000980891   0.0001719148
        0.0001714523  -0.0008773717  -0.0000950085   0.0002167886  -0.0001138058
       -0.0002799287  -0.0008321111
        0.0000183226   0.0000389281   0.0001035626  -0.0009150946   0.0009077289
        0.0000685426   0.0017767648  -0.0137509815   0.0070864210  -0.0326512215
       -0.2169879797   0.0998244658  -0.0055375451  -0.0206215016   0.0081551624
       -0.0026393074  -0.0050237568  -0.0037325206   0.0015000934   0.0008261782
        0.0004656821   0.0000710251  -0.0002833104  -0.0006684503  -0.0001480729
        0.0000504448  -0.0000411369  -0.0000910640   0.0000018411   0.0000519869
        0.0005106376   0.0002822435  -0.0001951143  -0.0003615266   0.0001719002
        0.0000559767   0.0000105099  -0.0002848428   0.0000957515   0.0027902119
       -0.0015771130   0.0016554259  -0.0003077073   0.0029186748   0.0006566689
        0.0357867180   0.2528602358  -0.1133652815   0.0004769672   0.0001131907
        0.0002173051  -0.0002427145   0.0001224172   0.0001265236  -0.0000469964
        0.0002357025  -0.0005609716
        0.0002519343  -0.0001453398   0.0000775953   0.0006853529  -0.0009671881
        0.0006122296  -0.0007764443   0.0090450130  -0.0036535693   0.0168431807
        0.0998604412  -0.0922964408  -0.0031113178  -0.0126003992   0.0071580497
       -0.0018312518  -0.0045148035  -0.0021894096   0.0001447930  -0.0007076847
       -0.0006509960   0.0000919207  -0.0003302565  -0.0002235731  -0.0000487210
        0.0000131777  -0.0000326423  -0.0000687011   0.0000197725  -0.0001105461
       -0.0002219748  -0.0001065378   0.0004129878   0.0001728757  -0.0000685112
       -0.0001619250  -0.0002137362   0.0001665710  -0.0003338745  -0.0017278800
        0.0001685677  -0.0005296003   0.0079133063   0.0241320468  -0.0163970630
       -0.0176852761  -0.1133652815   0.1086766075   0.0000868232  -0.0000794909
       -0.0000403004   0.0001847216  -0.0001011624   0.0003330956  -0.0006896051
       -0.0004189344  -0.0006506251
        0.0000093679   0.0000766628   0.0000816919   0.0000989952   0.0000177611
        0.0000245460  -0.0003169065  -0.0005525756  -0.0006973733  -0.0018546904
        0.0017889776  -0.0032191028  -0.0164849346  -0.0140763551  -0.0117924303
        0.0018617964  -0.0004744814   0.0023429290  -0.1434640163  -0.1019430600
       -0.0608668162  -0.0000667856  -0.0001698828  -0.0000910519   0.0000255399
       -0.0000021126  -0.0000156358  -0.0000445038   0.0000129566  -0.0000633685
        0.0000609757   0.0000333813   0.0000063735  -0.0000007749   0.0000232766
        0.0000208111  -0.0003022943   0.0001156829  -0.0001162059   0.0000360536
       -0.0000218956  -0.0000104794  -0.0002848996  -0.0002247432  -0.0003748193
        0.0000980891   0.0004769672   0.0000868232   0.1636255492   0.1198729684
        0.0739249544   0.0092191683   0.0089331520   0.0055315229  -0.0122157293
       -0.0138866801  -0.0047723689
        0.0000662580   0.0000244150  -0.0000277184   0.0000254639  -0.0000239187
       -0.0000094482   0.0004036239   0.0003187721   0.0003330195   0.0012043755
       -0.0004488282   0.0017456843   0.0070434449   0.0099307554   0.0038563692
       -0.0006651074   0.0012021317  -0.0004158381  -0.1029227755  -0.1533338643
       -0.0653764069  -0.0000574477  -0.0000973108  -0.0000045159   0.0000166439
       -0.0000054367   0.0000184991  -0.0000224277   0.0000536735  -0.0000036323
        0.0000279103  -0.0000034536   0.0000136454  -0.0000186843   0.0000170545
       -0.0000049383   0.0001472471  -0.0000266348   0.0000695720  -0.0000652551
        0.0000848624  -0.0000274764   0.0001383297   0.0000464729   0.0002664370
        0.0001719148   0.0001131907  -0.0000794909   0.1198729684   0.1707565987
        0.0747655001  -0.0132712321  -0.0169969126  -0.0105422844  -0.0120952508
       -0.0116115672  -0.0045769767
        0.0000521676  -0.0000122846   0.0000283497   0.0000173704   0.0000341258
        0.0000202823  -0.0005755864  -0.0006331858  -0.0007863345  -0.0037629514
        0.0020753415  -0.0010764691  -0.0161366482  -0.0114342248  -0.0105257417
        0.0026042172  -0.0013255078   0.0008316984  -0.0606548022  -0.0650667812
       -0.0817080038  -0.0001195853   0.0000496449  -0.0000359824   0.0000211502
       -0.0000095129   0.0000010383   0.0000002556  -0.0000122740  -0.0000045882
        0.0000211102   0.0000051797  -0.0000272486  -0.0000187257   0.0000017790
        0.0000122110  -0.0002889142   0.0001123371  -0.0001373315   0.0000399426
       -0.0000470353   0.0000076579   0.0000676775  -0.0000250498   0.0002397691
        0.0001714523   0.0002173051  -0.0000403004   0.0739249544   0.0747655001
        0.0924058077  -0.0100620933  -0.0135566277  -0.0074839747   0.0146990087
        0.0148612706   0.0082791606
       -0.0000541320  -0.0000582755   0.0000927100  -0.0000047792   0.0000187364
       -0.0000027059   0.0001953023  -0.0000941712   0.0002807933   0.0011366084
       -0.0003122319  -0.0015574543  -0.0093877987   0.0135940150   0.0124061352
       -0.0016468692   0.0040955347  -0.0039980808  -0.1037596151   0.0839532167
        0.0642748752  -0.0000193065   0.0001221960  -0.0000126393  -0.0000111339
        0.0000102405  -0.0000466523   0.0000532559  -0.0000732570  -0.0000003943
       -0.0000147490  -0.0000082988   0.0000112195   0.0000485646  -0.0000217212
       -0.0000247329   0.0000768245  -0.0000587954  -0.0000060684   0.0001196360
       -0.0000361156   0.0000598803  -0.0004239221   0.0000140661  -0.0008178354
       -0.0008773717  -0.0002427145   0.0001847216   0.0092191683  -0.0132712321
       -0.0100620933   0.1146630381  -0.0983730920  -0.0735321604  -0.0093127207
        0.0107418999   0.0127504823
        0.0000029026   0.0000650352   0.0000201839  -0.0000712872   0.0000483024
       -0.0000019049  -0.0001522286  -0.0001078479  -0.0000049853  -0.0014067308
        0.0003554079  -0.0004947254   0.0116606542  -0.0148829372  -0.0048758392
        0.0018102620  -0.0018558604   0.0037415934   0.0840910759  -0.1561660780
       -0.0958985960   0.0000495320  -0.0001015620   0.0000177539  -0.0000334089
        0.0000133665   0.0000041195  -0.0000564998   0.0000046741  -0.0000277735
       -0.0000008763   0.0000006534  -0.0000053036  -0.0000383456  -0.0000031143
        0.0000222226  -0.0000704626   0.0000541617  -0.0000274567  -0.0000017196
       -0.0000438381  -0.0000216190   0.0000767072   0.0001395338   0.0002759592
       -0.0000950085   0.0001224172  -0.0001011624   0.0089331520  -0.0169969126
       -0.0135566277  -0.0983730920   0.1801165000   0.1048885542  -0.0063246260
        0.0092380983   0.0060456069
       -0.0000723750  -0.0000078179   0.0000036742   0.0000237941  -0.0000315960
        0.0000281693  -0.0000150917   0.0001578060   0.0000606144   0.0002940470
        0.0001703340  -0.0012575765  -0.0079322818   0.0095811419   0.0095019950
       -0.0012413349   0.0036965643  -0.0031962050   0.0618831448  -0.0921104605
       -0.1051700213  -0.0000014617  -0.0000266654  -0.0000794630   0.0000075282
       -0.0000127175  -0.0000086766   0.0000231295   0.0000130597  -0.0000097669
        0.0000265634   0.0000322963  -0.0000033448   0.0000308312   0.0000102934
        0.0000145361   0.0000441266  -0.0000155309   0.0000388322  -0.0000038148
        0.0000159604  -0.0000144827  -0.0007684235   0.0000891914  -0.0004968168
        0.0002167886   0.0001265236   0.0003330956   0.0055315229  -0.0105422844
       -0.0074839747  -0.0735321604   0.1048885542   0.1231349104   0.0154854677
       -0.0160346529  -0.0153954987
       -0.0001662926   0.0000671376  -0.0000498847  -0.0001001937  -0.0000005285
       -0.0001004774  -0.0002140685  -0.0002189849  -0.0000233181  -0.0015127914
        0.0000539889   0.0003080966   0.0101695685   0.0064549986  -0.0125542669
       -0.0028472154   0.0027953707  -0.0001635504  -0.0987341079  -0.0578488297
        0.0866196313  -0.0004487261   0.0002904550   0.0001113177   0.0000240160
       -0.0000077956   0.0000380920   0.0000904123  -0.0000870760   0.0000517505
       -0.0000287164  -0.0000452304  -0.0000433366   0.0000043822  -0.0000144573
        0.0000816322  -0.0000123188   0.0000181016   0.0000302018   0.0000727367
       -0.0000248897   0.0000574723   0.0001256049   0.0003108893   0.0001862789
       -0.0001138058  -0.0000469964  -0.0006896051  -0.0122157293  -0.0120952508
        0.0146990087  -0.0093127207  -0.0063246260   0.0154854677   0.1152199662
        0.0667237237  -0.1040445105
        0.0000171838  -0.0001491478   0.0001000754   0.0000213478   0.0000942772
        0.0000045043  -0.0000921830   0.0000124039   0.0000044661   0.0002260751
       -0.0002209124  -0.0010921815  -0.0045750459  -0.0102785139   0.0150289093
        0.0036860138  -0.0015359636  -0.0001330256  -0.0624827608  -0.0880134454
        0.0835864423   0.0004530225   0.0001970045  -0.0000889007  -0.0001121472
        0.0000454730  -0.0000471597  -0.0000168617  -0.0000787108   0.0000305100
       -0.0000091551   0.0000099595  -0.0000314680  -0.0000284360  -0.0000225883
       -0.0000632885  -0.0000397658  -0.0000141246  -0.0000456243  -0.0000326576
       -0.0000474635   0.0000209088  -0.0003136447  -0.0000305987  -0.0003420162
       -0.0002799287   0.0002357025  -0.0004189344  -0.0138866801  -0.0116115672
        0.0148612706   0.0107418999   0.0092380983  -0.0160346529   0.0667237237
        0.1021701172  -0.0953398349
        0.0000528562   0.0000214853  -0.0001149353  -0.0001581807   0.0000520517
       -0.0000252515  -0.0001123487  -0.0003978605   0.0001767485  -0.0013755098
       -0.0001091295   0.0005653822   0.0092057578   0.0110204119  -0.0153389867
       -0.0029186671   0.0018875483  -0.0006716203   0.0919834192   0.0817858847
       -0.1720854155  -0.0002649171   0.0000810642   0.0003915922   0.0001339236
       -0.0000395638   0.0000430747   0.0000404035   0.0000050624  -0.0000110428
       -0.0000776695  -0.0000890253  -0.0000044339   0.0000243077  -0.0000332097
        0.0000303355   0.0000577507   0.0000043800  -0.0000106034   0.0001773757
       -0.0000477345   0.0000570898   0.0001300068   0.0002908113   0.0003346548
       -0.0008321111  -0.0005609716  -0.0006506251  -0.0047723689  -0.0045769767
        0.0082791606   0.0127504823   0.0060456069  -0.0153954987  -0.1040445105
       -0.0953398349   0.1944303750
