*************************************************
******************* ORCA 6.0.0 ******************
*************************************************
$Calculation_Status
   &GeometryIndex 1
   &ListStatus       OUT
   &VERSION [&Type "String"] "6.0.0"
   &PROGNAME [&Type "String"] "LeanSCF"
   &STATUS [&Type "String"] "NORMAL TERMINATION"
$End
$Geometry
   &GeometryIndex 1
   &ListStatus       OUT
   &NATOMS [&Type "Integer"] 26
   &NCORELESSECP [&Type "Integer"] 0
   &NGHOSTATOMS [&Type "Integer"] 0
   &CartesianCoordinates [&Type "Coordinates", &Dim(26,4), &Units "Bohr"] 
              C      3.064159829576   -0.951427529575   -3.221597757728
              C      3.461766299015   -1.113116820530   -0.368553882407
              C      5.981083502005   -2.344145774881    0.279440961706
              C      1.349911478982   -2.513316886365    0.894942838187
              N     -1.004468633121   -2.133207251171    0.851198246892
              O     -1.871324047159   -0.086762379936   -0.616060676058
              C     -4.421404187486    0.357291928364   -0.486005820293
              O     -5.239372105626    2.073457608888   -1.782424951048
              N     -5.734000791054   -1.138632101401    1.036394423263
              C     -8.430433261727   -0.907476911076    1.395448770502
              S      3.260376465462    2.117686160937    1.077577494563
              C      6.087907302262    3.650263444840   -0.126388237345
              H      2.902295594389   -2.847710205512   -4.001500935391
              H      1.350394117116    0.094193354548   -3.661442286081
              H      4.661216014053   -0.016154344076   -4.112216724698
              H      7.521181223179   -1.401944998885   -0.697239319859
              H      5.954042176952   -4.312036533906   -0.314417858877
              H      6.322341261537   -2.258854381957    2.303940454308
              H      1.855746693919   -4.100701179802    2.081151135813
              H     -4.772568376127   -2.487822026820    1.992987522248
              H     -9.104221523594    0.623513482109    0.199396141680
              H     -8.845211230349   -0.475230226766    3.364357430509
              H     -9.362862919431   -2.662294313706    0.861406298401
              H      6.101832893509    3.587499124724   -2.174964381965
              H      7.760753850101    2.778861038298    0.674146402764
              H      5.939619984952    5.594869424009    0.506689590924
$End
$SCF_Energy
   &GeometryIndex 1
   &ListStatus       OUT
   &SCF_ENERGY [&Type "Double"]      -9.3314001332067767e+02
$End
$DFT_Energy
   &GeometryIndex 1
   &ListStatus       OUT
   &NALPHAEL [&Type "Integer"] 51
   &NBETAEL [&Type "Integer"] 51
   &NTOTALEL [&Type "Integer"] 102
   &EEXCHANGE [&Type "Double"]      -9.6300400561282530e+01
   &ECORR [&Type "Double"]      -3.3998177889782664e+00
   &ECNL [&Type "Double"]       0.0000000000000000e+00
   &EXC [&Type "Double"]      -9.9700218350260798e+01
   &EEMBED [&Type "Double"]       0.0000000000000000e+00
   &FINALEN [&Type "Double"]      -9.3314001332067767e+02  "No Van der Waals correction"
$End
$Mulliken_Population_Analysis
   &GeometryIndex 1
   &ListStatus       OUT
   &NATOMS [&Type "Integer"] 26
   &ATNO [&Type "ArrayOfIntegers", &Dim (26,1)] 
                                                         0

0                                                        6
1                                                        6
2                                                        6
3                                                        6
4                                                        7
5                                                        8
6                                                        6
7                                                        8
8                                                        7
9                                                        6
10                                                      16
11                                                       6
12                                                       1
13                                                       1
14                                                       1
15                                                       1
16                                                       1
17                                                       1
18                                                       1
19                                                       1
20                                                       1
21                                                       1
22                                                       1
23                                                       1
24                                                       1
25                                                       1
   &ATOMICCHARGES [&Type "ArrayOfDoubles", &Dim (26,1)] 
                                                         0

0                                     -5.4082815417530128e-01
1                                      2.6757545498520052e-01
2                                     -4.9824227877705773e-01
3                                     -1.3716071878783875e-01
4                                     -3.3521773503906971e-01
5                                      8.3906278445332383e-02
6                                      3.0397543232379576e-01
7                                     -4.4979588675609961e-01
8                                     -1.4956017746069161e-01
9                                     -3.8539408512177165e-01
10                                    -1.2678706626430980e-01
11                                    -4.3437989747378225e-01
12                                     1.5387907069892504e-01
13                                     2.0692689128630792e-01
14                                     1.4650497724484257e-01
15                                     1.6318686566291074e-01
16                                     1.5833485477837006e-01
17                                     1.7972314400715228e-01
18                                     1.6209302313216489e-01
19                                     2.5725570718613544e-01
20                                     1.9380823163737149e-01
21                                     1.4559140022033168e-01
22                                     1.4463918886803273e-01
23                                     1.6129104676098327e-01
24                                     1.6411799001606298e-01
25                                     1.6455644260208502e-01
$End
$Loewdin_Population_Analysis
   &GeometryIndex 1
   &ListStatus       OUT
   &NATOMS [&Type "Integer"] 26
   &ATNO [&Type "ArrayOfIntegers", &Dim (26,1)] 
                                                         0

0                                                        6
1                                                        6
2                                                        6
3                                                        6
4                                                        7
5                                                        8
6                                                        6
7                                                        8
8                                                        7
9                                                        6
10                                                      16
11                                                       6
12                                                       1
13                                                       1
14                                                       1
15                                                       1
16                                                       1
17                                                       1
18                                                       1
19                                                       1
20                                                       1
21                                                       1
22                                                       1
23                                                       1
24                                                       1
25                                                       1
   &ATOMICCHARGES [&Type "ArrayOfDoubles", &Dim (26,1)] 
                                                         0

0                                      6.3837505725173645e-05
1                                      5.0529327285612807e-04
2                                      2.5269540941497916e-05
3                                      2.6998671213944832e-04
4                                      5.1886533328641157e-04
5                                      9.9603010267258341e-01
6                                      1.4155404310263879e-04
7                                      2.2030639902493824e-03
8                                      1.6605445916000194e-04
9                                      3.3720975280111359e-05
10                                     1.8111625623367134e-05
11                                     3.2739988576815010e-06
12                                     2.4472599069225384e-08
13                                     6.8524752380471952e-06
14                                     2.8300495622200528e-06
15                                     1.9099636725613820e-08
16                                     2.7895496942062244e-08
17                                     2.0237770584669566e-08
18                                     1.6132519524520727e-07
19                                     9.8868435178145384e-06
20                                     2.3550949859074823e-07
21                                     7.9576468955699745e-08
22                                     9.0537640086819293e-08
23                                     1.8690097003834694e-07
24                                     3.4617377530849498e-07
25                                     1.0477282410748290e-07
$End
$Mayer_Population_Analysis
   &GeometryIndex 1
   &ListStatus       OUT
   &NATOMS [&Type "Integer"] 26 "Total number of atoms"
   &BONDTHRESH [&Type "Double"]       1.0000000000000001e-01  "The threshold for printing"
   &NBONDORDERSPRINT [&Type "Integer"] 25 "The number of bond orders larger than threshold"
   &BONDORDERS [&Type "ArrayOfDoubles", &Dim (25,1)] "The bond orders"
                                                         0

0                                      9.0358387444064248e-01
1                                      9.6115150098585844e-01
2                                      9.5841815153033705e-01
3                                      9.6948481198662662e-01
4                                      8.2334447419296442e-01
5                                      8.7661580930678262e-01
6                                      9.0637033577480841e-01
7                                      9.7243611401311958e-01
8                                      9.6978000772960249e-01
9                                      9.7603760058974054e-01
10                                     1.8750579291576528e+00
11                                     9.6016657041557163e-01
12                                     1.0008483613988275e+00
13                                     9.7065309579624137e-01
14                                     1.9163622244258891e+00
15                                     1.2441496378698482e+00
16                                     9.0974866686010403e-01
17                                     8.8054616971714139e-01
18                                     9.5616484423619608e-01
19                                     9.6196390392674702e-01
20                                     9.6319660639713633e-01
21                                     9.7377460567610219e-01
22                                     9.5017162299412394e-01
23                                     9.5030424413270209e-01
24                                     9.4690890743471257e-01
   &COMPONENTS [&Type "ArrayOfIntegers", &Dim (25,4)] "The indices and atomic numbers of the bonding atoms"
                                                         0                           1                           2                           3

0                                                        0                           6                           1                           6
1                                                        0                           6                          12                           1
2                                                        0                           6                          13                           1
3                                                        0                           6                          14                           1
4                                                        1                           6                           2                           6
5                                                        1                           6                           3                           6
6                                                        1                           6                          10                          16
7                                                        2                           6                          15                           1
8                                                        2                           6                          16                           1
9                                                        2                           6                          17                           1
10                                                       3                           6                           4                           7
11                                                       3                           6                          18                           1
12                                                       4                           7                           5                           8
13                                                       5                           8                           6                           6
14                                                       6                           6                           7                           8
15                                                       6                           6                           8                           7
16                                                       8                           7                           9                           6
17                                                       8                           7                          19                           1
18                                                       9                           6                          20                           1
19                                                       9                           6                          21                           1
20                                                       9                           6                          22                           1
21                                                      10                          16                          11                           6
22                                                      11                           6                          23                           1
23                                                      11                           6                          24                           1
24                                                      11                           6                          25                           1
   &ATNO [&Type "ArrayOfIntegers", &Dim (26,1)] "Atomic number of the elements"
                                                         0

0                                                        6
1                                                        6
2                                                        6
3                                                        6
4                                                        7
5                                                        8
6                                                        6
7                                                        8
8                                                        7
9                                                        6
10                                                      16
11                                                       6
12                                                       1
13                                                       1
14                                                       1
15                                                       1
16                                                       1
17                                                       1
18                                                       1
19                                                       1
20                                                       1
21                                                       1
22                                                       1
23                                                       1
24                                                       1
25                                                       1
   &NA [&Type "ArrayOfDoubles", &Dim (26,1)] "Mulliken gross atomic population"
                                                         0

0                                      6.5408281541752906e+00
1                                      5.7324245450147648e+00
2                                      6.4982422787770693e+00
3                                      6.1371607187878467e+00
4                                      7.3352177350390839e+00
5                                      7.9160937215547014e+00
6                                      5.6960245676762113e+00
7                                      8.4497958867561209e+00
8                                      7.1495601774606765e+00
9                                      6.3853940851217788e+00
10                                     1.6126787066264246e+01
11                                     6.4343798974737698e+00
12                                     8.4612092930107408e-01
13                                     7.9307310871369296e-01
14                                     8.5349502275515898e-01
15                                     8.3681313433708981e-01
16                                     8.4166514522163038e-01
17                                     8.2027685599284761e-01
18                                     8.3790697686783544e-01
19                                     7.4274429281386412e-01
20                                     8.0619176836262907e-01
21                                     8.5440859977966965e-01
22                                     8.5536081113196638e-01
23                                     8.3870895323901695e-01
24                                     8.3588200998393525e-01
25                                     8.3544355739791520e-01
   &ZA [&Type "ArrayOfDoubles", &Dim (26,1)] "Total nuclear charge"
                                                         0

0                                      6.0000000000000000e+00
1                                      6.0000000000000000e+00
2                                      6.0000000000000000e+00
3                                      6.0000000000000000e+00
4                                      7.0000000000000000e+00
5                                      8.0000000000000000e+00
6                                      6.0000000000000000e+00
7                                      8.0000000000000000e+00
8                                      7.0000000000000000e+00
9                                      6.0000000000000000e+00
10                                     1.6000000000000000e+01
11                                     6.0000000000000000e+00
12                                     1.0000000000000000e+00
13                                     1.0000000000000000e+00
14                                     1.0000000000000000e+00
15                                     1.0000000000000000e+00
16                                     1.0000000000000000e+00
17                                     1.0000000000000000e+00
18                                     1.0000000000000000e+00
19                                     1.0000000000000000e+00
20                                     1.0000000000000000e+00
21                                     1.0000000000000000e+00
22                                     1.0000000000000000e+00
23                                     1.0000000000000000e+00
24                                     1.0000000000000000e+00
25                                     1.0000000000000000e+00
   &QA [&Type "ArrayOfDoubles", &Dim (26,1)] "Mulliken gross atomic charge"
                                                         0

0                                     -5.4082815417529062e-01
1                                      2.6757545498523516e-01
2                                     -4.9824227877706928e-01
3                                     -1.3716071878784675e-01
4                                     -3.3521773503908392e-01
5                                      8.3906278445298632e-02
6                                      3.0397543232378865e-01
7                                     -4.4979588675612092e-01
8                                     -1.4956017746067651e-01
9                                     -3.8539408512177875e-01
10                                    -1.2678706626424585e-01
11                                    -4.3437989747376982e-01
12                                     1.5387907069892592e-01
13                                     2.0692689128630704e-01
14                                     1.4650497724484102e-01
15                                     1.6318686566291019e-01
16                                     1.5833485477836962e-01
17                                     1.7972314400715239e-01
18                                     1.6209302313216456e-01
19                                     2.5725570718613588e-01
20                                     1.9380823163737093e-01
21                                     1.4559140022033035e-01
22                                     1.4463918886803362e-01
23                                     1.6129104676098305e-01
24                                     1.6411799001606475e-01
25                                     1.6455644260208480e-01
   &VA [&Type "ArrayOfDoubles", &Dim (26,1)] "Mayer's total valence"
                                                         0

0                                      3.7463287958841600e+00
1                                      3.4198567020691057e+00
2                                      3.6967207481535267e+00
3                                      3.8214726515700752e+00
4                                      3.0440395311269999e+00
5                                      2.1246125914913425e+00
6                                      4.1933211832099451e+00
7                                      2.0622665204973920e+00
8                                      3.0871810086927356e+00
9                                      3.8080208325762603e+00
10                                     1.9964795762013789e+00
11                                     3.8363666839320523e+00
12                                     9.6153807359500298e-01
13                                     9.5063795822537756e-01
14                                     9.6370350891233214e-01
15                                     9.6061132602555732e-01
16                                     9.5926448809688791e-01
17                                     9.5323292137976068e-01
18                                     9.6237315635445875e-01
19                                     9.4571355911994770e-01
20                                     9.5650367600588815e-01
21                                     9.5692233236217106e-01
22                                     9.5721066831795265e-01
23                                     9.5743221198518358e-01
24                                     9.5174247094699871e-01
25                                     9.6031925691172471e-01
   &BVA [&Type "ArrayOfDoubles", &Dim (26,1)] "Mayer's bonded valence"
                                                         0

0                                      3.7463287958841378e+00
1                                      3.4198567020691666e+00
2                                      3.6967207481535000e+00
3                                      3.8214726515699833e+00
4                                      3.0440395311268853e+00
5                                      2.1246125914911933e+00
6                                      4.1933211832099611e+00
7                                      2.0622665204973702e+00
8                                      3.0871810086928595e+00
9                                      3.8080208325762861e+00
10                                     1.9964795762014438e+00
11                                     3.8363666839320185e+00
12                                     9.6153807359500354e-01
13                                     9.5063795822538100e-01
14                                     9.6370350891232959e-01
15                                     9.6061132602555899e-01
16                                     9.5926448809688702e-01
17                                     9.5323292137976856e-01
18                                     9.6237315635446785e-01
19                                     9.4571355911994581e-01
20                                     9.5650367600589359e-01
21                                     9.5692233236218560e-01
22                                     9.5721066831796409e-01
23                                     9.5743221198519080e-01
24                                     9.5174247094699693e-01
25                                     9.6031925691171038e-01
   &FA [&Type "ArrayOfDoubles", &Dim (26,1)] "Mayer's free valence"
                                                         0

0                                      0.0000000000000000e+00
1                                      0.0000000000000000e+00
2                                      0.0000000000000000e+00
3                                      0.0000000000000000e+00
4                                      0.0000000000000000e+00
5                                      0.0000000000000000e+00
6                                      0.0000000000000000e+00
7                                      0.0000000000000000e+00
8                                      0.0000000000000000e+00
9                                      0.0000000000000000e+00
10                                     0.0000000000000000e+00
11                                     0.0000000000000000e+00
12                                     0.0000000000000000e+00
13                                     0.0000000000000000e+00
14                                     0.0000000000000000e+00
15                                     0.0000000000000000e+00
16                                     0.0000000000000000e+00
17                                     0.0000000000000000e+00
18                                     0.0000000000000000e+00
19                                     0.0000000000000000e+00
20                                     0.0000000000000000e+00
21                                     0.0000000000000000e+00
22                                     0.0000000000000000e+00
23                                     0.0000000000000000e+00
24                                     0.0000000000000000e+00
25                                     0.0000000000000000e+00
$End
$VdW_Correction
   &GeometryIndex 1
   &ListStatus       OUT
   &VDW [&Type "Double"]      -9.1234087867861670e-03
$End
$Calculation_Info
   &GeometryIndex 1
   &ListStatus       OUT
   &MULT [&Type "Integer"] 1
   &CHARGE [&Type "Integer"] 0
   &NUMOFATOMS [&Type "Integer"] 26
   &NUMOFELECTRONS [&Type "Integer"] 102
   &NUMOFFCELECTRONS [&Type "Integer"] 1
   &NUMOFCORRELECTRONS [&Type "Integer"] 0
   &NUMOFBASISFUNCTS [&Type "Integer"] 326
   &NUMOFAUXCBASISFUNCTS [&Type "Integer"] 0
   &NUMOFAUXJBASISFUNCTS [&Type "Integer"] 744
   &NUMOFAUXJKBASISFUNCTS [&Type "Integer"] 0
   &NUMOFCABSBASISFUNCTS [&Type "Integer"] 0
   &TOTALENERGY [&Type "Double"]      -9.3312175658286446e+02  "Hartrees"
$End
$SCF_Dipole_Moment
   &GeometryIndex 1
   &ListStatus       OUT
   &METHOD [&Type "String"] "SCF"
   &LEVEL [&Type "String"] "Relaxed density"
   &MULT [&Type "Integer"] 1
   &STATE [&Type "Integer"] -1
   &IRREP [&Type "Integer"] 0
   &NATOMS [&Type "Integer"] 26
   &DODIPOLEATOM [&Type "Boolean"] false
   &DIPOLEELECCONTRIB [&Type "ArrayOfDoubles", &Dim (3,1)] "Electronic contribution"
                                                         0

0                                     -7.9113449413580899e+00
1                                      2.6361054621772633e+00
2                                      2.0517122188977259e+00
   &DIPOLENUCCONTRIB [&Type "ArrayOfDoubles", &Dim (3,1)] "Nuclear contribution"
                                                         0

0                                      8.9522524683619036e+00
1                                     -3.9403432422073390e+00
2                                     -1.5081399930437098e+00
   &DIPOLETOTAL [&Type "ArrayOfDoubles", &Dim (3,1)] "Total"
                                                         0

0                                      1.0409075270038137e+00
1                                     -1.3042377800300757e+00
2                                      5.4357222585401610e-01
   &DIPOLEMAGNITUDE [&Type "Double", &Units "a.u."]       1.7549915758632189e+00
$End
