           1           2   1.01853028675353     
           2           3   1.00999954322146     
           3           4  0.974182666190765     
           4           5  0.997206129921775     
           5           6   1.80637448272357     
           5           7   1.02301189803979     
           1           8  0.987019694833495     
           1           9  0.987563387880758     
           1          10  0.987247491334114     
           2          11  0.977812568153800     
           2          12  0.978071690001152     
           3          13  0.974545935137801     
           3          14  0.973605432910611     
           4          15  0.971095183952429     
           4          16  0.961952819054910     
           7          17  0.960389021301475     
           7          18  0.980339996726326     
           7          19  0.942221642411171     
