*************************************************
******************* ORCA 6.0.1 ******************
*************************************************
$Calculation_Status
   &GeometryIndex 1
   &ListStatus       OUT
   &VERSION [&Type "String"] "6.0.1"
   &PROGNAME [&Type "String"] "LeanSCF"
   &STATUS [&Type "String"] "NORMAL TERMINATION"
$End
$Geometry
   &GeometryIndex 1
   &ListStatus       OUT
   &NATOMS [&Type "Integer"] 23
   &NCORELESSECP [&Type "Integer"] 0
   &NGHOSTATOMS [&Type "Integer"] 0
   &CartesianCoordinates [&Type "Coordinates", &Dim(23,4), &Units "Bohr"] 
              C      5.857326210359    1.600762845628    1.130531770297
              C      3.186643846808    0.866155593459    0.314396269133
              C      3.023042664175    0.829078468080   -2.568996088602
              C      2.456891651053   -1.713673302963    1.437053582377
              C     -0.347829164055   -1.947388711261    2.066350294097
              O     -1.889794928645   -1.764993279851   -0.156295803755
              C     -3.466320171068    0.169512151493   -0.402302185848
              O     -3.731477521006    1.813596375368    1.177072764719
              C     -4.864819279859    0.062005611703   -2.865443857212
              H      5.972896504658    1.775803416438    3.174302146716
              H      6.388516364982    3.401829643010    0.296746941926
              H      7.205069469731    0.176493726931    0.515368605870
              H      1.867928288664    2.294207598434    1.034042072896
              H      4.440305050266   -0.445518915596   -3.339591583654
              H      3.357749882328    2.708576693438   -3.330621391390
              H      1.172945762902    0.194942349145   -3.193944440143
              H      3.477500771834   -2.016318954718    3.201479465532
              H      2.981678840948   -3.212242910387    0.123527163632
              H     -0.748799484719   -3.801399262002    2.882500282278
              H     -0.930791134944   -0.464324063747    3.385479193927
              H     -4.509800041968   -1.728236339275   -3.798043458555
              H     -4.225395355335    1.614406857288   -4.051858118168
              H     -6.871014316132    0.321719420507   -2.516138352363
$End
$SCF_Energy
   &GeometryIndex 1
   &ListStatus       OUT
   &SCF_ENERGY [&Type "Double"]      -4.2475280004771463e+02
$End
$DFT_Energy
   &GeometryIndex 1
   &ListStatus       OUT
   &NALPHAEL [&Type "Integer"] 35
   &NBETAEL [&Type "Integer"] 35
   &NTOTALEL [&Type "Integer"] 71
   &EEXCHANGE [&Type "Double"]      -5.7458784401032915e+01
   &ECORR [&Type "Double"]      -2.3889940934152452e+00
   &ECNL [&Type "Double"]       0.0000000000000000e+00
   &EXC [&Type "Double"]      -5.9847778494448157e+01
   &EEMBED [&Type "Double"]       0.0000000000000000e+00
   &FINALEN [&Type "Double"]      -4.2475280004771463e+02  "No Van der Waals correction"
$End
$Mulliken_Population_Analysis
   &GeometryIndex 1
   &ListStatus       OUT
   &NATOMS [&Type "Integer"] 23
   &ATNO [&Type "ArrayOfIntegers", &Dim (23,1)] 
                                                         0

0                                                        6
1                                                        6
2                                                        6
3                                                        6
4                                                        6
5                                                        8
6                                                        6
7                                                        8
8                                                        6
9                                                        1
10                                                       1
11                                                       1
12                                                       1
13                                                       1
14                                                       1
15                                                       1
16                                                       1
17                                                       1
18                                                       1
19                                                       1
20                                                       1
21                                                       1
22                                                       1
   &ATOMICCHARGES [&Type "ArrayOfDoubles", &Dim (23,1)] 
                                                         0

0                                     -2.4221653880522709e-01
1                                     -2.0279731528896594e-01
2                                     -2.5669411285408827e-01
3                                     -1.4229404023288250e-01
4                                      1.7023286223007972e-03
5                                     -2.4221565714366378e-01
6                                      8.9677347308194655e-02
7                                     -2.1076638650189317e-01
8                                     -2.5664768118439074e-01
9                                      1.0077238701694646e-01
10                                     9.9422695725199017e-02
11                                     9.3662169532183759e-02
12                                     9.2856666028223289e-02
13                                     9.2894077750373838e-02
14                                     9.9097024165227809e-02
15                                     1.0805032284537708e-01
16                                     8.8474205031079278e-02
17                                     8.7713942257300892e-02
18                                     9.7775269822600208e-02
19                                     1.1306392025859147e-01
20                                     1.1821795795645751e-01
21                                     1.3681573389432011e-01
22                                     1.3343568379666682e-01
$End
$Loewdin_Population_Analysis
   &GeometryIndex 1
   &ListStatus       OUT
   &NATOMS [&Type "Integer"] 23
   &ATNO [&Type "ArrayOfIntegers", &Dim (23,1)] 
                                                         0

0                                                        6
1                                                        6
2                                                        6
3                                                        6
4                                                        6
5                                                        8
6                                                        6
7                                                        8
8                                                        6
9                                                        1
10                                                       1
11                                                       1
12                                                       1
13                                                       1
14                                                       1
15                                                       1
16                                                       1
17                                                       1
18                                                       1
19                                                       1
20                                                       1
21                                                       1
22                                                       1
   &ATOMICCHARGES [&Type "ArrayOfDoubles", &Dim (23,1)] 
                                                         0

0                                      7.2252923570750055e-05
1                                      1.5905912777774061e-04
2                                      5.8388807849833819e-05
3                                      3.1952921284634595e-04
4                                      1.2315489314658401e-02
5                                      1.4917559736325342e-01
6                                      2.3479685642599327e-01
7                                      5.9683215876926887e-01
8                                      5.8421778315849359e-03
9                                      3.6612064064999799e-07
10                                     5.8288598292272706e-08
11                                     7.6790297912565596e-07
12                                     7.1678698706815405e-07
13                                     6.6892660938372169e-06
14                                     1.1265067847025215e-06
15                                     2.2173154097192017e-05
16                                     1.2680516057201865e-05
17                                     2.1013508299963562e-07
18                                     1.3846839608962444e-04
19                                     1.4590352336689313e-04
20                                     6.1494628416337486e-05
21                                     2.4057203765032279e-05
22                                     1.3777794244898171e-05
$End
$Mayer_Population_Analysis
   &GeometryIndex 1
   &ListStatus       OUT
   &NATOMS [&Type "Integer"] 23 "Total number of atoms"
   &BONDTHRESH [&Type "Double"]       1.0000000000000001e-01  "The threshold for printing"
   &NBONDORDERSPRINT [&Type "Integer"] 22 "The number of bond orders larger than threshold"
   &BONDORDERS [&Type "ArrayOfDoubles", &Dim (22,1)] "The bond orders"
                                                         0

0                                      1.1134543528471095e+00
1                                      9.4915408756875586e-01
2                                      9.5278697055604167e-01
3                                      9.4827878396915155e-01
4                                      1.1154071220258412e+00
5                                      1.0454262950103452e+00
6                                      9.0852027055139006e-01
7                                      9.4676447460563740e-01
8                                      9.5009263061683313e-01
9                                      9.4136581590780422e-01
10                                     1.1387588898735579e+00
11                                     9.1528401914225077e-01
12                                     9.1072110827101382e-01
13                                     9.2828346282177143e-01
14                                     9.2856031301158470e-01
15                                     8.9926369067900525e-01
16                                     1.1919806774713355e+00
17                                     2.0468164711799450e+00
18                                     1.0766240086481278e+00
19                                     9.3817930856199172e-01
20                                     9.2733033334125625e-01
21                                     9.3241084484135972e-01
   &COMPONENTS [&Type "ArrayOfIntegers", &Dim (22,4)] "The indices and atomic numbers of the bonding atoms"
                                                         0                           1                           2                           3

0                                                        0                           6                           1                           6
1                                                        0                           6                           9                           1
2                                                        0                           6                          10                           1
3                                                        0                           6                          11                           1
4                                                        1                           6                           2                           6
5                                                        1                           6                           3                           6
6                                                        1                           6                          12                           1
7                                                        2                           6                          13                           1
8                                                        2                           6                          14                           1
9                                                        2                           6                          15                           1
10                                                       3                           6                           4                           6
11                                                       3                           6                          16                           1
12                                                       3                           6                          17                           1
13                                                       4                           6                           5                           8
14                                                       4                           6                          18                           1
15                                                       4                           6                          19                           1
16                                                       5                           8                           6                           6
17                                                       6                           6                           7                           8
18                                                       6                           6                           8                           6
19                                                       8                           6                          20                           1
20                                                       8                           6                          21                           1
21                                                       8                           6                          22                           1
   &ATNO [&Type "ArrayOfIntegers", &Dim (23,1)] "Atomic number of the elements"
                                                         0

0                                                        6
1                                                        6
2                                                        6
3                                                        6
4                                                        6
5                                                        8
6                                                        6
7                                                        8
8                                                        6
9                                                        1
10                                                       1
11                                                       1
12                                                       1
13                                                       1
14                                                       1
15                                                       1
16                                                       1
17                                                       1
18                                                       1
19                                                       1
20                                                       1
21                                                       1
22                                                       1
   &NA [&Type "ArrayOfDoubles", &Dim (23,1)] "Mulliken gross atomic population"
                                                         0

0                                      6.2422165388052360e+00
1                                      6.2027973152889500e+00
2                                      6.2566941128540767e+00
3                                      6.1422940402328727e+00
4                                      5.9982976713776877e+00
5                                      8.2422156571436602e+00
6                                      5.9103226526917867e+00
7                                      8.2107663865018807e+00
8                                      6.2566476811843801e+00
9                                      8.9922761298305365e-01
10                                     9.0057730427480143e-01
11                                     9.0633783046781591e-01
12                                     9.0714333397177571e-01
13                                     9.0710592224962650e-01
14                                     9.0090297583477297e-01
15                                     8.9194967715462337e-01
16                                     9.1152579496892050e-01
17                                     9.1228605774269900e-01
18                                     9.0222473017740101e-01
19                                     8.8693607974140809e-01
20                                     8.8178204204354216e-01
21                                     8.6318426610567967e-01
22                                     8.6656431620333341e-01
   &ZA [&Type "ArrayOfDoubles", &Dim (23,1)] "Total nuclear charge"
                                                         0

0                                      6.0000000000000000e+00
1                                      6.0000000000000000e+00
2                                      6.0000000000000000e+00
3                                      6.0000000000000000e+00
4                                      6.0000000000000000e+00
5                                      8.0000000000000000e+00
6                                      6.0000000000000000e+00
7                                      8.0000000000000000e+00
8                                      6.0000000000000000e+00
9                                      1.0000000000000000e+00
10                                     1.0000000000000000e+00
11                                     1.0000000000000000e+00
12                                     1.0000000000000000e+00
13                                     1.0000000000000000e+00
14                                     1.0000000000000000e+00
15                                     1.0000000000000000e+00
16                                     1.0000000000000000e+00
17                                     1.0000000000000000e+00
18                                     1.0000000000000000e+00
19                                     1.0000000000000000e+00
20                                     1.0000000000000000e+00
21                                     1.0000000000000000e+00
22                                     1.0000000000000000e+00
   &QA [&Type "ArrayOfDoubles", &Dim (23,1)] "Mulliken gross atomic charge"
                                                         0

0                                     -2.4221653880523597e-01
1                                     -2.0279731528894995e-01
2                                     -2.5669411285407673e-01
3                                     -1.4229404023287273e-01
4                                      1.7023286223123435e-03
5                                     -2.4221565714366022e-01
6                                      8.9677347308213307e-02
7                                     -2.1076638650188073e-01
8                                     -2.5664768118438008e-01
9                                      1.0077238701694635e-01
10                                     9.9422695725198573e-02
11                                     9.3662169532184092e-02
12                                     9.2856666028224288e-02
13                                     9.2894077750373505e-02
14                                     9.9097024165227032e-02
15                                     1.0805032284537663e-01
16                                     8.8474205031079500e-02
17                                     8.7713942257301003e-02
18                                     9.7775269822598987e-02
19                                     1.1306392025859191e-01
20                                     1.1821795795645784e-01
21                                     1.3681573389432033e-01
22                                     1.3343568379666659e-01
   &VA [&Type "ArrayOfDoubles", &Dim (23,1)] "Mayer's total valence"
                                                         0

0                                      3.9627748176347692e+00
1                                      4.2415019123303201e+00
2                                      3.9649225111083020e+00
3                                      4.0127598408380241e+00
4                                      3.9999161257626521e+00
5                                      2.2651050641324706e+00
6                                      4.4319689543896477e+00
7                                      2.2823589511752691e+00
8                                      3.8774815093538524e+00
9                                      9.5422975281060585e-01
10                                     9.5762789966725226e-01
11                                     9.6059739009290557e-01
12                                     9.5851043364420674e-01
13                                     9.6301378903166013e-01
14                                     9.5557032296647670e-01
15                                     9.7282501128040211e-01
16                                     9.5976169369019315e-01
17                                     9.6338922713654673e-01
18                                     9.5096403555414988e-01
19                                     9.9704721390434858e-01
20                                     9.7449459177972753e-01
21                                     9.6125640640924870e-01
22                                     9.6528400801653291e-01
   &BVA [&Type "ArrayOfDoubles", &Dim (23,1)] "Mayer's bonded valence"
                                                         0

0                                      3.9627748176347377e+00
1                                      4.2415019123303770e+00
2                                      3.9649225111083597e+00
3                                      4.0127598408380347e+00
4                                      3.9999161257626548e+00
5                                      2.2651050641325265e+00
6                                      4.4319689543896832e+00
7                                      2.2823589511753291e+00
8                                      3.8774815093539154e+00
9                                      9.5422975281059930e-01
10                                     9.5762789966725193e-01
11                                     9.6059739009290479e-01
12                                     9.5851043364421495e-01
13                                     9.6301378903166168e-01
14                                     9.5557032296648114e-01
15                                     9.7282501128040111e-01
16                                     9.5976169369018882e-01
17                                     9.6338922713655117e-01
18                                     9.5096403555414799e-01
19                                     9.9704721390434525e-01
20                                     9.7449459177972853e-01
21                                     9.6125640640925381e-01
22                                     9.6528400801653647e-01
   &FA [&Type "ArrayOfDoubles", &Dim (23,1)] "Mayer's free valence"
                                                         0

0                                      0.0000000000000000e+00
1                                      0.0000000000000000e+00
2                                      0.0000000000000000e+00
3                                      0.0000000000000000e+00
4                                      0.0000000000000000e+00
5                                      0.0000000000000000e+00
6                                      0.0000000000000000e+00
7                                      0.0000000000000000e+00
8                                      0.0000000000000000e+00
9                                      0.0000000000000000e+00
10                                     0.0000000000000000e+00
11                                     0.0000000000000000e+00
12                                     0.0000000000000000e+00
13                                     0.0000000000000000e+00
14                                     0.0000000000000000e+00
15                                     0.0000000000000000e+00
16                                     0.0000000000000000e+00
17                                     0.0000000000000000e+00
18                                     0.0000000000000000e+00
19                                     0.0000000000000000e+00
20                                     0.0000000000000000e+00
21                                     0.0000000000000000e+00
22                                     0.0000000000000000e+00
$End
$VdW_Correction
   &GeometryIndex 1
   &ListStatus       OUT
   &VDW [&Type "Double"]      -1.9318903250013137e-02
$End
$Calculation_Info
   &GeometryIndex 1
   &ListStatus       OUT
   &MULT [&Type "Integer"] 1
   &CHARGE [&Type "Integer"] 0
   &NUMOFATOMS [&Type "Integer"] 23
   &NUMOFELECTRONS [&Type "Integer"] 72
   &NUMOFFCELECTRONS [&Type "Integer"] 1
   &NUMOFCORRELECTRONS [&Type "Integer"] 0
   &NUMOFBASISFUNCTS [&Type "Integer"] 154
   &NUMOFAUXCBASISFUNCTS [&Type "Integer"] 0
   &NUMOFAUXJBASISFUNCTS [&Type "Integer"] 595
   &NUMOFAUXJKBASISFUNCTS [&Type "Integer"] 0
   &NUMOFCABSBASISFUNCTS [&Type "Integer"] 0
   &TOTALENERGY [&Type "Double"]      -4.2466756535226460e+02  "Hartrees"
$End
$SCF_Dipole_Moment
   &GeometryIndex 1
   &ListStatus       OUT
   &METHOD [&Type "String"] "SCF"
   &LEVEL [&Type "String"] "Relaxed density"
   &MULT [&Type "Integer"] 1
   &STATE [&Type "Integer"] -1
   &IRREP [&Type "Integer"] 0
   &NATOMS [&Type "Integer"] 23
   &DODIPOLEATOM [&Type "Boolean"] false
   &DIPOLEELECCONTRIB [&Type "ArrayOfDoubles", &Dim (3,1)] "Electronic contribution"
                                                         0

0                                     -9.3599720974760388e+00
1                                     -9.2724962197072480e-01
2                                      2.4824420472006796e+00
   &DIPOLENUCCONTRIB [&Type "ArrayOfDoubles", &Dim (3,1)] "Nuclear contribution"
                                                         0

0                                      9.6758992048293226e+00
1                                      4.0744536623419181e-01
2                                     -2.7804606268291487e+00
   &DIPOLETOTAL [&Type "ArrayOfDoubles", &Dim (3,1)] "Total"
                                                         0

0                                      3.1592710735328389e-01
1                                     -5.1980425573653299e-01
2                                     -2.9801857962846912e-01
   &DIPOLEMAGNITUDE [&Type "Double", &Units "a.u."]       6.7736362114169857e-01
$End
