*************************************************
******************* ORCA 6.0.1 ******************
*************************************************
$Calculation_Status
   &GeometryIndex 1
   &ListStatus       OUT
   &VERSION [&Type "String"] "6.0.1"
   &PROGNAME [&Type "String"] "LeanSCF"
   &STATUS [&Type "String"] "NORMAL TERMINATION"
$End
$Geometry
   &GeometryIndex 1
   &ListStatus       OUT
   &NATOMS [&Type "Integer"] 23
   &NCORELESSECP [&Type "Integer"] 0
   &NGHOSTATOMS [&Type "Integer"] 0
   &CartesianCoordinates [&Type "Coordinates", &Dim(23,4), &Units "Bohr"] 
              C      5.496327989907   -1.107558377245    0.751277933865
              C      3.362734907304   -1.011504567477   -1.182911140884
              C      1.579203960210    1.227311620594   -0.760297830272
              C     -0.192519098899    0.901823014323    1.515423341788
              C     -2.925521869268    0.150890138025    0.878459593514
              C     -4.319058454997    2.253146041248   -0.527416334117
              C     -3.071142808325   -2.324270067207   -0.597215723283
              H      6.718784917291   -2.719864108705    0.391130278012
              H      6.631928962652    0.603370186002    0.650846735834
              H      4.756617420819   -1.275344968216    2.660749219195
              H      2.296226721486   -2.773759755291   -1.115189724810
              H      4.190271661970   -0.854192316695   -3.068511486004
              H      2.729206312645    2.920547665242   -0.496244266346
              H      0.464956225327    1.520958869309   -2.468052213352
              H      0.586804533584   -0.529322073035    2.779786620867
              H     -0.268459594956    2.669431359370    2.578502973481
              H     -3.894311066836   -0.134589741551    2.689650523068
              H     -4.236646031492    4.009770739402    0.536239546506
              H     -3.496416213661    2.579550427512   -2.381307380468
              H     -6.293193425126    1.744067171874   -0.788207861484
              H     -2.124359958191   -3.833262959145    0.428028394926
              H     -2.193261240461   -2.130080119703   -2.443760598561
              H     -5.034262711839   -2.867864600925   -0.875070231365
$End
$SCF_Energy
   &GeometryIndex 1
   &ListStatus       OUT
   &SCF_ENERGY [&Type "Double"]      -2.7628704610548414e+02
$End
$DFT_Energy
   &GeometryIndex 1
   &ListStatus       OUT
   &NALPHAEL [&Type "Integer"] 28
   &NBETAEL [&Type "Integer"] 28
   &NTOTALEL [&Type "Integer"] 57
   &EEXCHANGE [&Type "Double"]      -4.2136386683472246e+01
   &ECORR [&Type "Double"]      -1.7800290009945772e+00
   &ECNL [&Type "Double"]       0.0000000000000000e+00
   &EXC [&Type "Double"]      -4.3916415684466820e+01
   &EEMBED [&Type "Double"]       0.0000000000000000e+00
   &FINALEN [&Type "Double"]      -2.7628704610548414e+02  "No Van der Waals correction"
$End
$Mulliken_Population_Analysis
   &GeometryIndex 1
   &ListStatus       OUT
   &NATOMS [&Type "Integer"] 23
   &ATNO [&Type "ArrayOfIntegers", &Dim (23,1)] 
                                                         0

0                                                        6
1                                                        6
2                                                        6
3                                                        6
4                                                        6
5                                                        6
6                                                        6
7                                                        1
8                                                        1
9                                                        1
10                                                       1
11                                                       1
12                                                       1
13                                                       1
14                                                       1
15                                                       1
16                                                       1
17                                                       1
18                                                       1
19                                                       1
20                                                       1
21                                                       1
22                                                       1
   &ATOMICCHARGES [&Type "ArrayOfDoubles", &Dim (23,1)] 
                                                         0

0                                     -4.7384853302207919e-01
1                                     -2.6192859657041900e-01
2                                     -2.5998064053280867e-01
3                                     -3.0412613744650763e-01
4                                     -3.6246434789079629e-02
5                                     -4.8660165976493719e-01
6                                     -5.1282868320449104e-01
7                                      1.4638319953128831e-01
8                                      1.4189367750616000e-01
9                                      1.3996147162833827e-01
10                                     1.4456440415141492e-01
11                                     1.4055817610649357e-01
12                                     1.4355997973518320e-01
13                                     1.4532627166112966e-01
14                                     1.4825935366064069e-01
15                                     1.5054510020749279e-01
16                                     1.4484788658115766e-01
17                                     1.4575865200114646e-01
18                                     1.4545039642691937e-01
19                                     1.4521409561865839e-01
20                                     1.5112488799865154e-01
21                                     1.5741089799145735e-01
22                                     1.4470223452425812e-01
$End
$Loewdin_Population_Analysis
   &GeometryIndex 1
   &ListStatus       OUT
   &NATOMS [&Type "Integer"] 23
   &ATNO [&Type "ArrayOfIntegers", &Dim (23,1)] 
                                                         0

0                                                        6
1                                                        6
2                                                        6
3                                                        6
4                                                        6
5                                                        6
6                                                        6
7                                                        1
8                                                        1
9                                                        1
10                                                       1
11                                                       1
12                                                       1
13                                                       1
14                                                       1
15                                                       1
16                                                       1
17                                                       1
18                                                       1
19                                                       1
20                                                       1
21                                                       1
22                                                       1
   &ATOMICCHARGES [&Type "ArrayOfDoubles", &Dim (23,1)] 
                                                         0

0                                      4.4578188827610124e-03
1                                      3.3806289428097769e-02
2                                      1.2051218355519283e-01
3                                      2.6956886674254371e-01
4                                      5.1666367099829125e-01
5                                      4.7979740519824315e-02
6                                      5.4728846155770085e-03
7                                      5.2667805380295789e-06
8                                      1.0118991813195780e-05
9                                      6.0144928151748848e-06
10                                     2.1060296912005946e-05
11                                     2.4000239792884124e-05
12                                     1.5364624686173026e-04
13                                     1.3926577211692063e-04
14                                     1.9504251393754062e-04
15                                     1.9567688234337573e-04
16                                     4.6117815018524680e-04
17                                     8.1827866099480032e-05
18                                     8.0948782644927759e-05
19                                     8.5846133233948550e-05
20                                     2.5918508771437270e-05
21                                     2.9759032544164050e-05
22                                     2.2974567098725456e-05
$End
$Mayer_Population_Analysis
   &GeometryIndex 1
   &ListStatus       OUT
   &NATOMS [&Type "Integer"] 23 "Total number of atoms"
   &BONDTHRESH [&Type "Double"]       1.0000000000000001e-01  "The threshold for printing"
   &NBONDORDERSPRINT [&Type "Integer"] 22 "The number of bond orders larger than threshold"
   &BONDORDERS [&Type "ArrayOfDoubles", &Dim (22,1)] "The bond orders"
                                                         0

0                                      9.1924558593641048e-01
1                                      9.7374225113892210e-01
2                                      9.8287920594584088e-01
3                                      9.7794072733265480e-01
4                                      8.8009897169046425e-01
5                                      9.7233272046524044e-01
6                                      9.7036985481486016e-01
7                                      8.1838412386514292e-01
8                                      9.7589790402883059e-01
9                                      9.8212773135873055e-01
10                                     9.0189615103075937e-01
11                                     9.8893803580880379e-01
12                                     9.8194115043514463e-01
13                                     9.4032879103532174e-01
14                                     8.9073971799506302e-01
15                                     9.7141688237439650e-01
16                                     9.7527454993151974e-01
17                                     9.7764733669540804e-01
18                                     9.7355613753466252e-01
19                                     9.7626467494191427e-01
20                                     9.7705562281164815e-01
21                                     9.6956992514754770e-01
   &COMPONENTS [&Type "ArrayOfIntegers", &Dim (22,4)] "The indices and atomic numbers of the bonding atoms"
                                                         0                           1                           2                           3

0                                                        0                           6                           1                           6
1                                                        0                           6                           7                           1
2                                                        0                           6                           8                           1
3                                                        0                           6                           9                           1
4                                                        1                           6                           2                           6
5                                                        1                           6                          10                           1
6                                                        1                           6                          11                           1
7                                                        2                           6                           3                           6
8                                                        2                           6                          12                           1
9                                                        2                           6                          13                           1
10                                                       3                           6                           4                           6
11                                                       3                           6                          14                           1
12                                                       3                           6                          15                           1
13                                                       4                           6                           5                           6
14                                                       4                           6                           6                           6
15                                                       4                           6                          16                           1
16                                                       5                           6                          17                           1
17                                                       5                           6                          18                           1
18                                                       5                           6                          19                           1
19                                                       6                           6                          20                           1
20                                                       6                           6                          21                           1
21                                                       6                           6                          22                           1
   &ATNO [&Type "ArrayOfIntegers", &Dim (23,1)] "Atomic number of the elements"
                                                         0

0                                                        6
1                                                        6
2                                                        6
3                                                        6
4                                                        6
5                                                        6
6                                                        6
7                                                        1
8                                                        1
9                                                        1
10                                                       1
11                                                       1
12                                                       1
13                                                       1
14                                                       1
15                                                       1
16                                                       1
17                                                       1
18                                                       1
19                                                       1
20                                                       1
21                                                       1
22                                                       1
   &NA [&Type "ArrayOfDoubles", &Dim (23,1)] "Mulliken gross atomic population"
                                                         0

0                                      6.4738485330220792e+00
1                                      6.2619285965704208e+00
2                                      6.2599806405328211e+00
3                                      6.3041261374465050e+00
4                                      6.0362464347890992e+00
5                                      6.4866016597649301e+00
6                                      6.5128286832044866e+00
7                                      8.5361680046871313e-01
8                                      8.5810632249383956e-01
9                                      8.6003852837166284e-01
10                                     8.5543559584858575e-01
11                                     8.5944182389350765e-01
12                                     8.5644002026481791e-01
13                                     8.5467372833887045e-01
14                                     8.5174064633935864e-01
15                                     8.4945489979250599e-01
16                                     8.5515211341884267e-01
17                                     8.5424134799885310e-01
18                                     8.5454960357308130e-01
19                                     8.5478590438134217e-01
20                                     8.4887511200134791e-01
21                                     8.4258910200854331e-01
22                                     8.5529776547574066e-01
   &ZA [&Type "ArrayOfDoubles", &Dim (23,1)] "Total nuclear charge"
                                                         0

0                                      6.0000000000000000e+00
1                                      6.0000000000000000e+00
2                                      6.0000000000000000e+00
3                                      6.0000000000000000e+00
4                                      6.0000000000000000e+00
5                                      6.0000000000000000e+00
6                                      6.0000000000000000e+00
7                                      1.0000000000000000e+00
8                                      1.0000000000000000e+00
9                                      1.0000000000000000e+00
10                                     1.0000000000000000e+00
11                                     1.0000000000000000e+00
12                                     1.0000000000000000e+00
13                                     1.0000000000000000e+00
14                                     1.0000000000000000e+00
15                                     1.0000000000000000e+00
16                                     1.0000000000000000e+00
17                                     1.0000000000000000e+00
18                                     1.0000000000000000e+00
19                                     1.0000000000000000e+00
20                                     1.0000000000000000e+00
21                                     1.0000000000000000e+00
22                                     1.0000000000000000e+00
   &QA [&Type "ArrayOfDoubles", &Dim (23,1)] "Mulliken gross atomic charge"
                                                         0

0                                     -4.7384853302207919e-01
1                                     -2.6192859657042078e-01
2                                     -2.5998064053282111e-01
3                                     -3.0412613744650496e-01
4                                     -3.6246434789099169e-02
5                                     -4.8660165976493008e-01
6                                     -5.1282868320448660e-01
7                                      1.4638319953128687e-01
8                                      1.4189367750616044e-01
9                                      1.3996147162833716e-01
10                                     1.4456440415141425e-01
11                                     1.4055817610649235e-01
12                                     1.4355997973518209e-01
13                                     1.4532627166112955e-01
14                                     1.4825935366064136e-01
15                                     1.5054510020749401e-01
16                                     1.4484788658115733e-01
17                                     1.4575865200114690e-01
18                                     1.4545039642691870e-01
19                                     1.4521409561865783e-01
20                                     1.5112488799865209e-01
21                                     1.5741089799145669e-01
22                                     1.4470223452425934e-01
   &VA [&Type "ArrayOfDoubles", &Dim (23,1)] "Mayer's total valence"
                                                         0

0                                      3.8234951985064507e+00
1                                      3.6950572267430477e+00
2                                      3.5369094439116604e+00
3                                      3.5472860078039417e+00
4                                      3.6029046969049192e+00
5                                      3.7799527387958336e+00
6                                      3.7361361538763553e+00
7                                      9.6253530292226142e-01
8                                      9.6482049383756685e-01
9                                      9.6696973250957341e-01
10                                     9.6093244821129753e-01
11                                     9.6130560622868544e-01
12                                     9.6572967917789598e-01
13                                     9.6507066344209591e-01
14                                     9.6440683342036559e-01
15                                     9.6245938524713859e-01
16                                     9.5780470333369383e-01
17                                     9.6466388312725448e-01
18                                     9.6741250261044276e-01
19                                     9.6465713056965163e-01
20                                     9.6114839445105771e-01
21                                     9.6258354552996750e-01
22                                     9.6458993974825047e-01
   &BVA [&Type "ArrayOfDoubles", &Dim (23,1)] "Mayer's bonded valence"
                                                         0

0                                      3.8234951985064769e+00
1                                      3.6950572267430402e+00
2                                      3.5369094439115631e+00
3                                      3.5472860078038639e+00
4                                      3.6029046969049170e+00
5                                      3.7799527387958709e+00
6                                      3.7361361538763949e+00
7                                      9.6253530292226896e-01
8                                      9.6482049383756241e-01
9                                      9.6696973250957396e-01
10                                     9.6093244821128843e-01
11                                     9.6130560622868189e-01
12                                     9.6572967917786767e-01
13                                     9.6507066344207681e-01
14                                     9.6440683342033251e-01
15                                     9.6245938524714281e-01
16                                     9.5780470333370338e-01
17                                     9.6466388312726803e-01
18                                     9.6741250261044787e-01
19                                     9.6465713056964464e-01
20                                     9.6114839445106015e-01
21                                     9.6258354552998082e-01
22                                     9.6458993974825713e-01
   &FA [&Type "ArrayOfDoubles", &Dim (23,1)] "Mayer's free valence"
                                                         0

0                                      0.0000000000000000e+00
1                                      0.0000000000000000e+00
2                                      0.0000000000000000e+00
3                                      0.0000000000000000e+00
4                                      0.0000000000000000e+00
5                                      0.0000000000000000e+00
6                                      0.0000000000000000e+00
7                                      0.0000000000000000e+00
8                                      0.0000000000000000e+00
9                                      0.0000000000000000e+00
10                                     0.0000000000000000e+00
11                                     0.0000000000000000e+00
12                                     0.0000000000000000e+00
13                                     0.0000000000000000e+00
14                                     0.0000000000000000e+00
15                                     0.0000000000000000e+00
16                                     0.0000000000000000e+00
17                                     0.0000000000000000e+00
18                                     0.0000000000000000e+00
19                                     0.0000000000000000e+00
20                                     0.0000000000000000e+00
21                                     0.0000000000000000e+00
22                                     0.0000000000000000e+00
$End
$VdW_Correction
   &GeometryIndex 1
   &ListStatus       OUT
   &VDW [&Type "Double"]      -6.3194016341809392e-03
$End
$Calculation_Info
   &GeometryIndex 1
   &ListStatus       OUT
   &MULT [&Type "Integer"] 1
   &CHARGE [&Type "Integer"] 0
   &NUMOFATOMS [&Type "Integer"] 23
   &NUMOFELECTRONS [&Type "Integer"] 58
   &NUMOFFCELECTRONS [&Type "Integer"] 1
   &NUMOFCORRELECTRONS [&Type "Integer"] 0
   &NUMOFBASISFUNCTS [&Type "Integer"] 213
   &NUMOFAUXCBASISFUNCTS [&Type "Integer"] 0
   &NUMOFAUXJBASISFUNCTS [&Type "Integer"] 519
   &NUMOFAUXJKBASISFUNCTS [&Type "Integer"] 0
   &NUMOFCABSBASISFUNCTS [&Type "Integer"] 0
   &TOTALENERGY [&Type "Double"]      -2.7628239131701832e+02  "Hartrees"
$End
$SCF_Dipole_Moment
   &GeometryIndex 1
   &ListStatus       OUT
   &METHOD [&Type "String"] "SCF"
   &LEVEL [&Type "String"] "Relaxed density"
   &MULT [&Type "Integer"] 1
   &STATE [&Type "Integer"] -1
   &IRREP [&Type "Integer"] 0
   &NATOMS [&Type "Integer"] 23
   &DODIPOLEATOM [&Type "Boolean"] false
   &DIPOLEELECCONTRIB [&Type "ArrayOfDoubles", &Dim (3,1)] "Electronic contribution"
                                                         0

0                                     -4.3565575135228157e-01
1                                      5.3247677695200513e-01
2                                      4.7699347973949580e-01
   &DIPOLENUCCONTRIB [&Type "ArrayOfDoubles", &Dim (3,1)] "Nuclear contribution"
                                                         0

0                                      4.1398600306562461e-01
1                                     -5.3149544588826725e-01
2                                     -4.5743709456614723e-01
   &DIPOLETOTAL [&Type "ArrayOfDoubles", &Dim (3,1)] "Total"
                                                         0

0                                     -2.1669748286656965e-02
1                                      9.8133106373787804e-04
2                                      1.9556385173348567e-02
   &DIPOLEMAGNITUDE [&Type "Double", &Units "a.u."]       2.9206047362012152e-02
$End
