           1           2   1.02168415238143     
           2           3  0.972816724139945     
           3           4   1.05610602184779     
           4           5   1.77585827176939     
           5           6   1.12701432669023     
           4           7  0.103882024801133     
           6           7   1.78369459625903     
           1           8  0.986448697396568     
           1           9  0.986099161652840     
           1          10  0.985528366907498     
           2          11  0.979062475855265     
           2          12  0.975159681570578     
           3          13  0.973171195702071     
           3          14  0.942139402838078     
           4          15  0.957221165955094     
           5          16  0.958041464021208     
           6          17  0.932379149244342     
