$hessian                                                                        
        0.5084693201  -0.0188868821   0.0186806372  -0.0889487670  -0.0392647479
        0.0352285685  -0.0190200189  -0.0204215527   0.0159636170   0.0002221826
       -0.0001434763  -0.0000950325   0.0011210389  -0.0004762905   0.0001224846
       -0.0005474418   0.0002310728   0.0002775732  -0.0003304271  -0.0000713722
       -0.0002018565  -0.0677018537   0.0711285562   0.0165171282  -0.0540391475
       -0.0090879080  -0.0476420005  -0.2789521929   0.0116821818  -0.0342175577
        0.0041617791   0.0058258654  -0.0053932013   0.0016505485   0.0013557948
       -0.0004773261  -0.0063010098  -0.0014671468  -0.0001190115   0.0009809586
        0.0001009770   0.0010775279  -0.0002364667  -0.0000242430   0.0000404677
       -0.0006571029  -0.0005139665   0.0002130540   0.0001286005   0.0000331379
        0.0000249278
       -0.0188868821   0.4979359237   0.0259751963  -0.0380373913  -0.1304518261
        0.0545568160  -0.0061955327  -0.0028103954   0.0018646192  -0.0004096423
       -0.0002428876   0.0001559862  -0.0000841661  -0.0000048371  -0.0000828576
        0.0001312933   0.0000497947  -0.0000699830   0.0001476215   0.0001226629
        0.0000488733   0.0710881536  -0.2469054111  -0.0518059609  -0.0090752369
       -0.0542338639  -0.0477099940   0.0111837421  -0.0432427383   0.0000647283
       -0.0117624061  -0.0250714905   0.0180266191   0.0013424233   0.0032315780
       -0.0011759281  -0.0005571274   0.0010070656  -0.0000703497   0.0003600278
        0.0002010144   0.0001902399   0.0000096447   0.0001129434  -0.0000955474
        0.0007840915   0.0003514408   0.0001068482  -0.0000386130  -0.0000489734
        0.0000206944
        0.0186806372   0.0259751963   0.5003276711   0.0343334472   0.0547474693
       -0.1166151798   0.0020719574  -0.0012707441   0.0014642868  -0.0003183604
       -0.0000670560  -0.0000334401   0.0002572254  -0.0001059560  -0.0002386069
       -0.0002344574   0.0000447698   0.0002467109   0.0000405575   0.0000589679
        0.0001759305   0.0165091870  -0.0510979761  -0.0565398321  -0.0478572762
       -0.0477858076  -0.2621417527  -0.0339186969   0.0000941956  -0.0483454609
       -0.0006787778  -0.0004969072   0.0023677093   0.0130696306   0.0209919413
       -0.0227517974  -0.0013431592  -0.0005423116   0.0007566799  -0.0009291552
       -0.0006715960   0.0012994717  -0.0000315738   0.0001319614   0.0000343002
        0.0003342695  -0.0000331340   0.0000269529   0.0000145451   0.0000269871
       -0.0000336434
       -0.0889487670  -0.0380373913   0.0343334472   0.4616435419  -0.0169761955
        0.0020927670  -0.1866019942  -0.0123997992  -0.0238035634  -0.0211540768
        0.0062986897  -0.0013492829  -0.0007328859   0.0025595149   0.0003731497
       -0.0011784788   0.0001016935   0.0004849334   0.0002008396   0.0000463680
        0.0000848258   0.0044757213   0.0050070525  -0.0051813242   0.0020700319
        0.0029660373  -0.0012796463  -0.0172776640  -0.0212952018   0.0182851834
       -0.0795714955   0.0853898605   0.0162167107  -0.0476645962  -0.0071809808
       -0.0338010395  -0.0168259091  -0.0037085460  -0.0011679749  -0.0099832643
       -0.0013483835  -0.0051297366   0.0008919763  -0.0007973184  -0.0002996345
        0.0005281835  -0.0005100881   0.0000284153   0.0001288373  -0.0001153118
        0.0001127698
       -0.0392647479  -0.1304518261   0.0547474693  -0.0169761955   0.5108122832
        0.0247562897  -0.0088775475  -0.0649027544  -0.0023648552   0.0252323577
       -0.0013256268   0.0031178626   0.0001754857  -0.0048973651  -0.0006938393
        0.0025854461   0.0002995007  -0.0013009973   0.0002459366   0.0007775084
        0.0005373850  -0.0118001803  -0.0246535847   0.0174699791   0.0016744689
        0.0033666996  -0.0003663965  -0.0020612717  -0.0012530523   0.0010001592
        0.0852160933  -0.2266257437  -0.0381513572  -0.0072154085  -0.0589350540
       -0.0553243175  -0.0224726725  -0.0034981657  -0.0023568811  -0.0067226289
        0.0000667009  -0.0018009390   0.0005077272   0.0006208646   0.0004451596
       -0.0001728946   0.0005344479   0.0003537945  -0.0000739681   0.0000651675
       -0.0000685159
        0.0352285685   0.0545568160  -0.1166151798   0.0020927670   0.0247562897
        0.5157230153  -0.0243658940  -0.0020608650  -0.0713274934   0.0059431486
       -0.0003430382   0.0009128555  -0.0008200627  -0.0015879242  -0.0002349788
        0.0011401350   0.0000233460  -0.0004441173   0.0003260396   0.0003830172
        0.0004309528  -0.0026802882  -0.0014544106   0.0032658175   0.0130421995
        0.0205436025  -0.0234891990  -0.0002810842  -0.0010703397   0.0015994639
        0.0157723993  -0.0379967015  -0.0528201283  -0.0336310270  -0.0559933022
       -0.2518669278   0.0165997687   0.0032309794   0.0023772299  -0.0293159629
       -0.0031999361  -0.0082327823   0.0013530107  -0.0001347448   0.0006815980
       -0.0002161459   0.0002490482   0.0000661260  -0.0001875722   0.0000981632
       -0.0000262522
       -0.0190200189  -0.0061955327   0.0020719574  -0.1866019942  -0.0088775475
       -0.0243658940   0.4564406153   0.0215244076   0.0012188357  -0.0817851076
        0.0496648158   0.0112257480  -0.0204765664   0.0218910460   0.0030008848
       -0.0076796259  -0.0005136584   0.0018652463  -0.0014929121   0.0019077324
        0.0022359295   0.0004254556   0.0003155011  -0.0002167073   0.0008929497
        0.0005477458  -0.0006786054  -0.0009057957  -0.0022521701   0.0016507419
       -0.0190337369   0.0018332897  -0.0027907726  -0.0104038478  -0.0016357805
       -0.0051836474  -0.0700107568  -0.0622184387   0.0459468118  -0.0470377177
       -0.0092035885  -0.0354811966   0.0018022234  -0.0028878043   0.0002327816
        0.0042103363  -0.0035742431  -0.0014886486   0.0006764996  -0.0003257748
        0.0007565350
       -0.0204215527  -0.0028103954  -0.0012707441  -0.0123997992  -0.0649027544
       -0.0020608650   0.0215244076   0.4827505764  -0.0148070344   0.0451784407
       -0.1557345079  -0.0276736796   0.0113510859   0.0015205773   0.0001086558
       -0.0040141632   0.0004046470   0.0028707677  -0.0017327153  -0.0004556511
       -0.0018055718  -0.0002429983   0.0003042509  -0.0003981697   0.0002297750
        0.0006312297  -0.0005973808  -0.0026413370  -0.0025525689   0.0022918367
        0.0261334679  -0.0008893982   0.0043105293  -0.0076403597  -0.0002478567
       -0.0026926696  -0.0621610789  -0.1700587633   0.0960678144  -0.0092906604
       -0.0533803128  -0.0452921816   0.0047385277  -0.0090336440  -0.0058101850
        0.0110425524  -0.0254565090  -0.0032403974   0.0003464075  -0.0000889196
       -0.0000007249
        0.0159636170   0.0018646192   0.0014642868  -0.0238035634  -0.0023648552
       -0.0713274934   0.0012188357  -0.0148070344   0.5374091951   0.0102033136
       -0.0276219802  -0.0750744794   0.0060534167   0.0027938464   0.0000281573
       -0.0019099827   0.0004658884   0.0024596825  -0.0017106487  -0.0007602994
       -0.0010966255  -0.0000649027  -0.0002618425   0.0003585011   0.0014212877
        0.0002156232   0.0010019133   0.0027371578   0.0027913095  -0.0016539165
        0.0050130707  -0.0003570572   0.0014269521  -0.0298497533  -0.0029860997
       -0.0084993882   0.0458442395   0.0955845327  -0.1192334682  -0.0365880913
       -0.0441732195  -0.2621212605   0.0123555873  -0.0245401679  -0.0093031900
       -0.0074405813   0.0141268742   0.0041017612   0.0005569973   0.0000298625
        0.0000593722
        0.0002221826  -0.0004096423  -0.0003183604  -0.0211540768   0.0252323577
        0.0059431486  -0.0817851076   0.0451784407   0.0102033136   0.4534021876
        0.0106205302   0.0083583535  -0.1705386114  -0.0089382991  -0.0068506329
       -0.0458039911   0.0064468982   0.0131610731  -0.0262701945  -0.0141089527
       -0.0203677995  -0.0009209604   0.0007839582   0.0002177069  -0.0000571394
        0.0000325465   0.0001202992  -0.0002806237   0.0004288534   0.0000220668
       -0.0069909999   0.0009402753  -0.0006314570   0.0010312946   0.0003825062
        0.0009463960   0.0034109520  -0.0040194854  -0.0026194777   0.0012015323
       -0.0014053932   0.0007162427  -0.0524641657  -0.0120504766  -0.0473081391
       -0.0544247893  -0.0491809607   0.0385912274   0.0014225107   0.0000668438
       -0.0001839612
       -0.0001434763  -0.0002428876  -0.0000670560   0.0062986897  -0.0013256268
       -0.0003430382   0.0496648158  -0.1557345079  -0.0276219802   0.0106205302
        0.4645438875   0.0105426848  -0.0149521508  -0.0687695692   0.0038066312
        0.0200310917   0.0149303402  -0.0097082543  -0.0203931611  -0.0023961691
       -0.0105071579  -0.0004615383   0.0005748575  -0.0001011269   0.0000220817
        0.0000449277   0.0000016312  -0.0002380002   0.0001537075   0.0000849942
       -0.0000086194   0.0012196143  -0.0000974747  -0.0008961978   0.0005493712
        0.0001485006   0.0121187911  -0.0262006387  -0.0043129346   0.0052784669
       -0.0102139472  -0.0057459338  -0.0116946915  -0.0595856188  -0.0586022518
       -0.0540576649  -0.1601835111   0.1070327988  -0.0011889669   0.0026357703
       -0.0045100325
       -0.0000950325   0.0001559862  -0.0000334401  -0.0013492829   0.0031178626
        0.0009128555   0.0112257480  -0.0276736796  -0.0750744794   0.0083583535
        0.0105426848   0.5368817987  -0.0237222191   0.0037794577  -0.0658939793
        0.0355377174  -0.0100658984  -0.0006666247  -0.0316970366  -0.0104311247
       -0.0066027773   0.0005606557  -0.0001295756   0.0001292281  -0.0000325094
       -0.0001008887   0.0001315503  -0.0000084715  -0.0000770734   0.0000523385
       -0.0014893316   0.0002173988   0.0005054920  -0.0008501037   0.0010715698
        0.0009003745  -0.0069022082   0.0140669743   0.0043653761   0.0136614583
       -0.0266519051  -0.0101269398  -0.0438448271  -0.0594470453  -0.2515493010
        0.0428640657   0.1070466175  -0.1321128767  -0.0022169760  -0.0054213609
       -0.0018185955
        0.0011210389  -0.0000841661   0.0002572254  -0.0007328859   0.0001754857
       -0.0008200627  -0.0204765664   0.0113510859   0.0060534167  -0.1705386114
       -0.0149521508  -0.0237222191   0.6754123664  -0.0897445283  -0.1566876879
       -0.3426547545   0.1522078896   0.2464020751  -0.1070207199  -0.0250276092
       -0.0384881863  -0.0004295776  -0.0002415827  -0.0000606550  -0.0004546882
        0.0000369030  -0.0001237912   0.0007134866  -0.0000409375   0.0000721013
        0.0007254950  -0.0006027284  -0.0001773429  -0.0002292737   0.0003832785
        0.0004465386   0.0007369328  -0.0015923196   0.0005069763   0.0006801790
       -0.0000419297  -0.0002811192  -0.0090315494  -0.0047689777  -0.0032651773
       -0.0141796330  -0.0050657616   0.0039654134  -0.0136412388  -0.0219919511
       -0.0340775053
       -0.0004762905  -0.0000048371  -0.0001059560   0.0025595149  -0.0048973651
       -0.0015879242   0.0218910460   0.0015205773   0.0027938464  -0.0089382991
       -0.0687695692   0.0037794577  -0.0897445283   0.3389570594   0.2257067904
        0.1429750234  -0.1488606372  -0.1368489516  -0.0284802003  -0.1111200819
       -0.0868352129  -0.0000643522   0.0000507417   0.0001394592   0.0000809254
        0.0000002928  -0.0000276845  -0.0000869417   0.0001026884   0.0000466840
        0.0019056348  -0.0003306882   0.0001730252  -0.0002648552  -0.0001031813
       -0.0001220239   0.0016577905  -0.0006594529   0.0009924427   0.0006743241
        0.0003769324  -0.0008297207  -0.0075956941  -0.0008211286  -0.0023362642
       -0.0240324645  -0.0042955201   0.0004280934  -0.0120606331  -0.0011458305
       -0.0053660611
        0.0001224846  -0.0000828576  -0.0002386069   0.0003731497  -0.0006938393
       -0.0002349788   0.0030008848   0.0001086558   0.0000281573  -0.0068506329
        0.0038066312  -0.0658939793  -0.1566876879   0.2257067904   0.5537846264
        0.2299300787  -0.1361305777  -0.2848197138  -0.0440334312  -0.0891672221
       -0.1924958380  -0.0000894617  -0.0000271860   0.0000538058   0.0002123542
       -0.0000180090  -0.0000427314  -0.0001291837  -0.0000337129   0.0000274643
        0.0002918597  -0.0000526210   0.0001722900  -0.0001570144  -0.0000692654
       -0.0001243079  -0.0003691737   0.0003206942   0.0009479370   0.0015372711
       -0.0005496393  -0.0012683390  -0.0293141921  -0.0043026206  -0.0067862307
        0.0202839905   0.0059322250   0.0015164385  -0.0181212957  -0.0047474458
       -0.0046259933
       -0.0005474418   0.0001312933  -0.0002344574  -0.0011784788   0.0025854461
        0.0011401350  -0.0076796259  -0.0040141632  -0.0019099827  -0.0458039911
        0.0200310917   0.0355377174  -0.3426547545   0.1429750234   0.2299300787
        0.3777251985  -0.1773902595  -0.2884331490   0.0209796671   0.0133611036
        0.0223321531   0.0002764886   0.0001825165   0.0000359748   0.0002297376
        0.0000019236   0.0000056046  -0.0002497418   0.0000535548  -0.0000408812
       -0.0011330786   0.0003501011  -0.0000144382   0.0002310977  -0.0001255940
       -0.0000350083   0.0001967815   0.0001924513  -0.0003514645   0.0003295901
       -0.0001562115   0.0000257811   0.0032852738   0.0013019403   0.0009416397
       -0.0036227589  -0.0002558292  -0.0001015281  -0.0003839636   0.0007756118
        0.0011718249
        0.0002310728   0.0000497947   0.0000447698   0.0001016935   0.0002995007
        0.0000233460  -0.0005136584   0.0004046470   0.0004658884   0.0064468982
        0.0149303402  -0.0100658984   0.1522078896  -0.1488606372  -0.1361305777
       -0.1773902595   0.1529690685   0.2063778479   0.0161160095  -0.0156962800
       -0.0654384148  -0.0000113732  -0.0000372535  -0.0000381141  -0.0001055066
        0.0000102707   0.0000100004   0.0000385125  -0.0000260972   0.0000343323
       -0.0001512006  -0.0000469207  -0.0000393002   0.0000174691  -0.0000013526
        0.0001039816  -0.0003966660  -0.0002551610   0.0000417155  -0.0004848572
        0.0000776797   0.0000993870  -0.0009438407  -0.0011005929   0.0008377581
        0.0031314258  -0.0003278023  -0.0003896026   0.0017063915  -0.0023892041
        0.0040628807
        0.0002775732  -0.0000699830   0.0002467109   0.0004849334  -0.0013009973
       -0.0004441173   0.0018652463   0.0028707677   0.0024596825   0.0131610731
       -0.0097082543  -0.0006666247   0.2464020751  -0.1368489516  -0.2848197138
       -0.2884331490   0.2063778479   0.3575067874   0.0257052024  -0.0645715592
       -0.0773995266  -0.0000563351   0.0000254142  -0.0001233888  -0.0001673906
       -0.0000061511  -0.0000171315   0.0001401457  -0.0000088386   0.0000220821
        0.0004976798  -0.0000980962   0.0000249591   0.0000381169   0.0001168461
        0.0001717835  -0.0000103902  -0.0005277806  -0.0001397057  -0.0006736241
        0.0001510765   0.0002167269   0.0000557216  -0.0002159750   0.0011403791
       -0.0017609222  -0.0002066305   0.0005512148   0.0024740437   0.0040212650
        0.0012698820
       -0.0003304271   0.0001476215   0.0000405575   0.0002008396   0.0002459366
        0.0003260396  -0.0014929121  -0.0017327153  -0.0017106487  -0.0262701945
       -0.0203931611  -0.0316970366  -0.1070207199  -0.0284802003  -0.0440334312
        0.0209796671   0.0161160095   0.0257052024   0.5081637394   0.0436232789
        0.0550200782   0.0001477059   0.0000271803  -0.0000844981   0.0000553451
        0.0000151566   0.0000435636  -0.0001403698   0.0000133126  -0.0000311189
       -0.0001984856   0.0002039647   0.0000915169   0.0001119273  -0.0001078710
       -0.0001172643   0.0002261426   0.0003702608  -0.0004655911  -0.0016265120
        0.0001550292   0.0001945432  -0.0081915892  -0.0016013531  -0.0018121693
       -0.0008606469  -0.0005596797  -0.0009459813  -0.3837535101  -0.0080427701
       -0.0005237619
       -0.0000713722   0.0001226629   0.0000589679   0.0000463680   0.0007775084
        0.0003830172   0.0019077324  -0.0004556511  -0.0007602994  -0.0141089527
       -0.0023961691  -0.0104311247  -0.0250276092  -0.1111200819  -0.0891672221
        0.0133611036  -0.0156962800  -0.0645715592   0.0436232789   0.1493432134
        0.1736805627   0.0000846620   0.0000248808  -0.0000364733   0.0000197189
       -0.0000619453   0.0000242811  -0.0000179567   0.0000293789  -0.0000667875
       -0.0003319143   0.0001770703   0.0000664955   0.0001444560  -0.0000540405
       -0.0000349518  -0.0003848650   0.0007880243  -0.0009513782  -0.0000989202
       -0.0002758631   0.0009773715  -0.0018164015   0.0006373919  -0.0005615783
        0.0007916902   0.0001200606  -0.0004140664  -0.0181210183  -0.0219601605
       -0.0081952548
       -0.0002018565   0.0000488733   0.0001759305   0.0000848258   0.0005373850
        0.0004309528   0.0022359295  -0.0018055718  -0.0010966255  -0.0203677995
       -0.0105071579  -0.0066027773  -0.0384881863  -0.0868352129  -0.1924958380
        0.0223321531  -0.0654384148  -0.0773995266   0.0550200782   0.1736805627
        0.3081165074   0.0000273293  -0.0000182694  -0.0000984537  -0.0000568616
        0.0000470783   0.0000840892  -0.0000269889  -0.0000246720  -0.0000183521
       -0.0003264882   0.0001516486   0.0000091135   0.0000831167  -0.0000997099
       -0.0001048226   0.0001049396   0.0004352449  -0.0003052418  -0.0005506783
        0.0004603907   0.0006534339  -0.0022719132  -0.0007988798  -0.0000233338
       -0.0008651237  -0.0012001556  -0.0014802892  -0.0167324761  -0.0086331395
       -0.0298447666
       -0.0677018537   0.0710881536   0.0165091870   0.0044757213  -0.0118001803
       -0.0026802882   0.0004254556  -0.0002429983  -0.0000649027  -0.0009209604
       -0.0004615383   0.0005606557  -0.0004295776  -0.0000643522  -0.0000894617
        0.0002764886  -0.0000113732  -0.0000563351   0.0001477059   0.0000846620
        0.0000273293   0.0788492245  -0.0827701458  -0.0210369597   0.0024986847
       -0.0058551205  -0.0020182494  -0.0155313379   0.0318508601   0.0078016011
       -0.0003323216  -0.0023738048   0.0014579502   0.0002829246   0.0002694299
       -0.0004814500  -0.0000394961   0.0002132011   0.0000088939  -0.0000599150
       -0.0000184006  -0.0000435521  -0.0000274066  -0.0000173347   0.0002408083
       -0.0018797327   0.0001448975  -0.0001494239  -0.0000336035  -0.0000359553
        0.0000141973
        0.0711285562  -0.2469054111  -0.0510979761   0.0050070525  -0.0246535847
       -0.0014544106   0.0003155011   0.0003042509  -0.0002618425   0.0007839582
        0.0005748575  -0.0001295756  -0.0002415827   0.0000507417  -0.0000271860
        0.0001825165  -0.0000372535   0.0000254142   0.0000271803   0.0000248808
       -0.0000182694  -0.0827701458   0.2875637575   0.0569632038   0.0034427299
       -0.0096558123  -0.0055399211   0.0044786235  -0.0046327505  -0.0014392649
       -0.0023469901  -0.0038898631   0.0035699913   0.0003575782   0.0007640092
       -0.0004501091   0.0002023035   0.0000471693  -0.0001432019   0.0000967891
       -0.0002561998  -0.0000407653  -0.0001361059   0.0000282617   0.0002264881
       -0.0006043773   0.0006740809  -0.0001954486   0.0000764128  -0.0000011345
        0.0000128738
        0.0165171282  -0.0518059609  -0.0565398321  -0.0051813242   0.0174699791
        0.0032658175  -0.0002167073  -0.0003981697   0.0003585011   0.0002177069
       -0.0001011269   0.0001292281  -0.0000606550   0.0001394592   0.0000538058
        0.0000359748  -0.0000381141  -0.0001233888  -0.0000844981  -0.0000364733
       -0.0000984537  -0.0210369597   0.0569632038   0.0633430915   0.0103412344
       -0.0306201363  -0.0110448516  -0.0019304229   0.0038497323   0.0016256869
        0.0016857297   0.0038375937  -0.0016026582  -0.0004061339   0.0007208133
        0.0006437758  -0.0000431353  -0.0000339803  -0.0000434616   0.0000443599
       -0.0001251386  -0.0001805752   0.0002052154   0.0001494856  -0.0003677214
       -0.0000693063   0.0000821584   0.0005483802  -0.0000182067  -0.0000533252
        0.0000326556
       -0.0540391475  -0.0090752369  -0.0478572762   0.0020700319   0.0016744689
        0.0130421995   0.0008929497   0.0002297750   0.0014212877  -0.0000571394
        0.0000220817  -0.0000325094  -0.0004546882   0.0000809254   0.0002123542
        0.0002297376  -0.0001055066  -0.0001673906   0.0000553451   0.0000197189
       -0.0000568616   0.0024986847   0.0034427299   0.0103412344   0.0605603333
        0.0127050090   0.0543779388  -0.0108233426  -0.0072308906  -0.0330150104
        0.0000535085   0.0003677489  -0.0003676387  -0.0006557134  -0.0019818603
        0.0023550606   0.0000159922   0.0000679631  -0.0001479757  -0.0002771022
       -0.0003531852  -0.0001416680   0.0000402563  -0.0000331417  -0.0001401798
       -0.0000633287   0.0001976168   0.0001522323  -0.0000463772  -0.0000282163
        0.0000242029
       -0.0090879080  -0.0542338639  -0.0477858076   0.0029660373   0.0033666996
        0.0205436025   0.0005477458   0.0006312297   0.0002156232   0.0000325465
        0.0000449277  -0.0001008887   0.0000369030   0.0000002928  -0.0000180090
        0.0000019236   0.0000102707  -0.0000061511   0.0000151566  -0.0000619453
        0.0000470783  -0.0058551205  -0.0096558123  -0.0306201363   0.0127050090
        0.0611267865   0.0529106197   0.0004407874   0.0008417724   0.0011181861
        0.0001880163   0.0004503073   0.0005040514  -0.0020504486  -0.0022919551
        0.0035891188   0.0001838372   0.0000023803  -0.0000257925  -0.0002258515
        0.0000319357  -0.0001326492  -0.0000333462  -0.0001441441   0.0000699426
        0.0001355931  -0.0001441457  -0.0003078719  -0.0000008811   0.0000252636
       -0.0000009162
       -0.0476420005  -0.0477099940  -0.2621417527  -0.0012796463  -0.0003663965
       -0.0234891990  -0.0006786054  -0.0005973808   0.0010019133   0.0001202992
        0.0000016312   0.0001315503  -0.0001237912  -0.0000276845  -0.0000427314
        0.0000056046   0.0000100004  -0.0000171315   0.0000435636   0.0000242811
        0.0000840892  -0.0020182494  -0.0055399211  -0.0110448516   0.0543779388
        0.0529106197   0.3058904670  -0.0046736527  -0.0021768751  -0.0080599724
       -0.0003395077  -0.0002816871   0.0003629995   0.0019091853   0.0038769741
       -0.0030658562  -0.0003288187  -0.0000832863   0.0002016637   0.0006487892
        0.0002166013   0.0002976722  -0.0001930015   0.0000355938   0.0000665111
        0.0002325406  -0.0003006164  -0.0002096105  -0.0000606478   0.0000081402
        0.0000342392
       -0.2789521929   0.0111837421  -0.0339186969  -0.0172776640  -0.0020612717
       -0.0002810842  -0.0009057957  -0.0026413370   0.0027371578  -0.0002806237
       -0.0002380002  -0.0000084715   0.0007134866  -0.0000869417  -0.0001291837
       -0.0002497418   0.0000385125   0.0001401457  -0.0001403698  -0.0000179567
       -0.0000269889  -0.0155313379   0.0044786235  -0.0019304229  -0.0108233426
        0.0004407874  -0.0046736527   0.3235582684  -0.0112011569   0.0382269401
        0.0005323131   0.0000802217  -0.0005074599   0.0000724541   0.0003738229
        0.0000994398  -0.0011407387  -0.0002791330   0.0000675997   0.0002807764
        0.0001329991   0.0002258810  -0.0000239379  -0.0000347998  -0.0000427034
        0.0001921588  -0.0001922602  -0.0000061942  -0.0000237125   0.0000241481
        0.0000276941
        0.0116821818  -0.0432427383   0.0000941956  -0.0212952018  -0.0012530523
       -0.0010703397  -0.0022521701  -0.0025525689   0.0027913095   0.0004288534
        0.0001537075  -0.0000770734  -0.0000409375   0.0001026884  -0.0000337129
        0.0000535548  -0.0000260972  -0.0000088386   0.0000133126   0.0000293789
       -0.0000246720   0.0318508601  -0.0046327505   0.0038497323  -0.0072308906
        0.0008417724  -0.0021768751  -0.0112011569   0.0504603080  -0.0028566765
       -0.0008263071   0.0003245483  -0.0002634015   0.0001462805   0.0002219873
       -0.0003080139  -0.0012672834  -0.0003476991   0.0000209611   0.0001666024
       -0.0000867338   0.0001109203   0.0000005101  -0.0000340798   0.0000649289
       -0.0002156439   0.0000214347  -0.0001328815  -0.0000125644   0.0000198944
        0.0000204375
       -0.0342175577   0.0000647283  -0.0483454609   0.0182851834   0.0010001592
        0.0015994639   0.0016507419   0.0022918367  -0.0016539165   0.0000220668
        0.0000849942   0.0000523385   0.0000721013   0.0000466840   0.0000274643
       -0.0000408812   0.0000343323   0.0000220821  -0.0000311189  -0.0000667875
       -0.0000183521   0.0078016011  -0.0014392649   0.0016256869  -0.0330150104
        0.0011181861  -0.0080599724   0.0382269401  -0.0028566765   0.0541072705
       -0.0000782097  -0.0004665867   0.0004267276   0.0004067520  -0.0001124369
        0.0001211029   0.0009548124   0.0002692176   0.0001758087   0.0000209913
        0.0001104317  -0.0000630061   0.0000021081   0.0000146437   0.0000260046
       -0.0000671765  -0.0000969014  -0.0000836697   0.0000066560   0.0000034401
        0.0000404278
        0.0041617791  -0.0117624061  -0.0006787778  -0.0795714955   0.0852160933
        0.0157723993  -0.0190337369   0.0261334679   0.0050130707  -0.0069909999
       -0.0000086194  -0.0014893316   0.0007254950   0.0019056348   0.0002918597
       -0.0011330786  -0.0001512006   0.0004976798  -0.0001984856  -0.0003319143
       -0.0003264882  -0.0003323216  -0.0023469901   0.0016857297   0.0000535085
        0.0001880163  -0.0003395077   0.0005323131  -0.0008263071  -0.0000782097
        0.0986088299  -0.0958862364  -0.0203664557   0.0024764099  -0.0025430640
       -0.0003505991   0.0001733704   0.0005833582   0.0004029095   0.0004668610
        0.0003529609   0.0000637228   0.0000035260  -0.0002607405  -0.0001955769
        0.0000961738  -0.0002906166   0.0000389830  -0.0000381487   0.0000285636
        0.0000585922
        0.0058258654  -0.0250714905  -0.0004969072   0.0853898605  -0.2266257437
       -0.0379967015   0.0018332897  -0.0008893982  -0.0003570572   0.0009402753
        0.0012196143   0.0002173988  -0.0006027284  -0.0003306882  -0.0000526210
        0.0003501011  -0.0000469207  -0.0000980962   0.0002039647   0.0001770703
        0.0001516486  -0.0023738048  -0.0038898631   0.0038375937   0.0003677489
        0.0004503073  -0.0002816871   0.0000802217   0.0003245483  -0.0004665867
       -0.0958862364   0.2650141324   0.0411848235   0.0047411422  -0.0112137302
       -0.0057711623  -0.0003508629   0.0006794797  -0.0002179687  -0.0001070690
        0.0000289273   0.0002581558  -0.0001608704   0.0000785533   0.0001780779
       -0.0002000633   0.0000903786  -0.0000779074  -0.0000508342   0.0000048230
       -0.0000110029
       -0.0053932013   0.0180266191   0.0023677093   0.0162167107  -0.0381513572
       -0.0528201283  -0.0027907726   0.0043105293   0.0014269521  -0.0006314570
       -0.0000974747   0.0005054920  -0.0001773429   0.0001730252   0.0001722900
       -0.0000144382  -0.0000393002   0.0000249591   0.0000915169   0.0000664955
        0.0000091135   0.0014579502   0.0035699913  -0.0016026582  -0.0003676387
        0.0005040514   0.0003629995  -0.0005074599  -0.0002634015   0.0004267276
       -0.0203664557   0.0411848235   0.0588473952   0.0122676943  -0.0297742803
       -0.0098183356   0.0005973653  -0.0001184951  -0.0000220623  -0.0003060741
        0.0004296362   0.0000761863  -0.0001414923   0.0000885303   0.0001294444
        0.0000786414   0.0000710274  -0.0001093275  -0.0000135461   0.0000195799
        0.0000232428
        0.0016505485   0.0013424233   0.0130696306  -0.0476645962  -0.0072154085
       -0.0336310270  -0.0104038478  -0.0076403597  -0.0298497533   0.0010312946
       -0.0008961978  -0.0008501037  -0.0002292737  -0.0002648552  -0.0001570144
        0.0002310977   0.0000174691   0.0000381169   0.0001119273   0.0001444560
        0.0000831167   0.0002829246   0.0003575782  -0.0004061339  -0.0006557134
       -0.0020504486   0.0019091853   0.0000724541   0.0001462805   0.0004067520
        0.0024764099   0.0047411422   0.0122676943   0.0596478735   0.0115355182
        0.0389471294   0.0005059313  -0.0000036475  -0.0002790590  -0.0064757083
       -0.0007203717  -0.0020769850  -0.0004312001   0.0004900026   0.0004527692
       -0.0000541595  -0.0000388597   0.0000477516  -0.0000959627   0.0000552786
        0.0000279301
        0.0013557948   0.0032315780   0.0209919413  -0.0071809808  -0.0589350540
       -0.0559933022  -0.0016357805  -0.0002478567  -0.0029860997   0.0003825062
        0.0005493712   0.0010715698   0.0003832785  -0.0001031813  -0.0000692654
       -0.0001255940  -0.0000013526   0.0001168461  -0.0001078710  -0.0000540405
       -0.0000997099   0.0002694299   0.0007640092   0.0007208133  -0.0019818603
       -0.0022919551   0.0038769741   0.0003738229   0.0002219873  -0.0001124369
       -0.0025430640  -0.0112137302  -0.0297742803   0.0115355182   0.0678133515
        0.0624106314  -0.0002460520  -0.0002471255  -0.0003220755  -0.0007549405
        0.0005397810   0.0001503195   0.0002437171   0.0000876658  -0.0000740327
        0.0000274977  -0.0001621729   0.0001080899   0.0000045781   0.0000487246
       -0.0000159828
       -0.0004773261  -0.0011759281  -0.0227517974  -0.0338010395  -0.0553243175
       -0.2518669278  -0.0051836474  -0.0026926696  -0.0084993882   0.0009463960
        0.0001485006   0.0009003745   0.0004465386  -0.0001220239  -0.0001243079
       -0.0000350083   0.0001039816   0.0001717835  -0.0001172643  -0.0000349518
       -0.0001048226  -0.0004814500  -0.0004501091   0.0006437758   0.0023550606
        0.0035891188  -0.0030658562   0.0000994398  -0.0003080139   0.0001211029
       -0.0003505991  -0.0057711623  -0.0098183356   0.0389471294   0.0624106314
        0.2939675122   0.0002026984  -0.0001396173   0.0003557964  -0.0021174942
       -0.0005505657   0.0000250868  -0.0004211323   0.0002636021   0.0002826037
       -0.0000840065   0.0000081166  -0.0002861821   0.0000717049   0.0000454080
        0.0000495820
       -0.0063010098  -0.0005571274  -0.0013431592  -0.0168259091  -0.0224726725
        0.0165997687  -0.0700107568  -0.0621610789   0.0458442395   0.0034109520
        0.0121187911  -0.0069022082   0.0007369328   0.0016577905  -0.0003691737
        0.0001967815  -0.0003966660  -0.0000103902   0.0002261426  -0.0003848650
        0.0001049396  -0.0000394961   0.0002023035  -0.0000431353   0.0000159922
        0.0001838372  -0.0003288187  -0.0011407387  -0.0012672834   0.0009548124
        0.0001733704  -0.0003508629   0.0005973653   0.0005059313  -0.0002460520
        0.0002026984   0.0875894022   0.0686450895  -0.0537553097   0.0024845517
        0.0024427491  -0.0017880160   0.0001908715  -0.0003598018  -0.0001542384
       -0.0009043344   0.0028513950   0.0005074315  -0.0003086833   0.0000944540
       -0.0001168061
       -0.0014671468   0.0010070656  -0.0005423116  -0.0037085460  -0.0034981657
        0.0032309794  -0.0622184387  -0.1700587633   0.0955845327  -0.0040194854
       -0.0262006387   0.0140669743  -0.0015923196  -0.0006594529   0.0003206942
        0.0001924513  -0.0002551610  -0.0005277806   0.0003702608   0.0007880243
        0.0004352449   0.0002132011   0.0000471693  -0.0000339803   0.0000679631
        0.0000023803  -0.0000832863  -0.0002791330  -0.0003476991   0.0002692176
        0.0005833582   0.0006794797  -0.0001184951  -0.0000036475  -0.0002471255
       -0.0001396173   0.0686450895   0.2008059867  -0.1111410114   0.0010108545
        0.0033195819  -0.0005184011  -0.0004570441   0.0002745684   0.0003364653
        0.0029332552  -0.0054938184  -0.0012591971  -0.0002706726  -0.0001634317
        0.0001199722
       -0.0001190115  -0.0000703497   0.0007566799  -0.0011679749  -0.0023568811
        0.0023772299   0.0459468118   0.0960678144  -0.1192334682  -0.0026194777
       -0.0043129346   0.0043653761   0.0005069763   0.0009924427   0.0009479370
       -0.0003514645   0.0000417155  -0.0001397057  -0.0004655911  -0.0009513782
       -0.0003052418   0.0000088939  -0.0001432019  -0.0000434616  -0.0001479757
       -0.0000257925   0.0002016637   0.0000675997   0.0000209611   0.0001758087
        0.0004029095  -0.0002179687  -0.0000220623  -0.0002790590  -0.0003220755
        0.0003557964  -0.0537553097  -0.1111410114   0.1332588879   0.0115018695
        0.0238570298  -0.0238294079  -0.0000886008  -0.0004573994   0.0004323046
        0.0004990495  -0.0011539004   0.0008259316   0.0000603546   0.0001729301
       -0.0001242684
        0.0009809586   0.0003600278  -0.0009291552  -0.0099832643  -0.0067226289
       -0.0293159629  -0.0470377177  -0.0092906604  -0.0365880913   0.0012015323
        0.0052784669   0.0136614583   0.0006801790   0.0006743241   0.0015372711
        0.0003295901  -0.0004848572  -0.0006736241  -0.0016265120  -0.0000989202
       -0.0005506783  -0.0000599150   0.0000967891   0.0000443599  -0.0002771022
       -0.0002258515   0.0006487892   0.0002807764   0.0001666024   0.0000209913
        0.0004668610  -0.0001070690  -0.0003060741  -0.0064757083  -0.0007549405
       -0.0021174942   0.0024845517   0.0010108545   0.0115018695   0.0598714750
        0.0077907683   0.0424441430  -0.0011498534   0.0026324681   0.0008481761
        0.0005399534  -0.0004584666  -0.0002133830  -0.0002258049   0.0001330932
       -0.0000125954
        0.0001009770   0.0002010144  -0.0006715960  -0.0013483835   0.0000667009
       -0.0031999361  -0.0092035885  -0.0533803128  -0.0441732195  -0.0014053932
       -0.0102139472  -0.0266519051  -0.0000419297   0.0003769324  -0.0005496393
       -0.0001562115   0.0000776797   0.0001510765   0.0001550292  -0.0002758631
        0.0004603907  -0.0000184006  -0.0002561998  -0.0001251386  -0.0003531852
        0.0000319357   0.0002166013   0.0001329991  -0.0000867338   0.0001104317
        0.0003529609   0.0000289273   0.0004296362  -0.0007203717   0.0005397810
       -0.0005505657   0.0024427491   0.0033195819   0.0238570298   0.0077907683
        0.0636234770   0.0540148055   0.0028825080  -0.0046553263  -0.0024445012
       -0.0003969326   0.0004945934  -0.0008930029  -0.0002135951   0.0001077593
        0.0000195327
        0.0010775279   0.0001902399   0.0012994717  -0.0051297366  -0.0018009390
       -0.0082327823  -0.0354811966  -0.0452921816  -0.2621212605   0.0007162427
       -0.0057459338  -0.0101269398  -0.0002811192  -0.0008297207  -0.0012683390
        0.0000257811   0.0000993870   0.0002167269   0.0001945432   0.0009773715
        0.0006534339  -0.0000435521  -0.0000407653  -0.0001805752  -0.0001416680
       -0.0001326492   0.0002976722   0.0002258810   0.0001109203  -0.0000630061
        0.0000637228   0.0002581558   0.0000761863  -0.0020769850   0.0001503195
        0.0000250868  -0.0017880160  -0.0005184011  -0.0238294079   0.0424441430
        0.0540148055   0.3021613180   0.0009038699  -0.0020070299   0.0001442304
       -0.0002334035   0.0005392554   0.0007877577  -0.0004760348   0.0000271656
        0.0001604269
       -0.0002364667   0.0000096447  -0.0000315738   0.0008919763   0.0005077272
        0.0013530107   0.0018022234   0.0047385277   0.0123555873  -0.0524641657
       -0.0116946915  -0.0438448271  -0.0090315494  -0.0075956941  -0.0293141921
        0.0032852738  -0.0009438407   0.0000557216  -0.0081915892  -0.0018164015
       -0.0022719132  -0.0000274066  -0.0001361059   0.0002052154   0.0000402563
       -0.0000333462  -0.0001930015  -0.0000239379   0.0000005101   0.0000021081
        0.0000035260  -0.0001608704  -0.0001414923  -0.0004312001   0.0002437171
       -0.0004211323   0.0001908715  -0.0004570441  -0.0000886008  -0.0011498534
        0.0028825080   0.0009038699   0.0627509502   0.0144136070   0.0542611981
        0.0032410184   0.0013349060   0.0081760794  -0.0006499271  -0.0012931533
       -0.0010060573
       -0.0000242430   0.0001129434   0.0001319614  -0.0007973184   0.0006208646
       -0.0001347448  -0.0028878043  -0.0090336440  -0.0245401679  -0.0120504766
       -0.0595856188  -0.0594470453  -0.0047689777  -0.0008211286  -0.0043026206
        0.0013019403  -0.0011005929  -0.0002159750  -0.0016013531   0.0006373919
       -0.0007988798  -0.0000173347   0.0000282617   0.0001494856  -0.0000331417
       -0.0001441441   0.0000355938  -0.0000347998  -0.0000340798   0.0000146437
       -0.0002607405   0.0000785533   0.0000885303   0.0004900026   0.0000876658
        0.0002636021  -0.0003598018   0.0002745684  -0.0004573994   0.0026324681
       -0.0046553263  -0.0020070299   0.0144136070   0.0687320902   0.0703944148
        0.0041629915   0.0048537232   0.0212584868  -0.0001650181  -0.0000515281
       -0.0004328559
        0.0000404677  -0.0000955474   0.0000343002  -0.0002996345   0.0004451596
        0.0006815980   0.0002327816  -0.0058101850  -0.0093031900  -0.0473081391
       -0.0586022518  -0.2515493010  -0.0032651773  -0.0023362642  -0.0067862307
        0.0009416397   0.0008377581   0.0011403791  -0.0018121693  -0.0005615783
       -0.0000233338   0.0002408083   0.0002264881  -0.0003677214  -0.0001401798
        0.0000699426   0.0000665111  -0.0000427034   0.0000649289   0.0000260046
       -0.0001955769   0.0001780779   0.0001294444   0.0004527692  -0.0000740327
        0.0002826037  -0.0001542384   0.0003364653   0.0004323046   0.0008481761
       -0.0024445012   0.0001442304   0.0542611981   0.0703944148   0.2891411007
       -0.0041395583  -0.0023836875  -0.0240225460   0.0003395361  -0.0002451872
       -0.0000261540
       -0.0006571029   0.0007840915   0.0003342695   0.0005281835  -0.0001728946
       -0.0002161459   0.0042103363   0.0110425524  -0.0074405813  -0.0544247893
       -0.0540576649   0.0428640657  -0.0141796330  -0.0240324645   0.0202839905
       -0.0036227589   0.0031314258  -0.0017609222  -0.0008606469   0.0007916902
       -0.0008651237  -0.0018797327  -0.0006043773  -0.0000693063  -0.0000633287
        0.0001355931   0.0002325406   0.0001921588  -0.0002156439  -0.0000671765
        0.0000961738  -0.0002000633   0.0000786414  -0.0000541595   0.0000274977
       -0.0000840065  -0.0009043344   0.0029332552   0.0004990495   0.0005399534
       -0.0003969326  -0.0002334035   0.0032410184   0.0041629915  -0.0041395583
        0.0678335384   0.0556747157  -0.0485731782   0.0000051237   0.0009962281
       -0.0008431549
       -0.0005139665   0.0003514408  -0.0000331340  -0.0005100881   0.0005344479
        0.0002490482  -0.0035742431  -0.0254565090   0.0141268742  -0.0491809607
       -0.1601835111   0.1070466175  -0.0050657616  -0.0042955201   0.0059322250
       -0.0002558292  -0.0003278023  -0.0002066305  -0.0005596797   0.0001200606
       -0.0012001556   0.0001448975   0.0006740809   0.0000821584   0.0001976168
       -0.0001441457  -0.0003006164  -0.0001922602   0.0000214347  -0.0000969014
       -0.0002906166   0.0000903786   0.0000710274  -0.0000388597  -0.0001621729
        0.0000081166   0.0028513950  -0.0054938184  -0.0011539004  -0.0004584666
        0.0004945934   0.0005392554   0.0013349060   0.0048537232  -0.0023836875
        0.0556747157   0.1887253399  -0.1225325101   0.0004372011   0.0001979797
       -0.0001477868
        0.0002130540   0.0001068482   0.0000269529   0.0000284153   0.0003537945
        0.0000661260  -0.0014886486  -0.0032403974   0.0041017612   0.0385912274
        0.1070327988  -0.1321128767   0.0039654134   0.0004280934   0.0015164385
       -0.0001015281  -0.0003896026   0.0005512148  -0.0009459813  -0.0004140664
       -0.0014802892  -0.0001494239  -0.0001954486   0.0005483802   0.0001522323
       -0.0003078719  -0.0002096105  -0.0000061942  -0.0001328815  -0.0000836697
        0.0000389830  -0.0000779074  -0.0001093275   0.0000477516   0.0001080899
       -0.0002861821   0.0005074315  -0.0012591971   0.0008259316  -0.0002133830
       -0.0008930029   0.0007877577   0.0081760794   0.0212584868  -0.0240225460
       -0.0485731782  -0.1225325101   0.1499896234  -0.0002422506   0.0001547744
       -0.0001096847
        0.0001286005  -0.0000386130   0.0000145451   0.0001288373  -0.0000739681
       -0.0001875722   0.0006764996   0.0003464075   0.0005569973   0.0014225107
       -0.0011889669  -0.0022169760  -0.0136412388  -0.0120606331  -0.0181212957
       -0.0003839636   0.0017063915   0.0024740437  -0.3837535101  -0.0181210183
       -0.0167324761  -0.0000336035   0.0000764128  -0.0000182067  -0.0000463772
       -0.0000008811  -0.0000606478  -0.0000237125  -0.0000125644   0.0000066560
       -0.0000381487  -0.0000508342  -0.0000135461  -0.0000959627   0.0000045781
        0.0000717049  -0.0003086833  -0.0002706726   0.0000603546  -0.0002258049
       -0.0002135951  -0.0004760348  -0.0006499271  -0.0001650181   0.0003395361
        0.0000051237   0.0004372011  -0.0002422506   0.3968393605   0.0296257738
        0.0345451682
        0.0000331379  -0.0000489734   0.0000269871  -0.0001153118   0.0000651675
        0.0000981632  -0.0003257748  -0.0000889196   0.0000298625   0.0000668438
        0.0026357703  -0.0054213609  -0.0219919511  -0.0011458305  -0.0047474458
        0.0007756118  -0.0023892041   0.0040212650  -0.0080427701  -0.0219601605
       -0.0086331395  -0.0000359553  -0.0000011345  -0.0000533252  -0.0000282163
        0.0000252636   0.0000081402   0.0000241481   0.0000198944   0.0000034401
        0.0000285636   0.0000048230   0.0000195799   0.0000552786   0.0000487246
        0.0000454080   0.0000944540  -0.0001634317   0.0001729301   0.0001330932
        0.0001077593   0.0000271656  -0.0012931533  -0.0000515281  -0.0002451872
        0.0009962281   0.0001979797   0.0001547744   0.0296257738   0.0227438000
        0.0144927424
        0.0000249278   0.0000206944  -0.0000336434   0.0001127698  -0.0000685159
       -0.0000262522   0.0007565350  -0.0000007249   0.0000593722  -0.0001839612
       -0.0045100325  -0.0018185955  -0.0340775053  -0.0053660611  -0.0046259933
        0.0011718249   0.0040628807   0.0012698820  -0.0005237619  -0.0081952548
       -0.0298447666   0.0000141973   0.0000128738   0.0000326556   0.0000242029
       -0.0000009162   0.0000342392   0.0000276941   0.0000204375   0.0000404278
        0.0000585922  -0.0000110029   0.0000232428   0.0000279301  -0.0000159828
        0.0000495820  -0.0001168061   0.0001199722  -0.0001242684  -0.0000125954
        0.0000195327   0.0001604269  -0.0010060573  -0.0004328559  -0.0000261540
       -0.0008431549  -0.0001477868  -0.0001096847   0.0345451682   0.0144927424
        0.0349395295
