           1           2   1.01958088383464     
           2           3   1.00779615940064     
           3           4   1.00551900244574     
           4           5  0.923171476720677     
           5           6   1.16775784762012     
           5           7  0.169500540037763     
           6           7   1.68390066630483     
           6           8  0.999569178357284     
           1           9  0.987338049877517     
           1          10  0.987272419052285     
           1          11  0.986748600250150     
           2          12  0.977699479539542     
           2          13  0.977980546622820     
           3          14  0.971634187992801     
           3          15  0.973136593558820     
           4          16  0.968069834396739     
           4          17  0.966958108675648     
           8          18  0.945876226607603     
           8          19  0.977849985566024     
           8          20  0.963686630153199     
