           1           2  0.953079964040506     
           2           3   1.09821544828644     
           3           4   1.38758599328870     
           4           5   1.35391279061300     
           5           6   1.30738673578260     
           6           7   1.39279910855711     
           3           8   1.27371159110626     
           7           8   1.29261135179684     
           8           9   1.13280338605236     
           7          10   1.02735412203447     
          10          11  0.944915352410216     
           6          12  0.974119899312502     
           5          13   1.09858309743377     
          13          14   1.80374492939789     
           1          15  0.976238684031740     
           1          16  0.976675549410357     
           1          17  0.976347709606552     
           4          18  0.956189442068439     
           9          19  0.811067601333965     
          11          20  0.975734098611433     
          11          21  0.977215835554891     
          11          22  0.981033304278169     
          13          23  0.932047034143768     
