           1           2   1.02026654374898     
           2           3   1.00567604062152     
           3           4   1.00483745112300     
           4           5  0.922359123234056     
           5           6   1.16386383958065     
           5           7  0.168618011162256     
           6           7   1.68690333260111     
           6           8   1.00012742932206     
           1           9  0.986907955426555     
           1          10  0.986912266036385     
           1          11  0.986351637719197     
           2          12  0.977491051011799     
           2          13  0.976673758989685     
           3          14  0.973721668648410     
           3          15  0.974586144709478     
           4          16  0.967672931648815     
           4          17  0.967792693182054     
           8          18  0.943857405669721     
           8          19  0.967642844164280     
           8          20  0.975276925180412     
