           1           2   1.01881258311482     
           2           3   1.00968811995133     
           3           4  0.976925012769867     
           4           5  0.996634329189894     
           5           6   1.80693840305647     
           5           7   1.02288393065485     
           1           8  0.987493389838590     
           1           9  0.987168719617985     
           1          10  0.986997124176028     
           2          11  0.977764308892612     
           2          12  0.977643583585950     
           3          13  0.973803234570180     
           3          14  0.974100159918298     
           4          15  0.972953121142895     
           4          16  0.958092670181904     
           7          17  0.954339030885681     
           7          18  0.982126982411015     
           7          19  0.946685352035667     
