           1           2  0.960423100879836     
           2           3   1.09798205419605     
           3           4   1.41922509840750     
           4           5   1.32021487668279     
           5           6   1.32538478193350     
           6           7   1.37319528852354     
           3           8   1.24297705657809     
           7           8   1.31276905434268     
           8           9   1.14955362463057     
           7          10   1.02597908953410     
          10          11  0.945191871901795     
           6          12  0.976186945563336     
           5          13   1.10591490719913     
          13          14   1.79413014337864     
           1          15  0.974939159555293     
           1          16  0.975471712343155     
           1          17  0.975333087559782     
           4          18  0.953890287527267     
           9          19  0.812525994535214     
          11          20  0.975870295192675     
          11          21  0.981054785428258     
          11          22  0.977639930534955     
          13          23  0.932814071159226     
