*************************************************
******************* ORCA 6.0.1 ******************
*************************************************
$Calculation_Status
   &GeometryIndex 1
   &ListStatus       OUT
   &VERSION [&Type "String"] "6.0.1"
   &PROGNAME [&Type "String"] "LeanSCF"
   &STATUS [&Type "String"] "NORMAL TERMINATION"
$End
$Geometry
   &GeometryIndex 1
   &ListStatus       OUT
   &NATOMS [&Type "Integer"] 23
   &NCORELESSECP [&Type "Integer"] 0
   &NGHOSTATOMS [&Type "Integer"] 0
   &CartesianCoordinates [&Type "Coordinates", &Dim(23,4), &Units "Bohr"] 
              C      5.390260444254   -1.703146728098    0.566918310340
              C      4.240536691308    0.648507072144   -0.637914007265
              C      1.402614396762    0.404547926181   -1.138084295495
              C     -0.159557845417    0.416961902250    1.289959260515
              C     -3.030529719622    0.214218128487    0.910539416745
              C     -4.095811798401    2.431666220346   -0.600210194087
              C     -3.785151262343   -2.289949771255   -0.312155616510
              H      5.016461880564   -3.357806770266   -0.594326800110
              H      7.425614286230   -1.486491380320    0.750742000163
              H      4.612216425459   -2.032543789547    2.438615219551
              H      5.194858594215    1.001875572085   -2.434686199617
              H      4.581520809614    2.280716122445    0.579386984721
              H      0.816824768566    1.984074810540   -2.327279345905
              H      1.062544436308   -1.340449034226   -2.182049227157
              H      0.434128242669   -1.156874498179    2.484418609455
              H      0.240968584058    2.162969089272    2.319763895054
              H     -3.878318015988    0.274325755386    2.802110372749
              H     -6.150364806065    2.373287680954   -0.587784687476
              H     -3.493048910852    4.219910926576    0.213858052133
              H     -3.469225021043    2.354978260125   -2.554873150420
              H     -3.142829871004   -2.375057001109   -2.261293525933
              H     -5.830367574808   -2.493966982327   -0.305705147279
              H     -2.972444139371   -3.872395383737    0.717041160973
$End
$SCF_Energy
   &GeometryIndex 1
   &ListStatus       OUT
   &SCF_ENERGY [&Type "Double"]      -2.7629051202074743e+02
$End
$DFT_Energy
   &GeometryIndex 1
   &ListStatus       OUT
   &NALPHAEL [&Type "Integer"] 29
   &NBETAEL [&Type "Integer"] 29
   &NTOTALEL [&Type "Integer"] 58
   &EEXCHANGE [&Type "Double"]      -4.2138053246994900e+01
   &ECORR [&Type "Double"]      -1.7792032846811991e+00
   &ECNL [&Type "Double"]       0.0000000000000000e+00
   &EXC [&Type "Double"]      -4.3917256531676102e+01
   &EEMBED [&Type "Double"]       0.0000000000000000e+00
   &FINALEN [&Type "Double"]      -2.7629051202074743e+02  "No Van der Waals correction"
$End
$Mulliken_Population_Analysis
   &GeometryIndex 1
   &ListStatus       OUT
   &NATOMS [&Type "Integer"] 23
   &ATNO [&Type "ArrayOfIntegers", &Dim (23,1)] 
                                                         0

0                                                        6
1                                                        6
2                                                        6
3                                                        6
4                                                        6
5                                                        6
6                                                        6
7                                                        1
8                                                        1
9                                                        1
10                                                       1
11                                                       1
12                                                       1
13                                                       1
14                                                       1
15                                                       1
16                                                       1
17                                                       1
18                                                       1
19                                                       1
20                                                       1
21                                                       1
22                                                       1
   &ATOMICCHARGES [&Type "ArrayOfDoubles", &Dim (23,1)] 
                                                         0

0                                     -4.9718539993298361e-01
1                                     -2.1322474319412699e-01
2                                     -2.8665204198041394e-01
3                                     -3.2085269025000951e-01
4                                      1.6545427577582039e-02
5                                     -5.1210799261524009e-01
6                                     -5.1638152909779400e-01
7                                      1.4378922270593320e-01
8                                      1.4619901969982096e-01
9                                      1.4694220955010917e-01
10                                     1.4101559183065993e-01
11                                     1.2989233279549484e-01
12                                     1.4769452432623142e-01
13                                     1.4320218045376687e-01
14                                     1.4426436360350370e-01
15                                     1.4651514925877351e-01
16                                     1.4729000031284523e-01
17                                     1.4591278822234199e-01
18                                     1.4684754299602754e-01
19                                     1.5346758579302722e-01
20                                     1.5337156652866279e-01
21                                     1.4626086056293519e-01
22                                     1.4719403085302452e-01
$End
$Loewdin_Population_Analysis
   &GeometryIndex 1
   &ListStatus       OUT
   &NATOMS [&Type "Integer"] 23
   &ATNO [&Type "ArrayOfIntegers", &Dim (23,1)] 
                                                         0

0                                                        6
1                                                        6
2                                                        6
3                                                        6
4                                                        6
5                                                        6
6                                                        6
7                                                        1
8                                                        1
9                                                        1
10                                                       1
11                                                       1
12                                                       1
13                                                       1
14                                                       1
15                                                       1
16                                                       1
17                                                       1
18                                                       1
19                                                       1
20                                                       1
21                                                       1
22                                                       1
   &ATOMICCHARGES [&Type "ArrayOfDoubles", &Dim (23,1)] 
                                                         0

0                                      4.4288927790030316e-03
1                                      9.5519505470167011e-03
2                                      3.6624593413729783e-02
3                                      5.7629986022150075e-02
4                                      7.0441656365187966e-01
5                                      9.4582115011801124e-02
6                                      9.1003110146673796e-02
7                                      2.9985015092145010e-06
8                                      7.0198266328352890e-06
9                                      6.6951279212250181e-06
10                                     9.6831027190806086e-06
11                                     9.6345580198706316e-06
12                                     2.3017073410952417e-05
13                                     1.7960915596801749e-05
14                                     1.0516551946843386e-05
15                                     1.2129108260625855e-05
16                                     7.0085752919242235e-04
17                                     1.6475514729587473e-04
18                                     1.7085025364091795e-04
19                                     1.5390667522929166e-04
20                                     1.5696165176476296e-04
21                                     1.5484580168898996e-04
22                                     1.6095660291795219e-04
$End
$Mayer_Population_Analysis
   &GeometryIndex 1
   &ListStatus       OUT
   &NATOMS [&Type "Integer"] 23 "Total number of atoms"
   &BONDTHRESH [&Type "Double"]       1.0000000000000001e-01  "The threshold for printing"
   &NBONDORDERSPRINT [&Type "Integer"] 22 "The number of bond orders larger than threshold"
   &BONDORDERS [&Type "ArrayOfDoubles", &Dim (22,1)] "The bond orders"
                                                         0

0                                      8.9670956008060931e-01
1                                      9.8260977459846566e-01
2                                      9.7120102382342843e-01
3                                      9.8444787102618181e-01
4                                      9.0234304717607283e-01
5                                      9.7041476163391660e-01
6                                      9.8120151451135351e-01
7                                      8.8481208623455543e-01
8                                      9.6694894807283660e-01
9                                      9.8073241007814649e-01
10                                     9.0186582792142644e-01
11                                     9.8340157069264766e-01
12                                     9.8229362752407268e-01
13                                     9.0592760860527721e-01
14                                     9.0639650531641969e-01
15                                     9.6797985405957954e-01
16                                     9.7075663911569554e-01
17                                     9.7490844290756506e-01
18                                     9.8417399761247315e-01
19                                     9.8457828511801093e-01
20                                     9.7107683784719667e-01
21                                     9.7395877569460254e-01
   &COMPONENTS [&Type "ArrayOfIntegers", &Dim (22,4)] "The indices and atomic numbers of the bonding atoms"
                                                         0                           1                           2                           3

0                                                        0                           6                           1                           6
1                                                        0                           6                           7                           1
2                                                        0                           6                           8                           1
3                                                        0                           6                           9                           1
4                                                        1                           6                           2                           6
5                                                        1                           6                          10                           1
6                                                        1                           6                          11                           1
7                                                        2                           6                           3                           6
8                                                        2                           6                          12                           1
9                                                        2                           6                          13                           1
10                                                       3                           6                           4                           6
11                                                       3                           6                          14                           1
12                                                       3                           6                          15                           1
13                                                       4                           6                           5                           6
14                                                       4                           6                           6                           6
15                                                       4                           6                          16                           1
16                                                       5                           6                          17                           1
17                                                       5                           6                          18                           1
18                                                       5                           6                          19                           1
19                                                       6                           6                          20                           1
20                                                       6                           6                          21                           1
21                                                       6                           6                          22                           1
   &ATNO [&Type "ArrayOfIntegers", &Dim (23,1)] "Atomic number of the elements"
                                                         0

0                                                        6
1                                                        6
2                                                        6
3                                                        6
4                                                        6
5                                                        6
6                                                        6
7                                                        1
8                                                        1
9                                                        1
10                                                       1
11                                                       1
12                                                       1
13                                                       1
14                                                       1
15                                                       1
16                                                       1
17                                                       1
18                                                       1
19                                                       1
20                                                       1
21                                                       1
22                                                       1
   &NA [&Type "ArrayOfDoubles", &Dim (23,1)] "Mulliken gross atomic population"
                                                         0

0                                      6.4971853999329809e+00
1                                      6.2132247431941288e+00
2                                      6.2866520419804193e+00
3                                      6.3208526902500237e+00
4                                      5.9834545724224180e+00
5                                      6.5121079926152374e+00
6                                      6.5163815290978144e+00
7                                      8.5621077729406680e-01
8                                      8.5380098030017981e-01
9                                      8.5305779044989238e-01
10                                     8.5898440816934074e-01
11                                     8.7010766720450516e-01
12                                     8.5230547567376647e-01
13                                     8.5679781954623357e-01
14                                     8.5573563639649763e-01
15                                     8.5348485074122615e-01
16                                     8.5270999968715455e-01
17                                     8.5408721177765801e-01
18                                     8.5315245700397146e-01
19                                     8.4653241420697189e-01
20                                     8.4662843347133754e-01
21                                     8.5373913943706481e-01
22                                     8.5280596914697515e-01
   &ZA [&Type "ArrayOfDoubles", &Dim (23,1)] "Total nuclear charge"
                                                         0

0                                      6.0000000000000000e+00
1                                      6.0000000000000000e+00
2                                      6.0000000000000000e+00
3                                      6.0000000000000000e+00
4                                      6.0000000000000000e+00
5                                      6.0000000000000000e+00
6                                      6.0000000000000000e+00
7                                      1.0000000000000000e+00
8                                      1.0000000000000000e+00
9                                      1.0000000000000000e+00
10                                     1.0000000000000000e+00
11                                     1.0000000000000000e+00
12                                     1.0000000000000000e+00
13                                     1.0000000000000000e+00
14                                     1.0000000000000000e+00
15                                     1.0000000000000000e+00
16                                     1.0000000000000000e+00
17                                     1.0000000000000000e+00
18                                     1.0000000000000000e+00
19                                     1.0000000000000000e+00
20                                     1.0000000000000000e+00
21                                     1.0000000000000000e+00
22                                     1.0000000000000000e+00
   &QA [&Type "ArrayOfDoubles", &Dim (23,1)] "Mulliken gross atomic charge"
                                                         0

0                                     -4.9718539993298094e-01
1                                     -2.1322474319412876e-01
2                                     -2.8665204198041927e-01
3                                     -3.2085269025002372e-01
4                                      1.6545427577582039e-02
5                                     -5.1210799261523743e-01
6                                     -5.1638152909781443e-01
7                                      1.4378922270593320e-01
8                                      1.4619901969982019e-01
9                                      1.4694220955010762e-01
10                                     1.4101559183065926e-01
11                                     1.2989233279549484e-01
12                                     1.4769452432623353e-01
13                                     1.4320218045376643e-01
14                                     1.4426436360350237e-01
15                                     1.4651514925877385e-01
16                                     1.4729000031284545e-01
17                                     1.4591278822234199e-01
18                                     1.4684754299602854e-01
19                                     1.5346758579302811e-01
20                                     1.5337156652866246e-01
21                                     1.4626086056293519e-01
22                                     1.4719403085302485e-01
   &VA [&Type "ArrayOfDoubles", &Dim (23,1)] "Mayer's total valence"
                                                         0

0                                      3.8226802639869977e+00
1                                      3.6241357156900360e+00
2                                      3.6314398451468883e+00
3                                      3.6002529839351540e+00
4                                      3.4885624136116782e+00
5                                      3.7738570055384417e+00
6                                      3.7758097523308529e+00
7                                      9.6460320579450631e-01
8                                      9.6230691859070994e-01
9                                      9.6342907674607836e-01
10                                     9.6076034994977766e-01
11                                     9.6817583677830821e-01
12                                     9.5960817424532674e-01
13                                     9.6311179500022992e-01
14                                     9.6383496379377620e-01
15                                     9.6346399324143150e-01
16                                     9.5751630244577612e-01
17                                     9.6425932115347190e-01
18                                     9.6392818454494689e-01
19                                     9.6338545723953317e-01
20                                     9.6289176311663494e-01
21                                     9.6400968408559484e-01
22                                     9.6400286630214604e-01
   &BVA [&Type "ArrayOfDoubles", &Dim (23,1)] "Mayer's bonded valence"
                                                         0

0                                      3.8226802639869502e+00
1                                      3.6241357156899037e+00
2                                      3.6314398451468528e+00
3                                      3.6002529839351434e+00
4                                      3.4885624136116622e+00
5                                      3.7738570055383875e+00
6                                      3.7758097523308081e+00
7                                      9.6460320579450498e-01
8                                      9.6230691859069695e-01
9                                      9.6342907674607381e-01
10                                     9.6076034994974568e-01
11                                     9.6817583677827945e-01
12                                     9.5960817424533407e-01
13                                     9.6311179500021471e-01
14                                     9.6383496379377276e-01
15                                     9.6346399324143561e-01
16                                     9.5751630244578623e-01
17                                     9.6425932115345958e-01
18                                     9.6392818454493800e-01
19                                     9.6338545723953684e-01
20                                     9.6289176311663216e-01
21                                     9.6400968408559429e-01
22                                     9.6400286630214804e-01
   &FA [&Type "ArrayOfDoubles", &Dim (23,1)] "Mayer's free valence"
                                                         0

0                                      0.0000000000000000e+00
1                                      0.0000000000000000e+00
2                                      0.0000000000000000e+00
3                                      0.0000000000000000e+00
4                                      0.0000000000000000e+00
5                                      0.0000000000000000e+00
6                                      0.0000000000000000e+00
7                                      0.0000000000000000e+00
8                                      0.0000000000000000e+00
9                                      0.0000000000000000e+00
10                                     0.0000000000000000e+00
11                                     0.0000000000000000e+00
12                                     0.0000000000000000e+00
13                                     0.0000000000000000e+00
14                                     0.0000000000000000e+00
15                                     0.0000000000000000e+00
16                                     0.0000000000000000e+00
17                                     0.0000000000000000e+00
18                                     0.0000000000000000e+00
19                                     0.0000000000000000e+00
20                                     0.0000000000000000e+00
21                                     0.0000000000000000e+00
22                                     0.0000000000000000e+00
$End
$VdW_Correction
   &GeometryIndex 1
   &ListStatus       OUT
   &VDW [&Type "Double"]      -6.1564299232576680e-03
$End
$Calculation_Info
   &GeometryIndex 1
   &ListStatus       OUT
   &MULT [&Type "Integer"] 1
   &CHARGE [&Type "Integer"] 0
   &NUMOFATOMS [&Type "Integer"] 23
   &NUMOFELECTRONS [&Type "Integer"] 58
   &NUMOFFCELECTRONS [&Type "Integer"] 1
   &NUMOFCORRELECTRONS [&Type "Integer"] 0
   &NUMOFBASISFUNCTS [&Type "Integer"] 213
   &NUMOFAUXCBASISFUNCTS [&Type "Integer"] 0
   &NUMOFAUXJBASISFUNCTS [&Type "Integer"] 519
   &NUMOFAUXJKBASISFUNCTS [&Type "Integer"] 0
   &NUMOFCABSBASISFUNCTS [&Type "Integer"] 0
   &TOTALENERGY [&Type "Double"]      -2.7628581074917065e+02  "Hartrees"
$End
$SCF_Dipole_Moment
   &GeometryIndex 1
   &ListStatus       OUT
   &METHOD [&Type "String"] "SCF"
   &LEVEL [&Type "String"] "Relaxed density"
   &MULT [&Type "Integer"] 1
   &STATE [&Type "Integer"] -1
   &IRREP [&Type "Integer"] 0
   &NATOMS [&Type "Integer"] 23
   &DODIPOLEATOM [&Type "Boolean"] false
   &DIPOLEELECCONTRIB [&Type "ArrayOfDoubles", &Dim (3,1)] "Electronic contribution"
                                                         0

0                                     -2.2431247820279224e-01
1                                      7.5022757860102096e-01
2                                      4.9051003865771781e-01
   &DIPOLENUCCONTRIB [&Type "ArrayOfDoubles", &Dim (3,1)] "Nuclear contribution"
                                                         0

0                                      2.2267916539761634e-01
1                                     -7.2653341705334062e-01
2                                     -4.6769001311753955e-01
   &DIPOLETOTAL [&Type "ArrayOfDoubles", &Dim (3,1)] "Total"
                                                         0

0                                     -1.6333128051758961e-03
1                                      2.3694161547680337e-02
2                                      2.2820025540178257e-02
   &DIPOLEMAGNITUDE [&Type "Double", &Units "a.u."]       3.2936826923999719e-02
$End
