           1           2   1.00524690176262     
           2           3   1.70443212833020     
           2           4   1.13498204867092     
           3           4  0.163960872065188     
           4           5  0.946170794051326     
           5           6  0.985214957859299     
           6           7  0.946593540187807     
           7           8   1.13283856438578     
           7           9  0.162964496645294     
           8           9   1.70679046601113     
           8          10   1.00538897085198     
           1          11  0.979028025316945     
           1          12  0.948985909943756     
           1          13  0.949934972446912     
           5          14  0.966126431308745     
           5          15  0.966638463049654     
           6          16  0.966851575316158     
           6          17  0.966057459983071     
          10          18  0.970151144625747     
          10          19  0.938868993187006     
          10          20  0.969389655346627     
