           1           2   1.01956111031616     
           2           3   1.00784851497207     
           3           4   1.00533002245636     
           4           5  0.923131159058472     
           5           6   1.16771410252207     
           5           7  0.169525375083693     
           6           7   1.68386040529443     
           6           8  0.999543119482628     
           1           9  0.986757037237523     
           1          10  0.987328005483081     
           1          11  0.987274323254126     
           2          12  0.977773801342734     
           2          13  0.977975451923054     
           3          14  0.971588360840657     
           3          15  0.973111158193169     
           4          16  0.968050919138071     
           4          17  0.966763092072382     
           8          18  0.977121696652768     
           8          19  0.965202658800403     
           8          20  0.945165674636093     
