*************************************************
******************* ORCA 6.0.0 ******************
*************************************************
$Calculation_Status
   &GeometryIndex 1
   &ListStatus       OUT
   &VERSION [&Type "String"] "6.0.0"
   &PROGNAME [&Type "String"] "LeanSCF"
   &STATUS [&Type "String"] "NORMAL TERMINATION"
$End
$Geometry
   &GeometryIndex 1
   &ListStatus       OUT
   &NATOMS [&Type "Integer"] 26
   &NCORELESSECP [&Type "Integer"] 0
   &NGHOSTATOMS [&Type "Integer"] 0
   &CartesianCoordinates [&Type "Coordinates", &Dim(26,4), &Units "Bohr"] 
              C      6.009317618224   -1.170603191490   -2.370580709305
              C      3.601658175572   -1.053331987390   -0.798237682339
              C      3.387569515624   -3.376251056503    0.907611155520
              C      1.330185364675   -0.739391706905   -2.439471619814
              N     -0.987927590985   -0.575087402909   -1.886750089649
              O     -1.632006993979   -0.728979637349    0.693913179443
              C     -4.154621395095   -0.447016582517    1.213834861791
              O     -4.781886619284   -0.618058786112    3.420326403729
              N     -5.652659475281   -0.012203237779   -0.748651197531
              C     -8.354205349664    0.308155442340   -0.518166285507
              S      3.724193735273    1.716787958269    1.394465327164
              C      3.648117165140    4.381471843522   -0.780885412143
              H      6.148813933149    0.432914502565   -3.646045302099
              H      7.646545606337   -1.171505802549   -1.130554378224
              H      6.022634126361   -2.898237822122   -3.484265814137
              H      3.249354821089   -5.075157680785   -0.241237603014
              H      1.730248023798   -3.246408600096    2.115593609552
              H      5.053406110008   -3.502766807654    2.102527452523
              H      1.650259169902   -0.568607147626   -4.454481428958
              H     -4.846575400591    0.051324607663   -2.482317307316
              H     -8.905093999869    2.161733887737   -1.221953004320
              H     -8.846711111084    0.153740897612    1.472337093094
              H     -9.331925418829   -1.155104782883   -1.584862378889
              H      5.280446420920    4.330556618948   -2.018694818569
              H      3.727952466127    6.047805845761    0.410822398414
              H      1.895005623771    4.364567850191   -1.845653927420
$End
$SCF_Energy
   &GeometryIndex 1
   &ListStatus       OUT
   &SCF_ENERGY [&Type "Double"]      -9.3190175209307563e+02
$End
$DFT_Energy
   &GeometryIndex 1
   &ListStatus       OUT
   &NALPHAEL [&Type "Integer"] 51
   &NBETAEL [&Type "Integer"] 51
   &NTOTALEL [&Type "Integer"] 102
   &EEXCHANGE [&Type "Double"]      -9.5532836049161588e+01
   &ECORR [&Type "Double"]      -3.5054198010070818e+00
   &ECNL [&Type "Double"]       0.0000000000000000e+00
   &EXC [&Type "Double"]      -9.9038255850168667e+01
   &EEMBED [&Type "Double"]       0.0000000000000000e+00
   &FINALEN [&Type "Double"]      -9.3190175209307563e+02  "No Van der Waals correction"
$End
$Mulliken_Population_Analysis
   &GeometryIndex 1
   &ListStatus       OUT
   &NATOMS [&Type "Integer"] 26
   &ATNO [&Type "ArrayOfIntegers", &Dim (26,1)] 
                                                         0

0                                                        6
1                                                        6
2                                                        6
3                                                        6
4                                                        7
5                                                        8
6                                                        6
7                                                        8
8                                                        7
9                                                        6
10                                                      16
11                                                       6
12                                                       1
13                                                       1
14                                                       1
15                                                       1
16                                                       1
17                                                       1
18                                                       1
19                                                       1
20                                                       1
21                                                       1
22                                                       1
23                                                       1
24                                                       1
25                                                       1
   &ATOMICCHARGES [&Type "ArrayOfDoubles", &Dim (26,1)] 
                                                         0

0                                     -1.9389707633547637e-01
1                                     -3.3435269274546009e-01
2                                     -2.0426218965602150e-01
3                                     -7.1085474163059992e-02
4                                      2.4723498031043789e-02
5                                     -1.9124640213894217e-01
6                                      2.0354020657378680e-01
7                                     -2.2059672472109604e-01
8                                     -3.0081537575367356e-01
9                                     -1.7332835193348295e-01
10                                    -9.4515377439989834e-03
11                                    -3.7932762083362981e-01
12                                     1.0865363535959704e-01
13                                     1.1721009664533577e-01
14                                     1.0390261118419786e-01
15                                     1.0816200370103612e-01
16                                     1.5481931537470328e-01
17                                     1.1369760553763042e-01
18                                     9.9439653313066922e-02
19                                     2.3432685692965283e-01
20                                     1.1343813859619378e-01
21                                     1.3752244609154163e-01
22                                     1.1357642050454964e-01
23                                     1.4465529276515021e-01
24                                     1.5154216320571856e-01
25                                     1.4915350221151902e-01
$End
$Loewdin_Population_Analysis
   &GeometryIndex 1
   &ListStatus       OUT
   &NATOMS [&Type "Integer"] 26
   &ATNO [&Type "ArrayOfIntegers", &Dim (26,1)] 
                                                         0

0                                                        6
1                                                        6
2                                                        6
3                                                        6
4                                                        7
5                                                        8
6                                                        6
7                                                        8
8                                                        7
9                                                        6
10                                                      16
11                                                       6
12                                                       1
13                                                       1
14                                                       1
15                                                       1
16                                                       1
17                                                       1
18                                                       1
19                                                       1
20                                                       1
21                                                       1
22                                                       1
23                                                       1
24                                                       1
25                                                       1
   &ATOMICCHARGES [&Type "ArrayOfDoubles", &Dim (26,1)] 
                                                         0

0                                      5.0860375996813546e-04
1                                      4.3407397417094436e-03
2                                      6.1760942805791437e-05
3                                      1.5848604475328560e-02
4                                      1.3232073402933150e-01
5                                      3.6187533254017690e-01
6                                      1.7701140818145186e-01
7                                      2.5549864892629381e-01
8                                      4.7397887357714594e-02
9                                      3.9217311150226168e-03
10                                     2.9516865719584351e-05
11                                     2.6403414989729515e-05
12                                     2.2217496942112910e-06
13                                     3.0529467330291820e-06
14                                     8.8625415274656215e-07
15                                     1.6599182498227057e-06
16                                     5.8700965925469293e-05
17                                     4.5590564677965217e-06
18                                     4.1591137376971807e-05
19                                     8.9849095077927286e-04
20                                     2.7957220059954776e-05
21                                     6.3766379399839113e-05
22                                     2.6795299416259859e-05
23                                     7.8523470453437828e-07
24                                     9.9079974406984150e-07
25                                     2.7170736778624871e-05
$End
$Mayer_Population_Analysis
   &GeometryIndex 1
   &ListStatus       OUT
   &NATOMS [&Type "Integer"] 26 "Total number of atoms"
   &BONDTHRESH [&Type "Double"]       1.0000000000000001e-01  "The threshold for printing"
   &NBONDORDERSPRINT [&Type "Integer"] 25 "The number of bond orders larger than threshold"
   &BONDORDERS [&Type "ArrayOfDoubles", &Dim (25,1)] "The bond orders"
                                                         0

0                                      1.0372174190612153e+00
1                                      9.3885348665905810e-01
2                                      9.4202943172226050e-01
3                                      9.3543272119267040e-01
4                                      1.0597834582756913e+00
5                                      9.0710992154355274e-01
6                                      1.0051138892626477e+00
7                                      9.4281887287232546e-01
8                                      9.2738377458219667e-01
9                                      9.4031406527272221e-01
10                                     1.9587421368480118e+00
11                                     9.3136496687166648e-01
12                                     9.4749502524856877e-01
13                                     1.0017168112457648e+00
14                                     2.0645495086458245e+00
15                                     1.2628670743216590e+00
16                                     1.0190622646911145e+00
17                                     8.1783699883883487e-01
18                                     9.5949307694704888e-01
19                                     9.3862140454402299e-01
20                                     9.5941691756522807e-01
21                                     1.0509084385335019e+00
22                                     9.3482528969012135e-01
23                                     9.4603227084271835e-01
24                                     9.3302178519971757e-01
   &COMPONENTS [&Type "ArrayOfIntegers", &Dim (25,4)] "The indices and atomic numbers of the bonding atoms"
                                                         0                           1                           2                           3

0                                                        0                           6                           1                           6
1                                                        0                           6                          12                           1
2                                                        0                           6                          13                           1
3                                                        0                           6                          14                           1
4                                                        1                           6                           2                           6
5                                                        1                           6                           3                           6
6                                                        1                           6                          10                          16
7                                                        2                           6                          15                           1
8                                                        2                           6                          16                           1
9                                                        2                           6                          17                           1
10                                                       3                           6                           4                           7
11                                                       3                           6                          18                           1
12                                                       4                           7                           5                           8
13                                                       5                           8                           6                           6
14                                                       6                           6                           7                           8
15                                                       6                           6                           8                           7
16                                                       8                           7                           9                           6
17                                                       8                           7                          19                           1
18                                                       9                           6                          20                           1
19                                                       9                           6                          21                           1
20                                                       9                           6                          22                           1
21                                                      10                          16                          11                           6
22                                                      11                           6                          23                           1
23                                                      11                           6                          24                           1
24                                                      11                           6                          25                           1
   &ATNO [&Type "ArrayOfIntegers", &Dim (26,1)] "Atomic number of the elements"
                                                         0

0                                                        6
1                                                        6
2                                                        6
3                                                        6
4                                                        7
5                                                        8
6                                                        6
7                                                        8
8                                                        7
9                                                        6
10                                                      16
11                                                       6
12                                                       1
13                                                       1
14                                                       1
15                                                       1
16                                                       1
17                                                       1
18                                                       1
19                                                       1
20                                                       1
21                                                       1
22                                                       1
23                                                       1
24                                                       1
25                                                       1
   &NA [&Type "ArrayOfDoubles", &Dim (26,1)] "Mulliken gross atomic population"
                                                         0

0                                      6.1938970763354684e+00
1                                      6.3343526927454681e+00
2                                      6.2042621896560277e+00
3                                      6.0710854741630635e+00
4                                      6.9752765019689669e+00
5                                      8.1912464021389404e+00
6                                      5.7964597934262185e+00
7                                      8.2205967247210943e+00
8                                      7.3008153757536842e+00
9                                      6.1733283519334847e+00
10                                     1.6009451537744006e+01
11                                     6.3793276208336236e+00
12                                     8.9134636464040284e-01
13                                     8.8278990335466456e-01
14                                     8.9609738881580225e-01
15                                     8.9183799629896499e-01
16                                     8.4518068462529705e-01
17                                     8.8630239446236958e-01
18                                     9.0056034668693219e-01
19                                     7.6567314307034717e-01
20                                     8.8656186140380588e-01
21                                     8.6247755390845837e-01
22                                     8.8642357949545070e-01
23                                     8.5534470723484946e-01
24                                     8.4845783679428177e-01
25                                     8.5084649778848132e-01
   &ZA [&Type "ArrayOfDoubles", &Dim (26,1)] "Total nuclear charge"
                                                         0

0                                      6.0000000000000000e+00
1                                      6.0000000000000000e+00
2                                      6.0000000000000000e+00
3                                      6.0000000000000000e+00
4                                      7.0000000000000000e+00
5                                      8.0000000000000000e+00
6                                      6.0000000000000000e+00
7                                      8.0000000000000000e+00
8                                      7.0000000000000000e+00
9                                      6.0000000000000000e+00
10                                     1.6000000000000000e+01
11                                     6.0000000000000000e+00
12                                     1.0000000000000000e+00
13                                     1.0000000000000000e+00
14                                     1.0000000000000000e+00
15                                     1.0000000000000000e+00
16                                     1.0000000000000000e+00
17                                     1.0000000000000000e+00
18                                     1.0000000000000000e+00
19                                     1.0000000000000000e+00
20                                     1.0000000000000000e+00
21                                     1.0000000000000000e+00
22                                     1.0000000000000000e+00
23                                     1.0000000000000000e+00
24                                     1.0000000000000000e+00
25                                     1.0000000000000000e+00
   &QA [&Type "ArrayOfDoubles", &Dim (26,1)] "Mulliken gross atomic charge"
                                                         0

0                                     -1.9389707633546838e-01
1                                     -3.3435269274546808e-01
2                                     -2.0426218965602772e-01
3                                     -7.1085474163063544e-02
4                                      2.4723498031033131e-02
5                                     -1.9124640213894040e-01
6                                      2.0354020657378147e-01
7                                     -2.2059672472109426e-01
8                                     -3.0081537575368422e-01
9                                     -1.7332835193348473e-01
10                                    -9.4515377440060888e-03
11                                    -3.7932762083362359e-01
12                                     1.0865363535959716e-01
13                                     1.1721009664533544e-01
14                                     1.0390261118419775e-01
15                                     1.0816200370103501e-01
16                                     1.5481931537470295e-01
17                                     1.1369760553763042e-01
18                                     9.9439653313067811e-02
19                                     2.3432685692965283e-01
20                                     1.1343813859619412e-01
21                                     1.3752244609154163e-01
22                                     1.1357642050454930e-01
23                                     1.4465529276515054e-01
24                                     1.5154216320571823e-01
25                                     1.4915350221151868e-01
   &VA [&Type "ArrayOfDoubles", &Dim (26,1)] "Mayer's total valence"
                                                         0

0                                      3.8493133753752149e+00
1                                      4.0830304382698897e+00
2                                      3.8630257916785626e+00
3                                      3.9329529602015780e+00
4                                      3.1202736398123947e+00
5                                      2.1821870731052528e+00
6                                      4.4013359568171673e+00
7                                      2.3279215809482512e+00
8                                      3.2195334703180793e+00
9                                      3.9067816101062918e+00
10                                     2.1629218597717688e+00
11                                     3.8971743791019740e+00
12                                     9.6681446654057579e-01
13                                     9.7457447632543792e-01
14                                     9.5933875393226076e-01
15                                     9.6027287699034125e-01
16                                     9.8085767236901344e-01
17                                     9.6489214382512878e-01
18                                     9.6580749503135588e-01
19                                     9.6018785215698355e-01
20                                     9.5390909685004233e-01
21                                     9.9621147824073253e-01
22                                     9.5378371748009472e-01
23                                     9.4518024405428325e-01
24                                     9.4867744111236130e-01
25                                     9.4776304087338870e-01
   &BVA [&Type "ArrayOfDoubles", &Dim (26,1)] "Mayer's bonded valence"
                                                         0

0                                      3.8493133753752549e+00
1                                      4.0830304382698719e+00
2                                      3.8630257916785995e+00
3                                      3.9329529602016122e+00
4                                      3.1202736398123969e+00
5                                      2.1821870731052280e+00
6                                      4.4013359568171895e+00
7                                      2.3279215809482832e+00
8                                      3.2195334703180531e+00
9                                      3.9067816101063122e+00
10                                     2.1629218597717408e+00
11                                     3.8971743791019957e+00
12                                     9.6681446654057968e-01
13                                     9.7457447632544136e-01
14                                     9.5933875393226098e-01
15                                     9.6027287699034425e-01
16                                     9.8085767236901999e-01
17                                     9.6489214382513921e-01
18                                     9.6580749503136165e-01
19                                     9.6018785215698266e-01
20                                     9.5390909685004810e-01
21                                     9.9621147824074086e-01
22                                     9.5378371748009927e-01
23                                     9.4518024405428791e-01
24                                     9.4867744111236851e-01
25                                     9.4776304087338870e-01
   &FA [&Type "ArrayOfDoubles", &Dim (26,1)] "Mayer's free valence"
                                                         0

0                                      0.0000000000000000e+00
1                                      0.0000000000000000e+00
2                                      0.0000000000000000e+00
3                                      0.0000000000000000e+00
4                                      0.0000000000000000e+00
5                                      0.0000000000000000e+00
6                                      0.0000000000000000e+00
7                                      0.0000000000000000e+00
8                                      0.0000000000000000e+00
9                                      0.0000000000000000e+00
10                                     0.0000000000000000e+00
11                                     0.0000000000000000e+00
12                                     0.0000000000000000e+00
13                                     0.0000000000000000e+00
14                                     0.0000000000000000e+00
15                                     0.0000000000000000e+00
16                                     0.0000000000000000e+00
17                                     0.0000000000000000e+00
18                                     0.0000000000000000e+00
19                                     0.0000000000000000e+00
20                                     0.0000000000000000e+00
21                                     0.0000000000000000e+00
22                                     0.0000000000000000e+00
23                                     0.0000000000000000e+00
24                                     0.0000000000000000e+00
25                                     0.0000000000000000e+00
$End
$VdW_Correction
   &GeometryIndex 1
   &ListStatus       OUT
   &VDW [&Type "Double"]      -2.7533057942419316e-02
$End
$Calculation_Info
   &GeometryIndex 1
   &ListStatus       OUT
   &MULT [&Type "Integer"] 1
   &CHARGE [&Type "Integer"] 0
   &NUMOFATOMS [&Type "Integer"] 26
   &NUMOFELECTRONS [&Type "Integer"] 102
   &NUMOFFCELECTRONS [&Type "Integer"] 1
   &NUMOFCORRELECTRONS [&Type "Integer"] 0
   &NUMOFBASISFUNCTS [&Type "Integer"] 200
   &NUMOFAUXCBASISFUNCTS [&Type "Integer"] 0
   &NUMOFAUXJBASISFUNCTS [&Type "Integer"] 744
   &NUMOFAUXJKBASISFUNCTS [&Type "Integer"] 0
   &NUMOFCABSBASISFUNCTS [&Type "Integer"] 0
   &TOTALENERGY [&Type "Double"]      -9.3181202112801805e+02  "Hartrees"
$End
$SCF_Dipole_Moment
   &GeometryIndex 1
   &ListStatus       OUT
   &METHOD [&Type "String"] "SCF"
   &LEVEL [&Type "String"] "Relaxed density"
   &MULT [&Type "Integer"] 1
   &STATE [&Type "Integer"] -1
   &IRREP [&Type "Integer"] 0
   &NATOMS [&Type "Integer"] 26
   &DODIPOLEATOM [&Type "Boolean"] false
   &DIPOLEELECCONTRIB [&Type "ArrayOfDoubles", &Dim (3,1)] "Electronic contribution"
                                                         0

0                                     -4.6831976090587037e+00
1                                      2.7077714299521694e-01
2                                      6.0308530350787644e+00
   &DIPOLENUCCONTRIB [&Type "ArrayOfDoubles", &Dim (3,1)] "Nuclear contribution"
                                                         0

0                                      5.0734594032356455e+00
1                                     -7.5872781106435028e-02
2                                     -7.9444423065993135e+00
   &DIPOLETOTAL [&Type "ArrayOfDoubles", &Dim (3,1)] "Total"
                                                         0

0                                      3.9026179417694173e-01
1                                      1.9490436188878191e-01
2                                     -1.9135892715205491e+00
   &DIPOLEMAGNITUDE [&Type "Double", &Units "a.u."]       1.9626807887061066e+00
$End
