$hessian                                                                        
        0.5183992400  -0.0138243097   0.0063469200  -0.0712035953  -0.0198102974
        0.0125921772  -0.0045759499  -0.0169275355   0.0056475063   0.0005544719
        0.0005017529   0.0000708070   0.0002018378  -0.0000268349   0.0000415050
       -0.0002175265   0.0000763396  -0.0000620456  -0.2138819501   0.1074297547
       -0.0195433678  -0.1443211005  -0.0798264856  -0.0870272325  -0.0838465038
        0.0164756570   0.0865821915  -0.0026354197  -0.0129528160   0.0088063387
        0.0030528172   0.0226229986  -0.0121791238  -0.0013387350  -0.0030401687
       -0.0016410768   0.0003745858   0.0006903116   0.0002779664   0.0001210093
       -0.0002028296   0.0001406994  -0.0005074712  -0.0010832961  -0.0002920057
       -0.0000039084   0.0000210993   0.0000694970  -0.0001718016  -0.0001233403
        0.0001692438
       -0.0138243097   0.4759869054   0.0248827649  -0.0187732014  -0.1686675627
        0.0553563393  -0.0081708241  -0.0219661172   0.0047898468   0.0001161730
        0.0000595617  -0.0000800988   0.0001330360  -0.0002179780  -0.0000328394
        0.0001215136   0.0000407065   0.0000342519   0.1076030352  -0.1097111573
        0.0115214052  -0.0801460639  -0.1066404422  -0.0715519869   0.0164127920
       -0.0491686138  -0.0353148830  -0.0009547446   0.0005882370   0.0016050727
       -0.0002331787  -0.0189567592   0.0096596091  -0.0023972790  -0.0022390302
       -0.0019482886   0.0001568496   0.0007447954   0.0008237167   0.0001389821
       -0.0000625883   0.0001189749  -0.0000956039   0.0000502370   0.0002515899
       -0.0000459348  -0.0000571476   0.0000151757  -0.0000412416   0.0002169536
       -0.0001306501
        0.0063469200   0.0248827649   0.5107084181   0.0117321325   0.0541328552
       -0.0956692262  -0.0016861595  -0.0117310212   0.0065790262   0.0001049543
        0.0002453689  -0.0001381904   0.0000464221  -0.0001548871  -0.0003535375
       -0.0000796191   0.0000253042   0.0000942625  -0.0197329184   0.0118359496
       -0.0466318926  -0.0868434206  -0.0711691955  -0.1194726574   0.0863731840
       -0.0353851757  -0.2375375779   0.0067442775   0.0246384075  -0.0158637715
        0.0000698628   0.0075126796  -0.0026294356  -0.0021213995  -0.0032948588
       -0.0009008554  -0.0007153874  -0.0008855127   0.0011899811  -0.0000408903
       -0.0002197960   0.0002264265  -0.0001657132  -0.0004507509   0.0002504740
       -0.0000484019   0.0000068498   0.0000943101   0.0000161567   0.0000110183
        0.0000542461
       -0.0712035953  -0.0187732014   0.0117321325   0.5078660714  -0.0312931281
       -0.0208260109  -0.1007416246  -0.0425667591  -0.0380659809  -0.0196136334
       -0.0138249655  -0.0159327095   0.0001079504  -0.0001219228  -0.0002796834
       -0.0001869771   0.0000259124  -0.0000611910   0.0041789744   0.0228562738
       -0.0115104694  -0.0047424719  -0.0185000487   0.0077346080  -0.0029689692
       -0.0116394723   0.0079313300  -0.0926306110   0.0191304360   0.0912926312
       -0.2181637838   0.0927279621  -0.0331154232  -0.0033915588  -0.0061140648
       -0.0033827381   0.0064648835   0.0072623964   0.0062330356  -0.0047387528
        0.0013944699  -0.0018075613   0.0008714573  -0.0004459251   0.0003272184
       -0.0001076738  -0.0001177181   0.0000048062  -0.0009996852  -0.0000002447
       -0.0002739943
       -0.0198102974  -0.1686675627   0.0541328552  -0.0312931281   0.4732294932
        0.0028844589  -0.0385618318  -0.1130825957  -0.0443951315   0.0015066769
        0.0072245086   0.0041032688  -0.0002390988   0.0002719518   0.0001213185
        0.0001530741   0.0000177483   0.0000132415   0.0001134090  -0.0186378349
        0.0094519743  -0.0056392482  -0.0189267069   0.0071448391  -0.0012408643
        0.0017796383   0.0018156181   0.0190222063  -0.0482953397  -0.0329024160
        0.0926722816  -0.0885329479   0.0179696580  -0.0156066111  -0.0214034099
       -0.0144739099  -0.0039574390  -0.0053963416  -0.0073771718   0.0025790849
        0.0000294247   0.0011709616   0.0000239824   0.0003307005   0.0003304757
        0.0000330168  -0.0000601066  -0.0000153690   0.0002447867   0.0001193807
        0.0000253285
        0.0125921772   0.0553563393  -0.0956692262  -0.0208260109   0.0028844589
        0.5043612355  -0.0369783892  -0.0462632302  -0.1093074884  -0.0083961771
       -0.0030265951  -0.0048957259  -0.0006297434   0.0004115763   0.0001216282
        0.0005063224  -0.0001788836  -0.0000128144  -0.0006857063   0.0053009680
       -0.0022833857  -0.0035943172  -0.0135301038   0.0066520551   0.0072831245
        0.0248897692  -0.0167034631   0.0916900274  -0.0329358812  -0.2174251995
       -0.0335729657   0.0179177573  -0.0518371300   0.0059330186   0.0082160279
        0.0066789002  -0.0127112084  -0.0191938415  -0.0203395594  -0.0012815121
        0.0004776615   0.0003598819   0.0001210667  -0.0001029121   0.0000317896
        0.0000550302   0.0001910497  -0.0000141097   0.0004952632  -0.0004141605
        0.0002826119
       -0.0045759499  -0.0081708241  -0.0016861595  -0.1007416246  -0.0385618318
       -0.0369783892   0.4641496566   0.0042486403  -0.0293397982  -0.1602024332
        0.0386414247  -0.0319197857  -0.0249845847   0.0087185541   0.0044710150
       -0.0002950443   0.0002654612   0.0017671001   0.0001982703   0.0004337943
        0.0000582240   0.0002229602  -0.0013629315   0.0005387121   0.0001681880
       -0.0001180929  -0.0005657668   0.0071189853   0.0065263524   0.0066020419
       -0.0199793268  -0.0156250905  -0.0182703262  -0.0454171788  -0.0228506114
        0.0155024287  -0.0981180085   0.0201158116   0.0992544613  -0.0184813371
        0.0047672823  -0.0072761913  -0.0005651198   0.0031863898  -0.0014564466
        0.0009113917  -0.0001556983  -0.0005147842   0.0005911557  -0.0000586304
       -0.0001863353
       -0.0169275355  -0.0219661172  -0.0117310212  -0.0425667591  -0.1130825957
       -0.0462632302   0.0042486403   0.4920558890  -0.0206162714   0.0419672635
       -0.0833738288   0.0145648522   0.0092572170  -0.0027270975  -0.0013749582
       -0.0011804094   0.0006628320  -0.0006105213  -0.0000031836   0.0005280003
       -0.0004817290  -0.0012684952  -0.0050320481   0.0020178094   0.0003481185
        0.0010939593  -0.0007767040  -0.0036366317  -0.0050739377  -0.0069100115
        0.0056262719   0.0056964468   0.0053828643  -0.0227802379  -0.2115431650
        0.0975493255   0.0204532774  -0.0516153188  -0.0338933452  -0.0162222670
        0.0056518531  -0.0056428827   0.0239031977  -0.0118853868   0.0086664627
       -0.0009810674   0.0006527559   0.0001611688  -0.0002373996  -0.0000422409
       -0.0000418083
        0.0056475063   0.0047898468   0.0065790262  -0.0380659809  -0.0443951315
       -0.1093074884  -0.0293397982  -0.0206162714   0.5150127168  -0.0248543310
        0.0116045121  -0.0726431404   0.0164351338  -0.0058860455   0.0043721617
        0.0059664099  -0.0018688662  -0.0014460856  -0.0000140652  -0.0000499259
        0.0003126474   0.0011389952   0.0032312082  -0.0002463224   0.0005396625
        0.0009821713   0.0011546313  -0.0143296961  -0.0182611386  -0.0199096526
       -0.0063083410  -0.0046607159  -0.0048014394   0.0151792498   0.0977447122
       -0.1004753950   0.0987587306  -0.0342539378  -0.2098436928  -0.0175094045
        0.0049189091  -0.0054177355  -0.0138771846   0.0074811991  -0.0042203046
        0.0007046243  -0.0005460346   0.0006112559  -0.0000715111  -0.0002144915
        0.0002688174
        0.0005544719   0.0001161730   0.0001049543  -0.0196136334   0.0015066769
       -0.0083961771  -0.1602024332   0.0419672635  -0.0248543310   0.4487102751
        0.0272558392   0.0142295390  -0.0913570940   0.0047290685   0.0610553054
       -0.0271727656   0.0083178968   0.0115675825  -0.0006239338  -0.0001726223
       -0.0001909192  -0.0000503813   0.0002323995  -0.0000542735  -0.0000219619
       -0.0000061173  -0.0000868360   0.0006418393   0.0002644619   0.0007448195
       -0.0016514119  -0.0022018885  -0.0022547775  -0.0013864712   0.0026040332
       -0.0019092940  -0.0201722065   0.0088682779  -0.0018827808  -0.0861626010
       -0.0710908777  -0.0593491116  -0.0434129961  -0.0212262659   0.0108946582
       -0.0035146982  -0.0011805256   0.0061767226   0.0054360019   0.0000162070
       -0.0057950809
        0.0005017529   0.0000595617   0.0002453689  -0.0138249655   0.0072245086
       -0.0030265951   0.0386414247  -0.0833738288   0.0116045121   0.0272558392
        0.5314936709  -0.0071677840   0.0040020920  -0.0693286055  -0.0158131619
        0.0096823942  -0.0014588427  -0.0035118095  -0.0010351621  -0.0003101620
       -0.0006309216  -0.0002232056   0.0000963489   0.0000143154  -0.0001857288
       -0.0000242439  -0.0000212715   0.0000685952   0.0004886035   0.0002875637
       -0.0030859004  -0.0012679428  -0.0026070518   0.0248716329  -0.0135048411
        0.0086241468   0.0069474994  -0.0023522140   0.0007375406  -0.0717972612
       -0.1503542798  -0.0897258038  -0.0203747278  -0.2158574256   0.0996362529
       -0.0126849075   0.0025432601   0.0206361574   0.0112406284  -0.0040735676
       -0.0192814585
        0.0000708070  -0.0000800988  -0.0001381904  -0.0159327095   0.0041032688
       -0.0048957259  -0.0319197857   0.0145648522  -0.0726431404   0.0142295390
       -0.0071677840   0.4924558961   0.0605174539  -0.0158271165  -0.1581294120
       -0.0026687715   0.0005851033   0.0050734139  -0.0001040637   0.0001329851
        0.0003422247  -0.0000294065   0.0002572226  -0.0000246635   0.0000718368
       -0.0000747233  -0.0000224935   0.0000479296   0.0004479559   0.0003779515
       -0.0024060952  -0.0019326396  -0.0014844720  -0.0143374135   0.0085480167
       -0.0046688326   0.0218519412  -0.0097069076   0.0035004745  -0.0607887282
       -0.0898919545  -0.1228383260   0.0107235777   0.1008976562  -0.1034183509
        0.0109334080   0.0006054054  -0.0163534490   0.0097404806  -0.0054612417
       -0.0171329045
        0.0002018378   0.0001330360   0.0000464221   0.0001079504  -0.0002390988
       -0.0006297434  -0.0249845847   0.0092572170   0.0164351338  -0.0913570940
        0.0040020920   0.0605174539   0.2804670904   0.0679663868  -0.0300116101
       -0.0594263086   0.0111855894  -0.0174395898  -0.0001492537  -0.0000582349
       -0.0000186477   0.0000752123   0.0000782786   0.0001277523  -0.0000480049
       -0.0000585332  -0.0000665130  -0.0013808032   0.0001775213   0.0003744028
        0.0000568207   0.0000761079   0.0005513583   0.0006110808  -0.0008901389
        0.0006168778  -0.0041260891   0.0017563183  -0.0005070794   0.0048366463
       -0.0004843425  -0.0084730156  -0.0044726008  -0.0004589121   0.0063993370
       -0.0374208360  -0.0271267680   0.0172778782  -0.0629910636  -0.0653165191
       -0.0452004173
       -0.0000268349  -0.0002179780  -0.0001548871  -0.0001219228   0.0002719518
        0.0004115763   0.0087185541  -0.0027270975  -0.0058860455   0.0047290685
       -0.0693286055  -0.0158271165   0.0679663868   0.4952704455   0.0127171608
        0.0109688284  -0.0250947910   0.0051930850  -0.0002355075  -0.0000458823
        0.0002187103  -0.0000680958   0.0000169169  -0.0000487522   0.0001006445
       -0.0000007315  -0.0000632199  -0.0001401180   0.0003082304  -0.0003033680
       -0.0000364943  -0.0000704546  -0.0001564517   0.0008319981   0.0001773562
       -0.0008866045   0.0019772645  -0.0001080148   0.0002330868   0.0117770553
       -0.0048060560  -0.0203943584  -0.0141260419   0.0025229908   0.0225017653
       -0.0241106755  -0.2149714830   0.1077373580  -0.0682041094  -0.1811967975
       -0.1052919389
        0.0000415050  -0.0000328394  -0.0003535375  -0.0002796834   0.0001213185
        0.0001216282   0.0044710150  -0.0013749582   0.0043721617   0.0610553054
       -0.0158131619  -0.1581294120  -0.0300116101   0.0127171608   0.4476230397
       -0.0206494888   0.0062222423  -0.0263457254  -0.0000315693   0.0000825369
        0.0002333745  -0.0001012569  -0.0000731030   0.0000130799  -0.0000168504
       -0.0000553601   0.0000684731  -0.0004186986   0.0001771515   0.0001311810
       -0.0003091148  -0.0001201793  -0.0000492181  -0.0011847063   0.0001033773
        0.0007693034  -0.0014105308   0.0007576439   0.0007185755   0.0116209204
       -0.0072606254  -0.0211835628   0.0124812880   0.0004718310  -0.0183302124
        0.0133537157   0.1072848035  -0.1098965775  -0.0486102401  -0.1032078385
       -0.1197625712
       -0.0002175265   0.0001215136  -0.0000796191  -0.0001869771   0.0001530741
        0.0005063224  -0.0002950443  -0.0011804094   0.0059664099  -0.0271727656
        0.0096823942  -0.0026687715  -0.0594263086   0.0109688284  -0.0206494888
        0.1191095515  -0.0308207171   0.0310379006  -0.0000040242  -0.0004180423
        0.0000745043   0.0001554799  -0.0000386144  -0.0000303364   0.0000912818
        0.0000295828   0.0000744717   0.0003560264  -0.0000156289  -0.0004352779
        0.0001646530  -0.0000086626  -0.0002015760   0.0003156141   0.0003369449
       -0.0001888545  -0.0018352146   0.0008758713  -0.0000118203   0.0012443458
        0.0004729602   0.0008850995   0.0004336505  -0.0010124278   0.0006292783
       -0.0113061610   0.0059532915  -0.0059401147  -0.0214265809   0.0049000413
       -0.0089681275
        0.0000763396   0.0000407065   0.0000253042   0.0000259124   0.0000177483
       -0.0001788836   0.0002654612   0.0006628320  -0.0018688662   0.0083178968
       -0.0014588427   0.0005851033   0.0111855894  -0.0250947910   0.0062222423
       -0.0308207171   0.0260661883  -0.0090461845  -0.0000088901   0.0001328158
       -0.0000497056  -0.0000104105   0.0000027743   0.0000090340  -0.0000159597
       -0.0000266024  -0.0000019484  -0.0000444759  -0.0000812141   0.0002012745
       -0.0000663437   0.0000188993   0.0001143815  -0.0002068788   0.0000173888
        0.0000191509   0.0006062219  -0.0002167830  -0.0000348237   0.0002245858
       -0.0002785152  -0.0001186061  -0.0004684512   0.0003532241  -0.0003594179
        0.0198961458  -0.0049434123   0.0069275618  -0.0089560260   0.0047875833
       -0.0024456165
       -0.0000620456   0.0000342519   0.0000942625  -0.0000611910   0.0000132415
       -0.0000128144   0.0017671001  -0.0006105213  -0.0014460856   0.0115675825
       -0.0035118095   0.0050734139  -0.0174395898   0.0051930850  -0.0263457254
        0.0310379006  -0.0090461845   0.0290695540  -0.0000170143  -0.0000769339
       -0.0000575603   0.0000607662   0.0000164860   0.0000069540  -0.0000166354
       -0.0000176625   0.0000107699   0.0000542038   0.0000353593   0.0000384067
        0.0000766219   0.0000327419   0.0000540168   0.0000793209  -0.0000009452
       -0.0001156547   0.0005393398  -0.0002859886   0.0001009482   0.0007670254
        0.0001498138   0.0008070759   0.0001372980  -0.0004151851   0.0005231583
       -0.0137461182   0.0043210278  -0.0037630183  -0.0147445651   0.0041692234
       -0.0040377016
       -0.2138819501   0.1076030352  -0.0197329184   0.0041789744   0.0001134090
       -0.0006857063   0.0001982703  -0.0000031836  -0.0000140652  -0.0006239338
       -0.0010351621  -0.0001040637  -0.0001492537  -0.0002355075  -0.0000315693
       -0.0000040242  -0.0000088901  -0.0000170143   0.2483517092  -0.1238087136
        0.0242722908  -0.0240561524   0.0105769294  -0.0045319276  -0.0151305843
        0.0086546011   0.0012133382   0.0005984562  -0.0003194007  -0.0001677816
        0.0010627204  -0.0007111023   0.0001111789  -0.0001965944   0.0000050847
        0.0000264519  -0.0001864615   0.0000214020  -0.0000223887   0.0000200920
       -0.0000042439   0.0000118710  -0.0003163787  -0.0009013187  -0.0005410468
        0.0000550115   0.0000938082   0.0000546510   0.0000800991  -0.0000407470
        0.0001587002
        0.1074297547  -0.1097111573   0.0118359496   0.0228562738  -0.0186378349
        0.0053009680   0.0004337943   0.0005280003  -0.0000499259  -0.0001726223
       -0.0003101620   0.0001329851  -0.0000582349  -0.0000458823   0.0000825369
       -0.0004180423   0.0001328158  -0.0000769339  -0.1238087136   0.1283500429
       -0.0160980288  -0.0130553431   0.0081119216  -0.0019131039   0.0080193615
       -0.0036272670  -0.0012342706   0.0002637605   0.0009885872  -0.0005729782
       -0.0005218884  -0.0058614588   0.0033159822   0.0000493339   0.0002367121
       -0.0000489707   0.0001716945  -0.0000933470   0.0000468120   0.0001590148
        0.0002167192  -0.0000593712  -0.0013060555  -0.0003518324  -0.0011124096
        0.0002010608   0.0000520155  -0.0000052535  -0.0002431488   0.0000221273
        0.0004560127
       -0.0195433678   0.0115214052  -0.0466318926  -0.0115104694   0.0094519743
       -0.0022833857   0.0000582240  -0.0004817290   0.0003126474  -0.0001909192
       -0.0006309216   0.0003422247  -0.0000186477   0.0002187103   0.0002333745
        0.0000745043  -0.0000497056  -0.0000575603   0.0242722908  -0.0160980288
        0.0518801743  -0.0188810658   0.0085408736  -0.0026195981   0.0269220791
       -0.0157676601   0.0004852335  -0.0007228915   0.0001947042   0.0002175262
        0.0001070153   0.0035960524  -0.0009990157  -0.0000992889  -0.0000173259
       -0.0000728208   0.0001226324  -0.0000064474  -0.0001390757   0.0000216593
        0.0000896641  -0.0001482002  -0.0008500837  -0.0006055599  -0.0001131157
       -0.0000415229  -0.0000830727  -0.0001426616   0.0002798517   0.0001270670
       -0.0002638542
       -0.1443211005  -0.0801460639  -0.0868434206  -0.0047424719  -0.0056392482
       -0.0035943172   0.0002229602  -0.0012684952   0.0011389952  -0.0000503813
       -0.0002232056  -0.0000294065   0.0000752123  -0.0000680958  -0.0001012569
        0.0001554799  -0.0000104105   0.0000607662  -0.0240561524  -0.0130553431
       -0.0188810658   0.1647383211   0.0941960520   0.1015918436   0.0076473711
        0.0058789336   0.0065394985  -0.0003021888   0.0000049830   0.0000542032
        0.0007731866   0.0006304826   0.0000182366  -0.0002168477  -0.0003705379
       -0.0002345921  -0.0000429001   0.0000774057   0.0000881175   0.0000568327
       -0.0000442562   0.0000906652   0.0001828141   0.0000565320   0.0002556440
       -0.0000355768   0.0000131637  -0.0000097170  -0.0000845585  -0.0000318964
       -0.0001441939
       -0.0798264856  -0.1066404422  -0.0711691955  -0.0185000487  -0.0189267069
       -0.0135301038  -0.0013629315  -0.0050320481   0.0032312082   0.0002323995
        0.0000963489   0.0002572226   0.0000782786   0.0000169169  -0.0000731030
       -0.0000386144   0.0000027743   0.0000164860   0.0105769294   0.0081119216
        0.0085408736   0.0941960520   0.1263644254   0.0807519238  -0.0043239330
       -0.0034280581  -0.0065826989  -0.0000613640   0.0004378762  -0.0001934187
       -0.0002082905   0.0002115543  -0.0007217615  -0.0009409629  -0.0014201471
       -0.0006955069   0.0000948638   0.0001515129   0.0002656940   0.0000672989
        0.0001229415  -0.0000316885   0.0000497752  -0.0000611634  -0.0000542390
        0.0000590057   0.0000319879  -0.0000371771  -0.0000919725  -0.0000396940
        0.0000254846
       -0.0870272325  -0.0715519869  -0.1194726574   0.0077346080   0.0071448391
        0.0066520551   0.0005387121   0.0020178094  -0.0002463224  -0.0000542735
        0.0000143154  -0.0000246635   0.0001277523  -0.0000487522   0.0000130799
       -0.0000303364   0.0000090340   0.0000069540  -0.0045319276  -0.0019131039
       -0.0026195981   0.1015918436   0.0807519238   0.1364831482  -0.0191348534
       -0.0169003696  -0.0220400792   0.0001442401   0.0001872483   0.0003577446
        0.0003678951  -0.0002041266   0.0004103199   0.0001940141   0.0004407244
        0.0003632257  -0.0000478796   0.0002146018   0.0000436423   0.0000561386
       -0.0000248844   0.0000271843   0.0001628043  -0.0001452565   0.0000394150
       -0.0000513280  -0.0000100836   0.0000257574  -0.0000401772   0.0000180676
       -0.0000192057
       -0.0838465038   0.0164127920   0.0863731840  -0.0029689692  -0.0012408643
        0.0072831245   0.0001681880   0.0003481185   0.0005396625  -0.0000219619
       -0.0001857288   0.0000718368  -0.0000480049   0.0001006445  -0.0000168504
        0.0000912818  -0.0000159597  -0.0000166354  -0.0151305843   0.0080193615
        0.0269220791   0.0076473711  -0.0043239330  -0.0191348534   0.0935796430
       -0.0175884442  -0.1020661070   0.0004844189  -0.0016643940   0.0011206957
        0.0003179360   0.0002297340  -0.0005988108   0.0000762433   0.0001226832
       -0.0001347547   0.0000950189  -0.0004408489  -0.0001857149  -0.0000270772
        0.0000366495  -0.0000512077  -0.0005710396   0.0001536156   0.0000945524
        0.0000374696   0.0000038417  -0.0000989325   0.0001165700   0.0000327323
       -0.0001012682
        0.0164756570  -0.0491686138  -0.0353851757  -0.0116394723   0.0017796383
        0.0248897692  -0.0001180929   0.0010939593   0.0009821713  -0.0000061173
       -0.0000242439  -0.0000747233  -0.0000585332  -0.0000007315  -0.0000553601
        0.0000295828  -0.0000266024  -0.0000176625   0.0086546011  -0.0036272670
       -0.0157676601   0.0058789336  -0.0034280581  -0.0169003696  -0.0175884442
        0.0576484161   0.0388249724  -0.0017008306  -0.0047121396   0.0037523991
       -0.0002616533   0.0006358749   0.0001116963   0.0002003323   0.0001834857
       -0.0000616282   0.0000198753  -0.0003671867  -0.0003339582   0.0000183119
       -0.0000201948   0.0000270082   0.0000538095   0.0000960756  -0.0000637902
        0.0000640830   0.0000731378   0.0000245763  -0.0000220429  -0.0001355498
        0.0000477353
        0.0865821915  -0.0353148830  -0.2375375779   0.0079313300   0.0018156181
       -0.0167034631  -0.0005657668  -0.0007767040   0.0011546313  -0.0000868360
       -0.0000212715  -0.0000224935  -0.0000665130  -0.0000632199   0.0000684731
        0.0000744717  -0.0000019484   0.0000107699   0.0012133382  -0.0012342706
        0.0004852335   0.0065394985  -0.0065826989  -0.0220400792  -0.1020661070
        0.0388249724   0.2758931905   0.0005411820   0.0036859350  -0.0017511089
       -0.0001701863  -0.0003425020  -0.0000119149  -0.0002538944  -0.0002364375
       -0.0000158853   0.0001996625   0.0003217870   0.0004097873  -0.0000252477
       -0.0000297842   0.0000232698   0.0002553654  -0.0000544944   0.0000538484
       -0.0000478198  -0.0000474330   0.0000021541  -0.0000546687   0.0000573347
       -0.0000188350
       -0.0026354197  -0.0009547446   0.0067442775  -0.0926306110   0.0190222063
        0.0916900274   0.0071189853  -0.0036366317  -0.0143296961   0.0006418393
        0.0000685952   0.0000479296  -0.0013808032  -0.0001401180  -0.0004186986
        0.0003560264  -0.0000444759   0.0000542038   0.0005984562   0.0002637605
       -0.0007228915  -0.0003021888  -0.0000613640   0.0001442401   0.0004844189
       -0.0017008306   0.0005411820   0.1083917626  -0.0194930414  -0.1069234669
       -0.0184021968   0.0080095056   0.0259795065   0.0003393217   0.0004489834
       -0.0000428820  -0.0007496693  -0.0022456171  -0.0026988438  -0.0000090698
        0.0000031284   0.0002014651  -0.0000311811   0.0000205196   0.0000135934
       -0.0000328051  -0.0002207912   0.0000404775  -0.0017568655   0.0006609154
       -0.0003204240
       -0.0129528160   0.0005882370   0.0246384075   0.0191304360  -0.0482953397
       -0.0329358812   0.0065263524  -0.0050739377  -0.0182611386   0.0002644619
        0.0004886035   0.0004479559   0.0001775213   0.0003082304   0.0001771515
       -0.0000156289  -0.0000812141   0.0000353593  -0.0003194007   0.0009885872
        0.0001947042   0.0000049830   0.0004378762   0.0001872483  -0.0016643940
       -0.0047121396   0.0036859350  -0.0194930414   0.0604026980   0.0381740679
        0.0099543731  -0.0027100842  -0.0132052660   0.0003635978   0.0000471919
       -0.0003638903  -0.0023852691  -0.0023178337  -0.0030552310   0.0001449293
       -0.0000553741   0.0000882780   0.0000488644  -0.0001560794   0.0001299316
       -0.0002816845  -0.0002830486  -0.0000186665   0.0004967154   0.0004236269
        0.0000810346
        0.0088063387   0.0016050727  -0.0158637715   0.0912926312  -0.0329024160
       -0.2174251995   0.0066020419  -0.0069100115  -0.0199096526   0.0007448195
        0.0002875637   0.0003779515   0.0003744028  -0.0003033680   0.0001311810
       -0.0004352779   0.0002012745   0.0000384067  -0.0001677816  -0.0005729782
        0.0002175262   0.0000542032  -0.0001934187   0.0003577446   0.0011206957
        0.0037523991  -0.0017511089  -0.1069234669   0.0381740679   0.2533139548
        0.0009159565  -0.0005478873   0.0021342402   0.0002362747   0.0002490393
        0.0005601262  -0.0022622296  -0.0033203689  -0.0027839340   0.0002293768
        0.0001348282   0.0000905231   0.0001008916  -0.0000519754  -0.0002268503
       -0.0000544781  -0.0001511542   0.0001468208  -0.0006343984   0.0005493327
        0.0005920417
        0.0030528172  -0.0002331787   0.0000698628  -0.2181637838   0.0926722816
       -0.0335729657  -0.0199793268   0.0056262719  -0.0063083410  -0.0016514119
       -0.0030859004  -0.0024060952   0.0000568207  -0.0000364943  -0.0003091148
        0.0001646530  -0.0000663437   0.0000766219   0.0010627204  -0.0005218884
        0.0001070153   0.0007731866  -0.0002082905   0.0003678951   0.0003179360
       -0.0002616533  -0.0001701863  -0.0184021968   0.0099543731   0.0009159565
        0.2531919443  -0.1042562963   0.0411486402  -0.0002136953  -0.0000253996
        0.0003762259   0.0006364421   0.0004453892   0.0001236878  -0.0010856082
        0.0002684007  -0.0004088812   0.0001874207  -0.0001764466   0.0002022693
       -0.0000738844   0.0000456202  -0.0000807293   0.0001259661  -0.0001404449
       -0.0001318614
        0.0226229986  -0.0189567592   0.0075126796   0.0927279621  -0.0885329479
        0.0179177573  -0.0156250905   0.0056964468  -0.0046607159  -0.0022018885
       -0.0012679428  -0.0019326396   0.0000761079  -0.0000704546  -0.0001201793
       -0.0000086626   0.0000188993   0.0000327419  -0.0007111023  -0.0058614588
        0.0035960524   0.0006304826   0.0002115543  -0.0002041266   0.0002297340
        0.0006358749  -0.0003425020   0.0080095056  -0.0027100842  -0.0005478873
       -0.1042562963   0.1098790668  -0.0210957319  -0.0005514424   0.0004987454
       -0.0001427044  -0.0001444064   0.0004192030   0.0002862313  -0.0007274044
        0.0001735104  -0.0002902789  -0.0000455820  -0.0001532509  -0.0000601570
        0.0000096179   0.0000212134  -0.0000112736  -0.0000345333  -0.0000016158
        0.0000627337
       -0.0121791238   0.0096596091  -0.0026294356  -0.0331154232   0.0179696580
       -0.0518371300  -0.0182703262   0.0053828643  -0.0048014394  -0.0022547775
       -0.0026070518  -0.0014844720   0.0005513583  -0.0001564517  -0.0000492181
       -0.0002015760   0.0001143815   0.0000540168   0.0001111789   0.0033159822
       -0.0009990157   0.0000182366  -0.0007217615   0.0004103199  -0.0005988108
        0.0001116963  -0.0000119149   0.0259795065  -0.0132052660   0.0021342402
        0.0411486402  -0.0210957319   0.0592567227   0.0003176211   0.0003279938
        0.0003843741  -0.0005897398   0.0004949497  -0.0000273746  -0.0009469734
        0.0002682704  -0.0003783772   0.0002177774  -0.0000159626   0.0000304721
       -0.0000021410  -0.0000359703  -0.0000110943  -0.0001854275   0.0001927905
       -0.0000406740
       -0.0013387350  -0.0023972790  -0.0021213995  -0.0033915588  -0.0156066111
        0.0059330186  -0.0454171788  -0.0227802379   0.0151792498  -0.0013864712
        0.0248716329  -0.0143374135   0.0006110808   0.0008319981  -0.0011847063
        0.0003156141  -0.0002068788   0.0000793209  -0.0001965944   0.0000493339
       -0.0000992889  -0.0002168477  -0.0009409629   0.0001940141   0.0000762433
        0.0002003323  -0.0002538944   0.0003393217   0.0003635978   0.0002362747
       -0.0002136953  -0.0005514424   0.0003176211   0.0575511909   0.0269461637
       -0.0131882095  -0.0020467990  -0.0137887243   0.0106115391   0.0006490753
        0.0003418750  -0.0000113959  -0.0049546085   0.0029641171  -0.0016992356
       -0.0003708011  -0.0001166775   0.0003417675  -0.0000092361  -0.0001802370
        0.0000027375
       -0.0030401687  -0.0022390302  -0.0032948588  -0.0061140648  -0.0214034099
        0.0082160279  -0.0228506114  -0.2115431650   0.0977447122   0.0026040332
       -0.0135048411   0.0085480167  -0.0008901389   0.0001773562   0.0001033773
        0.0003369449   0.0000173888  -0.0000009452   0.0000050847   0.0002367121
       -0.0000173259  -0.0003705379  -0.0014201471   0.0004407244   0.0001226832
        0.0001834857  -0.0002364375   0.0004489834   0.0000471919   0.0002490393
       -0.0000253996   0.0004987454   0.0003279938   0.0269461637   0.2466045628
       -0.1131903343  -0.0004808808   0.0025460872   0.0004311118  -0.0003197083
        0.0005886670  -0.0001736021   0.0030786512  -0.0007813788   0.0012028779
        0.0005997406   0.0001659117  -0.0003542681  -0.0000507745  -0.0001741366
        0.0000038909
       -0.0016410768  -0.0019482886  -0.0009008554  -0.0033827381  -0.0144739099
        0.0066789002   0.0155024287   0.0975493255  -0.1004753950  -0.0019092940
        0.0086241468  -0.0046688326   0.0006168778  -0.0008866045   0.0007693034
       -0.0001888545   0.0000191509  -0.0001156547   0.0000264519  -0.0000489707
       -0.0000728208  -0.0002345921  -0.0006955069   0.0003632257  -0.0001347547
       -0.0000616282  -0.0000158853  -0.0000428820  -0.0003638903   0.0005601262
        0.0003762259  -0.0001427044   0.0003843741  -0.0131882095  -0.1131903343
        0.1159830699   0.0063148194   0.0247113180  -0.0183605146  -0.0000405064
        0.0002533631  -0.0002681951  -0.0020956311   0.0007184665   0.0000261070
        0.0000061999   0.0000060874   0.0002439181   0.0000155357  -0.0000700205
       -0.0001308709
        0.0003745858   0.0001568496  -0.0007153874   0.0064648835  -0.0039574390
       -0.0127112084  -0.0981180085   0.0204532774   0.0987587306  -0.0201722065
        0.0069474994   0.0218519412  -0.0041260891   0.0019772645  -0.0014105308
       -0.0018352146   0.0006062219   0.0005393398  -0.0001864615   0.0001716945
        0.0001226324  -0.0000429001   0.0000948638  -0.0000478796   0.0000950189
        0.0000198753   0.0001996625  -0.0007496693  -0.0023852691  -0.0022622296
        0.0006364421  -0.0001444064  -0.0005897398  -0.0020467990  -0.0004808808
        0.0063148194   0.1193203965  -0.0232575522  -0.1106118148  -0.0001281213
       -0.0001660712   0.0006446110   0.0005179679  -0.0000481275   0.0003439092
        0.0000604081   0.0001289263  -0.0003023466  -0.0000642329  -0.0001167266
       -0.0001245092
        0.0006903116   0.0007447954  -0.0008855127   0.0072623964  -0.0053963416
       -0.0191938415   0.0201158116  -0.0516153188  -0.0342539378   0.0088682779
       -0.0023522140  -0.0097069076   0.0017563183  -0.0001080148   0.0007576439
        0.0008758713  -0.0002167830  -0.0002859886   0.0000214020  -0.0000933470
       -0.0000064474   0.0000774057   0.0001515129   0.0002146018  -0.0004408489
       -0.0003671867   0.0003217870  -0.0022456171  -0.0023178337  -0.0033203689
        0.0004453892   0.0004192030   0.0004949497  -0.0137887243   0.0025460872
        0.0247113180  -0.0232575522   0.0583323761   0.0415888086  -0.0005914697
        0.0003243842   0.0000675772   0.0002237694  -0.0000635268  -0.0004962289
        0.0001003907  -0.0000208910  -0.0000261003  -0.0001131319   0.0000330986
        0.0000186473
        0.0002779664   0.0008237167   0.0011899811   0.0062330356  -0.0073771718
       -0.0203395594   0.0992544613  -0.0338933452  -0.2098436928  -0.0018827808
        0.0007375406   0.0035004745  -0.0005070794   0.0002330868   0.0007185755
       -0.0000118203  -0.0000348237   0.0001009482  -0.0000223887   0.0000468120
       -0.0001390757   0.0000881175   0.0002656940   0.0000436423  -0.0001857149
       -0.0003339582   0.0004097873  -0.0026988438  -0.0030552310  -0.0027839340
        0.0001236878   0.0002862313  -0.0000273746   0.0106115391   0.0004311118
       -0.0183605146  -0.1106118148   0.0415888086   0.2444222879  -0.0001279188
        0.0003418776   0.0005675966  -0.0002030785  -0.0001299227   0.0003420776
       -0.0001988831  -0.0000737820   0.0001160804  -0.0001384847   0.0001433552
        0.0000826995
        0.0001210093   0.0001389821  -0.0000408903  -0.0047387528   0.0025790849
       -0.0012815121  -0.0184813371  -0.0162222670  -0.0175094045  -0.0861626010
       -0.0717972612  -0.0607887282   0.0048366463   0.0117770553   0.0116209204
        0.0012443458   0.0002245858   0.0007670254   0.0000200920   0.0001590148
        0.0000216593   0.0000568327   0.0000672989   0.0000561386  -0.0000270772
        0.0000183119  -0.0000252477  -0.0000090698   0.0001449293   0.0002293768
       -0.0010856082  -0.0007274044  -0.0009469734   0.0006490753  -0.0003197083
       -0.0000405064  -0.0001281213  -0.0005914697  -0.0001279188   0.1057772698
        0.0786038913   0.0674616652  -0.0011851881  -0.0051509260  -0.0024756661
        0.0002669876   0.0003061702  -0.0002776372  -0.0011545032   0.0007897119
        0.0033576990
       -0.0002028296  -0.0000625883  -0.0002197960   0.0013944699   0.0000294247
        0.0004776615   0.0047672823   0.0056518531   0.0049189091  -0.0710908777
       -0.1503542798  -0.0898919545  -0.0004843425  -0.0048060560  -0.0072606254
        0.0004729602  -0.0002785152   0.0001498138  -0.0000042439   0.0002167192
        0.0000896641  -0.0000442562   0.0001229415  -0.0000248844   0.0000366495
       -0.0000201948  -0.0000297842   0.0000031284  -0.0000553741   0.0001348282
        0.0002684007   0.0001735104   0.0002682704   0.0003418750   0.0005886670
        0.0002533631  -0.0001660712   0.0003243842   0.0003418776   0.0786038913
        0.1719499953   0.1066745366  -0.0144520296  -0.0249720606  -0.0148687512
       -0.0001315167   0.0006678806   0.0005471328   0.0006875100   0.0008236928
       -0.0015602615
        0.0001406994   0.0001189749   0.0002264265  -0.0018075613   0.0011709616
        0.0003598819  -0.0072761913  -0.0056428827  -0.0054177355  -0.0593491116
       -0.0897258038  -0.1228383260  -0.0084730156  -0.0203943584  -0.0211835628
        0.0008850995  -0.0001186061   0.0008070759   0.0000118710  -0.0000593712
       -0.0001482002   0.0000906652  -0.0000316885   0.0000271843  -0.0000512077
        0.0000270082   0.0000232698   0.0002014651   0.0000882780   0.0000905231
       -0.0004088812  -0.0002902789  -0.0003783772  -0.0000113959  -0.0001736021
       -0.0002681951   0.0006446110   0.0000675772   0.0005675966   0.0674616652
        0.1066745366   0.1442608420   0.0057001073   0.0096527682   0.0083216893
       -0.0007623623  -0.0004217564   0.0003137087   0.0030035431  -0.0009417565
       -0.0047638014
       -0.0005074712  -0.0000956039  -0.0001657132   0.0008714573   0.0000239824
        0.0001210667  -0.0005651198   0.0239031977  -0.0138771846  -0.0434129961
       -0.0203747278   0.0107235777  -0.0044726008  -0.0141260419   0.0124812880
        0.0004336505  -0.0004684512   0.0001372980  -0.0003163787  -0.0013060555
       -0.0008500837   0.0001828141   0.0000497752   0.0001628043  -0.0005710396
        0.0000538095   0.0002553654  -0.0000311811   0.0000488644   0.0001008916
        0.0001874207  -0.0000455820   0.0002177774  -0.0049546085   0.0030786512
       -0.0020956311   0.0005179679   0.0002237694  -0.0002030785  -0.0011851881
       -0.0144520296   0.0057001073   0.0546226192   0.0231021090  -0.0155536045
       -0.0012581151   0.0004642879   0.0034725881   0.0004587694  -0.0000799549
       -0.0006274690
       -0.0010832961   0.0000502370  -0.0004507509  -0.0004459251   0.0003307005
       -0.0001029121   0.0031863898  -0.0118853868   0.0074811991  -0.0212262659
       -0.2158574256   0.1008976562  -0.0004589121   0.0025229908   0.0004718310
       -0.0010124278   0.0003532241  -0.0004151851  -0.0009013187  -0.0003518324
       -0.0006055599   0.0000565320  -0.0000611634  -0.0001452565   0.0001536156
        0.0000960756  -0.0000544944   0.0000205196  -0.0001560794  -0.0000519754
       -0.0001764466  -0.0001532509  -0.0000159626   0.0029641171  -0.0007813788
        0.0007184665  -0.0000481275  -0.0000635268  -0.0001299227  -0.0051509260
       -0.0249720606   0.0096527682   0.0231021090   0.2493125707  -0.1163427223
        0.0006168405   0.0008802921  -0.0005295863   0.0004035221   0.0007360140
       -0.0003775927
       -0.0002920057   0.0002515899   0.0002504740   0.0003272184   0.0003304757
        0.0000317896  -0.0014564466   0.0086664627  -0.0042203046   0.0108946582
        0.0996362529  -0.1034183509   0.0063993370   0.0225017653  -0.0183302124
        0.0006292783  -0.0003594179   0.0005231583  -0.0005410468  -0.0011124096
       -0.0001131157   0.0002556440  -0.0000542390   0.0000394150   0.0000945524
       -0.0000637902   0.0000538484   0.0000135934   0.0001299316  -0.0002268503
        0.0002022693  -0.0000601570   0.0000304721  -0.0016992356   0.0012028779
        0.0000261070   0.0003439092  -0.0004962289   0.0003420776  -0.0024756661
       -0.0148687512   0.0083216893  -0.0155536045  -0.1163427223   0.1208944656
        0.0032230137  -0.0002917638  -0.0046859584  -0.0003654684   0.0009301242
        0.0004812955
       -0.0000039084  -0.0000459348  -0.0000484019  -0.0001076738   0.0000330168
        0.0000550302   0.0009113917  -0.0009810674   0.0007046243  -0.0035146982
       -0.0126849075   0.0109334080  -0.0374208360  -0.0241106755   0.0133537157
       -0.0113061610   0.0198961458  -0.0137461182   0.0000550115   0.0002010608
       -0.0000415229  -0.0000355768   0.0000590057  -0.0000513280   0.0000374696
        0.0000640830  -0.0000478198  -0.0000328051  -0.0002816845  -0.0000544781
       -0.0000738844   0.0000096179  -0.0000021410  -0.0003708011   0.0005997406
        0.0000061999   0.0000604081   0.0001003907  -0.0001988831   0.0002669876
       -0.0001315167  -0.0007623623  -0.0012581151   0.0006168405   0.0032230137
        0.0526772320   0.0268600389  -0.0188226557   0.0001159593  -0.0102041542
        0.0054997193
        0.0000210993  -0.0000571476   0.0000068498  -0.0001177181  -0.0000601066
        0.0001910497  -0.0001556983   0.0006527559  -0.0005460346  -0.0011805256
        0.0025432601   0.0006054054  -0.0271267680  -0.2149714830   0.1072848035
        0.0059532915  -0.0049434123   0.0043210278   0.0000938082   0.0000520155
       -0.0000830727   0.0000131637   0.0000319879  -0.0000100836   0.0000038417
        0.0000731378  -0.0000474330  -0.0002207912  -0.0002830486  -0.0001511542
        0.0000456202   0.0000212134  -0.0000359703  -0.0001166775   0.0001659117
        0.0000060874   0.0001289263  -0.0000208910  -0.0000737820   0.0003061702
        0.0006678806  -0.0004217564   0.0004642879   0.0008802921  -0.0002917638
        0.0268600389   0.2390644600  -0.1216020308  -0.0049720695  -0.0238168259
        0.0108478578
        0.0000694970   0.0000151757   0.0000943101   0.0000048062  -0.0000153690
       -0.0000141097  -0.0005147842   0.0001611688   0.0006112559   0.0061767226
        0.0206361574  -0.0163534490   0.0172778782   0.1077373580  -0.1098965775
       -0.0059401147   0.0069275618  -0.0037630183   0.0000546510  -0.0000052535
       -0.0001426616  -0.0000097170  -0.0000371771   0.0000257574  -0.0000989325
        0.0000245763   0.0000021541   0.0000404775  -0.0000186665   0.0001468208
       -0.0000807293  -0.0000112736  -0.0000110943   0.0003417675  -0.0003542681
        0.0002439181  -0.0003023466  -0.0000261003   0.0001160804  -0.0002776372
        0.0005471328   0.0003137087   0.0034725881  -0.0005295863  -0.0046859584
       -0.0188226557  -0.1216020308   0.1247131664  -0.0013914708  -0.0134494055
        0.0085996968
       -0.0001718016  -0.0000412416   0.0000161567  -0.0009996852   0.0002447867
        0.0004952632   0.0005911557  -0.0002373996  -0.0000715111   0.0054360019
        0.0112406284   0.0097404806  -0.0629910636  -0.0682041094  -0.0486102401
       -0.0214265809  -0.0089560260  -0.0147445651   0.0000800991  -0.0002431488
        0.0002798517  -0.0000845585  -0.0000919725  -0.0000401772   0.0001165700
       -0.0000220429  -0.0000546687  -0.0017568655   0.0004967154  -0.0006343984
        0.0001259661  -0.0000345333  -0.0001854275  -0.0000092361  -0.0000507745
        0.0000155357  -0.0000642329  -0.0001131319  -0.0001384847  -0.0011545032
        0.0006875100   0.0030035431   0.0004587694   0.0004035221  -0.0003654684
        0.0001159593  -0.0049720695  -0.0013914708   0.0817340060   0.0698932875
        0.0526855811
       -0.0001233403   0.0002169536   0.0000110183  -0.0000002447   0.0001193807
       -0.0004141605  -0.0000586304  -0.0000422409  -0.0002144915   0.0000162070
       -0.0040735676  -0.0054612417  -0.0653165191  -0.1811967975  -0.1032078385
        0.0049000413   0.0047875833   0.0041692234  -0.0000407470   0.0000221273
        0.0001270670  -0.0000318964  -0.0000396940   0.0000180676   0.0000327323
       -0.0001355498   0.0000573347   0.0006609154   0.0004236269   0.0005493327
       -0.0001404449  -0.0000016158   0.0001927905  -0.0001802370  -0.0001741366
       -0.0000700205  -0.0001167266   0.0000330986   0.0001433552   0.0007897119
        0.0008236928  -0.0009417565  -0.0000799549   0.0007360140   0.0009301242
       -0.0102041542  -0.0238168259  -0.0134494055   0.0698932875   0.2023179511
        0.1175606010
        0.0001692438  -0.0001306501   0.0000542461  -0.0002739943   0.0000253285
        0.0002826119  -0.0001863353  -0.0000418083   0.0002688174  -0.0057950809
       -0.0192814585  -0.0171329045  -0.0452004173  -0.1052919389  -0.1197625712
       -0.0089681275  -0.0024456165  -0.0040377016   0.0001587002   0.0004560127
       -0.0002638542  -0.0001441939   0.0000254846  -0.0000192057  -0.0001012682
        0.0000477353  -0.0000188350  -0.0003204240   0.0000810346   0.0005920417
       -0.0001318614   0.0000627337  -0.0000406740   0.0000027375   0.0000038909
       -0.0001308709  -0.0001245092   0.0000186473   0.0000826995   0.0033576990
       -0.0015602615  -0.0047638014  -0.0006274690  -0.0003775927   0.0004812955
        0.0054997193   0.0108478578   0.0085996968   0.0526855811   0.1175606010
        0.1358090096
