$hessian                                                                        
        0.5089223919   0.0228145836  -0.0120837193  -0.0857252305   0.0432977297
       -0.0240477922  -0.0173020863   0.0216372228  -0.0148379154   0.0005933287
       -0.0003256133   0.0002274732   0.0002514630   0.0001809375  -0.0001730414
       -0.0002853919  -0.0000817891   0.0000824966   0.0001588326  -0.0000554932
        0.0000617545  -0.0520166421  -0.0366570400  -0.0223361445  -0.2766286434
       -0.0337274773  -0.0146443955  -0.0774707420  -0.0103593042   0.0835601232
        0.0044529900  -0.0084187682   0.0049467700   0.0014992303  -0.0009636352
        0.0010848436  -0.0059638201   0.0004745974  -0.0017383402   0.0010456119
        0.0011795664   0.0004648998  -0.0011233798   0.0005976248  -0.0005303851
       -0.0002410445   0.0001776316  -0.0000272384  -0.0000634791   0.0000333622
       -0.0000104334  -0.0000940306   0.0000577700  -0.0000101815   0.0000068814
       -0.0000045385  -0.0000408782   0.0000713008   0.0000162771   0.0000602619
       -0.0000077315   0.0000663367   0.0000285578  -0.0000610618  -0.0000073689
       -0.0000253674  -0.0000187473   0.0000673880  -0.0000113481
        0.0228145836   0.4806781879   0.0212673362   0.0417082308  -0.1535779059
        0.0489259150   0.0041575206   0.0004170261   0.0005175897  -0.0000506999
       -0.0001067949  -0.0001364126  -0.0000049929  -0.0000878132   0.0000349767
       -0.0001459995  -0.0001040677   0.0000625934   0.0001203232  -0.0001493751
        0.0000115997  -0.0367053059  -0.2046932862  -0.1050794428  -0.0334766503
       -0.0470936903  -0.0035652517  -0.0103776024  -0.0457216947   0.0216547031
        0.0028674531  -0.0063260031   0.0063775839   0.0110243279  -0.0262670909
        0.0110204271  -0.0008747766   0.0009368292  -0.0006655679  -0.0011086388
        0.0014276866  -0.0003866512   0.0000696025   0.0001419629  -0.0001579046
        0.0000180387   0.0001392220   0.0001521890  -0.0000098520   0.0000446766
        0.0000136630  -0.0000146659   0.0000330473  -0.0000148206   0.0000045609
        0.0000985314   0.0000155845   0.0000320760   0.0000115445  -0.0000538002
        0.0000027752   0.0000466739  -0.0000057181  -0.0000214717   0.0000385842
        0.0000038455  -0.0000288367   0.0001137493   0.0000075629
       -0.0120837193   0.0212673362   0.5122384645  -0.0226109198   0.0485765209
       -0.0961908493  -0.0061096055   0.0038772640  -0.0030066176  -0.0002816654
        0.0002965818  -0.0003102970  -0.0001236178  -0.0000369927  -0.0000713125
        0.0000564680   0.0000346011  -0.0001231350   0.0000618564  -0.0000071037
       -0.0001552159  -0.0223808198  -0.1050523974  -0.1120729792  -0.0149232978
       -0.0036289425  -0.0447343301   0.0836025353   0.0211980460  -0.2473354650
       -0.0099752426   0.0249243977  -0.0170184099   0.0052422483  -0.0119672349
        0.0069825468  -0.0014065001  -0.0000144540   0.0006292776   0.0000280431
        0.0007075090   0.0002817008   0.0009267526  -0.0001142932   0.0004088814
       -0.0000478983  -0.0000423797   0.0001516077   0.0000129989  -0.0000136217
        0.0000465094   0.0000207515  -0.0000235473   0.0000524582  -0.0000107877
       -0.0000349031  -0.0000008890   0.0000111061  -0.0000079166   0.0000756963
       -0.0000311351   0.0000591529   0.0000392361   0.0000217254   0.0000102391
        0.0000348082   0.0000007235  -0.0000078618   0.0000783134
       -0.0857252305   0.0417082308  -0.0226109198   0.4624439367   0.0063502203
       -0.0166978822  -0.1845482315  -0.0157780531  -0.0240024942  -0.0223614308
       -0.0021168791   0.0043697316  -0.0007832319  -0.0000037703   0.0026283408
        0.0002742474  -0.0000174033  -0.0001300421   0.0002163148   0.0000548255
       -0.0001644884   0.0017330230  -0.0017819063   0.0020679035  -0.0162966477
        0.0246684822  -0.0147217047   0.0049849110  -0.0081364655   0.0042217394
       -0.0872202332  -0.0135954568   0.0908325807  -0.0472865497  -0.0272608534
       -0.0168671493  -0.0157366460   0.0005004896  -0.0043474632  -0.0099879659
       -0.0042308895  -0.0035064326   0.0004079938   0.0000544092  -0.0005053950
        0.0008493108  -0.0002760974  -0.0009555691  -0.0008467675  -0.0000478174
        0.0000191704   0.0001118218   0.0000239976   0.0000579565  -0.0001103690
       -0.0000670632   0.0000022981  -0.0000077601  -0.0000517670   0.0001325604
       -0.0000890060   0.0000568959   0.0001215324   0.0001069690  -0.0000503280
        0.0000382780  -0.0001284586  -0.0000028008   0.0000174489
        0.0432977297  -0.1535779059   0.0485765209   0.0063502203   0.4970991040
        0.0217537177  -0.0171238220  -0.0684688475  -0.0039925080  -0.0012438647
       -0.0001224073   0.0002541673  -0.0000629198  -0.0001002663  -0.0000718916
        0.0001552250  -0.0000216698  -0.0000651243  -0.0001529601  -0.0001136573
        0.0000258681   0.0107571703  -0.0269159576   0.0100930337   0.0006228707
        0.0010954903  -0.0000343706   0.0011500465  -0.0049232738   0.0056639750
       -0.0137789353  -0.0479414705   0.0224284562  -0.0275131811  -0.1922314595
       -0.1040355532   0.0225162058   0.0011790374   0.0062693972  -0.0263325908
       -0.0058541940  -0.0067649400  -0.0001795748   0.0000615977   0.0000207941
        0.0013595031   0.0005600517  -0.0001311142   0.0001269343   0.0000660470
       -0.0000646423   0.0000693347   0.0000148583  -0.0000553757   0.0000310854
        0.0000731379   0.0000289269  -0.0001568703  -0.0000232081  -0.0000460020
        0.0001098289  -0.0000152671   0.0000851828   0.0000641815   0.0000809553
        0.0001187385  -0.0000656172   0.0000793051  -0.0000572565
       -0.0240477922   0.0489259150  -0.0961908493  -0.0166978822   0.0217537177
        0.5211688124  -0.0200815446  -0.0039397105  -0.0689917482   0.0236062875
        0.0017272925   0.0018723921   0.0023098807   0.0001199089  -0.0041556055
       -0.0002031465   0.0000476631  -0.0001625221  -0.0001433985  -0.0000826009
       -0.0001532733   0.0057050994  -0.0116106469   0.0071446883  -0.0028947744
        0.0033624606  -0.0017940031  -0.0105540574   0.0241278138  -0.0166799179
        0.0909462564   0.0223133266  -0.2201977404  -0.0171715769  -0.1032691717
       -0.1164328891  -0.0179224336  -0.0002942291  -0.0040733528  -0.0156456834
       -0.0039659407  -0.0031195541   0.0001196699   0.0002241740   0.0006596960
        0.0011455278   0.0004691145   0.0007200758   0.0014691035   0.0000680437
       -0.0001901116  -0.0000100900  -0.0000408608   0.0001307401   0.0000150409
       -0.0000124514  -0.0000080606   0.0000422194  -0.0000088737   0.0001635236
        0.0000147868   0.0000121191   0.0001810474  -0.0000160988   0.0000571441
        0.0001313064   0.0000146063   0.0000157919  -0.0000226540
       -0.0173020863   0.0041575206  -0.0061096055  -0.1845482315  -0.0171238220
       -0.0200815446   0.4520494114  -0.0064425774   0.0143387869  -0.0932079782
        0.0023494936   0.0544785908  -0.0197058158   0.0000516111   0.0229944683
        0.0007697804  -0.0002539763  -0.0004107448   0.0006737725   0.0003384749
       -0.0003907533   0.0009035518  -0.0008587500   0.0003417548  -0.0005931140
        0.0019938177  -0.0013769559   0.0003903335  -0.0002691998   0.0002611612
       -0.0209128853  -0.0029655415  -0.0001286451  -0.0096796249  -0.0041799515
       -0.0036956949  -0.0599144962   0.0514089113  -0.0406632090  -0.0456839463
       -0.0279235354  -0.0163023248   0.0033350365  -0.0008477172  -0.0041675716
        0.0012369828   0.0008873097  -0.0014398434  -0.0059525135  -0.0003348806
        0.0004868440   0.0000042847  -0.0000207865   0.0003117508  -0.0001346679
        0.0001299251   0.0000983622  -0.0009094509   0.0000618536   0.0005376099
       -0.0007155767  -0.0001173802   0.0005290467  -0.0000082259   0.0000835075
        0.0003219023  -0.0000945404  -0.0001243066   0.0000666148
        0.0216372228   0.0004170261   0.0038772640  -0.0157780531  -0.0684688475
       -0.0039397105  -0.0064425774   0.5426663597  -0.0009490484   0.0017835314
       -0.0696647356  -0.0016625137  -0.0010379381   0.0001755658   0.0013347495
       -0.0003299292  -0.0000982651   0.0002108575   0.0004835738  -0.0000345340
       -0.0001982290   0.0012910160   0.0009881784   0.0004339204   0.0033592150
       -0.0034322729   0.0026529199  -0.0000469344   0.0006505440  -0.0002199960
       -0.0033392278   0.0002145003  -0.0002731897  -0.0251662073  -0.0054034041
       -0.0061125569   0.0512829567  -0.1766736625   0.0997792469  -0.0282768472
       -0.2188927395  -0.0923271211  -0.0109143595  -0.0007869160   0.0221690705
        0.0120815410  -0.0028117907  -0.0249491806  -0.0004564318   0.0008276475
        0.0000454754  -0.0000216061  -0.0000105105  -0.0000000839   0.0000803982
        0.0000381558  -0.0001255209   0.0008124576   0.0001426734   0.0000326383
       -0.0008734024   0.0001721830   0.0000170552   0.0000083296  -0.0000270413
        0.0000118709  -0.0001367277   0.0000118856   0.0001920822
       -0.0148379154   0.0005175897  -0.0030066176  -0.0240024942  -0.0039925080
       -0.0689917482   0.0143387869  -0.0009490484   0.4880747132   0.0524251747
       -0.0023142467  -0.1631696278   0.0052392686   0.0004329342   0.0029040043
        0.0002501333  -0.0000601801  -0.0003247889   0.0001681279   0.0000579020
       -0.0002665831   0.0006774141  -0.0005107568   0.0005128352  -0.0015588989
        0.0021233036  -0.0009582535  -0.0001348152  -0.0003836960   0.0001837861
        0.0258997193   0.0041901270   0.0018719952  -0.0170984600  -0.0045316543
       -0.0035757456  -0.0406544298   0.0998271944  -0.1214818993  -0.0165306775
       -0.0930534463  -0.0941608747   0.0099305678   0.0032621825  -0.0211859394
        0.0091136396  -0.0045349174  -0.0185074413  -0.0016366831  -0.0000702681
        0.0014005495  -0.0003095300   0.0002302678   0.0000078838  -0.0000627473
        0.0000916105   0.0001413119  -0.0005275405  -0.0001704215   0.0001796262
       -0.0003677655   0.0001337970   0.0001783648  -0.0002608184  -0.0002195190
        0.0000338434  -0.0000600564  -0.0000762461   0.0001406059
        0.0005933287  -0.0000506999  -0.0002816654  -0.0223614308  -0.0012438647
        0.0236062875  -0.0932079782   0.0017835314   0.0524251747   0.4512788257
       -0.0027615461   0.0077047689  -0.1776372369  -0.0063437312  -0.0112888849
       -0.0162030291   0.0048675038  -0.0053148861  -0.0131354431  -0.0064949735
       -0.0043861292  -0.0002116190   0.0001156234   0.0001023850  -0.0000759851
       -0.0000102837   0.0002470184  -0.0008169575  -0.0000455075   0.0005134397
       -0.0063400423  -0.0006007963   0.0003654177   0.0010128106   0.0009349633
        0.0010357150   0.0037232400  -0.0010763193  -0.0044485633   0.0014769907
        0.0011183945  -0.0008885833  -0.0578749486   0.0483088734  -0.0368401673
       -0.0502733874  -0.0376958695  -0.0226158312  -0.0214464254  -0.0011388973
        0.0013181650  -0.0005133810   0.0016824472  -0.0014164974   0.0006383641
       -0.0008223547   0.0003378936   0.0003515647  -0.0003091077   0.0002818012
        0.0003640176   0.0003271590   0.0002311662   0.0000019989  -0.0013681304
       -0.0009916800   0.0006567235   0.0008235859   0.0003036551
       -0.0003256133  -0.0001067949   0.0002965818  -0.0021168791  -0.0001224073
        0.0017272925   0.0023494936  -0.0696647356  -0.0023142467  -0.0027615461
        0.5366663527  -0.0055418494  -0.0067753905  -0.0636718669  -0.0009565857
        0.0216108291  -0.0021078648   0.0031595322  -0.0241389999  -0.0057952928
       -0.0036221651  -0.0000023369   0.0000804783  -0.0001052502  -0.0000090453
        0.0000023112  -0.0000227016   0.0009000258   0.0001250797   0.0000093198
       -0.0011046512   0.0005661466   0.0000155052  -0.0008515894   0.0005460541
        0.0009303508  -0.0109344522  -0.0009052717   0.0217145571   0.0130432288
       -0.0022536444  -0.0240505173   0.0485343721  -0.1815189835   0.0993150689
       -0.0377744251  -0.2076551422  -0.0906752547   0.0001024500   0.0010823582
        0.0000010571   0.0029365477  -0.0034725998   0.0028999505   0.0012108880
        0.0006820837   0.0002855285  -0.0000623142   0.0005634036  -0.0002091124
       -0.0000012766   0.0006458449   0.0002101063  -0.0026496637  -0.0043538188
       -0.0027932990  -0.0011796516   0.0006683098  -0.0002738686
        0.0002274732  -0.0001364126  -0.0003102970   0.0043697316   0.0002541673
        0.0018723921   0.0544785908  -0.0016625137  -0.1631696278   0.0077047689
       -0.0055418494   0.4830031741  -0.0180776307  -0.0012688668  -0.0681196491
       -0.0159824655   0.0013753448  -0.0022881883  -0.0139184164  -0.0029198978
       -0.0018364447  -0.0000076640   0.0001358596   0.0001257698  -0.0002947565
        0.0001777534   0.0000381346  -0.0005326572  -0.0001214684   0.0001821193
       -0.0015898537  -0.0005524737   0.0011550838  -0.0012157898   0.0000884600
        0.0008931186   0.0102097157   0.0034055588  -0.0212464685   0.0089188229
       -0.0037617354  -0.0168242627  -0.0367827797   0.0995310983  -0.1170324355
       -0.0224261074  -0.0904887457  -0.0955845665   0.0274586762   0.0014638202
       -0.0003705665  -0.0017314639   0.0021579158  -0.0012095437   0.0004007057
       -0.0006049931   0.0005528857  -0.0001270083  -0.0004057244   0.0002399630
       -0.0002286593   0.0003463702   0.0001833069  -0.0012772176  -0.0021086555
       -0.0007865465   0.0004239850   0.0006369881   0.0005326487
        0.0002514630  -0.0000049929  -0.0001236178  -0.0007832319  -0.0000629198
        0.0023098807  -0.0197058158  -0.0010379381   0.0052392686  -0.1776372369
       -0.0067753905  -0.0180776307   0.4708674070  -0.0012103912  -0.0136462307
       -0.0806608168   0.0350616341  -0.0211848146  -0.0733706431  -0.0283835340
       -0.0129843256  -0.0001281250  -0.0000272237   0.0000091439   0.0001600033
        0.0000377338   0.0000679892  -0.0000402165  -0.0000538932   0.0000691061
       -0.0006679025  -0.0000520417  -0.0001047048   0.0001467022   0.0002450646
        0.0001934189   0.0005739425   0.0001910355  -0.0005778993   0.0004696180
       -0.0000458705  -0.0003749464  -0.0149760391   0.0020076811  -0.0040228371
       -0.0117874248  -0.0032723517  -0.0030868768  -0.0771600389   0.0013818544
        0.0803055485  -0.0155154233   0.0244030273  -0.0163202076   0.0027223395
       -0.0059309635   0.0038425491   0.0039276822  -0.0070176308   0.0040752779
        0.0030054448   0.0080005061   0.0039952129  -0.0122894733  -0.0268578006
       -0.0139645217   0.0025977853   0.0094044054   0.0043612171
        0.0001809375  -0.0000878132  -0.0000369927  -0.0000037703  -0.0001002663
        0.0001199089   0.0000516111   0.0001755658   0.0004329342  -0.0063437312
       -0.0636718669  -0.0012688668  -0.0012103912   0.4729700482   0.0012654830
        0.0365486494  -0.1421221217   0.0523903633  -0.0299264216  -0.1580343403
       -0.0501346568   0.0000469557   0.0000405560  -0.0000106788  -0.0000123765
        0.0000263134  -0.0000525861  -0.0001450009   0.0000138282  -0.0000106264
       -0.0000592125   0.0001325119   0.0000775697   0.0000297605   0.0000709305
       -0.0000301244  -0.0003351865  -0.0000124001   0.0001858270   0.0003645470
       -0.0001144168  -0.0001680527   0.0231351666  -0.0010174529   0.0057863249
       -0.0257931096  -0.0044675800  -0.0060552500   0.0014216871  -0.0420683717
       -0.0031026253   0.0023585272  -0.0014952693   0.0014963512   0.0085323126
       -0.0256268513   0.0121535695  -0.0006514726  -0.0012756234   0.0038654742
        0.0005492000  -0.0028489337  -0.0048647723  -0.0036982257  -0.0049487496
       -0.0029345222  -0.0050404562  -0.0255376967  -0.0091040513
       -0.0001730414   0.0000349767  -0.0000713125   0.0026283408  -0.0000718916
       -0.0041556055   0.0229944683   0.0013347495   0.0029040043  -0.0112888849
       -0.0009565857  -0.0681196491  -0.0136462307   0.0012654830   0.5221807669
       -0.0226320257   0.0528797528  -0.1024023797  -0.0141558711  -0.0506809606
       -0.0939381717   0.0000164280   0.0000004102  -0.0000054337  -0.0000529787
       -0.0000335601   0.0000862503   0.0000472742  -0.0000170140   0.0001196471
        0.0014842964   0.0002464703  -0.0000931720  -0.0001452795   0.0000238616
       -0.0001083712   0.0000754792   0.0004644452   0.0005668879   0.0000690761
       -0.0003718508   0.0004116312  -0.0181026993   0.0009823693  -0.0037102409
       -0.0152694998  -0.0026446586  -0.0028587182   0.0809091401  -0.0030552281
       -0.2226892231  -0.0020109590   0.0010896772  -0.0008560877   0.0038646145
       -0.0089111838   0.0059105182  -0.0094552626   0.0234404670  -0.0204457799
       -0.0067411661  -0.0258172149  -0.0180746046  -0.0016856726  -0.0011734217
       -0.0006013594   0.0032704538   0.0119709070   0.0059504032
       -0.0002853919  -0.0001459995   0.0000564680   0.0002742474   0.0001552250
       -0.0002031465   0.0007697804  -0.0003299292   0.0002501333  -0.0162030291
        0.0216108291  -0.0159824655  -0.0806608168   0.0365486494  -0.0226320257
        0.5106064320   0.0223449360  -0.0121349110   0.0019077130  -0.0038820611
        0.0026134694   0.0000021908   0.0000134972  -0.0000213690  -0.0001123466
        0.0000646951  -0.0000195111   0.0000815559   0.0000028791   0.0000419276
       -0.0000307329   0.0000455621   0.0000005465  -0.0000168638   0.0001009175
       -0.0000207243  -0.0012026621   0.0006938904  -0.0005645318  -0.0002394593
        0.0001829353  -0.0000667356  -0.0061172795   0.0008705696  -0.0017385028
        0.0006644847   0.0010927731   0.0002906853   0.0035417537  -0.0067503637
        0.0053495702  -0.2815151242  -0.0083903966   0.0057336793  -0.0666569669
       -0.0636536244  -0.0305469985  -0.0659590322   0.0018684280   0.0702283403
        0.0001717534   0.0000812121  -0.0001894615   0.0007646823  -0.0007826711
        0.0001585094   0.0002151117  -0.0017419534  -0.0006029461
       -0.0000817891  -0.0001040677   0.0000346011  -0.0000174033  -0.0000216698
        0.0000476631  -0.0002539763  -0.0000982651  -0.0000601801   0.0048675038
       -0.0021078648   0.0013753448   0.0350616341  -0.1421221217   0.0528797528
        0.0223449360   0.4808932950   0.0279586623   0.0076456619  -0.0298533984
        0.0106834478  -0.0000004078   0.0000533863   0.0000205410  -0.0000155688
        0.0000170036  -0.0000111805   0.0000381787   0.0000056796  -0.0000394131
       -0.0000041370   0.0000152902   0.0000097963   0.0000383355   0.0000745865
        0.0000049779   0.0001913015   0.0001374474  -0.0000304324   0.0000371515
        0.0000791533   0.0000936150  -0.0002825945   0.0006108860  -0.0002872911
       -0.0009733301   0.0009972059  -0.0004068439   0.0017213152  -0.0032920058
        0.0043267129  -0.0083344360  -0.0428848739  -0.0012133995  -0.0637111775
       -0.2149894766  -0.0864642501   0.0019175861  -0.0434886850  -0.0087149400
        0.0002831826   0.0010673834   0.0011834716   0.0007384162   0.0005130444
        0.0004673772  -0.0012103827  -0.0055019329  -0.0018580333
        0.0000824966   0.0000625934  -0.0001231350  -0.0001300421  -0.0000651243
       -0.0001625221  -0.0004107448   0.0002108575  -0.0003247889  -0.0053148861
        0.0031595322  -0.0022881883  -0.0211848146   0.0523903633  -0.1024023797
       -0.0121349110   0.0279586623   0.5071507035   0.0031293697  -0.0074775718
        0.0046810327  -0.0000065935  -0.0000335424   0.0000053815   0.0000207645
       -0.0000302488   0.0000549884   0.0000061663  -0.0000262905   0.0000794981
        0.0000127678  -0.0000298688   0.0000373653  -0.0000052280   0.0000427017
        0.0000379227   0.0009322464  -0.0000796027   0.0005617541   0.0000161610
       -0.0001053626   0.0001444189  -0.0009618567  -0.0001791131   0.0008182370
        0.0000636453   0.0004645354   0.0002128767  -0.0089995726   0.0246933740
       -0.0198012934   0.0056466688  -0.0009741635  -0.0435944665  -0.0307275993
       -0.0866297192  -0.0867993355   0.0698708163  -0.0086946724  -0.2598068547
        0.0001193350  -0.0012476984   0.0013687697   0.0002998411  -0.0002430061
        0.0002291025  -0.0003240302  -0.0031666353  -0.0000790869
        0.0001588326   0.0001203232   0.0000618564   0.0002163148  -0.0001529601
       -0.0001433985   0.0006737725   0.0004835738   0.0001681279  -0.0131354431
       -0.0241389999  -0.0139184164  -0.0733706431  -0.0299264216  -0.0141558711
        0.0019077130   0.0076456619   0.0031293697   0.5156621909  -0.0187748338
       -0.0074747012  -0.0000066654  -0.0000622766   0.0000037422  -0.0000688281
       -0.0000006082  -0.0000281274  -0.0000072406  -0.0000852948   0.0000282327
       -0.0000537838   0.0000002500   0.0000363869  -0.0001890961  -0.0000754312
       -0.0000649959  -0.0002125175  -0.0001673433  -0.0000166851  -0.0009644413
       -0.0008385339  -0.0004673032   0.0006253781  -0.0010970619   0.0003413389
       -0.0060431880  -0.0017449551  -0.0016579152   0.0029500937   0.0080653244
        0.0052747854   0.0007505246   0.0008248351   0.0001475367  -0.0001739077
        0.0022349724  -0.0009926317   0.0002370630  -0.0001829686  -0.0000516542
       -0.0667149133   0.0013302842   0.0708320438  -0.2804328306  -0.0175920072
        0.0050978915  -0.0818083845   0.0741344713  -0.0461496119
       -0.0000554932  -0.0001493751  -0.0000071037   0.0000548255  -0.0001136573
       -0.0000826009   0.0003384749  -0.0000345340   0.0000579020  -0.0064949735
       -0.0057952928  -0.0029198978  -0.0283835340  -0.1580343403  -0.0506809606
       -0.0038820611  -0.0298533984  -0.0074775718  -0.0187748338   0.4718293844
       -0.0265413247   0.0000074000   0.0000724913  -0.0000159907   0.0000156636
        0.0000262762  -0.0000010658  -0.0000092182   0.0000420887   0.0000123825
        0.0000191363   0.0000314861  -0.0000221553   0.0000050435   0.0000835932
        0.0000265608  -0.0000693693   0.0000733363  -0.0000942870  -0.0002261126
        0.0000657421   0.0000149782   0.0009261896   0.0009511435   0.0003696177
       -0.0005186589   0.0005170115   0.0001005324  -0.0014747836  -0.0051411970
       -0.0048988000  -0.0006863678   0.0005046821  -0.0004694805   0.0017472923
       -0.0046710957   0.0021603721  -0.0003752854   0.0010267549  -0.0011764189
        0.0013056357  -0.0429623512  -0.0013449122  -0.0176623708  -0.0437354764
        0.0016758855   0.0741934008  -0.1847332722   0.0913143389
        0.0000617545   0.0000115997  -0.0001552159  -0.0001644884   0.0000258681
       -0.0001532733  -0.0003907533  -0.0001982290  -0.0002665831  -0.0043861292
       -0.0036221651  -0.0018364447  -0.0129843256  -0.0501346568  -0.0939381717
        0.0026134694   0.0106834478   0.0046810327  -0.0074747012  -0.0265413247
        0.5117164412  -0.0000181279   0.0000204149   0.0000706164   0.0000230121
       -0.0000026989   0.0000387750  -0.0000303258  -0.0000601453   0.0000378229
        0.0000241250  -0.0000003659   0.0000303662   0.0001018821   0.0000652451
        0.0000281472   0.0000237259   0.0001531748   0.0001645481   0.0007121667
        0.0000960307   0.0005351711   0.0000227182  -0.0005171393   0.0002127383
       -0.0009308439   0.0001247609   0.0007775015  -0.0060431480  -0.0266721387
       -0.0172372116   0.0003301304   0.0002564014   0.0002432759  -0.0008168702
        0.0035123936  -0.0005199714   0.0000087002   0.0012789341   0.0013659591
        0.0706451017  -0.0013372168  -0.2599778288   0.0050278340   0.0014379619
       -0.0438668381  -0.0463549066   0.0914198476  -0.1019508571
       -0.0520166421  -0.0367053059  -0.0223808198   0.0017330230   0.0107571703
        0.0057050994   0.0009035518   0.0012910160   0.0006774141  -0.0002116190
       -0.0000023369  -0.0000076640  -0.0001281250   0.0000469557   0.0000164280
        0.0000021908  -0.0000004078  -0.0000065935  -0.0000066654   0.0000074000
       -0.0000181279   0.0577640219   0.0410781337   0.0277540734  -0.0100058779
       -0.0283826233  -0.0188327303   0.0025157049   0.0101239497   0.0082412933
        0.0000586465  -0.0005037866   0.0002172687  -0.0004497751   0.0026713834
       -0.0010601433   0.0000020419  -0.0001643092   0.0000297494  -0.0002984128
       -0.0000051285  -0.0004001819   0.0000380419   0.0000453386   0.0001661893
        0.0000526818  -0.0001581228  -0.0000716639   0.0000432731  -0.0000142797
       -0.0000277819   0.0000254210  -0.0000145426   0.0000068024   0.0000061708
       -0.0000306615  -0.0000061192  -0.0000048999   0.0000124703   0.0000014410
       -0.0000391537   0.0000153663  -0.0000554485   0.0000651178  -0.0000203639
       -0.0000076809  -0.0000487160  -0.0000473153   0.0000591960
       -0.0366570400  -0.2046932862  -0.1050523974  -0.0017819063  -0.0269159576
       -0.0116106469  -0.0008587500   0.0009881784  -0.0005107568   0.0001156234
        0.0000804783   0.0001358596  -0.0000272237   0.0000405560   0.0000004102
        0.0000134972   0.0000533863  -0.0000335424  -0.0000622766   0.0000724913
        0.0000204149   0.0410781337   0.2407040210   0.1211842224  -0.0042206430
       -0.0064163321  -0.0050560289   0.0002278110   0.0007145080  -0.0017898391
       -0.0003983957   0.0004001521  -0.0003715021   0.0023079226  -0.0055358337
        0.0029321429  -0.0003707089   0.0002341608  -0.0000549912   0.0007156869
        0.0003125494   0.0003128289   0.0001514718  -0.0000505084  -0.0002218969
       -0.0001960718   0.0000594505   0.0000753075  -0.0000499548  -0.0000172297
       -0.0000144870   0.0000071731   0.0000128489  -0.0000018955  -0.0000367105
       -0.0000219389   0.0000052300  -0.0000092933  -0.0000304781   0.0000229075
        0.0000454315  -0.0000149826   0.0000534717  -0.0000334712  -0.0000036655
        0.0000097271   0.0000396945   0.0000274317  -0.0000345382
       -0.0223361445  -0.1050794428  -0.1120729792   0.0020679035   0.0100930337
        0.0071446883   0.0003417548   0.0004339204   0.0005128352   0.0001023850
       -0.0001052502   0.0001257698   0.0000091439  -0.0000106788  -0.0000054337
       -0.0000213690   0.0000205410   0.0000053815   0.0000037422  -0.0000159907
        0.0000706164   0.0277540734   0.1211842224   0.1273812583  -0.0017723600
       -0.0033141134  -0.0017650899  -0.0050540518  -0.0262993781  -0.0215642607
        0.0000632910   0.0004340215   0.0006074875  -0.0012551388   0.0026614421
       -0.0001022123   0.0000698724   0.0000424236   0.0000026805   0.0000145049
       -0.0000662380   0.0001289842   0.0000884337  -0.0002063709  -0.0002825356
       -0.0000820382   0.0001594999  -0.0001060000  -0.0000122393  -0.0000061966
       -0.0000304410   0.0000053257   0.0000067243  -0.0000081151  -0.0000070869
        0.0000064008  -0.0000137633  -0.0000066996   0.0000046415   0.0000062957
       -0.0000060711   0.0000005106   0.0000129344  -0.0000173054   0.0000205482
       -0.0000175236   0.0000500740   0.0000357296  -0.0000305776
       -0.2766286434  -0.0334766503  -0.0149232978  -0.0162966477   0.0006228707
       -0.0028947744  -0.0005931140   0.0033592150  -0.0015588989  -0.0000759851
       -0.0000090453  -0.0002947565   0.0001600033  -0.0000123765  -0.0000529787
       -0.0001123466  -0.0000155688   0.0000207645  -0.0000688281   0.0000156636
        0.0000230121  -0.0100058779  -0.0042206430  -0.0017723600   0.3211382022
        0.0372952966   0.0187869036  -0.0177655177  -0.0035446762   0.0026045102
        0.0005931647  -0.0004814351  -0.0000988187   0.0000965110  -0.0000221993
        0.0004009280  -0.0010154665   0.0001722727  -0.0002992816   0.0003089377
        0.0001808508   0.0001995632   0.0001713371   0.0000471753  -0.0001694042
       -0.0000069093   0.0000338685  -0.0000349302  -0.0000060820  -0.0000061697
        0.0000240073  -0.0000386637  -0.0000073932   0.0000059019   0.0000280582
        0.0000008753  -0.0000016155   0.0000489896  -0.0000086483   0.0000158616
        0.0000531008   0.0000113867   0.0000367334  -0.0000396815   0.0000143553
        0.0000017900   0.0000554587   0.0000509752  -0.0000188592
       -0.0337274773  -0.0470936903  -0.0036289425   0.0246684822   0.0010954903
        0.0033624606   0.0019938177  -0.0034322729   0.0021233036  -0.0000102837
        0.0000023112   0.0001777534   0.0000377338   0.0000263134  -0.0000335601
        0.0000646951   0.0000170036  -0.0000302488  -0.0000006082   0.0000262762
       -0.0000026989  -0.0283826233  -0.0064163321  -0.0033141134   0.0372952966
        0.0547003471   0.0013034638  -0.0035653888   0.0001258037   0.0000421073
        0.0001674783   0.0006592052  -0.0003692652   0.0003382518   0.0003513983
       -0.0000900916   0.0012691940   0.0000325609   0.0004609512  -0.0000628154
       -0.0001152822   0.0000962568  -0.0000068343   0.0000200866  -0.0000881054
       -0.0000353246   0.0000071987   0.0000216315   0.0000019606  -0.0000052177
        0.0000009832  -0.0000078605   0.0000142491  -0.0000151527  -0.0000153107
        0.0000158841   0.0000134062  -0.0000361372  -0.0000058194  -0.0000220871
        0.0000017040  -0.0000322883   0.0000163253  -0.0000203041   0.0000009676
       -0.0000011300   0.0000323541   0.0000058069  -0.0000232473
       -0.0146443955  -0.0035652517  -0.0447343301  -0.0147217047  -0.0000343706
       -0.0017940031  -0.0013769559   0.0026529199  -0.0009582535   0.0002470184
       -0.0000227016   0.0000381346   0.0000679892  -0.0000525861   0.0000862503
       -0.0000195111  -0.0000111805   0.0000549884  -0.0000281274  -0.0000010658
        0.0000387750  -0.0188327303  -0.0050560289  -0.0017650899   0.0187869036
        0.0013034638   0.0500623451   0.0317904985   0.0051286566  -0.0009226450
       -0.0007118305  -0.0001934667   0.0000636169   0.0002936838  -0.0003204458
        0.0001574316  -0.0008585255   0.0001624008  -0.0002622230   0.0002129731
        0.0000959712  -0.0000092735  -0.0002444875  -0.0000964467  -0.0000355614
        0.0000026573   0.0000355514  -0.0000022210  -0.0000245018   0.0000052076
        0.0000069447  -0.0000008386  -0.0000132044   0.0000074698   0.0000097880
        0.0000006837  -0.0000082069   0.0000310332  -0.0000023393   0.0000016694
        0.0000299373  -0.0000019848  -0.0000036677  -0.0000024361  -0.0000001842
        0.0000021241  -0.0000064373  -0.0000135980  -0.0000242748
       -0.0774707420  -0.0103776024   0.0836025353   0.0049849110   0.0011500465
       -0.0105540574   0.0003903335  -0.0000469344  -0.0001348152  -0.0008169575
        0.0009000258  -0.0005326572  -0.0000402165  -0.0001450009   0.0000472742
        0.0000815559   0.0000381787   0.0000061663  -0.0000072406  -0.0000092182
       -0.0000303258   0.0025157049   0.0002278110  -0.0050540518  -0.0177655177
       -0.0035653888   0.0317904985   0.0898931096   0.0103591319  -0.0979951899
       -0.0000620948   0.0020356659  -0.0017430853   0.0002378079  -0.0005104676
        0.0000660512  -0.0000596802  -0.0000577001   0.0002079877  -0.0000266098
       -0.0000554888  -0.0000286046  -0.0019838305   0.0000907406   0.0001981050
        0.0000522383   0.0000824235   0.0000466456  -0.0000013379   0.0000066999
        0.0000251157   0.0000481084  -0.0000382133   0.0000331045  -0.0000046327
       -0.0000106685  -0.0000062630   0.0000024227  -0.0000109547   0.0000218840
        0.0000066909  -0.0000017691   0.0000151970   0.0000538363   0.0000062366
        0.0000261547  -0.0000278593  -0.0000675538  -0.0000076695
       -0.0103593042  -0.0457216947   0.0211980460  -0.0081364655  -0.0049232738
        0.0241278138  -0.0002691998   0.0006505440  -0.0003836960  -0.0000455075
        0.0001250797  -0.0001214684  -0.0000538932   0.0000138282  -0.0000170140
        0.0000028791   0.0000056796  -0.0000262905  -0.0000852948   0.0000420887
       -0.0000601453   0.0101239497   0.0007145080  -0.0262993781  -0.0035446762
        0.0001258037   0.0051286566   0.0103591319   0.0527566934  -0.0278799740
        0.0020900631  -0.0043387623   0.0039283001  -0.0005559371   0.0005901734
        0.0005426257  -0.0001082968   0.0000214037  -0.0000848735   0.0000220691
       -0.0001249625  -0.0000814334   0.0004745051   0.0006066986   0.0000182591
        0.0001269650  -0.0004174141  -0.0000043725  -0.0000045661  -0.0000007121
       -0.0000124379  -0.0000121031   0.0000007930  -0.0000060701   0.0000054260
       -0.0000431878   0.0000139365  -0.0000148227  -0.0000097513   0.0000083419
        0.0000042741  -0.0000188488   0.0000114601  -0.0000033736  -0.0000366071
        0.0000016035  -0.0000158225  -0.0000180795  -0.0000018893
        0.0835601232   0.0216547031  -0.2473354650   0.0042217394   0.0056639750
       -0.0166799179   0.0002611612  -0.0002199960   0.0001837861   0.0005134397
        0.0000093198   0.0001821193   0.0000691061  -0.0000106264   0.0001196471
        0.0000419276  -0.0000394131   0.0000794981   0.0000282327   0.0000123825
        0.0000378229   0.0082412933  -0.0017898391  -0.0215642607   0.0026045102
        0.0000421073  -0.0009226450  -0.0979951899  -0.0278799740   0.2860797765
       -0.0015064227   0.0036807769  -0.0014917672   0.0001708963  -0.0005340637
        0.0008348898   0.0001832776  -0.0002053330   0.0000144938   0.0000933325
       -0.0000514320  -0.0003112756  -0.0004844485  -0.0002607557   0.0007814270
       -0.0000730706   0.0000101151   0.0000779153   0.0000418474  -0.0000021023
        0.0000201707   0.0000120994  -0.0000172151   0.0000036807   0.0000058927
        0.0000254981  -0.0000048802   0.0000195910   0.0000135287  -0.0000440062
        0.0000099031  -0.0000107741  -0.0000710789   0.0000444309  -0.0000139623
       -0.0000033372  -0.0000636727  -0.0000769197   0.0000134065
        0.0044529900   0.0028674531  -0.0099752426  -0.0872202332  -0.0137789353
        0.0909462564  -0.0209128853  -0.0033392278   0.0258997193  -0.0063400423
       -0.0011046512  -0.0015898537  -0.0006679025  -0.0000592125   0.0014842964
       -0.0000307329  -0.0000041370   0.0000127678  -0.0000537838   0.0000191363
        0.0000241250   0.0000586465  -0.0003983957   0.0000632910   0.0005931647
        0.0001674783  -0.0007118305  -0.0000620948   0.0020900631  -0.0015064227
        0.1074686726   0.0128658848  -0.1032964271   0.0023407510   0.0005717189
       -0.0019310774   0.0002914704   0.0001756288   0.0007416265   0.0004226160
       -0.0000629749   0.0002503781   0.0001006446   0.0000773488  -0.0001685398
        0.0000698394  -0.0000702701  -0.0002947460  -0.0005570415  -0.0000161272
        0.0000519162  -0.0000046248   0.0000012740  -0.0000248166   0.0000317292
       -0.0000418173   0.0000089006  -0.0000125166  -0.0000188077   0.0000248503
        0.0000114679   0.0000109121   0.0000216370  -0.0000095292  -0.0000002381
       -0.0000255335   0.0000293948   0.0000478966  -0.0000052747
       -0.0084187682  -0.0063260031   0.0249243977  -0.0135954568  -0.0479414705
        0.0223133266  -0.0029655415   0.0002145003   0.0041901270  -0.0006007963
        0.0005661466  -0.0005524737  -0.0000520417   0.0001325119   0.0002464703
        0.0000455621   0.0000152902  -0.0000298688   0.0000002500   0.0000314861
       -0.0000003659  -0.0005037866   0.0004001521   0.0004340215  -0.0004814351
        0.0006592052  -0.0001934667   0.0020356659  -0.0043387623   0.0036807769
        0.0128658848   0.0556322515  -0.0301343848   0.0110682873   0.0009988156
       -0.0250469706   0.0008222628   0.0002539532  -0.0002927613  -0.0002378676
       -0.0001827390   0.0002648284   0.0001495608  -0.0001485827   0.0000369095
       -0.0000754648   0.0000779642   0.0000926521  -0.0000790669  -0.0000364651
        0.0000353741  -0.0000020991  -0.0000060450   0.0000099717  -0.0000111378
       -0.0000001444  -0.0000036821   0.0000035056   0.0000049826  -0.0000000242
       -0.0000061696   0.0000014871   0.0000088214   0.0000144089   0.0000087854
        0.0000031104   0.0000242439  -0.0000173199   0.0000132102
        0.0049467700   0.0063775839  -0.0170184099   0.0908325807   0.0224284562
       -0.2201977404  -0.0001286451  -0.0002731897   0.0018719952   0.0003654177
        0.0000155052   0.0011550838  -0.0001047048   0.0000775697  -0.0000931720
        0.0000005465   0.0000097963   0.0000373653   0.0000363869  -0.0000221553
        0.0000303662   0.0002172687  -0.0003715021   0.0006074875  -0.0000988187
       -0.0003692652   0.0000636169  -0.0017430853   0.0039283001  -0.0014917672
       -0.1032964271  -0.0301343848   0.2561910721   0.0096921296  -0.0015367769
       -0.0222851214  -0.0002999580  -0.0004218015   0.0007439430  -0.0001043339
        0.0002321712   0.0001691111  -0.0002030813  -0.0001352527   0.0000917753
       -0.0001708785   0.0001689797   0.0001153971   0.0000106859   0.0000004875
       -0.0000259033   0.0000256578  -0.0000061873   0.0000133127  -0.0000251823
       -0.0000068292  -0.0000354153   0.0000296237   0.0000008022   0.0000370427
        0.0000140094   0.0000137211   0.0000350197   0.0000363990   0.0000181864
        0.0000142238  -0.0000323611   0.0000057851  -0.0000292830
        0.0014992303   0.0110243279   0.0052422483  -0.0472865497  -0.0275131811
       -0.0171715769  -0.0096796249  -0.0251662073  -0.0170984600   0.0010128106
       -0.0008515894  -0.0012157898   0.0001467022   0.0000297605  -0.0001452795
       -0.0000168638   0.0000383355  -0.0000052280  -0.0001890961   0.0000050435
        0.0001018821  -0.0004497751   0.0023079226  -0.0012551388   0.0000965110
        0.0003382518   0.0002936838   0.0002378079  -0.0005559371   0.0001708963
        0.0023407510   0.0110682873   0.0096921296   0.0586400837   0.0305638322
        0.0225601510   0.0004521757  -0.0001952338  -0.0000596011  -0.0064794823
       -0.0016834133  -0.0018633831  -0.0000032866   0.0000311972   0.0000077413
       -0.0005631162   0.0004434449   0.0006153057   0.0000864921   0.0000024701
        0.0000060842   0.0000611279   0.0000041498   0.0000160442  -0.0000583338
        0.0000622750   0.0000290693   0.0000275721  -0.0000601870  -0.0000041707
        0.0001036435   0.0000097189   0.0000768451  -0.0000054471   0.0000497104
        0.0000594676   0.0000266676   0.0000470213  -0.0000529206
       -0.0009636352  -0.0262670909  -0.0119672349  -0.0272608534  -0.1922314595
       -0.1032691717  -0.0041799515  -0.0054034041  -0.0045316543   0.0009349633
        0.0005460541   0.0000884600   0.0002450646   0.0000709305   0.0000238616
        0.0001009175   0.0000745865   0.0000427017  -0.0000754312   0.0000835932
        0.0000652451   0.0026713834  -0.0055358337   0.0026614421  -0.0000221993
        0.0003513983  -0.0003204458  -0.0005104676   0.0005901734  -0.0005340637
        0.0005717189   0.0009988156  -0.0015367769   0.0305638322   0.2265043047
        0.1198217723   0.0001889384   0.0002984171   0.0000337472  -0.0017516580
        0.0001332932  -0.0009031458  -0.0001020441  -0.0003624172   0.0000495945
       -0.0004720415   0.0002885705   0.0002662103  -0.0000151457  -0.0000251402
        0.0000506294   0.0000113169  -0.0000271940  -0.0000119350  -0.0000172424
        0.0000234613   0.0000136788  -0.0000061809  -0.0000359915  -0.0000310752
        0.0000569174  -0.0000370598   0.0000139654  -0.0000173721   0.0000079562
        0.0000068087   0.0000491703  -0.0000459637  -0.0000326137
        0.0010848436   0.0110204271   0.0069825468  -0.0168671493  -0.1040355532
       -0.1164328891  -0.0036956949  -0.0061125569  -0.0035757456   0.0010357150
        0.0009303508   0.0008931186   0.0001934189  -0.0000301244  -0.0001083712
       -0.0000207243   0.0000049779   0.0000379227  -0.0000649959   0.0000265608
        0.0000281472  -0.0010601433   0.0029321429  -0.0001022123   0.0004009280
       -0.0000900916   0.0001574316   0.0000660512   0.0005426257   0.0008348898
       -0.0019310774  -0.0250469706  -0.0222851214   0.0225601510   0.1198217723
        0.1337259460  -0.0000583332  -0.0000647510  -0.0003636396  -0.0016981983
       -0.0000026463   0.0000705436  -0.0000518556   0.0000678100  -0.0001033494
        0.0000550524  -0.0000095898   0.0002901377   0.0000272599   0.0000121737
        0.0000074268   0.0000034129   0.0000169902  -0.0000230634  -0.0000288920
        0.0000413196   0.0000477933   0.0000001199  -0.0000422501  -0.0000641855
        0.0000621558  -0.0000163002   0.0000034032  -0.0000291422   0.0000089637
        0.0000058842   0.0000170979   0.0000247195  -0.0000266140
       -0.0059638201  -0.0008747766  -0.0014065001  -0.0157366460   0.0225162058
       -0.0179224336  -0.0599144962   0.0512829567  -0.0406544298   0.0037232400
       -0.0109344522   0.0102097157   0.0005739425  -0.0003351865   0.0000754792
       -0.0012026621   0.0001913015   0.0009322464  -0.0002125175  -0.0000693693
        0.0000237259   0.0000020419  -0.0003707089   0.0000698724  -0.0010154665
        0.0012691940  -0.0008585255  -0.0000596802  -0.0001082968   0.0001832776
        0.0002914704   0.0008222628  -0.0002999580   0.0004521757   0.0001889384
       -0.0000583332   0.0795197075  -0.0609760276   0.0457191788   0.0022397701
       -0.0029116269   0.0020617671  -0.0011899995  -0.0002716454   0.0033141338
        0.0003342435  -0.0000820518  -0.0004629244   0.0001201626   0.0001512627
       -0.0002050720   0.0001234081  -0.0000570284  -0.0002199503   0.0000135252
        0.0002311607   0.0001816792  -0.0021812439   0.0003393134  -0.0005415452
        0.0000588439  -0.0001551597  -0.0000701966  -0.0000056546   0.0000125731
       -0.0000088242   0.0000296554   0.0001411608  -0.0000623834
        0.0004745974   0.0009368292  -0.0000144540   0.0005004896   0.0011790374
       -0.0002942291   0.0514089113  -0.1766736625   0.0998271944  -0.0010763193
       -0.0009052717   0.0034055588   0.0001910355  -0.0000124001   0.0004644452
        0.0006938904   0.0001374474  -0.0000796027  -0.0001673433   0.0000733363
        0.0001531748  -0.0001643092   0.0002341608   0.0000424236   0.0001722727
        0.0000325609   0.0001624008  -0.0000577001   0.0000214037  -0.0002053330
        0.0001756288   0.0002539532  -0.0004218015  -0.0001952338   0.0002984171
       -0.0000647510  -0.0609760276   0.2010952705  -0.1178355602   0.0089906714
       -0.0283739653   0.0156916010  -0.0002314384   0.0010830781   0.0007573633
       -0.0000007088   0.0005975568  -0.0004962339   0.0000466709  -0.0001025209
       -0.0000701029   0.0000691058   0.0000042445  -0.0001653546   0.0000660435
       -0.0001000213  -0.0002361228   0.0000845627   0.0005471278  -0.0002864683
       -0.0001196252  -0.0004319821  -0.0000537088  -0.0000128842   0.0000136344
       -0.0000889897   0.0001277099   0.0000917657  -0.0001914494
       -0.0017383402  -0.0006655679   0.0006292776  -0.0043474632   0.0062693972
       -0.0040733528  -0.0406632090   0.0997792469  -0.1214818993  -0.0044485633
        0.0217145571  -0.0212464685  -0.0005778993   0.0001858270   0.0005668879
       -0.0005645318  -0.0000304324   0.0005617541  -0.0000166851  -0.0000942870
        0.0001645481   0.0000297494  -0.0000549912   0.0000026805  -0.0002992816
        0.0004609512  -0.0002622230   0.0002079877  -0.0000848735   0.0000144938
        0.0007416265  -0.0002927613   0.0007439430  -0.0000596011   0.0000337472
       -0.0003636396   0.0457191788  -0.1178355602   0.1424272774   0.0035705704
       -0.0099514880   0.0077590331   0.0030855617   0.0005911571  -0.0062514194
       -0.0005222529   0.0003699654   0.0003430557  -0.0002458775  -0.0000140899
        0.0000402089  -0.0001843729  -0.0001074891  -0.0000275491   0.0002057276
       -0.0003310529  -0.0003269569   0.0001525001   0.0000768823   0.0007767295
        0.0000545178   0.0000583863   0.0001183725  -0.0000433030  -0.0000071666
       -0.0000142836  -0.0000560393  -0.0000703577  -0.0001004698
        0.0010456119  -0.0011086388   0.0000280431  -0.0099879659  -0.0263325908
       -0.0156456834  -0.0456839463  -0.0282768472  -0.0165306775   0.0014769907
        0.0130432288   0.0089188229   0.0004696180   0.0003645470   0.0000690761
       -0.0002394593   0.0000371515   0.0000161610  -0.0009644413  -0.0002261126
        0.0007121667  -0.0002984128   0.0007156869   0.0000145049   0.0003089377
       -0.0000628154   0.0002129731  -0.0000266098   0.0000220691   0.0000933325
        0.0004226160  -0.0002378676  -0.0001043339  -0.0064794823  -0.0017516580
       -0.0016981983   0.0022397701   0.0089906714   0.0035705704   0.0602743746
        0.0354622814   0.0184953666   0.0004440557  -0.0000297287  -0.0005815459
       -0.0012950426   0.0002935769   0.0032631665   0.0000914974  -0.0001539132
       -0.0001896540  -0.0000062185  -0.0000204513   0.0000001857   0.0000610407
       -0.0001703403  -0.0000761256   0.0000436269   0.0001697456  -0.0000636887
       -0.0020292963  -0.0004999371  -0.0005254576   0.0001291335   0.0000094744
       -0.0002042560   0.0000036017  -0.0002375319   0.0002252513
        0.0011795664   0.0014276866   0.0007075090  -0.0042308895  -0.0058541940
       -0.0039659407  -0.0279235354  -0.2188927395  -0.0930534463   0.0011183945
       -0.0022536444  -0.0037617354  -0.0000458705  -0.0001144168  -0.0003718508
        0.0001829353   0.0000791533  -0.0001053626  -0.0008385339   0.0000657421
        0.0000960307  -0.0000051285   0.0003125494  -0.0000662380   0.0001808508
       -0.0001152822   0.0000959712  -0.0000554888  -0.0001249625  -0.0000514320
       -0.0000629749  -0.0001827390   0.0002321712  -0.0016834133   0.0001332932
       -0.0000026463  -0.0029116269  -0.0283739653  -0.0099514880   0.0354622814
        0.2521983585   0.1096928670  -0.0000989144   0.0007139382   0.0004934598
        0.0001980281   0.0008702066  -0.0009632363  -0.0000687682  -0.0000974679
        0.0000657744   0.0000118999   0.0000254033   0.0000446720  -0.0001329378
        0.0001027928   0.0001705302   0.0000992568  -0.0003494638   0.0000351093
       -0.0002147557   0.0004663962   0.0002867962  -0.0001156307   0.0000047071
        0.0001697508  -0.0000447446  -0.0000413519   0.0002027347
        0.0004648998  -0.0003866512   0.0002817008  -0.0035064326  -0.0067649400
       -0.0031195541  -0.0163023248  -0.0923271211  -0.0941608747  -0.0008885833
       -0.0240505173  -0.0168242627  -0.0003749464  -0.0001680527   0.0004116312
       -0.0000667356   0.0000936150   0.0001444189  -0.0004673032   0.0000149782
        0.0005351711  -0.0004001819   0.0003128289   0.0001289842   0.0001995632
        0.0000962568  -0.0000092735  -0.0000286046  -0.0000814334  -0.0003112756
        0.0002503781   0.0002648284   0.0001691111  -0.0018633831  -0.0009031458
        0.0000705436   0.0020617671   0.0156916010   0.0077590331   0.0184953666
        0.1096928670   0.1102564779  -0.0004667373  -0.0005831137   0.0004552566
        0.0030418443  -0.0012945807  -0.0059785080  -0.0001706002   0.0000109777
        0.0000124039  -0.0000506971   0.0000052558  -0.0000122842  -0.0000478192
        0.0000354102  -0.0001264639   0.0000506470   0.0000209227   0.0000967469
        0.0000517397  -0.0000679723   0.0006512074  -0.0001784726   0.0000711571
       -0.0000654280   0.0001966162   0.0003168295  -0.0003647620
       -0.0011233798   0.0000696025   0.0009267526   0.0004079938  -0.0001795748
        0.0001196699   0.0033350365  -0.0109143595   0.0099305678  -0.0578749486
        0.0485343721  -0.0367827797  -0.0149760391   0.0231351666  -0.0181026993
       -0.0061172795  -0.0002825945  -0.0009618567   0.0006253781   0.0009261896
        0.0000227182   0.0000380419   0.0001514718   0.0000884337   0.0001713371
       -0.0000068343  -0.0002444875  -0.0019838305   0.0004745051  -0.0004844485
        0.0001006446   0.0001495608  -0.0002030813  -0.0000032866  -0.0001020441
       -0.0000518556  -0.0011899995  -0.0002314384   0.0030855617   0.0004440557
       -0.0000989144  -0.0004667373   0.0762071086  -0.0578335530   0.0410033617
        0.0026423429  -0.0046424138   0.0028484680   0.0003550990   0.0006076211
       -0.0002392915  -0.0009521866   0.0012796187  -0.0009544844  -0.0000345790
       -0.0003378792   0.0001158179  -0.0000628891  -0.0000511383   0.0001641459
       -0.0000375407  -0.0000197815   0.0001409707   0.0001908006   0.0001295466
        0.0001769380  -0.0001618798  -0.0007571290  -0.0001316844
        0.0005976248   0.0001419629  -0.0001142932   0.0000544092   0.0000615977
        0.0002241740  -0.0008477172  -0.0007869160   0.0032621825   0.0483088734
       -0.1815189835   0.0995310983   0.0020076811  -0.0010174529   0.0009823693
        0.0008705696   0.0006108860  -0.0001791131  -0.0010970619   0.0009511435
       -0.0005171393   0.0000453386  -0.0000505084  -0.0002063709   0.0000471753
        0.0000200866  -0.0000964467   0.0000907406   0.0006066986  -0.0002607557
        0.0000773488  -0.0001485827  -0.0001352527   0.0000311972  -0.0003624172
        0.0000678100  -0.0002716454   0.0010830781   0.0005911571  -0.0000297287
        0.0007139382  -0.0005831137  -0.0578335530   0.2087158894  -0.1170543979
        0.0078300542  -0.0290055473   0.0148438868   0.0002475807  -0.0000048507
       -0.0003306926   0.0002227153  -0.0000277082   0.0002112354  -0.0001161679
        0.0002185131   0.0000278408  -0.0000320878   0.0000133702  -0.0001799934
        0.0000598244  -0.0001360314   0.0000212411  -0.0000376676  -0.0001088395
       -0.0000384588  -0.0002255037   0.0000306735  -0.0000669676
       -0.0005303851  -0.0001579046   0.0004088814  -0.0005053950   0.0000207941
        0.0006596960  -0.0041675716   0.0221690705  -0.0211859394  -0.0368401673
        0.0993150689  -0.1170324355  -0.0040228371   0.0057863249  -0.0037102409
       -0.0017385028  -0.0002872911   0.0008182370   0.0003413389   0.0003696177
        0.0002127383   0.0001661893  -0.0002218969  -0.0002825356  -0.0001694042
       -0.0000881054  -0.0000355614   0.0001981050   0.0000182591   0.0007814270
       -0.0001685398   0.0000369095   0.0000917753   0.0000077413   0.0000495945
       -0.0001033494   0.0033141338   0.0007573633  -0.0062514194  -0.0005815459
        0.0004934598   0.0004552566   0.0410033617  -0.1170543979   0.1374142031
        0.0033595959  -0.0106967577   0.0077498308   0.0006096722  -0.0003590179
        0.0004835419  -0.0002644093   0.0004498064  -0.0002861183   0.0000329667
       -0.0000243516  -0.0000277097   0.0002094670  -0.0000492218   0.0000254525
       -0.0000486746   0.0000443165  -0.0002458870   0.0001828209  -0.0000738927
       -0.0000045526  -0.0003879601  -0.0004977477   0.0000647091
       -0.0002410445   0.0000180387  -0.0000478983   0.0008493108   0.0013595031
        0.0011455278   0.0012369828   0.0120815410   0.0091136396  -0.0502733874
       -0.0377744251  -0.0224261074  -0.0117874248  -0.0257931096  -0.0152694998
        0.0006644847  -0.0009733301   0.0000636453  -0.0060431880  -0.0005186589
       -0.0009308439   0.0000526818  -0.0001960718  -0.0000820382  -0.0000069093
       -0.0000353246   0.0000026573   0.0000522383   0.0001269650  -0.0000730706
        0.0000698394  -0.0000754648  -0.0001708785  -0.0005631162  -0.0004720415
        0.0000550524   0.0003342435  -0.0000007088  -0.0005222529  -0.0012950426
        0.0001980281   0.0030418443   0.0026423429   0.0078300542   0.0033595959
        0.0649327586   0.0451461728   0.0233763737   0.0004265465  -0.0005142795
       -0.0001607051   0.0002001223  -0.0000841733   0.0001797216  -0.0002825807
        0.0007179019  -0.0001918935  -0.0000336037   0.0000407710   0.0001307782
       -0.0000627530   0.0000635208   0.0001448215  -0.0007980022  -0.0014590337
       -0.0008273067  -0.0000744991   0.0003141251   0.0000888373
        0.0001776316   0.0001392220  -0.0000423797  -0.0002760974   0.0005600517
        0.0004691145   0.0008873097  -0.0028117907  -0.0045349174  -0.0376958695
       -0.2076551422  -0.0904887457  -0.0032723517  -0.0044675800  -0.0026446586
        0.0010927731   0.0009972059   0.0004645354  -0.0017449551   0.0005170115
        0.0001247609  -0.0001581228   0.0000594505   0.0001594999   0.0000338685
        0.0000071987   0.0000355514   0.0000824235  -0.0004174141   0.0000101151
       -0.0000702701   0.0000779642   0.0001689797   0.0004434449   0.0002885705
       -0.0000095898  -0.0000820518   0.0005975568   0.0003699654   0.0002935769
        0.0008702066  -0.0012945807  -0.0046424138  -0.0290055473  -0.0106967577
        0.0451461728   0.2403164712   0.1076758079  -0.0001808949  -0.0000634318
        0.0003501400   0.0000819414  -0.0000884816   0.0000555877   0.0001368967
        0.0001951793   0.0000326185  -0.0000579575  -0.0001425120  -0.0000264610
        0.0000485347   0.0000419316   0.0001833339  -0.0003335693  -0.0002795390
       -0.0003260017   0.0000899801   0.0002634184  -0.0000359181
       -0.0000272384   0.0001521890   0.0001516077  -0.0009555691  -0.0001311142
        0.0007200758  -0.0014398434  -0.0249491806  -0.0185074413  -0.0226158312
       -0.0906752547  -0.0955845665  -0.0030868768  -0.0060552500  -0.0028587182
        0.0002906853  -0.0004068439   0.0002128767  -0.0016579152   0.0001005324
        0.0007775015  -0.0000716639   0.0000753075  -0.0001060000  -0.0000349302
        0.0000216315  -0.0000022210   0.0000466456  -0.0000043725   0.0000779153
       -0.0002947460   0.0000926521   0.0001153971   0.0006153057   0.0002662103
        0.0002901377  -0.0004629244  -0.0004962339   0.0003430557   0.0032631665
       -0.0009632363  -0.0059785080   0.0028484680   0.0148438868   0.0077498308
        0.0233763737   0.1076758079   0.1127171984   0.0005039684   0.0004255346
        0.0003566500   0.0001650493   0.0000980580  -0.0000199697  -0.0004468939
        0.0004228213   0.0000327866  -0.0000438813  -0.0000578664  -0.0002424412
        0.0001965589   0.0000615590   0.0000026847  -0.0001908948  -0.0004910971
       -0.0002159491   0.0000229871  -0.0000057407  -0.0000319028
       -0.0000634791  -0.0000098520   0.0000129989  -0.0008467675   0.0001269343
        0.0014691035  -0.0059525135  -0.0004564318  -0.0016366831  -0.0214464254
        0.0001024500   0.0274586762  -0.0771600389   0.0014216871   0.0809091401
        0.0035417537   0.0017213152  -0.0089995726   0.0029500937  -0.0014747836
       -0.0060431480   0.0000432731  -0.0000499548  -0.0000122393  -0.0000060820
        0.0000019606  -0.0000245018  -0.0000013379  -0.0000045661   0.0000418474
       -0.0005570415  -0.0000790669   0.0000106859   0.0000864921  -0.0000151457
        0.0000272599   0.0001201626   0.0000466709  -0.0002458775   0.0000914974
       -0.0000687682  -0.0001706002   0.0003550990   0.0002475807   0.0006096722
        0.0004265465  -0.0001808949   0.0005039684   0.0969409222  -0.0016186015
       -0.0897432050   0.0005288606   0.0001020192  -0.0008679356  -0.0000332197
       -0.0003732063   0.0001406968   0.0001329296   0.0015527997  -0.0016189777
        0.0004597321  -0.0011544298  -0.0011151343   0.0004973344  -0.0001833502
       -0.0008486368  -0.0001077916   0.0003456342   0.0001424625
        0.0000333622   0.0000446766  -0.0000136217  -0.0000478174   0.0000660470
        0.0000680437  -0.0003348806   0.0008276475  -0.0000702681  -0.0011388973
        0.0010823582   0.0014638202   0.0013818544  -0.0420683717  -0.0030552281
       -0.0067503637  -0.0032920058   0.0246933740   0.0080653244  -0.0051411970
       -0.0266721387  -0.0000142797  -0.0000172297  -0.0000061966  -0.0000061697
       -0.0000052177   0.0000052076   0.0000066999  -0.0000007121  -0.0000021023
       -0.0000161272  -0.0000364651   0.0000004875   0.0000024701  -0.0000251402
        0.0000121737   0.0001512627  -0.0001025209  -0.0000140899  -0.0001539132
       -0.0000974679   0.0000109777   0.0006076211  -0.0000048507  -0.0003590179
       -0.0005142795  -0.0000634318   0.0004255346  -0.0016186015   0.0554178311
        0.0035894586  -0.0004657013   0.0006942660  -0.0001541563  -0.0003361047
        0.0002815641   0.0002806764   0.0016575982  -0.0038728195   0.0036242247
       -0.0012522925  -0.0048150303  -0.0035861175   0.0004329267   0.0007739748
        0.0000225866   0.0003103085   0.0003540950  -0.0002636284
       -0.0000104334   0.0000136630   0.0000465094   0.0000191704  -0.0000646423
       -0.0001901116   0.0004868440   0.0000454754   0.0014005495   0.0013181650
        0.0000010571  -0.0003705665   0.0803055485  -0.0031026253  -0.2226892231
        0.0053495702   0.0043267129  -0.0198012934   0.0052747854  -0.0048988000
       -0.0172372116  -0.0000277819  -0.0000144870  -0.0000304410   0.0000240073
        0.0000009832   0.0000069447   0.0000251157  -0.0000124379   0.0000201707
        0.0000519162   0.0000353741  -0.0000259033   0.0000060842   0.0000506294
        0.0000074268  -0.0002050720  -0.0000701029   0.0000402089  -0.0001896540
        0.0000657744   0.0000124039  -0.0002392915  -0.0003306926   0.0004835419
       -0.0001607051   0.0003501400   0.0003566500  -0.0897432050   0.0035894586
        0.2613136503  -0.0000501331  -0.0004946179   0.0001670946   0.0002416762
       -0.0001534536   0.0003426197  -0.0015379579   0.0039214001  -0.0024806593
       -0.0009937654  -0.0038793267  -0.0018525330  -0.0001386041   0.0004350504
        0.0001224062   0.0001937203   0.0001854678   0.0003577661
       -0.0000940306  -0.0000146659   0.0000207515   0.0001118218   0.0000693347
       -0.0000100900   0.0000042847  -0.0000216061  -0.0003095300  -0.0005133810
        0.0029365477  -0.0017314639  -0.0155154233   0.0023585272  -0.0020109590
       -0.2815151242  -0.0083344360   0.0056466688   0.0007505246  -0.0006863678
        0.0003301304   0.0000254210   0.0000071731   0.0000053257  -0.0000386637
       -0.0000078605  -0.0000008386   0.0000481084  -0.0000121031   0.0000120994
       -0.0000046248  -0.0000020991   0.0000256578   0.0000611279   0.0000113169
        0.0000034129   0.0001234081   0.0000691058  -0.0001843729  -0.0000062185
        0.0000118999  -0.0000506971  -0.0009521866   0.0002227153  -0.0002644093
        0.0002001223   0.0000819414   0.0001650493   0.0005288606  -0.0004657013
       -0.0000501331   0.3269915394   0.0084627378  -0.0050487276  -0.0150569263
       -0.0038253146  -0.0006678238  -0.0153235178  -0.0010740147   0.0040088321
       -0.0002703923   0.0000437368   0.0000900665   0.0003693696   0.0003632474
       -0.0000360331   0.0000759006  -0.0001941150   0.0000570840
        0.0000577700   0.0000330473  -0.0000235473   0.0000239976   0.0000148583
       -0.0000408608  -0.0000207865  -0.0000105105   0.0002302678   0.0016824472
       -0.0034725998   0.0021579158   0.0244030273  -0.0014952693   0.0010896772
       -0.0083903966  -0.0428848739  -0.0009741635   0.0008248351   0.0005046821
        0.0002564014  -0.0000145426   0.0000128489   0.0000067243  -0.0000073932
        0.0000142491  -0.0000132044  -0.0000382133   0.0000007930  -0.0000172151
        0.0000012740  -0.0000060450  -0.0000061873   0.0000041498  -0.0000271940
        0.0000169902  -0.0000570284   0.0000042445  -0.0001074891  -0.0000204513
        0.0000254033   0.0000052558   0.0012796187  -0.0000277082   0.0004498064
       -0.0000841733  -0.0000884816   0.0000980580   0.0001020192   0.0006942660
       -0.0004946179   0.0084627378   0.0497732550  -0.0015820057  -0.0295456294
       -0.0033684341  -0.0004842852   0.0017586299   0.0008553778  -0.0005792608
       -0.0000164523  -0.0000569059  -0.0000413501  -0.0002511275  -0.0006334854
        0.0000907916  -0.0001543124   0.0001384824  -0.0000377014
       -0.0000101815  -0.0000148206   0.0000524582   0.0000579565  -0.0000553757
        0.0001307401   0.0003117508  -0.0000000839   0.0000078838  -0.0014164974
        0.0028999505  -0.0012095437  -0.0163202076   0.0014963512  -0.0008560877
        0.0057336793  -0.0012133995  -0.0435944665   0.0001475367  -0.0004694805
        0.0002432759   0.0000068024  -0.0000018955  -0.0000081151   0.0000059019
       -0.0000151527   0.0000074698   0.0000331045  -0.0000060701   0.0000036807
       -0.0000248166   0.0000099717   0.0000133127   0.0000160442  -0.0000119350
       -0.0000230634  -0.0002199503  -0.0001653546  -0.0000275491   0.0000001857
        0.0000446720  -0.0000122842  -0.0009544844   0.0002112354  -0.0002861183
        0.0001797216   0.0000555877  -0.0000199697  -0.0008679356  -0.0001541563
        0.0001670946  -0.0050487276  -0.0015820057   0.0493012585  -0.0150982937
       -0.0023876275   0.0002931794   0.0333241933   0.0014328323  -0.0041060271
        0.0001888288   0.0000314491  -0.0001794781  -0.0000066035  -0.0000276717
        0.0002267538  -0.0000380074  -0.0000770205  -0.0001244044
        0.0000068814   0.0000045609  -0.0000107877  -0.0001103690   0.0000310854
        0.0000150409  -0.0001346679   0.0000803982  -0.0000627473   0.0006383641
        0.0012108880   0.0004007057   0.0027223395   0.0085323126   0.0038646145
       -0.0666569669  -0.0637111775  -0.0307275993  -0.0001739077   0.0017472923
       -0.0008168702   0.0000061708  -0.0000367105  -0.0000070869   0.0000280582
       -0.0000153107   0.0000097880  -0.0000046327   0.0000054260   0.0000058927
        0.0000317292  -0.0000111378  -0.0000251823  -0.0000583338  -0.0000172424
       -0.0000288920   0.0000135252   0.0000660435   0.0002057276   0.0000610407
       -0.0001329378  -0.0000478192  -0.0000345790  -0.0001161679   0.0000329667
       -0.0002825807   0.0001368967  -0.0004468939  -0.0000332197  -0.0003361047
        0.0002416762  -0.0150569263  -0.0295456294  -0.0150982937   0.0753923563
        0.0732250021   0.0373984165   0.0033843830   0.0082040034   0.0050241499
       -0.0000874502  -0.0000109173   0.0000001323   0.0000357729   0.0001378623
       -0.0000563775   0.0003130127   0.0005515646   0.0001294390
       -0.0000045385   0.0000985314  -0.0000349031  -0.0000670632   0.0000731379
       -0.0000124514   0.0001299251   0.0000381558   0.0000916105  -0.0008223547
        0.0006820837  -0.0006049931  -0.0059309635  -0.0256268513  -0.0089111838
       -0.0636536244  -0.2149894766  -0.0866297192   0.0022349724  -0.0046710957
        0.0035123936  -0.0000306615  -0.0000219389   0.0000064008   0.0000008753
        0.0000158841   0.0000006837  -0.0000106685  -0.0000431878   0.0000254981
       -0.0000418173  -0.0000001444  -0.0000068292   0.0000622750   0.0000234613
        0.0000413196   0.0002311607  -0.0001000213  -0.0003310529  -0.0001703403
        0.0001027928   0.0000354102  -0.0003378792   0.0002185131  -0.0000243516
        0.0007179019   0.0001951793   0.0004228213  -0.0003732063   0.0002815641
       -0.0001534536  -0.0038253146  -0.0033684341  -0.0023876275   0.0732250021
        0.2518643541   0.0994046545  -0.0012073157  -0.0033242373  -0.0043141234
       -0.0000148897   0.0002444601   0.0003275758   0.0001858524   0.0001833522
        0.0000486821  -0.0002973274  -0.0018760825  -0.0005063613
       -0.0000408782   0.0000155845  -0.0000008890   0.0000022981   0.0000289269
       -0.0000080606   0.0000983622  -0.0001255209   0.0001413119   0.0003378936
        0.0002855285   0.0005528857   0.0038425491   0.0121535695   0.0059105182
       -0.0305469985  -0.0864642501  -0.0867993355  -0.0009926317   0.0021603721
       -0.0005199714  -0.0000061192   0.0000052300  -0.0000137633  -0.0000016155
        0.0000134062  -0.0000082069  -0.0000062630   0.0000139365  -0.0000048802
        0.0000089006  -0.0000036821  -0.0000354153   0.0000290693   0.0000136788
        0.0000477933   0.0001816792  -0.0002361228  -0.0003269569  -0.0000761256
        0.0001705302  -0.0001264639   0.0001158179   0.0000278408  -0.0000277097
       -0.0001918935   0.0000326185   0.0000327866   0.0001406968   0.0002806764
        0.0003426197  -0.0006678238  -0.0004842852   0.0002931794   0.0373984165
        0.0994046545   0.0983123370  -0.0096399736  -0.0281660703  -0.0180873688
       -0.0001181040   0.0001471266   0.0000486539   0.0000382433   0.0000188988
       -0.0001330180   0.0000945000   0.0007073528   0.0004099540
        0.0000713008   0.0000320760   0.0000111061  -0.0000077601  -0.0001568703
        0.0000422194  -0.0009094509   0.0008124576  -0.0005275405   0.0003515647
       -0.0000623142  -0.0001270083   0.0039276822  -0.0006514726  -0.0094552626
       -0.0659590322   0.0019175861   0.0698708163   0.0002370630  -0.0003752854
        0.0000087002  -0.0000048999  -0.0000092933  -0.0000066996   0.0000489896
       -0.0000361372   0.0000310332   0.0000024227  -0.0000148227   0.0000195910
       -0.0000125166   0.0000035056   0.0000296237   0.0000275721  -0.0000061809
        0.0000001199  -0.0021812439   0.0000845627   0.0001525001   0.0000436269
        0.0000992568   0.0000506470  -0.0000628891  -0.0000320878   0.0002094670
       -0.0000336037  -0.0000579575  -0.0000438813   0.0001329296   0.0016575982
       -0.0015379579  -0.0153235178   0.0017586299   0.0333241933   0.0033843830
       -0.0012073157  -0.0096399736   0.0763651235  -0.0036121968  -0.0824872390
        0.0002558218  -0.0001202427  -0.0000176774  -0.0002660000   0.0000088319
        0.0001913358  -0.0000875655  -0.0000323280  -0.0000981128
        0.0000162771   0.0000115445  -0.0000079166  -0.0000517670  -0.0000232081
       -0.0000088737   0.0000618536   0.0001426734  -0.0001704215  -0.0003091077
        0.0005634036  -0.0004057244  -0.0070176308  -0.0012756234   0.0234404670
        0.0018684280  -0.0434886850  -0.0086946724  -0.0001829686   0.0010267549
        0.0012789341   0.0000124703  -0.0000304781   0.0000046415  -0.0000086483
       -0.0000058194  -0.0000023393  -0.0000109547  -0.0000097513   0.0000135287
       -0.0000188077   0.0000049826   0.0000008022  -0.0000601870  -0.0000359915
       -0.0000422501   0.0003393134   0.0005471278   0.0000768823   0.0001697456
       -0.0003494638   0.0000209227  -0.0000511383   0.0000133702  -0.0000492218
        0.0000407710  -0.0001425120  -0.0000578664   0.0015527997  -0.0038728195
        0.0039214001  -0.0010740147   0.0008553778   0.0014328323   0.0082040034
       -0.0033242373  -0.0281660703  -0.0036121968   0.0498084736   0.0079351658
        0.0002165973  -0.0005569812  -0.0003287818  -0.0000626144  -0.0000605224
       -0.0000191216  -0.0000222235   0.0002023847  -0.0001723168
        0.0000602619  -0.0000538002   0.0000756963   0.0001325604  -0.0000460020
        0.0001635236   0.0005376099   0.0000326383   0.0001796262   0.0002818012
       -0.0002091124   0.0002399630   0.0040752779   0.0038654742  -0.0204457799
        0.0702283403  -0.0087149400  -0.2598068547  -0.0000516542  -0.0011764189
        0.0013659591   0.0000014410   0.0000229075   0.0000062957   0.0000158616
       -0.0000220871   0.0000016694   0.0000218840   0.0000083419  -0.0000440062
        0.0000248503  -0.0000000242   0.0000370427  -0.0000041707  -0.0000310752
       -0.0000641855  -0.0005415452  -0.0002864683   0.0007767295  -0.0000636887
        0.0000351093   0.0000967469   0.0001641459  -0.0001799934   0.0000254525
        0.0001307782  -0.0000264610  -0.0002424412  -0.0016189777   0.0036242247
       -0.0024806593   0.0040088321  -0.0005792608  -0.0041060271   0.0050241499
       -0.0043141234  -0.0180873688  -0.0824872390   0.0079351658   0.3019281884
       -0.0000742548   0.0004104245   0.0004715152   0.0000936354   0.0000429660
       -0.0001806687   0.0000401004  -0.0003374854   0.0000895830
       -0.0000077315   0.0000027752  -0.0000311351  -0.0000890060   0.0001098289
        0.0000147868  -0.0007155767  -0.0008734024  -0.0003677655   0.0003640176
       -0.0000012766  -0.0002286593   0.0030054448   0.0005492000  -0.0067411661
        0.0001717534   0.0002831826   0.0001193350  -0.0667149133   0.0013056357
        0.0706451017  -0.0000391537   0.0000454315  -0.0000060711   0.0000531008
        0.0000017040   0.0000299373   0.0000066909   0.0000042741   0.0000099031
        0.0000114679  -0.0000061696   0.0000140094   0.0001036435   0.0000569174
        0.0000621558   0.0000588439  -0.0001196252   0.0000545178  -0.0020292963
       -0.0002147557   0.0000517397  -0.0000375407   0.0000598244  -0.0000486746
       -0.0000627530   0.0000485347   0.0001965589   0.0004597321  -0.0012522925
       -0.0009937654  -0.0002703923  -0.0000164523   0.0001888288  -0.0000874502
       -0.0000148897  -0.0001181040   0.0002558218   0.0002165973  -0.0000742548
        0.0767641897  -0.0003490859  -0.0834543396  -0.0153398883  -0.0007820655
        0.0332970218   0.0041389955   0.0009461096  -0.0126199605
        0.0000663367   0.0000466739   0.0000591529   0.0000568959  -0.0000152671
        0.0000121191  -0.0001173802   0.0001721830   0.0001337970   0.0003271590
        0.0006458449   0.0003463702   0.0080005061  -0.0028489337  -0.0258172149
        0.0000812121   0.0010673834  -0.0012476984   0.0013302842  -0.0429623512
       -0.0013372168   0.0000153663  -0.0000149826   0.0000005106   0.0000113867
       -0.0000322883  -0.0000019848  -0.0000017691  -0.0000188488  -0.0000107741
        0.0000109121   0.0000014871   0.0000137211   0.0000097189  -0.0000370598
       -0.0000163002  -0.0001551597  -0.0004319821   0.0000583863  -0.0004999371
        0.0004663962  -0.0000679723  -0.0000197815  -0.0001360314   0.0000443165
        0.0000635208   0.0000419316   0.0000615590  -0.0011544298  -0.0048150303
       -0.0038793267   0.0000437368  -0.0000569059   0.0000314491  -0.0000109173
        0.0002444601   0.0001471266  -0.0001202427  -0.0005569812   0.0004104245
       -0.0003490859   0.0499257190   0.0037190747  -0.0003872685   0.0008098211
        0.0018544335  -0.0072010638  -0.0014952381   0.0254860473
        0.0000285578  -0.0000057181   0.0000392361   0.0001215324   0.0000851828
        0.0001810474   0.0005290467   0.0000170552   0.0001783648   0.0002311662
        0.0002101063   0.0001833069   0.0039952129  -0.0048647723  -0.0180746046
       -0.0001894615   0.0011834716   0.0013687697   0.0708320438  -0.0013449122
       -0.2599778288  -0.0000554485   0.0000534717   0.0000129344   0.0000367334
        0.0000163253  -0.0000036677   0.0000151970   0.0000114601  -0.0000710789
        0.0000216370   0.0000088214   0.0000350197   0.0000768451   0.0000139654
        0.0000034032  -0.0000701966  -0.0000537088   0.0001183725  -0.0005254576
        0.0002867962   0.0006512074   0.0001409707   0.0000212411  -0.0002458870
        0.0001448215   0.0001833339   0.0000026847  -0.0011151343  -0.0035861175
       -0.0018525330   0.0000900665  -0.0000413501  -0.0001794781   0.0000001323
        0.0003275758   0.0000486539  -0.0000176774  -0.0003287818   0.0004715152
       -0.0834543396   0.0037190747   0.3017519448   0.0038496720   0.0006108828
       -0.0039857459   0.0053140801   0.0034765963  -0.0206556367
       -0.0000610618  -0.0000214717   0.0000217254   0.0001069690   0.0000641815
       -0.0000160988  -0.0000082259   0.0000083296  -0.0002608184   0.0000019989
       -0.0026496637  -0.0012772176  -0.0122894733  -0.0036982257  -0.0016856726
        0.0007646823   0.0007384162   0.0002998411  -0.2804328306  -0.0176623708
        0.0050278340   0.0000651178  -0.0000334712  -0.0000173054  -0.0000396815
       -0.0000203041  -0.0000024361   0.0000538363  -0.0000033736   0.0000444309
       -0.0000095292   0.0000144089   0.0000363990  -0.0000054471  -0.0000173721
       -0.0000291422  -0.0000056546  -0.0000128842  -0.0000433030   0.0001291335
       -0.0001156307  -0.0001784726   0.0001908006  -0.0000376676   0.0001828209
       -0.0007980022  -0.0003335693  -0.0001908948   0.0004973344   0.0004329267
       -0.0001386041   0.0003693696  -0.0002511275  -0.0000066035   0.0000357729
        0.0001858524   0.0000382433  -0.0002660000  -0.0000626144   0.0000936354
       -0.0153398883  -0.0003872685   0.0038496720   0.3254897398   0.0218102630
       -0.0047043305  -0.0184489608   0.0020526367  -0.0010437026
       -0.0000073689   0.0000385842   0.0000102391  -0.0000503280   0.0000809553
        0.0000571441   0.0000835075  -0.0000270413  -0.0002195190  -0.0013681304
       -0.0043538188  -0.0021086555  -0.0268578006  -0.0049487496  -0.0011734217
       -0.0007826711   0.0005130444  -0.0002430061  -0.0175920072  -0.0437354764
        0.0014379619  -0.0000203639  -0.0000036655   0.0000205482   0.0000143553
        0.0000009676  -0.0000001842   0.0000062366  -0.0000366071  -0.0000139623
       -0.0000002381   0.0000087854   0.0000181864   0.0000497104   0.0000079562
        0.0000089637   0.0000125731   0.0000136344  -0.0000071666   0.0000094744
        0.0000047071   0.0000711571   0.0001295466  -0.0001088395  -0.0000738927
       -0.0014590337  -0.0002795390  -0.0004910971  -0.0001833502   0.0007739748
        0.0004350504   0.0003632474  -0.0006334854  -0.0000276717   0.0001378623
        0.0001833522   0.0000188988   0.0000088319  -0.0000605224   0.0000429660
       -0.0007820655   0.0008098211   0.0006108828   0.0218102630   0.0514937706
        0.0009985789   0.0264777491   0.0002581917   0.0006279996
       -0.0000253674   0.0000038455   0.0000348082   0.0000382780   0.0001187385
        0.0001313064   0.0003219023   0.0000118709   0.0000338434  -0.0009916800
       -0.0027932990  -0.0007865465  -0.0139645217  -0.0029345222  -0.0006013594
        0.0001585094   0.0004673772   0.0002291025   0.0050978915   0.0016758855
       -0.0438668381  -0.0000076809   0.0000097271  -0.0000175236   0.0000017900
       -0.0000011300   0.0000021241   0.0000261547   0.0000016035  -0.0000033372
       -0.0000255335   0.0000031104   0.0000142238   0.0000594676   0.0000068087
        0.0000058842  -0.0000088242  -0.0000889897  -0.0000142836  -0.0002042560
        0.0001697508  -0.0000654280   0.0001769380  -0.0000384588  -0.0000045526
       -0.0008273067  -0.0003260017  -0.0002159491  -0.0008486368   0.0000225866
        0.0001224062  -0.0000360331   0.0000907916   0.0002267538  -0.0000563775
        0.0000486821  -0.0001330180   0.0001913358  -0.0000191216  -0.0001806687
        0.0332970218   0.0018544335  -0.0039857459  -0.0047043305   0.0009985789
        0.0490293927  -0.0176687411   0.0007177324   0.0000454055
       -0.0000187473  -0.0000288367   0.0000007235  -0.0001284586  -0.0000656172
        0.0000146063  -0.0000945404  -0.0001367277  -0.0000600564   0.0006567235
       -0.0011796516   0.0004239850   0.0025977853  -0.0050404562   0.0032704538
        0.0002151117  -0.0012103827  -0.0003240302  -0.0818083845   0.0741934008
       -0.0463549066  -0.0000487160   0.0000396945   0.0000500740   0.0000554587
        0.0000323541  -0.0000064373  -0.0000278593  -0.0000158225  -0.0000636727
        0.0000293948   0.0000242439  -0.0000323611   0.0000266676   0.0000491703
        0.0000170979   0.0000296554   0.0001277099  -0.0000560393   0.0000036017
       -0.0000447446   0.0001966162  -0.0001618798  -0.0002255037  -0.0003879601
       -0.0000744991   0.0000899801   0.0000229871  -0.0001077916   0.0003103085
        0.0001937203   0.0000759006  -0.0001543124  -0.0000380074   0.0003130127
       -0.0002973274   0.0000945000  -0.0000875655  -0.0000222235   0.0000401004
        0.0041389955  -0.0072010638   0.0053140801  -0.0184489608   0.0264777491
       -0.0176687411   0.0928650953  -0.0857219410   0.0553532677
        0.0000673880   0.0001137493  -0.0000078618  -0.0000028008   0.0000793051
        0.0000157919  -0.0001243066   0.0000118856  -0.0000762461   0.0008235859
        0.0006683098   0.0006369881   0.0094044054  -0.0255376967   0.0119709070
       -0.0017419534  -0.0055019329  -0.0031666353   0.0741344713  -0.1847332722
        0.0914198476  -0.0000473153   0.0000274317   0.0000357296   0.0000509752
        0.0000058069  -0.0000135980  -0.0000675538  -0.0000180795  -0.0000769197
        0.0000478966  -0.0000173199   0.0000057851   0.0000470213  -0.0000459637
        0.0000247195   0.0001411608   0.0000917657  -0.0000703577  -0.0002375319
       -0.0000413519   0.0003168295  -0.0007571290   0.0000306735  -0.0004977477
        0.0003141251   0.0002634184  -0.0000057407   0.0003456342   0.0003540950
        0.0001854678  -0.0001941150   0.0001384824  -0.0000770205   0.0005515646
       -0.0018760825   0.0007073528  -0.0000323280   0.0002023847  -0.0003374854
        0.0009461096  -0.0014952381   0.0034765963   0.0020526367   0.0002581917
        0.0007177324  -0.0857219410   0.2170214373  -0.1051841346
       -0.0000113481   0.0000075629   0.0000783134   0.0000174489  -0.0000572565
       -0.0000226540   0.0000666148   0.0001920822   0.0001406059   0.0003036551
       -0.0002738686   0.0005326487   0.0043612171  -0.0091040513   0.0059504032
       -0.0006029461  -0.0018580333  -0.0000790869  -0.0461496119   0.0913143389
       -0.1019508571   0.0000591960  -0.0000345382  -0.0000305776  -0.0000188592
       -0.0000232473  -0.0000242748  -0.0000076695  -0.0000018893   0.0000134065
       -0.0000052747   0.0000132102  -0.0000292830  -0.0000529206  -0.0000326137
       -0.0000266140  -0.0000623834  -0.0001914494  -0.0001004698   0.0002252513
        0.0002027347  -0.0003647620  -0.0001316844  -0.0000669676   0.0000647091
        0.0000888373  -0.0000359181  -0.0000319028   0.0001424625  -0.0002636284
        0.0003577661   0.0000570840  -0.0000377014  -0.0001244044   0.0001294390
       -0.0005063613   0.0004099540  -0.0000981128  -0.0001723168   0.0000895830
       -0.0126199605   0.0254860473  -0.0206556367  -0.0010437026   0.0006279996
        0.0000454055   0.0553532677  -0.1051841346   0.1157577276
