           1           2   1.01876450067232     
           2           3  0.978639445553315     
           3           4   1.05727763592452     
           4           5   1.77231073910459     
           5           6   1.12089243444867     
           6           7   1.78598248745787     
           1           8  0.987028163583203     
           1           9  0.985214582057338     
           1          10  0.986982270766606     
           2          11  0.979086083668113     
           2          12  0.977784812887725     
           3          13  0.935983393529898     
           3          14  0.971433460623244     
           4          15  0.959047017696429     
           5          16  0.963566881463871     
           6          17  0.937529093736541     
