$hessian                                                                        
        0.5212531970   0.0253434692   0.0262164901  -0.0950028211   0.0569294563
        0.0154186385   0.0104734025  -0.0084212017  -0.0061618718  -0.0333232436
        0.0349712684  -0.0060970990  -0.0019850219   0.0001887502  -0.0054251073
        0.0000886993  -0.0002224163  -0.0000830489  -0.0004151992   0.0001785160
       -0.0000342441   0.0009798331  -0.0000650656   0.0002490987  -0.0004254347
        0.0002468622  -0.0001660399  -0.0001033648  -0.0001565278   0.0000467576
       -0.0518929035  -0.0417227688   0.0460987640  -0.2848523814  -0.0430657232
       -0.0102355579  -0.0633333518  -0.0259778379  -0.0599919945  -0.0003491306
        0.0001907140  -0.0000035475  -0.0010636295   0.0016100253   0.0001694379
       -0.0000501150  -0.0000394520   0.0001125584  -0.0000468127  -0.0000570288
       -0.0000675926  -0.0000014751   0.0000097978   0.0000038153   0.0000422450
        0.0000566393  -0.0000350816   0.0000075080   0.0000025236  -0.0000143755
        0.0253434692   0.4637021615   0.0165815089   0.0440752491  -0.1526459169
       -0.0157330129   0.0115209378  -0.0450563028  -0.0241017807   0.0254338645
       -0.0094034618   0.0062059311  -0.0002763656   0.0038010058  -0.0017349674
        0.0003791667  -0.0008885878  -0.0000914002   0.0007002491   0.0003365702
        0.0002233075  -0.0009306769  -0.0001916488  -0.0002744253   0.0003737294
       -0.0000627062   0.0001316256   0.0001805999   0.0002105533  -0.0000313579
       -0.0383293291  -0.1366360894   0.1128414995  -0.0420527020  -0.0474750497
       -0.0061335438  -0.0258951927  -0.0756652803  -0.0875078833  -0.0003944941
        0.0002098583  -0.0003398747   0.0000062416  -0.0000902753  -0.0000603412
        0.0000930926   0.0000073393  -0.0002558162  -0.0002522188  -0.0001276318
        0.0002577515   0.0000010426  -0.0000126894   0.0000042974   0.0000266999
       -0.0000211253   0.0000135436  -0.0000033632   0.0000092768   0.0000049383
        0.0262164901   0.0165815089   0.5122946198   0.0143838736  -0.0177706576
       -0.0725603349   0.0041004172  -0.0345360793   0.0028974611  -0.0136421557
        0.0111768958   0.0045858797  -0.0033717766  -0.0021088326   0.0019550920
       -0.0005589720   0.0008998768  -0.0000064475   0.0000230996  -0.0000790969
        0.0000176122   0.0000307204   0.0001314348  -0.0001176454  -0.0000107489
       -0.0000765951   0.0001043002  -0.0000324427  -0.0000328232   0.0000111476
        0.0439455292   0.1177210273  -0.1698978791  -0.0098417603  -0.0051562967
       -0.0427735434  -0.0612048247  -0.0866392074  -0.2368612962   0.0003475654
       -0.0003558430   0.0000246237  -0.0001448778   0.0002204200   0.0000638633
       -0.0001566784   0.0000239257   0.0003128718  -0.0000799298   0.0000058527
       -0.0000376538  -0.0000128192   0.0000018277  -0.0000001053  -0.0000070199
       -0.0000097410  -0.0000115683   0.0000163107   0.0000024032  -0.0000009972
       -0.0950028211   0.0440752491   0.0143838736   0.4301135194   0.0255236676
        0.1511279340  -0.1148275969  -0.1142818993  -0.0872137751  -0.1772480501
        0.0065441060  -0.0655852288  -0.0350236094   0.0251889711  -0.0101370680
       -0.0000560618  -0.0018576759  -0.0010145933   0.0038449066  -0.0001622106
       -0.0000915453  -0.0067297124   0.0009834723  -0.0020047328   0.0023365626
       -0.0017516103   0.0013838201   0.0010375797   0.0008343893  -0.0003541196
        0.0049474257  -0.0046517648  -0.0020661243  -0.0194808433   0.0252688301
        0.0026763382   0.0055335268  -0.0049925489  -0.0017409087   0.0013130919
       -0.0022719259   0.0005824384  -0.0021806695   0.0011877551  -0.0001346376
        0.0007310532   0.0000082383  -0.0004217633   0.0009482992   0.0007186821
        0.0002718952   0.0000203442  -0.0001061199  -0.0000231351  -0.0001879628
       -0.0002689797   0.0002371774  -0.0000889819   0.0000113742   0.0001241549
        0.0569294563  -0.1526459169  -0.0177706576   0.0255236676   0.6906041223
        0.2685162747  -0.1287625993  -0.4160131924  -0.2538561241  -0.0008033285
       -0.0803424545  -0.0149690767   0.0273643933  -0.0016171915   0.0156247266
        0.0001857361  -0.0004943176   0.0005690577   0.0005007103  -0.0006957940
       -0.0001184455  -0.0008660307   0.0008363228  -0.0003116822  -0.0000646537
       -0.0004578984   0.0001247312   0.0000305311  -0.0001830434  -0.0001266488
        0.0097820464  -0.0239733376   0.0024962546   0.0015460968   0.0032510997
        0.0047545071   0.0005052871  -0.0126235074  -0.0048194580   0.0024660453
       -0.0005343236   0.0017800103   0.0038982256  -0.0054511290  -0.0002538961
        0.0004858311  -0.0001211246  -0.0004522812   0.0014200924   0.0004781070
       -0.0012451585   0.0000168329   0.0000020569  -0.0000323755  -0.0001244565
       -0.0000230075   0.0000751589  -0.0000338833   0.0000045298   0.0000150833
        0.0154186385  -0.0157330129  -0.0725603349   0.1511279340   0.2685162747
        0.4184199526  -0.0955521485  -0.2463706055  -0.2464833970  -0.0688237127
       -0.0104250741  -0.0988893728  -0.0065118598   0.0140410633   0.0016109420
        0.0015926446  -0.0025062600   0.0012850021   0.0015062162   0.0002859059
       -0.0006364011  -0.0022328589   0.0003499056  -0.0001364256   0.0005724640
       -0.0004151836   0.0000088822   0.0003231917   0.0002657043  -0.0002908600
       -0.0097656037   0.0195514813   0.0035398176   0.0000823507  -0.0006552983
        0.0009190406   0.0118635414  -0.0241163153  -0.0067226125  -0.0000226918
       -0.0016460887   0.0019152802  -0.0016565039  -0.0008588453  -0.0001314795
        0.0005184690  -0.0000509215  -0.0009682398   0.0016857452  -0.0001711158
       -0.0010690833   0.0000714769  -0.0000648920  -0.0000535751  -0.0000766418
        0.0000142764   0.0001865705  -0.0001206509  -0.0000109985   0.0000562941
        0.0104734025   0.0115209378   0.0041004172  -0.1148275969  -0.1287625993
       -0.0955521485   0.1508834101   0.1560636023   0.1521206933  -0.0468698437
       -0.0389995420  -0.0621661714   0.0003827848  -0.0041885160   0.0008463423
       -0.0004150279   0.0009548351   0.0005000982  -0.0013606681  -0.0002376890
       -0.0003030408   0.0023596527   0.0000284221   0.0005077090  -0.0008403338
        0.0003539353  -0.0003712534  -0.0004755842  -0.0003152799   0.0001498787
       -0.0007232925   0.0021527170   0.0002715652   0.0015838469  -0.0007968044
       -0.0007126103   0.0000010394   0.0027598756   0.0004875771  -0.0001340041
        0.0000065298   0.0000509239   0.0006539072  -0.0007889031   0.0005804120
       -0.0000712834  -0.0000981339  -0.0000654343  -0.0006944056   0.0002385198
       -0.0003367934  -0.0000077836   0.0000174991   0.0000090672   0.0000452767
        0.0001012387  -0.0000833256   0.0000365034  -0.0000106449  -0.0000339065
       -0.0084212017  -0.0450563028  -0.0345360793  -0.1142818993  -0.4160131924
       -0.2463706055   0.1560636023   0.4693064161   0.3174972962  -0.0378827505
       -0.0058936715  -0.0380576847   0.0020968825   0.0006094237   0.0042904589
        0.0000616890   0.0015236243   0.0000074983  -0.0012225102   0.0000043632
        0.0000570970   0.0016864471  -0.0004686003   0.0003494810  -0.0003302786
        0.0003947879  -0.0001496538  -0.0002541857  -0.0000330376   0.0001668900
        0.0000115554   0.0002009923  -0.0014111915  -0.0018477760   0.0017072882
       -0.0008881535   0.0055307304  -0.0083876430  -0.0018336634  -0.0005523215
        0.0011925739  -0.0005593656   0.0004957410   0.0012340306   0.0002657919
       -0.0005009984   0.0000472854   0.0004037999  -0.0007665546  -0.0003713514
        0.0008530077  -0.0000219932   0.0000073904   0.0000413385   0.0000775097
        0.0000145060  -0.0000958230   0.0000583124  -0.0000188829  -0.0000304389
       -0.0061618718  -0.0241017807   0.0028974611  -0.0872137751  -0.2538561241
       -0.2464833970   0.1521206933   0.3174972962   0.2777187867  -0.0629342293
       -0.0375444222  -0.0308008393   0.0026419473  -0.0004558643  -0.0013414572
        0.0008212076   0.0002654028  -0.0008892700  -0.0010305892  -0.0000907735
        0.0005014297   0.0014578156  -0.0001357870  -0.0000273828  -0.0003848423
        0.0001706438   0.0000373048  -0.0001939169  -0.0001164648   0.0002177907
        0.0002069647  -0.0025908565  -0.0017967905  -0.0010329448   0.0021246491
       -0.0008590310   0.0010951778  -0.0021895500   0.0005140942   0.0006477554
        0.0009263061  -0.0010269000   0.0007963715   0.0001679353   0.0005298667
       -0.0000514186  -0.0000564892   0.0001722281  -0.0008404206  -0.0000433259
        0.0007439590  -0.0000558695   0.0000166677   0.0000301430   0.0000404812
        0.0000171585  -0.0001282307   0.0000714640  -0.0000046214  -0.0000097656
       -0.0333232436   0.0254338645  -0.0136421557  -0.1772480501  -0.0008033285
       -0.0688237127  -0.0468698437  -0.0378827505  -0.0629342293   0.3794444088
       -0.0865773028   0.1265193890  -0.0850073535   0.0483084410   0.0050077670
       -0.0204524415   0.0238870479   0.0123201453   0.0001680882   0.0010072139
       -0.0020969207   0.0038616674  -0.0005664181   0.0013497127  -0.0013522046
        0.0012583616  -0.0009914352  -0.0004580245  -0.0006522348   0.0002668968
       -0.0020376285   0.0011288758  -0.0004195463  -0.0023934498   0.0040415468
        0.0010169750  -0.0004562918  -0.0016432979   0.0008534730   0.0079426821
       -0.0011625466  -0.0003148198  -0.0193977518   0.0244960336  -0.0017985264
       -0.0027798577   0.0004349678   0.0053234843   0.0000892601  -0.0010035368
       -0.0014032084   0.0000121677   0.0001489318   0.0000185523   0.0001787170
        0.0000729547  -0.0001442229   0.0000791498   0.0000731766  -0.0001076181
        0.0349712684  -0.0094034618   0.0111768958   0.0065441060  -0.0803424545
       -0.0104250741  -0.0389995420  -0.0058936715  -0.0375444222  -0.0865773028
        0.3148470165   0.0783597356   0.0402454698  -0.1589062054  -0.0270970673
        0.0135025075  -0.0104031730  -0.0109011939  -0.0008973741   0.0019063763
        0.0013294787   0.0001371666  -0.0006403811  -0.0002738681   0.0002430051
        0.0000021643   0.0000818941  -0.0001212922   0.0002745430   0.0000529466
        0.0005169291  -0.0009820218   0.0000280182   0.0036114788  -0.0046337087
       -0.0006092947   0.0004594369   0.0001315738   0.0006614544   0.0194351704
       -0.0417067730  -0.0050516842   0.0068350778  -0.0052582850   0.0019877588
        0.0007883461   0.0009010023  -0.0023705064  -0.0007219850   0.0000788606
        0.0006396698  -0.0000291217  -0.0000419898   0.0000272507   0.0000620584
        0.0001210826  -0.0000792226  -0.0000054031  -0.0000504939   0.0000072307
       -0.0060970990   0.0062059311   0.0045858797  -0.0655852288  -0.0149690767
       -0.0988893728  -0.0621661714  -0.0380576847  -0.0308008393   0.1265193890
        0.0783597356   0.1892674265   0.0001063332  -0.0225351592  -0.0638406601
        0.0216882688  -0.0236217861  -0.0038647180  -0.0021431207  -0.0013476329
        0.0020064617  -0.0000382725   0.0000525337  -0.0006009873  -0.0003139508
       -0.0000165370   0.0004589474  -0.0000627647  -0.0001694771   0.0000422663
        0.0002594650  -0.0006857719   0.0003797867   0.0005147481  -0.0001974070
        0.0011606777  -0.0007077462   0.0004646712   0.0004731294  -0.0010727666
       -0.0015377845   0.0006738964  -0.0138051627   0.0192465513   0.0019532081
        0.0038934928  -0.0006410866  -0.0052906746  -0.0010099219  -0.0004990916
        0.0023460163  -0.0000134800   0.0000522586   0.0000277947  -0.0000236905
       -0.0001004061  -0.0000499824   0.0000576789  -0.0000027800  -0.0000382563
       -0.0019850219  -0.0002763656  -0.0033717766  -0.0350236094   0.0273643933
       -0.0065118598   0.0003827848   0.0020968825   0.0026419473  -0.0850073535
        0.0402454698   0.0001063332   0.4812760938   0.0623924584   0.0606053300
       -0.0827502098  -0.0018971687   0.0393153182  -0.0201969973  -0.0143059553
        0.0211824759  -0.0001083263  -0.0003284520   0.0015123610  -0.0003569109
       -0.0000833744   0.0008429716  -0.0000536822  -0.0002296752  -0.0006186153
       -0.0009732948   0.0008622235   0.0001190685  -0.0003887092   0.0013840561
       -0.0003047484  -0.0000720808  -0.0002308121  -0.0003561790  -0.1200840902
       -0.1087734477   0.0009512964  -0.1328897607  -0.0124573412  -0.1182925624
       -0.0098066969   0.0041804082   0.0153000028   0.0080459277   0.0001497511
       -0.0130302865   0.0001083480   0.0000398710  -0.0000556516  -0.0000387575
        0.0000422104  -0.0000075170  -0.0000776531  -0.0001751321  -0.0000279082
        0.0001887502   0.0038010058  -0.0021088326   0.0251889711  -0.0016171915
        0.0140410633  -0.0041885160   0.0006094237  -0.0004558643   0.0483084410
       -0.1589062054  -0.0225351592   0.0623924584   0.4502061799   0.0022094524
        0.0006014024  -0.0536929226   0.0015156537  -0.0243379695  -0.0117607088
        0.0235091783   0.0018950587  -0.0007181361   0.0024142269  -0.0009963314
        0.0015708324  -0.0002004886   0.0000136312  -0.0006687755  -0.0009659707
        0.0001409014   0.0003399006  -0.0001143926   0.0000548507  -0.0008021180
        0.0001789345   0.0001371112   0.0000842000   0.0003983760  -0.1121591597
       -0.1866251695   0.0043427835  -0.0088543415  -0.0401401767  -0.0063351804
        0.0119308992  -0.0028131774  -0.0178679608  -0.0003751896   0.0010891102
        0.0020500814   0.0001496330   0.0001240773  -0.0000867959  -0.0000543730
        0.0000078283   0.0000565623  -0.0000362279  -0.0000879767  -0.0000456671
       -0.0054251073  -0.0017349674   0.0019550920  -0.0101370680   0.0156247266
        0.0016109420   0.0008463423   0.0042904589  -0.0013414572   0.0050077670
       -0.0270970673  -0.0638406601   0.0606053300   0.0022094524   0.4770377967
        0.0393284714   0.0018340149  -0.1560450667   0.0114995189   0.0107974319
       -0.0027547455  -0.0008654994  -0.0006055397   0.0012372502   0.0004479302
        0.0000316819  -0.0008795295  -0.0000941646   0.0000117488   0.0000219366
        0.0006387732  -0.0006202705  -0.0000474757  -0.0008415996   0.0010981482
        0.0002512064   0.0002342425  -0.0000446241   0.0001817008   0.0023030883
        0.0053294930  -0.0410040346  -0.1167227481  -0.0093073351  -0.1856341414
        0.0024294938  -0.0015029101  -0.0029969491   0.0107341409  -0.0002510461
       -0.0278037223  -0.0000677178  -0.0000678589   0.0000421805   0.0000857094
       -0.0000309351   0.0000120709  -0.0000069032   0.0000353976  -0.0000023937
        0.0000886993   0.0003791667  -0.0005589720  -0.0000560618   0.0001857361
        0.0015926446  -0.0004150279   0.0000616890   0.0008212076  -0.0204524415
        0.0135025075   0.0216882688  -0.0827502098   0.0006014024   0.0393284714
        0.4822136953  -0.0641605956   0.0586542340  -0.0845447629  -0.0397445466
       -0.0011584485  -0.0352378945  -0.0276955351  -0.0069989126   0.0003491779
       -0.0022099630   0.0023946625  -0.0020529493   0.0003886251  -0.0045610416
       -0.0001108413   0.0001346044   0.0000423591   0.0000101883  -0.0000022667
       -0.0000207296  -0.0000493128  -0.0000180645  -0.0001315080  -0.0096918782
       -0.0046740438   0.0150545424   0.0080309912   0.0002963103  -0.0130278697
       -0.1212940351   0.1090132587   0.0042564725  -0.1328628392   0.0154196676
       -0.1178421120  -0.0000855414  -0.0001460224  -0.0001404387  -0.0000622278
        0.0001823793  -0.0000108545  -0.0010267284  -0.0015143094   0.0006180243
       -0.0002224163  -0.0008885878   0.0008998768  -0.0018576759  -0.0004943176
       -0.0025062600   0.0009548351   0.0015236243   0.0002654028   0.0238870479
       -0.0104031730  -0.0236217861  -0.0018971687  -0.0536929226   0.0018340149
       -0.0641605956   0.4499255373  -0.0026907451  -0.0480750237  -0.1610020353
        0.0191725237  -0.0248876646  -0.0004043350  -0.0141330120   0.0042478829
        0.0006704349   0.0006881901   0.0007088597   0.0029982604   0.0016254813
        0.0002207361  -0.0001285079   0.0000679429  -0.0001251207   0.0000491797
        0.0000367249   0.0000647549   0.0001234881   0.0000361108  -0.0120127691
       -0.0034934950   0.0179394446   0.0000867204   0.0011086231  -0.0012409632
        0.1124075498  -0.1851303065  -0.0085813599   0.0118275392  -0.0406071280
        0.0100058806  -0.0005537110  -0.0007841828  -0.0003126740  -0.0004388952
        0.0005092767  -0.0000589220  -0.0001748851   0.0001205670   0.0005741288
       -0.0000830489  -0.0000914002  -0.0000064475  -0.0010145933   0.0005690577
        0.0012850021   0.0005000982   0.0000074983  -0.0008892700   0.0123201453
       -0.0109011939  -0.0038647180   0.0393153182   0.0015156537  -0.1560450667
        0.0586542340  -0.0026907451   0.4763175089   0.0030645576   0.0242469505
       -0.0622487620  -0.0103342676  -0.0148509396   0.0009164364   0.0009916800
       -0.0042781291  -0.0015338154  -0.0044363416   0.0009276496   0.0023403879
        0.0000421552   0.0000385599   0.0000139781  -0.0000190211   0.0000105185
        0.0000188575   0.0000144826   0.0000706467   0.0000416572   0.0020525400
        0.0014909504  -0.0024203647   0.0107465828   0.0011838855  -0.0277819215
        0.0056722056  -0.0095502656  -0.0414424515  -0.1164191676   0.0128984320
       -0.1849482783  -0.0006758932  -0.0008503791   0.0000823021   0.0000411067
        0.0003104689  -0.0000123868  -0.0004327731  -0.0000572191   0.0001773522
       -0.0004151992   0.0007002491   0.0000230996   0.0038449066   0.0005007103
        0.0015062162  -0.0013606681  -0.0012225102  -0.0010305892   0.0001680882
       -0.0008973741  -0.0021431207  -0.0201969973  -0.0243379695   0.0114995189
       -0.0845447629  -0.0480750237   0.0030645576   0.3831933629   0.0809125574
        0.1263950511  -0.1784712678   0.0039770915  -0.0680652270  -0.0486886778
        0.0402066577  -0.0608149698  -0.0368367904  -0.0232233771  -0.0095397849
        0.0001683379  -0.0000327784  -0.0000288267  -0.0000001727  -0.0001746761
       -0.0000132091   0.0001106358  -0.0000895826  -0.0000008616  -0.0027739731
       -0.0006135898   0.0052877814   0.0001275215   0.0010569080  -0.0013598312
        0.0079500408   0.0015211452  -0.0003644037  -0.0192676692  -0.0246079221
       -0.0025507629  -0.0009924566  -0.0003280035  -0.0006453432  -0.0000742282
       -0.0004242421  -0.0015570221  -0.0019400304  -0.0048482699   0.0003377273
        0.0001785160   0.0003365702  -0.0000790969  -0.0001622106  -0.0006957940
        0.0002859059  -0.0002376890   0.0000043632  -0.0000907735   0.0010072139
        0.0019063763  -0.0013476329  -0.0143059553  -0.0117607088   0.0107974319
       -0.0397445466  -0.1610020353   0.0242469505   0.0809125574   0.3202623357
       -0.0749451294  -0.0042344436  -0.0816398915   0.0113799740   0.0412551476
       -0.0079752146   0.0377955950  -0.0333788099  -0.0091435813  -0.0116482809
       -0.0001382226   0.0000831149  -0.0000634271   0.0000955246  -0.0000549167
        0.0000117170  -0.0000598419  -0.0000252340   0.0000862147  -0.0009478533
        0.0007887285   0.0026016575   0.0007430317   0.0000845385  -0.0007065136
       -0.0189740432  -0.0418283176   0.0037437542  -0.0065107664  -0.0047664966
       -0.0022096774  -0.0013619228  -0.0007973812   0.0000517000  -0.0000998589
        0.0008789325  -0.0004263380  -0.0040358271  -0.0046553883   0.0005159689
       -0.0000342441   0.0002233075   0.0000176122  -0.0000915453  -0.0001184455
       -0.0006364011  -0.0003030408   0.0000570970   0.0005014297  -0.0020969207
        0.0013294787   0.0020064617   0.0211824759   0.0235091783  -0.0027547455
       -0.0011584485   0.0191725237  -0.0622487620   0.1263950511  -0.0749451294
        0.1793688742  -0.0646179626   0.0145148102  -0.0959033420  -0.0606514561
        0.0390024975  -0.0269452783  -0.0059248728  -0.0049468919   0.0083416809
        0.0000167890   0.0000226180  -0.0000840176   0.0000334878  -0.0000489760
       -0.0000411835  -0.0000049618   0.0000455087   0.0000697385   0.0038795476
        0.0008538240  -0.0051945301  -0.0009611496   0.0004269066   0.0023503637
       -0.0016858128   0.0001673350   0.0008607099  -0.0138312770  -0.0194552326
        0.0013738697  -0.0014312172  -0.0003913484  -0.0005787907   0.0009755481
        0.0004282792  -0.0009595434   0.0003100097   0.0001526596   0.0004558538
        0.0009798331  -0.0009306769   0.0000307204  -0.0067297124  -0.0008660307
       -0.0022328589   0.0023596527   0.0016864471   0.0014578156   0.0038616674
        0.0001371666  -0.0000382725  -0.0001083263   0.0018950587  -0.0008654994
       -0.0352378945  -0.0248876646  -0.0103342676  -0.1784712678  -0.0042344436
       -0.0646179626   0.4345420647  -0.0306507590   0.1473183730  -0.1158327840
        0.1180430143  -0.0847304958  -0.0932117977  -0.0477673283   0.0067347176
       -0.0002542141   0.0001607106  -0.0000274075   0.0001092794   0.0001119087
       -0.0000213241  -0.0001349411   0.0001559410   0.0000746860   0.0007413313
        0.0000079566  -0.0004189264   0.0009342651  -0.0007347518   0.0002607768
        0.0013769393   0.0023304670   0.0006589704  -0.0021350709  -0.0011047697
       -0.0001453453  -0.0098143831  -0.0152359954   0.0069905199   0.0099684791
        0.0171453411  -0.0001923804  -0.0129431201  -0.0152615916   0.0000981610
       -0.0000650656  -0.0001916488   0.0001314348   0.0009834723   0.0008363228
        0.0003499056   0.0000284221  -0.0004686003  -0.0001357870  -0.0005664181
       -0.0006403811   0.0000525337  -0.0003284520  -0.0007181361  -0.0006055397
       -0.0276955351  -0.0004043350  -0.0148509396   0.0039770915  -0.0816398915
        0.0145148102  -0.0306507590   0.7019346291  -0.2646946842   0.1329399397
       -0.4301305423   0.2481645876  -0.0524947175  -0.1567764349   0.0048951092
        0.0001533723  -0.0000129259   0.0000567952  -0.0000365838  -0.0000205529
       -0.0000294617   0.0000898416   0.0000583524  -0.0000648432  -0.0005052436
       -0.0001450840   0.0005170932  -0.0014122111   0.0004109708   0.0012505600
       -0.0024737211  -0.0005045980  -0.0018546638  -0.0037502113  -0.0054954731
        0.0000765956  -0.0027976500   0.0013044275   0.0043993875  -0.0070089689
       -0.0227268428   0.0079865481  -0.0083866022  -0.0046692558  -0.0001594414
        0.0002490987  -0.0002744253  -0.0001176454  -0.0020047328  -0.0003116822
       -0.0001364256   0.0005077090   0.0003494810  -0.0000273828   0.0013497127
       -0.0002738681  -0.0006009873   0.0015123610   0.0024142269   0.0012372502
       -0.0069989126  -0.0141330120   0.0009164364  -0.0680652270   0.0113799740
       -0.0959033420   0.1473183730  -0.2646946842   0.4032238352  -0.0931308868
        0.2412006694  -0.2323407518   0.0150398983   0.0164240982  -0.0704014384
       -0.0001514982   0.0000542908   0.0000540113   0.0000055817   0.0000718686
        0.0000159186  -0.0000053568  -0.0000438778  -0.0000309578   0.0004812696
        0.0000734510  -0.0009236256   0.0016009813   0.0002059716  -0.0010394678
       -0.0001819565   0.0015278237   0.0019168105  -0.0017729084   0.0006715989
       -0.0001164724   0.0162848877   0.0224202891  -0.0067881425  -0.0004178559
        0.0032913021  -0.0011455969  -0.0116205381  -0.0203534957   0.0022079743
       -0.0004254347   0.0003737294  -0.0000107489   0.0023365626  -0.0000646537
        0.0005724640  -0.0008403338  -0.0003302786  -0.0003848423  -0.0013522046
        0.0002430051  -0.0003139508  -0.0003569109  -0.0009963314   0.0004479302
        0.0003491779   0.0042478829   0.0009916800  -0.0486886778   0.0412551476
       -0.0606514561  -0.1158327840   0.1329399397  -0.0931308868   0.1532289587
       -0.1620534508   0.1482816434   0.0130884830  -0.0138683209   0.0021584371
        0.0000777700  -0.0000827268   0.0000110659  -0.0000418175  -0.0000161945
        0.0000308599   0.0000219758  -0.0000635054  -0.0000184813  -0.0000770285
        0.0000974411  -0.0000453818  -0.0006436667  -0.0002283515  -0.0003420822
       -0.0001357766  -0.0000292177   0.0000507291   0.0006357628   0.0007883520
        0.0006013121  -0.0004067757   0.0007065702  -0.0002615732  -0.0010060585
       -0.0035170063   0.0008581763   0.0000687785   0.0005979697   0.0011551054
        0.0002468622  -0.0000627062  -0.0000765951  -0.0017516103  -0.0004578984
       -0.0004151836   0.0003539353   0.0003947879   0.0001706438   0.0012583616
        0.0000021643  -0.0000165370  -0.0000833744   0.0015708324   0.0000316819
       -0.0022099630   0.0006704349  -0.0042781291   0.0402066577  -0.0079752146
        0.0390024975   0.1180430143  -0.4301305423   0.2412006694  -0.1620534508
        0.4865305504  -0.3116152942   0.0063176976  -0.0442452056   0.0353445918
       -0.0001248437   0.0000292867  -0.0000214090   0.0000386065   0.0000269342
       -0.0000040524  -0.0000456082  -0.0000300037   0.0000185975   0.0005073877
        0.0000623334  -0.0004091278   0.0007657828  -0.0003416379  -0.0008717030
        0.0005084064   0.0012029668   0.0006269310  -0.0005420421   0.0012816608
       -0.0002325751   0.0000987835  -0.0035623181   0.0004857213  -0.0046256404
       -0.0072823669   0.0015185559   0.0030910372   0.0023159420  -0.0004592839
       -0.0001660399   0.0001316256   0.0001043002   0.0013838201   0.0001247312
        0.0000088822  -0.0003712534  -0.0001496538   0.0000373048  -0.0009914352
        0.0000818941   0.0004589474   0.0008429716  -0.0002004886  -0.0008795295
        0.0023946625   0.0006881901  -0.0015338154  -0.0608149698   0.0377955950
       -0.0269452783  -0.0847304958   0.2481645876  -0.2323407518   0.1482816434
       -0.3116152942   0.2588715390  -0.0074310183   0.0237462211  -0.0003042071
        0.0000949757  -0.0000606689  -0.0000011847  -0.0000190720  -0.0000209947
        0.0000019450  -0.0000051454   0.0000246884   0.0000003371  -0.0000365468
        0.0000518569   0.0001471012  -0.0008034271   0.0000073742   0.0007124011
        0.0007356121  -0.0008162932  -0.0010282631   0.0007632245  -0.0001645129
        0.0004978411  -0.0011489012  -0.0016684139   0.0012332965   0.0023434246
        0.0035348813   0.0005760841  -0.0003220297   0.0003446748   0.0003830504
       -0.0001033648   0.0001805999  -0.0000324427   0.0010375797   0.0000305311
        0.0003231917  -0.0004755842  -0.0002541857  -0.0001939169  -0.0004580245
       -0.0001212922  -0.0000627647  -0.0000536822   0.0000136312  -0.0000941646
       -0.0020529493   0.0007088597  -0.0044363416  -0.0368367904  -0.0333788099
       -0.0059248728  -0.0932117977  -0.0524947175   0.0150398983   0.0130884830
        0.0063176976  -0.0074310183   0.5136719076  -0.0305643795   0.0366205777
        0.0000328698  -0.0000415677   0.0000065037  -0.0000248134  -0.0000113508
        0.0000115785   0.0000208477  -0.0000387515  -0.0000125234  -0.0000827760
        0.0000219966   0.0001764698  -0.0000175651   0.0000696104  -0.0001014316
       -0.0003091951  -0.0001255945  -0.0000074822  -0.0009260690  -0.0015112938
        0.0001289641  -0.1097944363   0.0124380013   0.1108992556  -0.1481030818
        0.1224570617  -0.0235360908  -0.1354015580  -0.0236960465  -0.1213733896
       -0.0001565278   0.0002105533  -0.0000328232   0.0008343893  -0.0001830434
        0.0002657043  -0.0003152799  -0.0000330376  -0.0001164648  -0.0006522348
        0.0002745430  -0.0001694771  -0.0002296752  -0.0006687755   0.0000117488
        0.0003886251   0.0029982604   0.0009276496  -0.0232233771  -0.0091435813
       -0.0049468919  -0.0477673283  -0.1567764349   0.0164240982  -0.0138683209
       -0.0442452056   0.0237462211  -0.0305643795   0.4806379711  -0.0003733283
       -0.0000078003  -0.0000233939  -0.0000042828  -0.0000067651  -0.0000020768
        0.0000233022  -0.0000221526  -0.0000341229   0.0000146894  -0.0000728327
        0.0000079934   0.0001972228   0.0002195334  -0.0001185982  -0.0002299717
        0.0003126318   0.0000903950   0.0003504858  -0.0001187010  -0.0001512627
        0.0000584301   0.0159089884  -0.0385211374  -0.0240060412   0.1233265943
       -0.1827794999   0.0207984761  -0.0239853873  -0.0515395463  -0.0329387475
        0.0000467576  -0.0000313579   0.0000111476  -0.0003541196  -0.0001266488
       -0.0002908600   0.0001498787   0.0001668900   0.0002177907   0.0002668968
        0.0000529466   0.0000422663  -0.0006186153  -0.0009659707   0.0000219366
       -0.0045610416   0.0016254813   0.0023403879  -0.0095397849  -0.0116482809
        0.0083416809   0.0067347176   0.0048951092  -0.0704014384   0.0021584371
        0.0353445918  -0.0003042071   0.0366205777  -0.0003733283   0.5030389957
       -0.0000039941   0.0000004819  -0.0000334709   0.0000150039   0.0000079812
        0.0000016233  -0.0000319542   0.0000233113   0.0000255197  -0.0001605196
       -0.0000177688   0.0003209392  -0.0001567117  -0.0000275810   0.0000297197
        0.0003478223   0.0004552281   0.0000111666  -0.0001659332  -0.0002005606
        0.0000329520   0.1129605842  -0.0190838471  -0.2101759238  -0.0227276396
        0.0209870710  -0.0435763986  -0.1209803621  -0.0310837483  -0.1896538274
       -0.0518929035  -0.0383293291   0.0439455292   0.0049474257   0.0097820464
       -0.0097656037  -0.0007232925   0.0000115554   0.0002069647  -0.0020376285
        0.0005169291   0.0002594650  -0.0009732948   0.0001409014   0.0006387732
       -0.0001108413   0.0002207361   0.0000421552   0.0001683379  -0.0001382226
        0.0000167890  -0.0002542141   0.0001533723  -0.0001514982   0.0000777700
       -0.0001248437   0.0000949757   0.0000328698  -0.0000078003  -0.0000039941
        0.0590349782   0.0447748905  -0.0524434245  -0.0112641475  -0.0209928406
        0.0229770417   0.0029366267   0.0041173062  -0.0058959200   0.0000394830
       -0.0001241687   0.0000076807   0.0000464576  -0.0000205398   0.0000076488
        0.0000036072  -0.0000221853   0.0000618444   0.0000175871   0.0000641059
       -0.0000040823  -0.0000033399  -0.0000001676  -0.0000053746  -0.0000550305
       -0.0000180167  -0.0000004254   0.0000095492  -0.0000037288   0.0000114552
       -0.0417227688  -0.1366360894   0.1177210273  -0.0046517648  -0.0239733376
        0.0195514813   0.0021527170   0.0002009923  -0.0025908565   0.0011288758
       -0.0009820218  -0.0006857719   0.0008622235   0.0003399006  -0.0006202705
        0.0001346044  -0.0001285079   0.0000385599  -0.0000327784   0.0000831149
        0.0000226180   0.0001607106  -0.0000129259   0.0000542908  -0.0000827268
        0.0000292867  -0.0000606689  -0.0000415677  -0.0000233939   0.0000004819
        0.0447748905   0.1567851018  -0.1321618715  -0.0045765681  -0.0035993210
        0.0056512245   0.0021628073   0.0076987488  -0.0067990478  -0.0001400751
        0.0002048290   0.0000018174  -0.0000790700   0.0000623234  -0.0000319941
       -0.0000676481   0.0000139736  -0.0000667606   0.0000258613  -0.0001048466
       -0.0000232179  -0.0000011489  -0.0000007295  -0.0000012409   0.0000068748
        0.0000430906   0.0000012769  -0.0000134483  -0.0000001880  -0.0000010775
        0.0460987640   0.1128414995  -0.1698978791  -0.0020661243   0.0024962546
        0.0035398176   0.0002715652  -0.0014111915  -0.0017967905  -0.0004195463
        0.0000280182   0.0003797867   0.0001190685  -0.0001143926  -0.0000474757
        0.0000423591   0.0000679429   0.0000139781  -0.0000288267  -0.0000634271
       -0.0000840176  -0.0000274075   0.0000567952   0.0000540113   0.0000110659
       -0.0000214090  -0.0000011847   0.0000065037  -0.0000042828  -0.0000334709
       -0.0524434245  -0.1321618715   0.1933917948   0.0020026454   0.0014952542
       -0.0001693717   0.0063493997   0.0169534452  -0.0253735142   0.0000137930
       -0.0000838062  -0.0000377183   0.0000542517  -0.0000239412  -0.0000124670
        0.0000249598  -0.0000144258  -0.0000036015  -0.0000136298  -0.0000202793
        0.0000536290   0.0000211019  -0.0000046104  -0.0000037020  -0.0000157518
       -0.0000107627   0.0000327443  -0.0000007668  -0.0000048098  -0.0000045685
       -0.2848523814  -0.0420527020  -0.0098417603  -0.0194808433   0.0015460968
        0.0000823507   0.0015838469  -0.0018477760  -0.0010329448  -0.0023934498
        0.0036114788   0.0005147481  -0.0003887092   0.0000548507  -0.0008415996
        0.0000101883  -0.0001251207  -0.0000190211  -0.0000001727   0.0000955246
        0.0000334878   0.0001092794  -0.0000365838   0.0000055817  -0.0000418175
        0.0000386065  -0.0000190720  -0.0000248134  -0.0000067651   0.0000150039
       -0.0112641475  -0.0045765681   0.0020026454   0.3267918140   0.0460657275
        0.0115075960  -0.0099292198  -0.0030098874  -0.0024089869  -0.0000442934
        0.0000323558  -0.0000127856  -0.0000976494   0.0002155424   0.0000503259
        0.0000145697  -0.0000074802  -0.0000138700  -0.0000395868  -0.0000364971
       -0.0000042837   0.0000101621   0.0000057837  -0.0000057345   0.0000202739
        0.0000274662  -0.0000127952   0.0000169499   0.0000059471   0.0000011143
       -0.0430657232  -0.0474750497  -0.0051562967   0.0252688301   0.0032510997
       -0.0006552983  -0.0007968044   0.0017072882   0.0021246491   0.0040415468
       -0.0046337087  -0.0001974070   0.0013840561  -0.0008021180   0.0010981482
       -0.0000022667   0.0000491797   0.0000105185  -0.0001746761  -0.0000549167
       -0.0000489760   0.0001119087  -0.0000205529   0.0000718686  -0.0000161945
        0.0000269342  -0.0000209947  -0.0000113508  -0.0000020768   0.0000079812
       -0.0209928406  -0.0035993210   0.0014952542   0.0460657275   0.0535644358
        0.0023512922  -0.0120524360  -0.0018360793  -0.0011149103   0.0000187011
        0.0001125841   0.0000193483   0.0002153778  -0.0003237266  -0.0000222532
       -0.0000010921   0.0000260046   0.0000138716  -0.0000034526   0.0000187256
        0.0000299308  -0.0000038474  -0.0000007930   0.0000031954   0.0000141294
       -0.0000041789  -0.0000075711   0.0000004067  -0.0000037303  -0.0000023507
       -0.0102355579  -0.0061335438  -0.0427735434   0.0026763382   0.0047545071
        0.0009190406  -0.0007126103  -0.0008881535  -0.0008590310   0.0010169750
       -0.0006092947   0.0011606777  -0.0003047484   0.0001789345   0.0002512064
       -0.0000207296   0.0000367249   0.0000188575  -0.0000132091   0.0000117170
       -0.0000411835  -0.0000213241  -0.0000294617   0.0000159186   0.0000308599
       -0.0000040524   0.0000019450   0.0000115785   0.0000233022   0.0000016233
        0.0229770417   0.0056512245  -0.0001693717   0.0115075960   0.0023512922
        0.0435991098  -0.0269220387  -0.0052914553  -0.0021693481  -0.0000006065
        0.0000025396   0.0000151678   0.0000307574  -0.0000507699  -0.0000076560
       -0.0000083308  -0.0000004047   0.0000132835  -0.0000100444   0.0000127686
        0.0000208984  -0.0000019177  -0.0000026896   0.0000042109  -0.0000026437
       -0.0000066202  -0.0000040232   0.0000026146  -0.0000065650   0.0000022174
       -0.0633333518  -0.0258951927  -0.0612048247   0.0055335268   0.0005052871
        0.0118635414   0.0000010394   0.0055307304   0.0010951778  -0.0004562918
        0.0004594369  -0.0007077462  -0.0000720808   0.0001371112   0.0002342425
       -0.0000493128   0.0000647549   0.0000144826   0.0001106358  -0.0000598419
       -0.0000049618  -0.0001349411   0.0000898416  -0.0000053568   0.0000219758
       -0.0000456082  -0.0000051454   0.0000208477  -0.0000221526  -0.0000319542
        0.0029366267   0.0021628073   0.0063493997  -0.0099292198  -0.0120524360
       -0.0269220387   0.0652916960   0.0292550202   0.0693663595   0.0000166458
       -0.0001171667  -0.0000147050   0.0000181630   0.0000007486   0.0000028130
        0.0000089666  -0.0000155281  -0.0000033136   0.0000348544   0.0000032280
       -0.0000480668   0.0000126768  -0.0000001326  -0.0000136289  -0.0000210721
       -0.0000040184   0.0000301153  -0.0000113845   0.0000031112   0.0000056102
       -0.0259778379  -0.0756652803  -0.0866392074  -0.0049925489  -0.0126235074
       -0.0241163153   0.0027598756  -0.0083876430  -0.0021895500  -0.0016432979
        0.0001315738   0.0004646712  -0.0002308121   0.0000842000  -0.0000446241
       -0.0000180645   0.0001234881   0.0000706467  -0.0000895826  -0.0000252340
        0.0000455087   0.0001559410   0.0000583524  -0.0000438778  -0.0000635054
       -0.0000300037   0.0000246884  -0.0000387515  -0.0000341229   0.0000233113
        0.0041173062   0.0076987488   0.0169534452  -0.0030098874  -0.0018360793
       -0.0052914553   0.0292550202   0.0902732503   0.1006866522  -0.0000492509
        0.0001120618  -0.0000354059  -0.0000336818   0.0001194760  -0.0000032227
       -0.0000661326   0.0000127342   0.0000602770  -0.0000573247  -0.0000255707
        0.0000349094  -0.0000125590  -0.0000047951   0.0000050256  -0.0000022448
        0.0000156397  -0.0000054943  -0.0000026610   0.0000027115   0.0000000171
       -0.0599919945  -0.0875078833  -0.2368612962  -0.0017409087  -0.0048194580
       -0.0067226125   0.0004875771  -0.0018336634   0.0005140942   0.0008534730
        0.0006614544   0.0004731294  -0.0003561790   0.0003983760   0.0001817008
       -0.0001315080   0.0000361108   0.0000416572  -0.0000008616   0.0000862147
        0.0000697385   0.0000746860  -0.0000648432  -0.0000309578  -0.0000184813
        0.0000185975   0.0000003371  -0.0000125234   0.0000146894   0.0000255197
       -0.0058959200  -0.0067990478  -0.0253735142  -0.0024089869  -0.0011149103
       -0.0021693481   0.0693663595   0.1006866522   0.2698041653  -0.0000437360
        0.0001171679  -0.0000074676  -0.0000618045   0.0000759882   0.0000351877
       -0.0000636444   0.0000181256   0.0000517155  -0.0000520249   0.0000069880
       -0.0000150582  -0.0000181400  -0.0000019557   0.0000006768   0.0000191735
        0.0000148143  -0.0000229498  -0.0000045559   0.0000065826   0.0000052823
       -0.0003491306  -0.0003944941   0.0003475654   0.0013130919   0.0024660453
       -0.0000226918  -0.0001340041  -0.0005523215   0.0006477554   0.0079426821
        0.0194351704  -0.0010727666  -0.1200840902  -0.1121591597   0.0023030883
       -0.0096918782  -0.0120127691   0.0020525400  -0.0027739731  -0.0009478533
        0.0038795476   0.0007413313  -0.0005052436   0.0004812696  -0.0000770285
        0.0005073877  -0.0000365468  -0.0000827760  -0.0000728327  -0.0001605196
        0.0000394830  -0.0001400751   0.0000137930  -0.0000442934   0.0000187011
       -0.0000006065   0.0000166458  -0.0000492509  -0.0000437360   0.1353789017
        0.1205528107  -0.0064273240  -0.0122440901  -0.0159812219  -0.0014519802
       -0.0004273220  -0.0003154674   0.0000846063   0.0004239643   0.0000172495
       -0.0005574628   0.0000342145   0.0000127245  -0.0000244548  -0.0000007073
        0.0001176961  -0.0000201356   0.0000189788   0.0000029040   0.0000080592
        0.0001907140   0.0002098583  -0.0003558430  -0.0022719259  -0.0005343236
       -0.0016460887   0.0000065298   0.0011925739   0.0009263061  -0.0011625466
       -0.0417067730  -0.0015377845  -0.1087734477  -0.1866251695   0.0053294930
       -0.0046740438  -0.0034934950   0.0014909504  -0.0006135898   0.0007887285
        0.0008538240   0.0000079566  -0.0001450840   0.0000734510   0.0000974411
        0.0000623334   0.0000518569   0.0000219966   0.0000079934  -0.0000177688
       -0.0001241687   0.0002048290  -0.0000838062   0.0000323558   0.0001125841
        0.0000025396  -0.0001171667   0.0001120618   0.0001171679   0.1205528107
        0.2307941066  -0.0037162557  -0.0037575980  -0.0015097216  -0.0010030450
        0.0003023484   0.0005012838  -0.0003431069   0.0002294027  -0.0000246987
       -0.0001250816   0.0000111828   0.0000199198   0.0000005985   0.0000203895
        0.0000258646  -0.0000192740   0.0000213591   0.0000071283   0.0000018670
       -0.0000035475  -0.0003398747   0.0000246237   0.0005824384   0.0017800103
        0.0019152802   0.0000509239  -0.0005593656  -0.0010269000  -0.0003148198
       -0.0050516842   0.0006738964   0.0009512964   0.0043427835  -0.0410040346
        0.0150545424   0.0179394446  -0.0024203647   0.0052877814   0.0026016575
       -0.0051945301  -0.0004189264   0.0005170932  -0.0009236256  -0.0000453818
       -0.0004091278   0.0001471012   0.0001764698   0.0001972228   0.0003209392
        0.0000076807   0.0000018174  -0.0000377183  -0.0000127856   0.0000193483
        0.0000151678  -0.0000147050  -0.0000354059  -0.0000074676  -0.0064273240
       -0.0037162557   0.0466724664  -0.0151784873  -0.0181913231   0.0000889806
        0.0000926264   0.0003505629   0.0003252094   0.0002286010   0.0005748094
        0.0003811375  -0.0000598675  -0.0000422728   0.0000377438   0.0000024810
       -0.0000321622  -0.0000079233   0.0000410033   0.0000527222   0.0000200181
       -0.0010636295   0.0000062416  -0.0001448778  -0.0021806695   0.0038982256
       -0.0016565039   0.0006539072   0.0004957410   0.0007963715  -0.0193977518
        0.0068350778  -0.0138051627  -0.1328897607  -0.0088543415  -0.1167227481
        0.0080309912   0.0000867204   0.0107465828   0.0001275215   0.0007430317
       -0.0009611496   0.0009342651  -0.0014122111   0.0016009813  -0.0006436667
        0.0007657828  -0.0008034271  -0.0000175651   0.0002195334  -0.0001567117
        0.0000464576  -0.0000790700   0.0000542517  -0.0000976494   0.0002153778
        0.0000307574   0.0000181630  -0.0000336818  -0.0000618045  -0.0122440901
       -0.0037575980  -0.0151784873   0.1591592788   0.0012163006   0.1329271174
        0.0004275206  -0.0002317982   0.0002276552  -0.0008372056  -0.0001851334
        0.0031186364   0.0000117080   0.0000297858  -0.0000077780   0.0000213029
        0.0000729696   0.0000070963  -0.0000591274  -0.0000309543  -0.0000107993
        0.0016100253  -0.0000902753   0.0002204200   0.0011877551  -0.0054511290
       -0.0008588453  -0.0007889031   0.0012340306   0.0001679353   0.0244960336
       -0.0052582850   0.0192465513  -0.0124573412  -0.0401401767  -0.0093073351
        0.0002963103   0.0011086231   0.0011838855   0.0010569080   0.0000845385
        0.0004269066  -0.0007347518   0.0004109708   0.0002059716  -0.0002283515
       -0.0003416379   0.0000073742   0.0000696104  -0.0001185982  -0.0000275810
       -0.0000205398   0.0000623234  -0.0000239412   0.0002155424  -0.0003237266
       -0.0000507699   0.0000007486   0.0001194760   0.0000759882  -0.0159812219
       -0.0015097216  -0.0181913231   0.0012163006   0.0496516635   0.0072614712
        0.0000017035  -0.0000118965  -0.0005855391   0.0000791957   0.0006385188
        0.0002253066   0.0000252718   0.0000054028  -0.0000308589  -0.0000061674
       -0.0000737395   0.0000471812  -0.0000381284   0.0000036388   0.0000072020
        0.0001694379  -0.0000603412   0.0000638633  -0.0001346376  -0.0002538961
       -0.0001314795   0.0005804120   0.0002657919   0.0005298667  -0.0017985264
        0.0019877588   0.0019532081  -0.1182925624  -0.0063351804  -0.1856341414
       -0.0130278697  -0.0012409632  -0.0277819215  -0.0013598312  -0.0007065136
        0.0023503637   0.0002607768   0.0012505600  -0.0010394678  -0.0003420822
       -0.0008717030   0.0007124011  -0.0001014316  -0.0002299717   0.0000297197
        0.0000076488  -0.0000319941  -0.0000124670   0.0000503259  -0.0000222532
       -0.0000076560   0.0000028130  -0.0000032227   0.0000351877  -0.0014519802
       -0.0010030450   0.0000889806   0.1329271174   0.0072614712   0.2130912960
       -0.0005595636   0.0001083365   0.0003647821   0.0031193040  -0.0000469437
       -0.0045925016  -0.0000301232  -0.0000238367  -0.0000122798  -0.0000317008
        0.0000007872  -0.0000472078   0.0000124731  -0.0000448411   0.0000394536
       -0.0000501150   0.0000930926  -0.0001566784   0.0007310532   0.0004858311
        0.0005184690  -0.0000712834  -0.0005009984  -0.0000514186  -0.0027798577
        0.0007883461   0.0038934928  -0.0098066969   0.0119308992   0.0024294938
       -0.1212940351   0.1124075498   0.0056722056   0.0079500408  -0.0189740432
       -0.0016858128   0.0013769393  -0.0024737211  -0.0001819565  -0.0001357766
        0.0005084064   0.0007356121  -0.0003091951   0.0003126318   0.0003478223
        0.0000036072  -0.0000676481   0.0000249598   0.0000145697  -0.0000010921
       -0.0000083308   0.0000089666  -0.0000661326  -0.0000636444  -0.0004273220
        0.0003023484   0.0000926264   0.0004275206   0.0000017035  -0.0005595636
        0.1367867891  -0.1208170341  -0.0100399049  -0.0123427215   0.0159512891
       -0.0009853023  -0.0000521753  -0.0000968589   0.0000057094  -0.0000620758
        0.0001440735   0.0000050846   0.0000317679   0.0000713571   0.0000071366
       -0.0000394520   0.0000073393   0.0000239257   0.0000082383  -0.0001211246
       -0.0000509215  -0.0000981339   0.0000472854  -0.0000564892   0.0004349678
        0.0009010023  -0.0006410866   0.0041804082  -0.0028131774  -0.0015029101
        0.1090132587  -0.1851303065  -0.0095502656   0.0015211452  -0.0418283176
        0.0001673350   0.0023304670  -0.0005045980   0.0015278237  -0.0000292177
        0.0012029668  -0.0008162932  -0.0001255945   0.0000903950   0.0004552281
       -0.0000221853   0.0000139736  -0.0000144258  -0.0000074802   0.0000260046
       -0.0000004047  -0.0000155281   0.0000127342   0.0000181256  -0.0003154674
        0.0005012838   0.0003505629  -0.0002317982  -0.0000118965   0.0001083365
       -0.1208170341   0.2291667086   0.0091183956   0.0041526249  -0.0019638495
        0.0009310965  -0.0000101632  -0.0000299467  -0.0000259190  -0.0000167497
        0.0002401035  -0.0000136532   0.0000876941   0.0001934197  -0.0000284609
        0.0001125584  -0.0002558162   0.0003128718  -0.0004217633  -0.0004522812
       -0.0009682398  -0.0000654343   0.0004037999   0.0001722281   0.0053234843
       -0.0023705064  -0.0052906746   0.0153000028  -0.0178679608  -0.0029969491
        0.0042564725  -0.0085813599  -0.0414424515  -0.0003644037   0.0037437542
        0.0008607099   0.0006589704  -0.0018546638   0.0019168105   0.0000507291
        0.0006269310  -0.0010282631  -0.0000074822   0.0003504858   0.0000111666
        0.0000618444  -0.0000667606  -0.0000036015  -0.0000138700   0.0000138716
        0.0000132835  -0.0000033136   0.0000602770   0.0000517155   0.0000846063
       -0.0003431069   0.0003252094   0.0002276552  -0.0005855391   0.0003647821
       -0.0100399049   0.0091183956   0.0470687943  -0.0151593392   0.0180503689
        0.0006504183   0.0000019201   0.0000180463   0.0000076618   0.0000065118
        0.0000230037  -0.0000151546  -0.0000092440  -0.0000309392  -0.0000103177
       -0.0000468127  -0.0002522188  -0.0000799298   0.0009482992   0.0014200924
        0.0016857452  -0.0006944056  -0.0007665546  -0.0008404206   0.0000892601
       -0.0007219850  -0.0010099219   0.0080459277  -0.0003751896   0.0107341409
       -0.1328628392   0.0118275392  -0.1164191676  -0.0192676692  -0.0065107664
       -0.0138312770  -0.0021350709  -0.0037502113  -0.0017729084   0.0006357628
       -0.0005420421   0.0007632245  -0.0009260690  -0.0001187010  -0.0001659332
        0.0000175871   0.0000258613  -0.0000136298  -0.0000395868  -0.0000034526
       -0.0000100444   0.0000348544  -0.0000573247  -0.0000520249   0.0004239643
        0.0002294027   0.0002286010  -0.0008372056   0.0000791957   0.0031193040
       -0.0123427215   0.0041526249  -0.0151593392   0.1591048285  -0.0045794135
        0.1328029604  -0.0000661868  -0.0000647556  -0.0000438019   0.0000272403
        0.0001217402  -0.0000348496  -0.0001091571  -0.0001138410   0.0000992722
       -0.0000570288  -0.0001276318   0.0000058527   0.0007186821   0.0004781070
       -0.0001711158   0.0002385198  -0.0003713514  -0.0000433259  -0.0010035368
        0.0000788606  -0.0004990916   0.0001497511   0.0010891102  -0.0002510461
        0.0154196676  -0.0406071280   0.0128984320  -0.0246079221  -0.0047664966
       -0.0194552326  -0.0011047697  -0.0054954731   0.0006715989   0.0007883520
        0.0012816608  -0.0001645129  -0.0015112938  -0.0001512627  -0.0002005606
        0.0000641059  -0.0001048466  -0.0000202793  -0.0000364971   0.0000187256
        0.0000127686   0.0000032280  -0.0000255707   0.0000069880   0.0000172495
       -0.0000246987   0.0005748094  -0.0001851334   0.0006385188  -0.0000469437
        0.0159512891  -0.0019638495   0.0180503689  -0.0045794135   0.0501905545
       -0.0113664085  -0.0000841431  -0.0001028040  -0.0000167776  -0.0000025239
        0.0001674138  -0.0000559978  -0.0001785827  -0.0002018383   0.0000704737
       -0.0000675926   0.0002577515  -0.0000376538   0.0002718952  -0.0012451585
       -0.0010690833  -0.0003367934   0.0008530077   0.0007439590  -0.0014032084
        0.0006396698   0.0023460163  -0.0130302865   0.0020500814  -0.0278037223
       -0.1178421120   0.0100058806  -0.1849482783  -0.0025507629  -0.0022096774
        0.0013738697  -0.0001453453   0.0000765956  -0.0001164724   0.0006013121
       -0.0002325751   0.0004978411   0.0001289641   0.0000584301   0.0000329520
       -0.0000040823  -0.0000232179   0.0000536290  -0.0000042837   0.0000299308
        0.0000208984  -0.0000480668   0.0000349094  -0.0000150582  -0.0005574628
       -0.0001250816   0.0003811375   0.0031186364   0.0002253066  -0.0045925016
       -0.0009853023   0.0009310965   0.0006504183   0.1328029604  -0.0113664085
        0.2124470544   0.0000122831   0.0000130558   0.0000131005  -0.0000032297
       -0.0000104873  -0.0000005418   0.0000424774   0.0000368904   0.0000224356
       -0.0000014751   0.0000010426  -0.0000128192   0.0000203442   0.0000168329
        0.0000714769  -0.0000077836  -0.0000219932  -0.0000558695   0.0000121677
       -0.0000291217  -0.0000134800   0.0001083480   0.0001496330  -0.0000677178
       -0.0000855414  -0.0005537110  -0.0006758932  -0.0009924566  -0.0013619228
       -0.0014312172  -0.0098143831  -0.0027976500   0.0162848877  -0.0004067757
        0.0000987835  -0.0011489012  -0.1097944363   0.0159089884   0.1129605842
       -0.0000033399  -0.0000011489   0.0000211019   0.0000101621  -0.0000038474
       -0.0000019177   0.0000126768  -0.0000125590  -0.0000181400   0.0000342145
        0.0000111828  -0.0000598675   0.0000117080   0.0000252718  -0.0000301232
       -0.0000521753  -0.0000101632   0.0000019201  -0.0000661868  -0.0000841431
        0.0000122831   0.1244229348  -0.0153707867  -0.1288351465  -0.0131289505
        0.0057787299   0.0180171162   0.0097209481  -0.0017434179  -0.0150182768
        0.0000097978  -0.0000126894   0.0000018277  -0.0001061199   0.0000020569
       -0.0000648920   0.0000174991   0.0000073904   0.0000166677   0.0001489318
       -0.0000419898   0.0000522586   0.0000398710   0.0001240773  -0.0000678589
       -0.0001460224  -0.0007841828  -0.0008503791  -0.0003280035  -0.0007973812
       -0.0003913484  -0.0152359954   0.0013044275   0.0224202891   0.0007065702
       -0.0035623181  -0.0016684139   0.0124380013  -0.0385211374  -0.0190838471
       -0.0000001676  -0.0000007295  -0.0000046104   0.0000057837  -0.0000007930
       -0.0000026896  -0.0000001326  -0.0000047951  -0.0000019557   0.0000127245
        0.0000199198  -0.0000422728   0.0000297858   0.0000054028  -0.0000238367
       -0.0000968589  -0.0000299467   0.0000180463  -0.0000647556  -0.0001028040
        0.0000130558  -0.0153707867   0.0449387169   0.0247357178   0.0150462407
       -0.0033014029  -0.0195753584   0.0028936365   0.0007581783  -0.0054803999
        0.0000038153   0.0000042974  -0.0000001053  -0.0000231351  -0.0000323755
       -0.0000535751   0.0000090672   0.0000413385   0.0000301430   0.0000185523
        0.0000272507   0.0000277947  -0.0000556516  -0.0000867959   0.0000421805
       -0.0001404387  -0.0003126740   0.0000823021  -0.0006453432   0.0000517000
       -0.0005787907   0.0069905199   0.0043993875  -0.0067881425  -0.0002615732
        0.0004857213   0.0012332965   0.1108992556  -0.0240060412  -0.2101759238
       -0.0000053746  -0.0000012409  -0.0000037020  -0.0000057345   0.0000031954
        0.0000042109  -0.0000136289   0.0000050256   0.0000006768  -0.0000244548
        0.0000005985   0.0000377438  -0.0000077780  -0.0000308589  -0.0000122798
        0.0000057094  -0.0000259190   0.0000076618  -0.0000438019  -0.0000167776
        0.0000131005  -0.1288351465   0.0247357178   0.2399261936   0.0006769954
       -0.0012604538   0.0016311737   0.0114581462  -0.0039810959  -0.0254239587
        0.0000422450   0.0000266999  -0.0000070199  -0.0001879628  -0.0001244565
       -0.0000766418   0.0000452767   0.0000775097   0.0000404812   0.0001787170
        0.0000620584  -0.0000236905  -0.0000387575  -0.0000543730   0.0000857094
       -0.0000622278  -0.0004388952   0.0000411067  -0.0000742282  -0.0000998589
        0.0009755481   0.0099684791  -0.0070089689  -0.0004178559  -0.0010060585
       -0.0046256404   0.0023434246  -0.1481030818   0.1233265943  -0.0227276396
       -0.0000550305   0.0000068748  -0.0000157518   0.0000202739   0.0000141294
       -0.0000026437  -0.0000210721  -0.0000022448   0.0000191735  -0.0000007073
        0.0000203895   0.0000024810   0.0000213029  -0.0000061674  -0.0000317008
       -0.0000620758  -0.0000167497   0.0000065118   0.0000272403  -0.0000025239
       -0.0000032297  -0.0131289505   0.0150462407   0.0006769954   0.1662642622
       -0.1406838864   0.0230226912  -0.0138276442   0.0144832684  -0.0039079492
        0.0000566393  -0.0000211253  -0.0000097410  -0.0002689797  -0.0000230075
        0.0000142764   0.0001012387   0.0000145060   0.0000171585   0.0000729547
        0.0001210826  -0.0001004061   0.0000422104   0.0000078283  -0.0000309351
        0.0001823793   0.0005092767   0.0003104689  -0.0004242421   0.0008789325
        0.0004282792   0.0171453411  -0.0227268428   0.0032913021  -0.0035170063
       -0.0072823669   0.0035348813   0.1224570617  -0.1827794999   0.0209870710
       -0.0000180167   0.0000430906  -0.0000107627   0.0000274662  -0.0000041789
       -0.0000066202  -0.0000040184   0.0000156397   0.0000148143   0.0001176961
        0.0000258646  -0.0000321622   0.0000729696  -0.0000737395   0.0000007872
        0.0001440735   0.0002401035   0.0000230037   0.0001217402   0.0001674138
       -0.0000104873   0.0057787299  -0.0033014029  -0.0012604538  -0.1406838864
        0.2105620518  -0.0275514747  -0.0014043511   0.0036263737   0.0003910005
       -0.0000350816   0.0000135436  -0.0000115683   0.0002371774   0.0000751589
        0.0001865705  -0.0000833256  -0.0000958230  -0.0001282307  -0.0001442229
       -0.0000792226  -0.0000499824  -0.0000075170   0.0000565623   0.0000120709
       -0.0000108545  -0.0000589220  -0.0000123868  -0.0015570221  -0.0004263380
       -0.0009595434  -0.0001923804   0.0079865481  -0.0011455969   0.0008581763
        0.0015185559   0.0005760841  -0.0235360908   0.0207984761  -0.0435763986
       -0.0000004254   0.0000012769   0.0000327443  -0.0000127952  -0.0000075711
       -0.0000040232   0.0000301153  -0.0000054943  -0.0000229498  -0.0000201356
       -0.0000192740  -0.0000079233   0.0000070963   0.0000471812  -0.0000472078
        0.0000050846  -0.0000136532  -0.0000151546  -0.0000348496  -0.0000559978
       -0.0000005418   0.0180171162  -0.0195753584   0.0016311737   0.0230226912
       -0.0275514747   0.0472826898  -0.0165427567   0.0173918261  -0.0037398256
        0.0000075080  -0.0000033632   0.0000163107  -0.0000889819  -0.0000338833
       -0.0001206509   0.0000365034   0.0000583124   0.0000714640   0.0000791498
       -0.0000054031   0.0000576789  -0.0000776531  -0.0000362279  -0.0000069032
       -0.0010267284  -0.0001748851  -0.0004327731  -0.0019400304  -0.0040358271
        0.0003100097  -0.0129431201  -0.0083866022  -0.0116205381   0.0000687785
        0.0030910372  -0.0003220297  -0.1354015580  -0.0239853873  -0.1209803621
        0.0000095492  -0.0000134483  -0.0000007668   0.0000169499   0.0000004067
        0.0000026146  -0.0000113845  -0.0000026610  -0.0000045559   0.0000189788
        0.0000213591   0.0000410033  -0.0000591274  -0.0000381284   0.0000124731
        0.0000317679   0.0000876941  -0.0000092440  -0.0001091571  -0.0001785827
        0.0000424774   0.0097209481   0.0028936365   0.0114581462  -0.0138276442
       -0.0014043511  -0.0165427567   0.1554952514   0.0321463046   0.1380284023
        0.0000025236   0.0000092768   0.0000024032   0.0000113742   0.0000045298
       -0.0000109985  -0.0000106449  -0.0000188829  -0.0000046214   0.0000731766
       -0.0000504939  -0.0000027800  -0.0001751321  -0.0000879767   0.0000353976
       -0.0015143094   0.0001205670  -0.0000572191  -0.0048482699  -0.0046553883
        0.0001526596  -0.0152615916  -0.0046692558  -0.0203534957   0.0005979697
        0.0023159420   0.0003446748  -0.0236960465  -0.0515395463  -0.0310837483
       -0.0000037288  -0.0000001880  -0.0000048098   0.0000059471  -0.0000037303
       -0.0000065650   0.0000031112   0.0000027115   0.0000065826   0.0000029040
        0.0000071283   0.0000527222  -0.0000309543   0.0000036388  -0.0000448411
        0.0000713571   0.0001934197  -0.0000309392  -0.0001138410  -0.0002018383
        0.0000368904  -0.0017434179   0.0007581783  -0.0039810959   0.0144832684
        0.0036263737   0.0173918261   0.0321463046   0.0541855347   0.0375579576
       -0.0000143755   0.0000049383  -0.0000009972   0.0001241549   0.0000150833
        0.0000562941  -0.0000339065  -0.0000304389  -0.0000097656  -0.0001076181
        0.0000072307  -0.0000382563  -0.0000279082  -0.0000456671  -0.0000023937
        0.0006180243   0.0005741288   0.0001773522   0.0003377273   0.0005159689
        0.0004558538   0.0000981610  -0.0001594414   0.0022079743   0.0011551054
       -0.0004592839   0.0003830504  -0.1213733896  -0.0329387475  -0.1896538274
        0.0000114552  -0.0000010775  -0.0000045685   0.0000011143  -0.0000023507
        0.0000022174   0.0000056102   0.0000000171   0.0000052823   0.0000080592
        0.0000018670   0.0000200181  -0.0000107993   0.0000072020   0.0000394536
        0.0000071366  -0.0000284609  -0.0000103177   0.0000992722   0.0000704737
        0.0000224356  -0.0150182768  -0.0054803999  -0.0254239587  -0.0039079492
        0.0003910005  -0.0037398256   0.1380284023   0.0375579576   0.2155139786
