$hessian                                                                        
        0.4749145595   0.0304446629   0.0276955263  -0.1342270928   0.0430622564
        0.0465931410  -0.0133673465   0.0041270556   0.0108304297  -0.0270133340
        0.0145613232   0.0028751309  -0.0009862565  -0.0000133733  -0.0038879690
        0.0002897983   0.0007943208   0.0004754345   0.0002247002  -0.0001520906
        0.0000222810  -0.0000025294   0.0000509035  -0.0000435289  -0.0001235371
       -0.0000249050   0.0000365278   0.0000536600  -0.0000259063  -0.0000351743
        0.0052996330   0.0005825671  -0.0001623799  -0.0003991420  -0.0013035013
       -0.0002985313  -0.0809644902  -0.0591505249   0.0654470611  -0.1597304134
        0.0333592708  -0.1181229115  -0.0649486019  -0.0648233861  -0.0332534838
       -0.0007665668  -0.0013598062   0.0021551702   0.0008177537   0.0004246129
       -0.0010081068   0.0001822716   0.0006561195  -0.0000439677   0.0004747457
       -0.0011462507   0.0008844007   0.0000235544   0.0000172999   0.0000056558
        0.0000054403   0.0000003766   0.0000073837  -0.0000024279   0.0000058194
        0.0000139747  -0.0000259227   0.0000105384   0.0000095560   0.0001987587
       -0.0000689972  -0.0001288717   0.0000238611   0.0000083243  -0.0000361288
        0.0000489247  -0.0000367097  -0.0000306197
        0.0304446629   0.5066891889  -0.0196471908   0.0484740054  -0.0822961379
       -0.0229392786  -0.0100975091   0.0051460124   0.0072657254   0.0094092590
       -0.0051208062  -0.0019144253   0.0013297294  -0.0001479782   0.0016201047
        0.0000648289   0.0000231238  -0.0004479352  -0.0002923169  -0.0005089815
        0.0001660470   0.0001954314   0.0003070272   0.0000431840   0.0001613513
        0.0001771703  -0.0001856322  -0.0000104401   0.0000193474   0.0000227977
        0.0123230276  -0.0177289834  -0.0134750368  -0.0013489887  -0.0043315804
       -0.0016967946  -0.0588077160  -0.1335441527   0.1027298820   0.0332205133
       -0.0523907241   0.0347529694  -0.0641251218  -0.2157677707  -0.0882175482
       -0.0018438317  -0.0011229273   0.0030231895  -0.0008418358   0.0003682665
       -0.0000570683  -0.0001231994   0.0007975236   0.0005264465   0.0007537702
        0.0002871595  -0.0006827070   0.0000377278  -0.0000330055   0.0000085908
       -0.0000259204   0.0000060554   0.0000065408   0.0000058174  -0.0000046782
       -0.0000134205   0.0000240245  -0.0000070209  -0.0000041457   0.0015684114
       -0.0007712670  -0.0010819458  -0.0000273826  -0.0001570114   0.0000547784
       -0.0004682982   0.0001121501   0.0001428727
        0.0276955263  -0.0196471908   0.5088860144   0.0442877111  -0.0176289624
       -0.0837570161   0.0189169143  -0.0061869852  -0.0141853994  -0.0119768333
        0.0079765447   0.0067187557  -0.0023995468  -0.0004635631  -0.0053804200
       -0.0013314764   0.0001604800   0.0020227654   0.0009786681  -0.0009703604
       -0.0006216752  -0.0000092846   0.0005656793   0.0001594796  -0.0002598375
       -0.0001176812   0.0003291664  -0.0000576922  -0.0000387999  -0.0000218739
        0.0073728801  -0.0109559348  -0.0050620686  -0.0005777268  -0.0023535566
       -0.0011100372   0.0654519206   0.1027015652  -0.1579893129  -0.1178355776
        0.0346211382  -0.1604331270  -0.0328908320  -0.0881627168  -0.0874946998
        0.0026897953   0.0022132317  -0.0033677127   0.0012221379  -0.0008980024
        0.0006205083  -0.0001936475  -0.0005795595   0.0003497357  -0.0016953165
        0.0001525465   0.0008671771  -0.0000289487   0.0000502112  -0.0000629276
        0.0000018946   0.0000007237  -0.0000220376  -0.0000135696  -0.0000070637
        0.0000237748  -0.0000095876   0.0000131052   0.0000044448   0.0008861188
       -0.0004516254  -0.0005799081  -0.0000017852   0.0000282412   0.0001551754
       -0.0002219048  -0.0000214647  -0.0000487815
       -0.1342270928   0.0484740054   0.0442877111   0.4231187085  -0.0478924037
       -0.0314906070  -0.0807639285  -0.0251245901   0.0370003873  -0.0967481500
        0.0269027044  -0.0505465358  -0.0430181852   0.0122520172  -0.0278890463
        0.0029415657   0.0003351881   0.0024045658   0.0013124953  -0.0002002602
       -0.0014159063  -0.0000850387   0.0002373222   0.0002992937  -0.0002593745
       -0.0003598625   0.0004203581   0.0000989950  -0.0001023062  -0.0001004935
       -0.0442365904  -0.0323909050  -0.0074149291   0.0077325492   0.0111669641
        0.0026573722  -0.0118772835   0.0043067498   0.0082758497  -0.0216592146
        0.0121553749   0.0079391486   0.0040473781   0.0002941436  -0.0007884052
       -0.0101790803  -0.0121743240   0.0182536853   0.0066499513   0.0124735387
       -0.0163941209  -0.0048985773  -0.0094201979   0.0083530429   0.0039870352
       -0.0029818328   0.0050171581  -0.0000426884   0.0000803870  -0.0000276239
        0.0000146835  -0.0000122384  -0.0000287052   0.0000051663  -0.0000021129
        0.0000249603  -0.0000365849   0.0000332533  -0.0000019473  -0.0032680782
        0.0019058798   0.0021259417   0.0003892990  -0.0001341018  -0.0001325855
        0.0010020403   0.0001776071  -0.0008285690
        0.0430622564  -0.0822961379  -0.0176289624  -0.0478924037   0.3412854105
       -0.0907936000  -0.0234336753  -0.0983436656   0.0544702190   0.0454632978
       -0.0688764275   0.0495132595   0.0001991039   0.0174778518   0.0117800831
       -0.0006428785  -0.0058513694  -0.0040352826   0.0005373453   0.0016073062
       -0.0010337990  -0.0005639158  -0.0002386033   0.0003031359   0.0000241551
       -0.0001345337   0.0002086012   0.0001041171  -0.0001137924   0.0000121201
       -0.0328502611  -0.0633309066  -0.0229197639   0.0025421034  -0.0042929949
       -0.0014310403  -0.0127975829   0.0069106237   0.0072938438   0.0090001971
       -0.0050242456  -0.0024656215   0.0194413414  -0.0151777626  -0.0130689866
        0.0034070436   0.0077725100  -0.0095274167  -0.0008820875  -0.0069601396
        0.0088969731  -0.0113798084  -0.0197405944   0.0178481001   0.0061167542
       -0.0049083488   0.0128225871  -0.0000555642  -0.0000572110   0.0000005400
        0.0000083455   0.0000038405  -0.0000050858  -0.0000198136   0.0000090951
        0.0000248921  -0.0000174932   0.0000105377  -0.0000007695   0.0007940321
        0.0001771859  -0.0005471693   0.0000535878   0.0000994827   0.0004718712
       -0.0002181967  -0.0000071108  -0.0001887287
        0.0465931410  -0.0229392786  -0.0837570161  -0.0314906070  -0.0907936000
        0.4284916518   0.0380952607   0.0617705072  -0.1351467463  -0.0477748866
        0.0367464837  -0.1281864741  -0.0158341057   0.0090361819   0.0062804084
        0.0004383445  -0.0043440178   0.0003404650   0.0003653747   0.0006979872
       -0.0006128779   0.0000720045  -0.0004519905   0.0004547576  -0.0000557775
        0.0000361208  -0.0000768457  -0.0000187433   0.0000252668   0.0000199223
       -0.0050380012  -0.0090214989  -0.0249092618  -0.0001627692  -0.0048267449
       -0.0025285265   0.0174115064  -0.0079043043  -0.0124806688  -0.0143704437
        0.0084549810   0.0076484090   0.0103582421  -0.0086819482  -0.0065662135
        0.0082632970   0.0081957332  -0.0144010626   0.0042908108   0.0150183541
       -0.0193988545  -0.0017606541  -0.0021626551   0.0060223858  -0.0098924820
        0.0114599636  -0.0198365267   0.0000306395   0.0000465784  -0.0000010274
        0.0000214713  -0.0000226490  -0.0000175145  -0.0000058684  -0.0000015669
        0.0000094290   0.0000215411  -0.0000120585  -0.0000172730   0.0009522484
       -0.0000609786  -0.0010664629  -0.0004353266  -0.0004960110  -0.0002144213
       -0.0000742167   0.0002311446  -0.0000496551
       -0.0133673465  -0.0100975091   0.0189169143  -0.0807639285  -0.0234336753
        0.0380952607   0.5214723012  -0.0170410791   0.0141566424   0.0055993512
        0.0090463782  -0.0130219768   0.0010213890  -0.0007320517   0.0004203730
       -0.0030820733   0.0021842776  -0.0016212134   0.0012947983  -0.0015321801
       -0.0012200880  -0.0001534734   0.0012308269   0.0001711793  -0.0003735974
       -0.0000988499   0.0003450069   0.0002397942  -0.0001592872  -0.0001575973
       -0.0038953496  -0.0116028708   0.0039095374  -0.0005205129   0.0001189548
        0.0000582574  -0.0037188734   0.0016173394   0.0030763166   0.0004692778
       -0.0007907061   0.0010090662   0.0004525043  -0.0005812408  -0.0002538279
       -0.1676984403   0.0842322107   0.0872764033  -0.1781245716   0.0417520333
       -0.1121329287  -0.0775120045  -0.0762727914  -0.0362213616  -0.0016032743
        0.0015326291  -0.0029723404   0.0001756258   0.0000150250  -0.0000272118
       -0.0000350067   0.0000416977   0.0000099777  -0.0000402117   0.0000025710
        0.0000463604  -0.0000985686   0.0000420429   0.0000495256  -0.0000924467
        0.0001091228   0.0001470998   0.0004471520   0.0003375356   0.0001066466
       -0.0000925143   0.0000795965  -0.0001660218
        0.0041270556   0.0051460124  -0.0061869852  -0.0251245901  -0.0983436656
        0.0617705072  -0.0170410791   0.4860935955   0.0342192687  -0.0016783596
       -0.0058534645   0.0094709138  -0.0004046970   0.0004140222  -0.0006391487
        0.0008241809   0.0001035169   0.0001754352   0.0000816190  -0.0010446922
        0.0003478890   0.0001922921   0.0005199277  -0.0000488928   0.0000866307
        0.0002489803  -0.0003330384   0.0000617798  -0.0000241077   0.0000033390
       -0.0135822146  -0.0247847109   0.0068117107   0.0001798948   0.0011532866
       -0.0001577873   0.0022001774  -0.0003152395  -0.0015666164  -0.0000236447
        0.0001796998  -0.0007280834   0.0005065757   0.0007605198  -0.0001132113
        0.0841839564  -0.0990645424  -0.0588187526   0.0419380163  -0.0553203344
        0.0333360274  -0.0769905100  -0.2095530876  -0.0789812568   0.0006789476
        0.0001773694   0.0009583506   0.0001157389  -0.0000372353   0.0000989538
       -0.0000145988   0.0000166417   0.0000181971   0.0000305213  -0.0000025774
       -0.0000128798   0.0000066344  -0.0000156286  -0.0000215417  -0.0002434263
        0.0002398462   0.0004104141   0.0000118084  -0.0005494512   0.0000286013
       -0.0001227093  -0.0001446812  -0.0000414135
        0.0108304297   0.0072657254  -0.0141853994   0.0370003873   0.0544702190
       -0.1351467463   0.0141566424   0.0342192687   0.4851664183   0.0031130453
        0.0132704763  -0.0190500438   0.0022780141  -0.0009837011   0.0012516360
       -0.0036424889   0.0008425639  -0.0008677404   0.0013274677  -0.0006938714
       -0.0008978694  -0.0000942302   0.0003247193   0.0002612590  -0.0004028807
       -0.0002057987   0.0002021874  -0.0000124225  -0.0000428002  -0.0000110780
       -0.0031942976  -0.0041265209   0.0048752025   0.0006244162   0.0003394510
       -0.0005429351   0.0024320037  -0.0007142542  -0.0014070100  -0.0007772675
        0.0002483370   0.0005884383  -0.0000892845   0.0007966242   0.0002837619
        0.0881241569  -0.0595231991  -0.1045189484  -0.1128430737   0.0327215871
       -0.1356683943  -0.0369379800  -0.0799654156  -0.0787859827  -0.0017268708
        0.0021472545  -0.0018738901  -0.0000499587   0.0001147182  -0.0000621766
        0.0000057145  -0.0000145271   0.0000019860  -0.0000366459   0.0000217429
        0.0000437104  -0.0000194074   0.0000083230   0.0000053806   0.0000236733
       -0.0000763056   0.0002053699  -0.0001413623  -0.0003082039   0.0000841953
        0.0000522196  -0.0001364129   0.0000486692
       -0.0270133340   0.0094092590  -0.0119768333  -0.0967481500   0.0454632978
       -0.0477748866   0.0055993512  -0.0016783596   0.0031130453   0.8269382312
       -0.0029352811  -0.0076933601  -0.5770672193   0.0204092750  -0.0347944693
       -0.0410642502  -0.0099207313   0.0161953321  -0.0060637068  -0.0024262032
        0.0042980589   0.0014895557  -0.0010616141  -0.0023498059   0.0002768769
        0.0015851484  -0.0007220756   0.0000274368  -0.0000113579   0.0003597237
       -0.0031918469  -0.0129687240  -0.0076260743  -0.0021936351   0.0002650557
       -0.0007080544  -0.0002724186   0.0006939955  -0.0005230635  -0.0037906939
        0.0025298930   0.0005733290   0.0007774738  -0.0007983578  -0.0006540009
        0.0006421514   0.0002854748   0.0007957377  -0.0003586929  -0.0018973881
        0.0025755270   0.0004791903  -0.0007692018   0.0002179992  -0.0788309240
       -0.0473267214   0.0836268731   0.0000914832  -0.0001281251   0.0001814554
       -0.0000949651   0.0000116196   0.0001524024  -0.0001318299   0.0001181219
       -0.0000079978   0.0000929910  -0.0000477378   0.0000431302   0.0000866782
       -0.0000565693   0.0004440911  -0.0003045132   0.0001350013   0.0004144815
        0.0006247601   0.0011202305   0.0018394351
        0.0145613232  -0.0051208062   0.0079765447   0.0269027044  -0.0688764275
        0.0367464837   0.0090463782  -0.0058534645   0.0132704763  -0.0029352811
        0.2302767871  -0.1647764368   0.0384365202  -0.0545288584   0.0196773888
       -0.0251327752   0.0003263832   0.0053497048  -0.0007312569  -0.0010240649
        0.0008380671  -0.0001454565  -0.0002342583  -0.0001924306  -0.0009339004
        0.0003320629   0.0006809678  -0.0001689011  -0.0000596808   0.0001758086
       -0.0139479264  -0.0068050329  -0.0122524792   0.0015065673  -0.0001798873
       -0.0002190010  -0.0010965589   0.0002067679   0.0002577681   0.0020519368
       -0.0010104858  -0.0006141795   0.0006707882   0.0000895010   0.0004143376
       -0.0000696065   0.0003323745  -0.0005228855  -0.0010563449  -0.0013461080
        0.0025063984   0.0003541122   0.0001131030   0.0002993676  -0.0475638971
       -0.0862026269   0.0921189386  -0.0000305987   0.0000837665   0.0001272444
        0.0000388150  -0.0000294149  -0.0000277712  -0.0000291472   0.0000051357
        0.0000052590  -0.0000305099   0.0000091265   0.0000292308  -0.0001793472
        0.0001446064  -0.0001712988  -0.0000202109  -0.0000876473  -0.0001412881
        0.0005025733  -0.0005608508  -0.0015562153
        0.0028751309  -0.0019144253   0.0067187557  -0.0505465358   0.0495132595
       -0.1281864741  -0.0130219768   0.0094709138  -0.0190500438  -0.0076933601
       -0.1647764368   0.4301869119  -0.0552922383   0.0197216562  -0.0726845180
        0.0445589860   0.0042932172  -0.0072870906   0.0018122503   0.0047957387
       -0.0022688913   0.0000605639  -0.0008490827   0.0001005868   0.0018567069
       -0.0011134341  -0.0017129862   0.0004582839   0.0002064606  -0.0002534902
       -0.0115521693  -0.0125010129  -0.0107316472  -0.0001759150   0.0002049087
       -0.0007451887   0.0012397937  -0.0006559959   0.0010167893   0.0026838018
       -0.0015983353  -0.0010565347   0.0005398224  -0.0005470785   0.0002336175
        0.0000366227  -0.0000394215   0.0004603835   0.0015345563   0.0027843112
       -0.0032524178   0.0000280699  -0.0004479693   0.0004410933   0.0803733535
        0.0946343697  -0.1915433993  -0.0000788351  -0.0003049386   0.0000537556
       -0.0000489444   0.0000113230   0.0000671169   0.0000434843   0.0000123793
       -0.0000565832   0.0000874560  -0.0000458756  -0.0000419796  -0.0000565626
        0.0002379155   0.0002018001  -0.0001324058  -0.0001539929  -0.0002252054
        0.0004100605  -0.0009384539  -0.0003843604
       -0.0009862565   0.0013297294  -0.0023995468  -0.0430181852   0.0001991039
       -0.0158341057   0.0010213890  -0.0004046970   0.0022780141  -0.5770672193
        0.0384365202  -0.0552922383   0.7465376850   0.0018991665  -0.0157428610
       -0.0592035870  -0.0356052341   0.0530092482  -0.0323264860  -0.0017066707
        0.0254320044   0.0009906001  -0.0025722782  -0.0014640761  -0.0033691049
        0.0027186901   0.0036053107  -0.0000695258  -0.0005415033   0.0010173809
       -0.0060334139   0.0007766116  -0.0043927252   0.0006234936   0.0003551136
        0.0012734245  -0.0000641899  -0.0003130530  -0.0004109684  -0.0011478830
        0.0010402613   0.0008635897  -0.0001242378   0.0004742628  -0.0000340112
        0.0003148136  -0.0001646073  -0.0000152678  -0.0001534376  -0.0000413690
       -0.0000782639   0.0003626304   0.0003174479   0.0000269945  -0.0262616317
       -0.0058610153   0.0086045506  -0.0003199751  -0.0001575663   0.0004532028
        0.0000198448  -0.0001551344  -0.0000420019  -0.0002644535   0.0000620456
        0.0000414952   0.0001055668  -0.0000014976   0.0001343226  -0.0002255188
        0.0001833023  -0.0000443151   0.0001182596  -0.0000282139  -0.0000604483
        0.0005408232  -0.0002394152  -0.0009287085
       -0.0000133733  -0.0001479782  -0.0004635631   0.0122520172   0.0174778518
        0.0090361819  -0.0007320517   0.0004140222  -0.0009837011   0.0204092750
       -0.0545288584   0.0197216562   0.0018991665   0.1290474976  -0.0959972347
       -0.0316700401  -0.1042905488   0.0763741544  -0.0022267446   0.0147971907
       -0.0080025318   0.0021441986   0.0043496829  -0.0013960612   0.0043400739
       -0.0018791596  -0.0028097352   0.0011588734   0.0007049111   0.0003159137
        0.0091571527   0.0026401828   0.0055574993  -0.0020563514  -0.0001591389
       -0.0009040850  -0.0000524426   0.0000429762   0.0000164054   0.0002355446
       -0.0000271814   0.0001525764  -0.0002723491  -0.0000613090  -0.0002365601
        0.0001323694   0.0001824987   0.0006636201  -0.0001675723  -0.0002708147
        0.0000099318   0.0000644253  -0.0006176971  -0.0001172735  -0.0145446405
       -0.0077914555  -0.0018794123  -0.0000377539  -0.0002527528  -0.0000594052
       -0.0002927235   0.0000859311   0.0002425104  -0.0000554301   0.0000902982
        0.0000144538   0.0002796920  -0.0000977017  -0.0001238774   0.0001017013
       -0.0001649869   0.0000606984  -0.0000349188   0.0000460226   0.0001554350
       -0.0000180979   0.0004105172   0.0006524038
       -0.0038879690   0.0016201047  -0.0053804200  -0.0278890463   0.0117800831
        0.0062804084   0.0004203730  -0.0006391487   0.0012516360  -0.0347944693
        0.0196773888  -0.0726845180  -0.0157428610  -0.0959972347   0.2210053107
        0.0363237803   0.0674376625  -0.1250664196   0.0241735313  -0.0050498573
       -0.0162477359  -0.0030313650   0.0011240339  -0.0001430317   0.0014233842
        0.0015906980  -0.0011531471   0.0007769741   0.0001160379   0.0012366508
       -0.0016721703   0.0003504580  -0.0017173202  -0.0006560072   0.0002101261
       -0.0003179971   0.0004960922  -0.0002734347  -0.0001869077  -0.0021108447
        0.0011421845   0.0008532058   0.0001724011  -0.0000313512  -0.0000243532
       -0.0001610545  -0.0005522286  -0.0012994845   0.0005104168   0.0001872204
       -0.0003811914  -0.0004061255   0.0009313237   0.0001237242   0.0248493044
       -0.0034177973  -0.0064675219   0.0005352140  -0.0000301694  -0.0002759628
        0.0000592812   0.0001275149  -0.0000664682  -0.0001103905   0.0000165381
        0.0001768782   0.0002997085  -0.0002204508  -0.0003474799   0.0001739146
        0.0002424000   0.0001552462  -0.0001049638   0.0000220981  -0.0003444300
        0.0003528915  -0.0003642001   0.0010213289
        0.0002897983   0.0000648289  -0.0013314764   0.0029415657  -0.0006428785
        0.0004383445  -0.0030820733   0.0008241809  -0.0036424889  -0.0410642502
       -0.0251327752   0.0445589860  -0.0592035870  -0.0316700401   0.0363237803
        0.2670822731  -0.0397397864  -0.1632613593  -0.0912981268   0.0548065719
        0.0282016740  -0.0042433756   0.0358380114   0.0154578142  -0.0556938646
        0.0026906664   0.0427128583  -0.0015089304  -0.0052663617   0.0042874839
       -0.0026294703   0.0010005062  -0.0013847159   0.0009171837  -0.0005278415
       -0.0005142972   0.0003542823  -0.0002212945   0.0002764196  -0.0001921136
        0.0001624850  -0.0003450473   0.0001522246   0.0001133513   0.0002408813
       -0.0018972671   0.0008132337  -0.0007406233  -0.0015113893   0.0005053687
       -0.0001861054  -0.0003921952  -0.0000786837  -0.0001901579  -0.0066464713
        0.0016619495  -0.0006344131  -0.0004102296   0.0032730704  -0.0017369566
        0.0014891601  -0.0001971545  -0.0011804547  -0.0015984804   0.0009637429
        0.0019892466  -0.0012268211   0.0005332116   0.0001742620  -0.0001113680
       -0.0000083013   0.0001042301   0.0000669665   0.0001813093   0.0001755348
       -0.0005834406   0.0000526292   0.0002065806
        0.0007943208   0.0000231238   0.0001604800   0.0003351881  -0.0058513694
       -0.0043440178   0.0021842776   0.0001035169   0.0008425639  -0.0099207313
        0.0003263832   0.0042932172  -0.0356052341  -0.1042905488   0.0674376625
       -0.0397397864   0.2817178702  -0.0312934440   0.0448093565  -0.1179115098
       -0.0124901106   0.0439397682  -0.0821325087  -0.0286773653  -0.0025423712
        0.0185210045   0.0017651761  -0.0017338464   0.0002719662  -0.0006033951
       -0.0036825607  -0.0017596886  -0.0020135180  -0.0000195196   0.0007347003
        0.0005574577   0.0002581099   0.0001339965  -0.0002381661   0.0000509513
       -0.0000472087  -0.0000045924  -0.0000108915  -0.0002184201   0.0000395960
        0.0001567241  -0.0000499418  -0.0003222048   0.0006277678   0.0002337710
        0.0000166843  -0.0002694987   0.0002422520   0.0001390519  -0.0004198145
        0.0125957336   0.0052697249   0.0004313910  -0.0009458485  -0.0003795639
       -0.0006786338  -0.0001561887   0.0004910820   0.0000335448  -0.0003328921
       -0.0006053298   0.0000541529  -0.0001325854   0.0004699294   0.0003762108
        0.0001205338   0.0001382236   0.0000918527  -0.0001099747  -0.0001499286
        0.0004792715  -0.0010861668  -0.0004992128
        0.0004754345  -0.0004479352   0.0020227654   0.0024045658  -0.0040352826
        0.0003404650  -0.0016212134   0.0001754352  -0.0008677404   0.0161953321
        0.0053497048  -0.0072870906   0.0530092482   0.0763741544  -0.1250664196
       -0.1632613593  -0.0312934440   0.2060668247   0.0282423418  -0.0236787347
       -0.0682735481   0.0153364356  -0.0203945242   0.0079412899   0.0436900814
       -0.0062268477  -0.0204698770   0.0043911937   0.0038607573   0.0011353628
        0.0024392733  -0.0010308928   0.0013612182  -0.0006959053   0.0001082178
        0.0004085175  -0.0005854956   0.0002222258  -0.0001100788   0.0006693951
       -0.0002971285   0.0000785400  -0.0001420961  -0.0000431087  -0.0002478556
       -0.0020571298   0.0012703621  -0.0000811924  -0.0007290379  -0.0001692672
        0.0006160106   0.0000587577  -0.0007834922  -0.0003865522   0.0024720827
        0.0033897612   0.0050793820  -0.0012364915  -0.0017857415  -0.0012167744
       -0.0011277326   0.0001826374   0.0007763524   0.0001908574  -0.0000815603
       -0.0004939316   0.0017309669  -0.0007489738  -0.0008145277  -0.0000529115
       -0.0001712922  -0.0000744504   0.0000274079   0.0000645497   0.0001962724
        0.0001759990   0.0001904199  -0.0006329622
        0.0002247002  -0.0002923169   0.0009786681   0.0013124953   0.0005373453
        0.0003653747   0.0012947983   0.0000816190   0.0013274677  -0.0060637068
       -0.0007312569   0.0018122503  -0.0323264860  -0.0022267446   0.0241735313
       -0.0912981268   0.0448093565   0.0282423418   0.4033916604   0.1030630534
       -0.1687450989  -0.0674866993  -0.0319718668   0.0029398761  -0.1864070049
       -0.1004201968   0.1055546460  -0.0234477661  -0.0046096248   0.0101530674
        0.0004206737  -0.0010736351   0.0018207258   0.0000162096   0.0009154315
        0.0001202582  -0.0001579599   0.0002056446  -0.0001743793   0.0003426209
       -0.0001050227   0.0001568791  -0.0002294297  -0.0001134617  -0.0001543614
       -0.0006415915   0.0004894399  -0.0022238568   0.0007464987  -0.0000921502
        0.0002276336  -0.0002581455   0.0007653746  -0.0004840173  -0.0002376834
       -0.0008019759  -0.0001081053   0.0027344843  -0.0057449833  -0.0058477639
       -0.0006972241  -0.0001302135   0.0014736862   0.0009436477  -0.0007563568
       -0.0032776069  -0.0020650632   0.0003150731   0.0026296775   0.0002458129
        0.0001827772  -0.0000290063   0.0001667137  -0.0002751797  -0.0004075542
       -0.0005234283  -0.0020201293  -0.0005243334
       -0.0001520906  -0.0005089815  -0.0009703604  -0.0002002602   0.0016073062
        0.0006979872  -0.0015321801  -0.0010446922  -0.0006938714  -0.0024262032
       -0.0010240649   0.0047957387  -0.0017066707   0.0147971907  -0.0050498573
        0.0548065719  -0.1179115098  -0.0236787347   0.1030630534   0.8903281966
       -0.0671333569  -0.0184820819  -0.5936600411   0.0056088089  -0.1259583797
       -0.1732506146   0.0837634009   0.0018149146   0.0088024343  -0.0004197172
       -0.0011289142   0.0013245204   0.0005813235   0.0024535089  -0.0009665886
       -0.0009792171   0.0000200666  -0.0001938237   0.0003946358  -0.0003744390
        0.0003410814  -0.0001872686   0.0001442401   0.0001267202   0.0000594521
        0.0008168962   0.0010412752   0.0008094675  -0.0005170485   0.0003601387
       -0.0002550441   0.0007291236  -0.0005228609  -0.0000583511  -0.0017925383
       -0.0018371011  -0.0009909776  -0.0162462647  -0.0248073905   0.0114832910
        0.0030625505   0.0001998354  -0.0022650815   0.0032013157  -0.0015121244
       -0.0037426015   0.0048203311  -0.0015433963  -0.0020706428  -0.0004949031
        0.0000497310  -0.0001186354   0.0001296460   0.0002391026   0.0000530262
       -0.0040502443  -0.0004343430   0.0003665856
        0.0000222810   0.0001660470  -0.0006216752  -0.0014159063  -0.0010337990
       -0.0006128779  -0.0012200880   0.0003478890  -0.0008978694   0.0042980589
        0.0008380671  -0.0022688913   0.0254320044  -0.0080025318  -0.0162477359
        0.0282016740  -0.0124901106  -0.0682735481  -0.1687450989  -0.0671333569
        0.2797954932   0.0021610713   0.0095712079  -0.0670175352   0.1076242670
        0.0689913645  -0.1069522192   0.0104978402   0.0038916537  -0.0154028906
       -0.0008580565   0.0004871772  -0.0010767117   0.0002193697  -0.0003922453
       -0.0000776292   0.0001602454  -0.0001065936   0.0000976226  -0.0002408890
        0.0000775980  -0.0001684815   0.0001818103   0.0000019835   0.0001114144
       -0.0004995945  -0.0000576985   0.0003756705  -0.0004845737   0.0000373910
       -0.0002905646   0.0002117891  -0.0003525818   0.0003520306   0.0002462449
        0.0015436766   0.0007321426  -0.0065942932   0.0030669729  -0.0007867744
        0.0014626498   0.0000521234   0.0002568114   0.0035816755  -0.0007316590
       -0.0023311598  -0.0037049679   0.0009449493   0.0006356746   0.0000224007
       -0.0000063711  -0.0000047221  -0.0003885100   0.0001315079  -0.0002811066
       -0.0001714043   0.0001573387   0.0009555328
       -0.0000025294   0.0001954314  -0.0000092846  -0.0000850387  -0.0005639158
        0.0000720045  -0.0001534734   0.0001922921  -0.0000942302   0.0014895557
       -0.0001454565   0.0000605639   0.0009906001   0.0021441986  -0.0030313650
       -0.0042433756   0.0439397682   0.0153364356  -0.0674866993  -0.0184820819
        0.0021610713   0.0730553370   0.0219429274  -0.0269356584  -0.0011649683
       -0.0423770890   0.0087384692  -0.0000549104  -0.0027905097   0.0003360822
        0.0003674733   0.0000494704  -0.0007128025  -0.0014317136  -0.0004115272
        0.0002077529   0.0000438064  -0.0000341284  -0.0000567724  -0.0000273167
       -0.0000462922  -0.0000243939   0.0000499809   0.0000145076   0.0000172915
        0.0000086651  -0.0002569856   0.0003616161  -0.0001327940  -0.0000701513
       -0.0000520174   0.0000471963  -0.0001412747   0.0001150117  -0.0000521935
        0.0002231495   0.0000678073  -0.0015738215  -0.0026469231   0.0056612433
        0.0001401630  -0.0005527895  -0.0010246938   0.0002795310  -0.0003913690
       -0.0002454282   0.0008219336  -0.0000817366  -0.0003997407  -0.0001194272
       -0.0000349878   0.0000000486  -0.0002701786   0.0000766304  -0.0000636838
       -0.0004958021   0.0002488424  -0.0004853273
        0.0000509035   0.0003070272   0.0005656793   0.0002373222  -0.0002386033
       -0.0004519905   0.0012308269   0.0005199277   0.0003247193  -0.0010616141
       -0.0002342583  -0.0008490827  -0.0025722782   0.0043496829   0.0011240339
        0.0358380114  -0.0821325087  -0.0203945242  -0.0319718668  -0.5936600411
        0.0095712079   0.0219429274   0.7506066945  -0.0061279376  -0.0174265432
       -0.0820453757   0.0108798562   0.0007214100   0.0001008856  -0.0007150411
        0.0010297856  -0.0007900454  -0.0001458300  -0.0017422940   0.0007808806
        0.0004578729  -0.0000416662   0.0001123055  -0.0001633373   0.0002305811
       -0.0002131173   0.0000979440  -0.0001086255  -0.0000580362  -0.0000130370
       -0.0002766780  -0.0006747948  -0.0003064994   0.0002560309  -0.0001529459
        0.0002880679  -0.0005184778   0.0003630199   0.0000567749   0.0001866977
        0.0002742000   0.0002996565  -0.0063042538   0.0015813954   0.0044699228
       -0.0003026683   0.0002939252   0.0002817455  -0.0003060637   0.0007247857
        0.0008693150  -0.0009097526   0.0007392387   0.0001167348   0.0002917559
       -0.0000834237   0.0000553984  -0.0000160415  -0.0001406460   0.0000430035
        0.0015425711  -0.0003301728  -0.0003346529
       -0.0000435289   0.0000431840   0.0001594796   0.0002992937   0.0003031359
        0.0004547576   0.0001711793  -0.0000488928   0.0002612590  -0.0023498059
       -0.0001924306   0.0001005868  -0.0014640761  -0.0013960612  -0.0001430317
        0.0154578142  -0.0286773653   0.0079412899   0.0029398761   0.0056088089
       -0.0670175352  -0.0269356584  -0.0061279376   0.0486601908   0.0079748078
        0.0263185082   0.0073645737   0.0003627908   0.0018472366   0.0001155311
        0.0004581035  -0.0002619032   0.0001573470  -0.0010606525   0.0000300892
        0.0003708882  -0.0000264648  -0.0000102874  -0.0000480139   0.0000632764
       -0.0000236420   0.0000371140  -0.0000458888   0.0000555217  -0.0000141009
        0.0001755770  -0.0001591422  -0.0001901207   0.0001162792  -0.0000029547
        0.0000408532  -0.0000247574   0.0001833647  -0.0000586634  -0.0001270373
       -0.0001979997  -0.0000627904   0.0053695631   0.0018633982   0.0026559996
       -0.0009758761   0.0004206983  -0.0005462274  -0.0005678743   0.0000394106
        0.0006376408  -0.0002097006   0.0003891104   0.0000915768  -0.0000181605
        0.0000042447  -0.0000692694   0.0002311613  -0.0001297354   0.0001324550
        0.0002297592   0.0001216405  -0.0010317900
       -0.0001235371   0.0001613513  -0.0002598375  -0.0002593745   0.0000241551
       -0.0000557775  -0.0003735974   0.0000866307  -0.0004028807   0.0002768769
       -0.0009339004   0.0018567069  -0.0033691049   0.0043400739   0.0014233842
       -0.0556938646  -0.0025423712   0.0436900814  -0.1864070049  -0.1259583797
        0.1076242670  -0.0011649683  -0.0174265432   0.0079748078   0.4771293442
        0.0487508377  -0.3006427154  -0.1527240349   0.0439306402   0.0801299748
        0.0000186428   0.0004150804  -0.0005247881  -0.0003044586  -0.0001131983
       -0.0000053480   0.0000790360  -0.0000589312   0.0000329168  -0.0000655697
       -0.0000026505  -0.0000622875   0.0000979041  -0.0000153336   0.0000308873
       -0.0000294702  -0.0000253962   0.0004107812  -0.0001812796  -0.0000349975
       -0.0000703264   0.0000369150  -0.0002870613   0.0001285242  -0.0006465667
       -0.0004605309  -0.0003507636  -0.0338634846   0.0277880942   0.0214677622
       -0.0016884743   0.0063483478   0.0018454693  -0.0070075985   0.0029665056
        0.0161127154  -0.0341102963   0.0127423728   0.0193518060   0.0000331233
       -0.0000662043   0.0000383649  -0.0000317740   0.0000767597   0.0000805068
        0.0003726170   0.0002946486   0.0001757685
       -0.0000249050   0.0001771703  -0.0001176812  -0.0003598625  -0.0001345337
        0.0000361208  -0.0000988499   0.0002489803  -0.0002057987   0.0015851484
        0.0003320629  -0.0011134341   0.0027186901  -0.0018791596   0.0015906980
        0.0026906664   0.0185210045  -0.0062268477  -0.1004201968  -0.1732506146
        0.0689913645  -0.0423770890  -0.0820453757   0.0263185082   0.0487508377
        0.7367739630  -0.0103620292   0.0432795520  -0.1008276712  -0.0322577926
       -0.0000588838   0.0000181865  -0.0004279985  -0.0004790829   0.0001505455
        0.0001386716   0.0000413729  -0.0000225890  -0.0000294302  -0.0000216080
       -0.0000360724  -0.0000062581   0.0000180852   0.0000194229   0.0000422939
       -0.0001333056  -0.0001805315   0.0000678766  -0.0000542593  -0.0000604192
       -0.0000235235  -0.0000087261   0.0000005931   0.0000965979   0.0004634181
        0.0002092338  -0.0000197671   0.0262454985  -0.3877558418  -0.0337524839
        0.0273534560  -0.0202921353  -0.0200766857  -0.0065027232   0.0053257415
        0.0024844218  -0.0035704759   0.0047575885   0.0047116662   0.0001380878
        0.0000012483   0.0000431757  -0.0001615136  -0.0000055433  -0.0000778266
        0.0009866685  -0.0000452538   0.0001761618
        0.0000365278  -0.0001856322   0.0003291664   0.0004203581   0.0002086012
       -0.0000768457   0.0003450069  -0.0003330384   0.0002021874  -0.0007220756
        0.0006809678  -0.0017129862   0.0036053107  -0.0028097352  -0.0011531471
        0.0427128583   0.0017651761  -0.0204698770   0.1055546460   0.0837634009
       -0.1069522192   0.0087384692   0.0108798562   0.0073645737  -0.3006427154
       -0.0103620292   0.2613013731   0.0804962993  -0.0331912212  -0.0991992052
        0.0003377488  -0.0003148624   0.0005698779   0.0000791813   0.0000493466
       -0.0001138948  -0.0001279774   0.0000300789   0.0000148237   0.0001116554
       -0.0000173042   0.0000600770  -0.0000831217   0.0000315333  -0.0000580495
        0.0002902235   0.0003002221  -0.0000712798   0.0000986386   0.0000390167
        0.0001501302  -0.0000018415   0.0000561459  -0.0002487311   0.0004853135
        0.0002976199   0.0003052202   0.0213515199  -0.0343359517  -0.0219522787
        0.0025651814  -0.0051736708  -0.0012617063   0.0284123975  -0.0121984221
       -0.0223131928   0.0062313601   0.0009255959   0.0054374337  -0.0000760136
       -0.0000136357   0.0000059580   0.0002008832  -0.0000084510   0.0001654378
       -0.0004198342  -0.0000836077  -0.0003228461
        0.0000536600  -0.0000104401  -0.0000576922   0.0000989950   0.0001041171
       -0.0000187433   0.0002397942   0.0000617798  -0.0000124225   0.0000274368
       -0.0001689011   0.0004582839  -0.0000695258   0.0011588734   0.0007769741
       -0.0015089304  -0.0017338464   0.0043911937  -0.0234477661   0.0018149146
        0.0104978402  -0.0000549104   0.0007214100   0.0003627908  -0.1527240349
        0.0432795520   0.0804962993   0.4814490058   0.0298193044   0.0163112644
       -0.0001715658  -0.0000406668  -0.0000141450   0.0002181511   0.0000680665
       -0.0000026237  -0.0000138340   0.0000100765   0.0000102505  -0.0000416841
        0.0000094504   0.0000071487  -0.0000105126  -0.0000022146   0.0000131406
       -0.0001653337  -0.0000866007   0.0000131981  -0.0000177089   0.0000061365
        0.0000077994  -0.0000823182  -0.0000032708   0.0000406682  -0.0001192664
       -0.0001654490  -0.0001371479  -0.0023636973   0.0031576354  -0.0009671864
       -0.0446774819  -0.0199153989  -0.0003965794  -0.0422941882   0.0051933876
       -0.0241702143  -0.2141954126  -0.0632181718  -0.0876036688  -0.0000273179
        0.0000063265  -0.0000255390  -0.0000484349  -0.0000302001  -0.0000380030
       -0.0000531188  -0.0000358702   0.0000571136
       -0.0000259063   0.0000193474  -0.0000387999  -0.0001023062  -0.0001137924
        0.0000252668  -0.0001592872  -0.0000241077  -0.0000428002  -0.0000113579
       -0.0000596808   0.0002064606  -0.0005415033   0.0007049111   0.0001160379
       -0.0052663617   0.0002719662   0.0038607573  -0.0046096248   0.0088024343
        0.0038916537  -0.0027905097   0.0001008856   0.0018472366   0.0439306402
       -0.1008276712  -0.0331912212   0.0298193044   0.5168516315  -0.0208601760
        0.0000575553   0.0001341698  -0.0000574042  -0.0000238735  -0.0000821714
       -0.0000439185   0.0000283822  -0.0000102657  -0.0000001602  -0.0000016614
        0.0000004621  -0.0000160027   0.0000087311   0.0000149286   0.0000148147
        0.0000612374  -0.0000230407   0.0000274236  -0.0000056610   0.0000094664
       -0.0000217265   0.0000013065   0.0000210963   0.0000259372  -0.0000577111
       -0.0000949174  -0.0000552580   0.0191858313  -0.0092717330  -0.0136569304
       -0.0251356293  -0.2837690433   0.0110177261   0.0069631079  -0.0695046582
        0.0754954617  -0.0613756985  -0.0632523335  -0.0286231683  -0.0000122625
       -0.0000082640   0.0000115800  -0.0000049204   0.0000271091   0.0000007327
        0.0000681786   0.0000832711   0.0000664772
       -0.0000351743   0.0000227977  -0.0000218739  -0.0001004935   0.0000121201
        0.0000199223  -0.0001575973   0.0000033390  -0.0000110780   0.0003597237
        0.0001758086  -0.0002534902   0.0010173809   0.0003159137   0.0012366508
        0.0042874839  -0.0006033951   0.0011353628   0.0101530674  -0.0004197172
       -0.0154028906   0.0003360822  -0.0007150411   0.0001155311   0.0801299748
       -0.0322577926  -0.0991992052   0.0163112644  -0.0208601760   0.4903754711
        0.0000311755   0.0000828240  -0.0000222662  -0.0000673266  -0.0000332593
       -0.0000298709   0.0000214820  -0.0000085291  -0.0000029291   0.0000075258
       -0.0000047156  -0.0000067267   0.0000081586   0.0000058435   0.0000085854
        0.0000557028  -0.0000196136   0.0000183262   0.0000185959   0.0000002107
       -0.0000198252   0.0000506041   0.0000386892   0.0000172389   0.0000948245
       -0.0001189708  -0.0000876632  -0.0004673549  -0.0023513355  -0.0037248960
       -0.0005730571   0.0072740414  -0.0437706882  -0.0246666630   0.0767894847
       -0.2476726006  -0.0868597035  -0.0273423514  -0.0827176796   0.0000258365
        0.0000018177   0.0000127091  -0.0000024027   0.0000028119   0.0000130490
        0.0000208897   0.0000091952  -0.0000091632
        0.0052996330   0.0123230276   0.0073728801  -0.0442365904  -0.0328502611
       -0.0050380012  -0.0038953496  -0.0135822146  -0.0031942976  -0.0031918469
       -0.0139479264  -0.0115521693  -0.0060334139   0.0091571527  -0.0016721703
       -0.0026294703  -0.0036825607   0.0024392733   0.0004206737  -0.0011289142
       -0.0008580565   0.0003674733   0.0010297856   0.0004581035   0.0000186428
       -0.0000588838   0.0003377488  -0.0001715658   0.0000575553   0.0000311755
        0.2043409894   0.0033580770  -0.0618613144  -0.1109180532   0.0184520909
        0.0433580854  -0.0001879609   0.0006754952   0.0013075683   0.0002650703
        0.0010638594  -0.0000817691  -0.0024305789   0.0025291161   0.0018753526
       -0.0015407742  -0.0001280908   0.0006331591   0.0006849732   0.0005337207
       -0.0000193933  -0.0012600037  -0.0018915167   0.0025487680   0.0003808232
       -0.0002735860   0.0008143999  -0.0000161383   0.0000490831  -0.0000991918
        0.0000121571   0.0000134295  -0.0000413933   0.0000161517  -0.0000390711
        0.0000074590   0.0000471687  -0.0000142854  -0.0000319411   0.0019371730
        0.0017994032  -0.0008939484  -0.0121918106   0.0039756504   0.0125280393
       -0.0250873726   0.0125798641   0.0116316335
        0.0005825671  -0.0177289834  -0.0109559348  -0.0323909050  -0.0633309066
       -0.0090214989  -0.0116028708  -0.0247847109  -0.0041265209  -0.0129687240
       -0.0068050329  -0.0125010129   0.0007766116   0.0026401828   0.0003504580
        0.0010005062  -0.0017596886  -0.0010308928  -0.0010736351   0.0013245204
        0.0004871772   0.0000494704  -0.0007900454  -0.0002619032   0.0004150804
        0.0000181865  -0.0003148624  -0.0000406668   0.0001341698   0.0000828240
        0.0033580770   0.1657368445   0.0718311181   0.0306698428  -0.0410207728
       -0.0222119875   0.0004593405   0.0006277357  -0.0006398360   0.0004533319
        0.0002291392   0.0009226160   0.0018757968  -0.0013745719  -0.0014026783
        0.0005041916   0.0006801273  -0.0003655632   0.0004011983   0.0006467559
       -0.0000871596  -0.0020595133  -0.0038421241   0.0032964720   0.0003620975
        0.0011082881   0.0005700197  -0.0000142226  -0.0000274627   0.0000256278
        0.0000195235   0.0000011304  -0.0000042432   0.0000298732  -0.0000126149
       -0.0000324373   0.0000586980  -0.0000262828  -0.0000291629   0.0176258738
       -0.0137848651  -0.0130862524  -0.0035345911   0.0043329538  -0.0005935655
        0.0050430482  -0.0021919723  -0.0009008009
       -0.0001623799  -0.0134750368  -0.0050620686  -0.0074149291  -0.0229197639
       -0.0249092618   0.0039095374   0.0068117107   0.0048752025  -0.0076260743
       -0.0122524792  -0.0107316472  -0.0043927252   0.0055574993  -0.0017173202
       -0.0013847159  -0.0020135180   0.0013612182   0.0018207258   0.0005813235
       -0.0010767117  -0.0007128025  -0.0001458300   0.0001573470  -0.0005247881
       -0.0004279985   0.0005698779  -0.0000141450  -0.0000574042  -0.0000222662
       -0.0618613144   0.0718311181   0.1030989897   0.0490100511  -0.0177177941
       -0.0505801513   0.0002463059   0.0000071336  -0.0011706773   0.0006005819
       -0.0000441083   0.0005776058   0.0017803927  -0.0013128814  -0.0012381129
        0.0005329875   0.0003482706  -0.0001800980   0.0001427072  -0.0000349773
        0.0009210260   0.0012607174   0.0017381052  -0.0012780286  -0.0006174834
       -0.0012627351  -0.0003298064  -0.0000068964   0.0001467388  -0.0000565709
        0.0000568980  -0.0000055017  -0.0000587011  -0.0000035369  -0.0000146532
        0.0000420853  -0.0000575047   0.0000252107   0.0000094458   0.0060577535
       -0.0065737045  -0.0047230486   0.0207785143  -0.0095937710  -0.0137992134
       -0.0014178767   0.0008050467   0.0053208859
       -0.0003991420  -0.0013489887  -0.0005777268   0.0077325492   0.0025421034
       -0.0001627692  -0.0005205129   0.0001798948   0.0006244162  -0.0021936351
        0.0015065673  -0.0001759150   0.0006234936  -0.0020563514  -0.0006560072
        0.0009171837  -0.0000195196  -0.0006959053   0.0000162096   0.0024535089
        0.0002193697  -0.0014317136  -0.0017422940  -0.0010606525  -0.0003044586
       -0.0004790829   0.0000791813   0.0002181511  -0.0000238735  -0.0000673266
       -0.1109180532   0.0306698428   0.0490100511   0.4044770460   0.0596914442
        0.0614824292   0.0002544719  -0.0000436230  -0.0008805537   0.0004087978
       -0.0005229776   0.0002816392   0.0003949760  -0.0004573510  -0.0002971883
        0.0007299843  -0.0003065015  -0.0005667702  -0.0001276158  -0.0000123878
        0.0000520404   0.0002962983  -0.0001624413  -0.0003918797  -0.0000980838
        0.0001445798  -0.0001122903  -0.0000066555   0.0000929620   0.0000843631
        0.0000843934  -0.0000282450  -0.0000094767  -0.0000006496   0.0000272502
        0.0000060356  -0.0000843286  -0.0000002869   0.0000210020  -0.0544823205
       -0.0680844656  -0.0149775876  -0.0417580257  -0.0183161325   0.0234651819
       -0.2038283602  -0.0037036311  -0.1146936605
       -0.0013035013  -0.0043315804  -0.0023535566   0.0111669641  -0.0042929949
       -0.0048267449   0.0001189548   0.0011532866   0.0003394510   0.0002650557
       -0.0001798873   0.0002049087   0.0003551136  -0.0001591389   0.0002101261
       -0.0005278415   0.0007347003   0.0001082178   0.0009154315  -0.0009665886
       -0.0003922453  -0.0004115272   0.0007808806   0.0000300892  -0.0001131983
        0.0001505455   0.0000493466   0.0000680665  -0.0000821714  -0.0000332593
        0.0184520909  -0.0410207728  -0.0177177941   0.0596914442   0.4561742842
       -0.0385777444  -0.0001188609  -0.0000722864   0.0001157533  -0.0003001895
        0.0000233489  -0.0001325572   0.0010417424  -0.0007843120  -0.0007319406
        0.0002096213  -0.0008781631  -0.0005809308   0.0000737770  -0.0002363911
       -0.0001243371   0.0003343089   0.0001404576  -0.0003512592  -0.0000180399
       -0.0002209753  -0.0001068229   0.0000499756   0.0000021702  -0.0000048267
       -0.0000167000  -0.0000104729  -0.0000073264  -0.0000179876   0.0000004176
        0.0000016015  -0.0000422736   0.0000194688   0.0000239469  -0.0634013445
       -0.2674168399  -0.0442330984  -0.0210642343  -0.0987196031   0.1094761394
       -0.0054068478  -0.0398073823  -0.0003851367
       -0.0002985313  -0.0016967946  -0.0011100372   0.0026573722  -0.0014310403
       -0.0025285265   0.0000582574  -0.0001577873  -0.0005429351  -0.0007080544
       -0.0002190010  -0.0007451887   0.0012734245  -0.0009040850  -0.0003179971
       -0.0005142972   0.0005574577   0.0004085175   0.0001202582  -0.0009792171
       -0.0000776292   0.0002077529   0.0004578729   0.0003708882  -0.0000053480
        0.0001386716  -0.0001138948  -0.0000026237  -0.0000439185  -0.0000298709
        0.0433580854  -0.0222119875  -0.0505801513   0.0614824292  -0.0385777444
        0.4468056247  -0.0002062174  -0.0000880696   0.0004787337  -0.0002602775
        0.0001537648  -0.0001990383   0.0003881499  -0.0002685149   0.0000202317
        0.0001584242   0.0003774642   0.0006147358  -0.0000936944   0.0000243488
       -0.0000490048  -0.0000316816   0.0001048361   0.0000935285   0.0000797883
       -0.0000524012   0.0000110605  -0.0000019610  -0.0000214969  -0.0000051683
       -0.0000392674  -0.0000017680   0.0000099379  -0.0000150435   0.0000056474
        0.0000063802   0.0000257649   0.0000021593   0.0000027837  -0.0140561630
       -0.0419375558  -0.0480057770   0.0284507615   0.1039550893  -0.2233013715
       -0.1220273082   0.0028140700  -0.1212158320
       -0.0809644902  -0.0588077160   0.0654519206  -0.0118772835  -0.0127975829
        0.0174115064  -0.0037188734   0.0022001774   0.0024320037  -0.0002724186
       -0.0010965589   0.0012397937  -0.0000641899  -0.0000524426   0.0004960922
        0.0003542823   0.0002581099  -0.0005854956  -0.0001579599   0.0000200666
        0.0001602454   0.0000438064  -0.0000416662  -0.0000264648   0.0000790360
        0.0000413729  -0.0001279774  -0.0000138340   0.0000283822   0.0000214820
       -0.0001879609   0.0004593405   0.0002463059   0.0002544719  -0.0001188609
       -0.0002062174   0.0939465116   0.0661196822  -0.0784286722   0.0079650037
        0.0128655771  -0.0154784433  -0.0041519478  -0.0093878369   0.0070831796
       -0.0005147084  -0.0006810504   0.0012048261  -0.0000723314   0.0001537429
       -0.0001593079   0.0001026074   0.0001817185  -0.0000658232  -0.0009229546
        0.0007825208  -0.0005606315   0.0000198835   0.0000153018   0.0000137010
       -0.0000011214  -0.0000134366   0.0000016385   0.0000065173   0.0000008433
       -0.0000204275   0.0000206939  -0.0000059754  -0.0000041923   0.0000841565
        0.0000182098  -0.0000596164   0.0000227187  -0.0000804957  -0.0000515474
        0.0000203848  -0.0000614234   0.0000121218
       -0.0591505249  -0.1335441527   0.1027015652   0.0043067498   0.0069106237
       -0.0079043043   0.0016173394  -0.0003152395  -0.0007142542   0.0006939955
        0.0002067679  -0.0006559959  -0.0003130530   0.0000429762  -0.0002734347
       -0.0002212945   0.0001339965   0.0002222258   0.0002056446  -0.0001938237
       -0.0001065936  -0.0000341284   0.0001123055  -0.0000102874  -0.0000589312
       -0.0000225890   0.0000300789   0.0000100765  -0.0000102657  -0.0000085291
        0.0006754952   0.0006277357   0.0000071336  -0.0000436230  -0.0000722864
       -0.0000880696   0.0661196822   0.1516599981  -0.1186326466  -0.0021362226
       -0.0051349795   0.0073940135  -0.0123937085  -0.0209043133   0.0185891321
        0.0003336237   0.0003844814  -0.0004749591  -0.0000494001  -0.0001050440
       -0.0001279543   0.0002299026   0.0000870916  -0.0000603370   0.0002743737
        0.0000527743   0.0000887563   0.0000206608   0.0000048584   0.0000045886
        0.0000054969   0.0000035190  -0.0000048084   0.0000000860   0.0000012960
        0.0000026174  -0.0000068909  -0.0000011192  -0.0000036783  -0.0000016490
        0.0000190344  -0.0000127231  -0.0000266565   0.0000230464   0.0000117398
       -0.0000570444   0.0000333077   0.0000267244
        0.0654470611   0.1027298820  -0.1579893129   0.0082758497   0.0072938438
       -0.0124806688   0.0030763166  -0.0015666164  -0.0014070100  -0.0005230635
        0.0002577681   0.0010167893  -0.0004109684   0.0000164054  -0.0001869077
        0.0002764196  -0.0002381661  -0.0001100788  -0.0001743793   0.0003946358
        0.0000976226  -0.0000567724  -0.0001633373  -0.0000480139   0.0000329168
       -0.0000294302   0.0000148237   0.0000102505  -0.0000001602  -0.0000029291
        0.0013075683  -0.0006398360  -0.0011706773  -0.0008805537   0.0001157533
        0.0004787337  -0.0784286722  -0.1186326466   0.1824124084   0.0066373541
        0.0167344553  -0.0194382085  -0.0046888441  -0.0068899610   0.0085914687
        0.0006588342   0.0005492142  -0.0006896983   0.0000787818  -0.0001243296
        0.0003231372  -0.0001078262  -0.0001615702  -0.0000303706  -0.0001024877
        0.0001092625   0.0003558006  -0.0000213275  -0.0000118929   0.0000017336
        0.0000003419   0.0000019926   0.0000061990  -0.0000014001   0.0000007333
        0.0000033357  -0.0000087442   0.0000039949   0.0000082934  -0.0000982067
       -0.0000881696   0.0000376227  -0.0001542448   0.0001864867   0.0000764291
       -0.0001442038   0.0001516882   0.0001294778
       -0.1597304134   0.0332205133  -0.1178355776  -0.0216592146   0.0090001971
       -0.0143704437   0.0004692778  -0.0000236447  -0.0007772675  -0.0037906939
        0.0020519368   0.0026838018  -0.0011478830   0.0002355446  -0.0021108447
       -0.0001921136   0.0000509513   0.0006693951   0.0003426209  -0.0003744390
       -0.0002408890  -0.0000273167   0.0002305811   0.0000632764  -0.0000655697
       -0.0000216080   0.0001116554  -0.0000416841  -0.0000016614   0.0000075258
        0.0002650703   0.0004533319   0.0006005819   0.0004087978  -0.0003001895
       -0.0002602775   0.0079650037  -0.0021362226   0.0066373541   0.1857790671
       -0.0418727974   0.1345938903  -0.0085964955   0.0000365151  -0.0106498977
        0.0003844304  -0.0001084874  -0.0001787584  -0.0002658685  -0.0001206151
        0.0010576978  -0.0002242147  -0.0000822288  -0.0000369270  -0.0001153336
       -0.0001431096   0.0002472260  -0.0000003326   0.0000395619  -0.0000303635
        0.0000026581  -0.0000107776  -0.0000119905   0.0000012883  -0.0000016760
       -0.0000019397   0.0000042874   0.0000048900  -0.0000025280   0.0001054017
        0.0000155854  -0.0000335193   0.0000578985  -0.0000300089  -0.0000385821
        0.0000713317  -0.0001121425  -0.0000925984
        0.0333592708  -0.0523907241   0.0346211382   0.0121553749  -0.0050242456
        0.0084549810  -0.0007907061   0.0001796998   0.0002483370   0.0025298930
       -0.0010104858  -0.0015983353   0.0010402613  -0.0000271814   0.0011421845
        0.0001624850  -0.0000472087  -0.0002971285  -0.0001050227   0.0003410814
        0.0000775980  -0.0000462922  -0.0002131173  -0.0000236420  -0.0000026505
       -0.0000360724  -0.0000173042   0.0000094504   0.0000004621  -0.0000047156
        0.0010638594   0.0002291392  -0.0000441083  -0.0005229776   0.0000233489
        0.0001537648   0.0128655771  -0.0051349795   0.0167344553  -0.0418727974
        0.0587430283  -0.0400134797  -0.0191769487   0.0039592279  -0.0196981897
       -0.0000638408  -0.0000842942   0.0000937903  -0.0001092438   0.0003797174
        0.0001561246  -0.0001411137  -0.0001210664  -0.0000938760  -0.0000203990
        0.0000724694  -0.0001602741  -0.0000047237   0.0000030144   0.0000060598
        0.0000044385   0.0000000448   0.0000032442  -0.0000023277   0.0000037108
        0.0000033143  -0.0000046074  -0.0000013222   0.0000007435  -0.0000469205
       -0.0000460368   0.0000100887  -0.0001274439   0.0000851639   0.0001030493
       -0.0001525946   0.0001166262   0.0001421800
       -0.1181229115   0.0347529694  -0.1604331270   0.0079391486  -0.0024656215
        0.0076484090   0.0010090662  -0.0007280834   0.0005884383   0.0005733290
       -0.0006141795  -0.0010565347   0.0008635897   0.0001525764   0.0008532058
       -0.0003450473  -0.0000045924   0.0000785400   0.0001568791  -0.0001872686
       -0.0001684815  -0.0000243939   0.0000979440   0.0000371140  -0.0000622875
       -0.0000062581   0.0000600770   0.0000071487  -0.0000160027  -0.0000067267
       -0.0000817691   0.0009226160   0.0005776058   0.0002816392  -0.0001325572
       -0.0001990383  -0.0154784433   0.0073940135  -0.0194382085   0.1345938903
       -0.0400134797   0.1838807570  -0.0118648267   0.0009905955  -0.0119506433
        0.0000168863  -0.0000367293  -0.0000316902   0.0004752737   0.0000725214
       -0.0003302640  -0.0001381892   0.0000053628  -0.0001473724   0.0001126887
       -0.0001596362   0.0000820752   0.0000066039   0.0000037504  -0.0000082775
        0.0000018853   0.0000052271  -0.0000056093  -0.0000010215  -0.0000019449
        0.0000090836  -0.0000059893   0.0000009210  -0.0000031957   0.0000248424
        0.0000299001  -0.0000064679   0.0000474425  -0.0000405270   0.0000127060
        0.0000145657  -0.0000215167  -0.0000423748
       -0.0649486019  -0.0641251218  -0.0328908320   0.0040473781   0.0194413414
        0.0103582421   0.0004525043   0.0005065757  -0.0000892845   0.0007774738
        0.0006707882   0.0005398224  -0.0001242378  -0.0002723491   0.0001724011
        0.0001522246  -0.0000108915  -0.0001420961  -0.0002294297   0.0001442401
        0.0001818103   0.0000499809  -0.0001086255  -0.0000458888   0.0000979041
        0.0000180852  -0.0000831217  -0.0000105126   0.0000087311   0.0000081586
       -0.0024305789   0.0018757968   0.0017803927   0.0003949760   0.0010417424
        0.0003881499  -0.0041519478  -0.0123937085  -0.0046888441  -0.0085964955
       -0.0191769487  -0.0118648267   0.0749126014   0.0726201360   0.0362168180
       -0.0000057978  -0.0000199501  -0.0001335082  -0.0001488643  -0.0001192252
       -0.0000716170  -0.0002282713  -0.0000761348   0.0003519324  -0.0000208355
       -0.0000254263  -0.0000309802  -0.0000262948   0.0000029860   0.0000227347
       -0.0000038867  -0.0000166134   0.0000047932   0.0000030151   0.0000027791
       -0.0000177315   0.0000172466   0.0000007861   0.0000026864  -0.0002499815
        0.0001338905   0.0001810602   0.0000871510  -0.0000338662  -0.0000864738
        0.0001832803  -0.0000890175  -0.0000637976
       -0.0648233861  -0.2157677707  -0.0881627168   0.0002941436  -0.0151777626
       -0.0086819482  -0.0005812408   0.0007605198   0.0007966242  -0.0007983578
        0.0000895010  -0.0005470785   0.0004742628  -0.0000613090  -0.0000313512
        0.0001133513  -0.0002184201  -0.0000431087  -0.0001134617   0.0001267202
        0.0000019835   0.0000145076  -0.0000580362   0.0000555217  -0.0000153336
        0.0000194229   0.0000315333  -0.0000022146   0.0000149286   0.0000058435
        0.0025291161  -0.0013745719  -0.0013128814  -0.0004573510  -0.0007843120
       -0.0002685149  -0.0093878369  -0.0209043133  -0.0068899610   0.0000365151
        0.0039592279   0.0009905955   0.0726201360   0.2493859436   0.1040129459
       -0.0001586196   0.0000179531   0.0002096102   0.0000261813  -0.0000931717
       -0.0000838930   0.0000980874   0.0002794688  -0.0000127195  -0.0000406782
       -0.0001282760   0.0000774986   0.0000100106   0.0000287212  -0.0000149835
       -0.0000066908  -0.0000088424  -0.0000011345  -0.0000102372  -0.0000003419
       -0.0000003856   0.0000009572   0.0000056771   0.0000124305   0.0002742335
       -0.0001285884  -0.0001805858  -0.0000047163  -0.0000113903   0.0000187655
       -0.0000913780   0.0000290222   0.0000179101
       -0.0332534838  -0.0882175482  -0.0874946998  -0.0007884052  -0.0130689866
       -0.0065662135  -0.0002538279  -0.0001132113   0.0002837619  -0.0006540009
        0.0004143376   0.0002336175  -0.0000340112  -0.0002365601  -0.0000243532
        0.0002408813   0.0000395960  -0.0002478556  -0.0001543614   0.0000594521
        0.0001114144   0.0000172915  -0.0000130370  -0.0000141009   0.0000308873
        0.0000422939  -0.0000580495   0.0000131406   0.0000148147   0.0000085854
        0.0018753526  -0.0014026783  -0.0012381129  -0.0002971883  -0.0007319406
        0.0000202317   0.0070831796   0.0185891321   0.0085914687  -0.0106498977
       -0.0196981897  -0.0119506433   0.0362168180   0.1040129459   0.0987677349
       -0.0001617516   0.0001916402   0.0001631860  -0.0001403524  -0.0001376231
       -0.0002839511   0.0007407491   0.0001974377  -0.0002277764   0.0000774411
        0.0001023207  -0.0000274138   0.0000264550  -0.0000096791   0.0000106847
       -0.0000063003   0.0000050576   0.0000042282   0.0000000847  -0.0000052004
       -0.0000048305  -0.0000019211   0.0000002085   0.0000064553   0.0002132100
       -0.0000935906  -0.0001368711  -0.0000795859   0.0000337059   0.0000577227
       -0.0000604033   0.0000253024   0.0000157800
       -0.0007665668  -0.0018438317   0.0026897953  -0.0101790803   0.0034070436
        0.0082632970  -0.1676984403   0.0841839564   0.0881241569   0.0006421514
       -0.0000696065   0.0000366227   0.0003148136   0.0001323694  -0.0001610545
       -0.0018972671   0.0001567241  -0.0020571298  -0.0006415915   0.0008168962
       -0.0004995945   0.0000086651  -0.0002766780   0.0001755770  -0.0000294702
       -0.0001333056   0.0002902235  -0.0001653337   0.0000612374   0.0000557028
       -0.0015407742   0.0005041916   0.0005329875   0.0007299843   0.0002096213
        0.0001584242  -0.0005147084   0.0003336237   0.0006588342   0.0003844304
       -0.0000638408   0.0000168863  -0.0000057978  -0.0001586196  -0.0001617516
        0.1950873393  -0.0972338422  -0.1024723623  -0.0218116269   0.0149434296
        0.0103364051   0.0075925106  -0.0044123288  -0.0049254364  -0.0001558861
        0.0000690332  -0.0001710030  -0.0001325555  -0.0001279762  -0.0000781740
        0.0000079389   0.0000031209  -0.0000131525  -0.0000145806  -0.0000098002
        0.0000248507   0.0000585355  -0.0000140233  -0.0000140084   0.0000401561
        0.0002035171  -0.0001275530   0.0004016392  -0.0006747718  -0.0005645778
        0.0002855151  -0.0000061400  -0.0001179655
       -0.0013598062  -0.0011229273   0.0022132317  -0.0121743240   0.0077725100
        0.0081957332   0.0842322107  -0.0990645424  -0.0595231991   0.0002854748
        0.0003323745  -0.0000394215  -0.0001646073   0.0001824987  -0.0005522286
        0.0008132337  -0.0000499418   0.0012703621   0.0004894399   0.0010412752
       -0.0000576985  -0.0002569856  -0.0006747948  -0.0001591422  -0.0000253962
       -0.0001805315   0.0003002221  -0.0000866007  -0.0000230407  -0.0000196136
       -0.0001280908   0.0006801273   0.0003482706  -0.0003065015  -0.0008781631
        0.0003774642  -0.0006810504   0.0003844814   0.0005492142  -0.0001084874
       -0.0000842942  -0.0000367293  -0.0000199501   0.0000179531   0.0001916402
       -0.0972338422   0.1150989719   0.0674646019   0.0077033224  -0.0042268579
       -0.0035029070   0.0194018734  -0.0174474009  -0.0161013626  -0.0000769299
       -0.0001182669  -0.0000581170  -0.0002605365  -0.0000507417  -0.0001029022
        0.0000555110  -0.0000463039  -0.0000157468  -0.0000092662   0.0000159710
        0.0000078635  -0.0000055952  -0.0000041390   0.0000000849  -0.0000363993
        0.0000887734  -0.0000205049  -0.0003453487  -0.0011850163  -0.0011156634
        0.0002986524  -0.0004579744   0.0003865480
        0.0021551702   0.0030231895  -0.0033677127   0.0182536853  -0.0095274167
       -0.0144010626   0.0872764033  -0.0588187526  -0.1045189484   0.0007957377
       -0.0005228855   0.0004603835  -0.0000152678   0.0006636201  -0.0012994845
       -0.0007406233  -0.0003222048  -0.0000811924  -0.0022238568   0.0008094675
        0.0003756705   0.0003616161  -0.0003064994  -0.0001901207   0.0004107812
        0.0000678766  -0.0000712798   0.0000131981   0.0000274236   0.0000183262
        0.0006331591  -0.0003655632  -0.0001800980  -0.0005667702  -0.0005809308
        0.0006147358   0.0012048261  -0.0004749591  -0.0006896983  -0.0001787584
        0.0000937903  -0.0000316902  -0.0001335082   0.0002096102   0.0001631860
       -0.1024723623   0.0674646019   0.1215425643  -0.0140240637   0.0091997590
        0.0092511783   0.0097410482  -0.0103571631  -0.0076891966  -0.0000609329
       -0.0000062188   0.0002908533  -0.0001342549  -0.0001462029   0.0000487742
        0.0000019549   0.0000009154   0.0000032258   0.0000647440  -0.0000100691
       -0.0000501424   0.0000314361  -0.0000114699  -0.0000309420  -0.0001136491
       -0.0000514131  -0.0001779796  -0.0000998873  -0.0004919619   0.0001295339
       -0.0001798253   0.0004334568  -0.0001188835
        0.0008177537  -0.0008418358   0.0012221379   0.0066499513  -0.0008820875
        0.0042908108  -0.1781245716   0.0419380163  -0.1128430737  -0.0003586929
       -0.0010563449   0.0015345563  -0.0001534376  -0.0001675723   0.0005104168
       -0.0015113893   0.0006277678  -0.0007290379   0.0007464987  -0.0005170485
       -0.0004845737  -0.0001327940   0.0002560309   0.0001162792  -0.0001812796
       -0.0000542593   0.0000986386  -0.0000177089  -0.0000056610   0.0000185959
        0.0006849732   0.0004011983   0.0001427072  -0.0001276158   0.0000737770
       -0.0000936944  -0.0000723314  -0.0000494001   0.0000787818  -0.0002658685
       -0.0001092438   0.0004752737  -0.0001488643   0.0000261813  -0.0001403524
       -0.0218116269   0.0077033224  -0.0140240637   0.2054317609  -0.0484427533
        0.1292699709  -0.0115462520   0.0010253053  -0.0099605218   0.0002654117
       -0.0001878945   0.0003416830   0.0000799101   0.0001062177  -0.0000482850
        0.0000168792  -0.0000166770  -0.0000064087  -0.0000088103   0.0000081680
        0.0000060661  -0.0000062266   0.0000023757   0.0000034680   0.0000253614
       -0.0000295470   0.0000621132  -0.0001961868   0.0002796731   0.0000235381
       -0.0000548440  -0.0000877089   0.0001349739
        0.0004246129   0.0003682665  -0.0008980024   0.0124735387  -0.0069601396
        0.0150183541   0.0417520333  -0.0553203344   0.0327215871  -0.0018973881
       -0.0013461080   0.0027843112  -0.0000413690  -0.0002708147   0.0001872204
        0.0005053687   0.0002337710  -0.0001692672  -0.0000921502   0.0003601387
        0.0000373910  -0.0000701513  -0.0001529459  -0.0000029547  -0.0000349975
       -0.0000604192   0.0000390167   0.0000061365   0.0000094664   0.0000002107
        0.0005337207   0.0006467559  -0.0000349773  -0.0000123878  -0.0002363911
        0.0000243488   0.0001537429  -0.0001050440  -0.0001243296  -0.0001206151
        0.0003797174   0.0000725214  -0.0001192252  -0.0000931717  -0.0001376231
        0.0149434296  -0.0042268579   0.0091997590  -0.0484427533   0.0624158313
       -0.0422631592  -0.0205427880   0.0047623577  -0.0171605942   0.0005093839
       -0.0003833087   0.0007859059   0.0000091705   0.0000061889  -0.0000132294
       -0.0000019137   0.0000026216   0.0000034340  -0.0000084965   0.0000047024
        0.0000066534  -0.0000019616   0.0000009898   0.0000023346  -0.0000261036
        0.0000396481  -0.0000385257   0.0001988480  -0.0001908455  -0.0000125411
       -0.0000976848   0.0001159248  -0.0000278443
       -0.0010081068  -0.0000570683   0.0006205083  -0.0163941209   0.0088969731
       -0.0193988545  -0.1121329287   0.0333360274  -0.1356683943   0.0025755270
        0.0025063984  -0.0032524178  -0.0000782639   0.0000099318  -0.0003811914
       -0.0001861054   0.0000166843   0.0006160106   0.0002276336  -0.0002550441
       -0.0002905646  -0.0000520174   0.0002880679   0.0000408532  -0.0000703264
       -0.0000235235   0.0001501302   0.0000077994  -0.0000217265  -0.0000198252
       -0.0000193933  -0.0000871596   0.0009210260   0.0000520404  -0.0001243371
       -0.0000490048  -0.0001593079  -0.0001279543   0.0003231372   0.0010576978
        0.0001561246  -0.0003302640  -0.0000716170  -0.0000838930  -0.0002839511
        0.0103364051  -0.0035029070   0.0092511783   0.1292699709  -0.0422631592
        0.1582756858  -0.0128525709   0.0007782805  -0.0095045622  -0.0006760277
        0.0005905968  -0.0008778487   0.0000286801  -0.0000045418  -0.0000219136
        0.0000059117   0.0000134780  -0.0000075191   0.0000052927  -0.0000078480
        0.0000156940  -0.0000117323   0.0000023328  -0.0000035618   0.0000103532
       -0.0000307876  -0.0000247568   0.0001036463   0.0000069383   0.0000460013
        0.0000315603  -0.0000118839  -0.0001455949
        0.0001822716  -0.0001231994  -0.0001936475  -0.0048985773  -0.0113798084
       -0.0017606541  -0.0775120045  -0.0769905100  -0.0369379800   0.0004791903
        0.0003541122   0.0000280699   0.0003626304   0.0000644253  -0.0004061255
       -0.0003921952  -0.0002694987   0.0000587577  -0.0002581455   0.0007291236
        0.0002117891   0.0000471963  -0.0005184778  -0.0000247574   0.0000369150
       -0.0000087261  -0.0000018415  -0.0000823182   0.0000013065   0.0000506041
       -0.0012600037  -0.0020595133   0.0012607174   0.0002962983   0.0003343089
       -0.0000316816   0.0001026074   0.0002299026  -0.0001078262  -0.0002242147
       -0.0001411137  -0.0001381892  -0.0002282713   0.0000980874   0.0007407491
        0.0075925106   0.0194018734   0.0097410482  -0.0115462520  -0.0205427880
       -0.0128525709   0.0876886600   0.0906346642   0.0405321988  -0.0001312356
        0.0001241745  -0.0000844238  -0.0002851172   0.0001343286   0.0000638647
        0.0000287347  -0.0000469440  -0.0000179353   0.0000100477   0.0000054037
       -0.0000208830   0.0000194409  -0.0000026551  -0.0000065466   0.0000279796
        0.0000847041  -0.0000403308  -0.0000894042  -0.0000671745  -0.0001243999
        0.0000332567  -0.0000460060   0.0000619944
        0.0006561195   0.0007975236  -0.0005795595  -0.0094201979  -0.0197405944
       -0.0021626551  -0.0762727914  -0.2095530876  -0.0799654156  -0.0007692018
        0.0001131030  -0.0004479693   0.0003174479  -0.0006176971   0.0009313237
       -0.0000786837   0.0002422520  -0.0007834922   0.0007653746  -0.0005228609
       -0.0003525818  -0.0001412747   0.0003630199   0.0001833647  -0.0002870613
        0.0000005931   0.0000561459  -0.0000032708   0.0000210963   0.0000386892
       -0.0018915167  -0.0038421241   0.0017381052  -0.0001624413   0.0001404576
        0.0001048361   0.0001817185   0.0000870916  -0.0001615702  -0.0000822288
       -0.0001210664   0.0000053628  -0.0000761348   0.0002794688   0.0001974377
       -0.0044123288  -0.0174474009  -0.0103571631   0.0010253053   0.0047623577
        0.0007782805   0.0906346642   0.2442848527   0.0908209533   0.0000094003
        0.0002640814  -0.0001854241   0.0001353426   0.0001677259  -0.0000253475
       -0.0000119881   0.0000004925  -0.0000082479  -0.0000263144   0.0000012330
        0.0000145133  -0.0000251279   0.0000138219   0.0000191223  -0.0000487535
        0.0001169392   0.0000929735   0.0000651349   0.0001768486   0.0000989084
       -0.0000811917   0.0000118726  -0.0000505901
       -0.0000439677   0.0005264465   0.0003497357   0.0083530429   0.0178481001
        0.0060223858  -0.0362213616  -0.0789812568  -0.0787859827   0.0002179992
        0.0002993676   0.0004410933   0.0000269945  -0.0001172735   0.0001237242
       -0.0001901579   0.0001390519  -0.0003865522  -0.0004840173  -0.0000583511
        0.0003520306   0.0001150117   0.0000567749  -0.0000586634   0.0001285242
        0.0000965979  -0.0002487311   0.0000406682   0.0000259372   0.0000172389
        0.0025487680   0.0032964720  -0.0012780286  -0.0003918797  -0.0003512592
        0.0000935285  -0.0000658232  -0.0000603370  -0.0000303706  -0.0000369270
       -0.0000938760  -0.0001473724   0.0003519324  -0.0000127195  -0.0002277764
       -0.0049254364  -0.0161013626  -0.0076891966  -0.0099605218  -0.0171605942
       -0.0095045622   0.0405321988   0.0908209533   0.0907309053   0.0000521181
       -0.0001646688  -0.0000346234   0.0001057982  -0.0000498193   0.0000943857
       -0.0000233815   0.0000247035   0.0000083350   0.0000087940  -0.0000171400
       -0.0000197448   0.0000017819   0.0000005908   0.0000040933  -0.0000107178
       -0.0000832332   0.0000370373  -0.0000743445   0.0001005736   0.0001639465
       -0.0000550956   0.0000163219  -0.0000268358
        0.0004747457   0.0007537702  -0.0016953165   0.0039870352   0.0061167542
       -0.0098924820  -0.0016032743   0.0006789476  -0.0017268708  -0.0788309240
       -0.0475638971   0.0803733535  -0.0262616317  -0.0145446405   0.0248493044
       -0.0066464713  -0.0004198145   0.0024720827  -0.0002376834  -0.0017925383
        0.0002462449  -0.0000521935   0.0001866977  -0.0001270373  -0.0006465667
        0.0004634181   0.0004853135  -0.0001192664  -0.0000577111   0.0000948245
        0.0003808232   0.0003620975  -0.0006174834  -0.0000980838  -0.0000180399
        0.0000797883  -0.0009229546   0.0002743737  -0.0001024877  -0.0001153336
       -0.0000203990   0.0001126887  -0.0000208355  -0.0000406782   0.0000774411
       -0.0001558861  -0.0000769299  -0.0000609329   0.0002654117   0.0005093839
       -0.0006760277  -0.0001312356   0.0000094003   0.0000521181   0.1109925347
        0.0549776494  -0.0941046821   0.0000849150   0.0001672163  -0.0000251931
        0.0000294596  -0.0000227141  -0.0000165514  -0.0000160299   0.0000078447
        0.0000067174  -0.0000229926   0.0000065624   0.0000143075  -0.0000121757
        0.0000124998   0.0000002539  -0.0001346258   0.0000617909  -0.0000102047
       -0.0001867605  -0.0000310441   0.0001908312
       -0.0011462507   0.0002871595   0.0001525465  -0.0029818328  -0.0049083488
        0.0114599636   0.0015326291   0.0001773694   0.0021472545  -0.0473267214
       -0.0862026269   0.0946343697  -0.0058610153  -0.0077914555  -0.0034177973
        0.0016619495   0.0125957336   0.0033897612  -0.0008019759  -0.0018371011
        0.0015436766   0.0002231495   0.0002742000  -0.0001979997  -0.0004605309
        0.0002092338   0.0002976199  -0.0001654490  -0.0000949174  -0.0001189708
       -0.0002735860   0.0011082881  -0.0012627351   0.0001445798  -0.0002209753
       -0.0000524012   0.0007825208   0.0000527743   0.0001092625  -0.0001431096
        0.0000724694  -0.0001596362  -0.0000254263  -0.0001282760   0.0001023207
        0.0000690332  -0.0001182669  -0.0000062188  -0.0001878945  -0.0003833087
        0.0005905968   0.0001241745   0.0002640814  -0.0001646688   0.0549776494
        0.0865349993  -0.1090721941   0.0000180924   0.0000457231  -0.0000060518
        0.0000112860  -0.0000058331  -0.0000096364   0.0000134785  -0.0000037394
       -0.0000124692  -0.0000470745   0.0000242579   0.0000316909  -0.0000280683
        0.0000474306  -0.0000829512  -0.0000502418  -0.0000596186   0.0000050567
       -0.0000593658   0.0000607473   0.0000996111
        0.0008844007  -0.0006827070   0.0008671771   0.0050171581   0.0128225871
       -0.0198365267  -0.0029723404   0.0009583506  -0.0018738901   0.0836268731
        0.0921189386  -0.1915433993   0.0086045506  -0.0018794123  -0.0064675219
       -0.0006344131   0.0052697249   0.0050793820  -0.0001081053  -0.0009909776
        0.0007321426   0.0000678073   0.0002996565  -0.0000627904  -0.0003507636
       -0.0000197671   0.0003052202  -0.0001371479  -0.0000552580  -0.0000876632
        0.0008143999   0.0005700197  -0.0003298064  -0.0001122903  -0.0001068229
        0.0000110605  -0.0005606315   0.0000887563   0.0003558006   0.0002472260
       -0.0001602741   0.0000820752  -0.0000309802   0.0000774986  -0.0000274138
       -0.0001710030  -0.0000581170   0.0002908533   0.0003416830   0.0007859059
       -0.0008778487  -0.0000844238  -0.0001854241  -0.0000346234  -0.0941046821
       -0.1090721941   0.2132971920  -0.0000463785   0.0000075475  -0.0000094420
        0.0000019094  -0.0000010467  -0.0000011664   0.0000037495  -0.0000061506
        0.0000027304  -0.0000438601   0.0000233346   0.0000313171  -0.0001136584
        0.0000245823   0.0000397295  -0.0000939619   0.0000652708   0.0001603151
       -0.0000451174   0.0001059782  -0.0001029033
        0.0000235544   0.0000377278  -0.0000289487  -0.0000426884  -0.0000555642
        0.0000306395   0.0001756258   0.0001157389  -0.0000499587   0.0000914832
       -0.0000305987  -0.0000788351  -0.0003199751  -0.0000377539   0.0005352140
       -0.0004102296   0.0004313910  -0.0012364915   0.0027344843  -0.0162462647
       -0.0065942932  -0.0015738215  -0.0063042538   0.0053695631  -0.0338634846
        0.0262454985   0.0213515199  -0.0023636973   0.0191858313  -0.0004673549
       -0.0000161383  -0.0000142226  -0.0000068964  -0.0000066555   0.0000499756
       -0.0000019610   0.0000198835   0.0000206608  -0.0000213275  -0.0000003326
       -0.0000047237   0.0000066039  -0.0000262948   0.0000100106   0.0000264550
       -0.0001325555  -0.0002605365  -0.0001342549   0.0000799101   0.0000091705
        0.0000286801  -0.0002851172   0.0001353426   0.0001057982   0.0000849150
        0.0000180924  -0.0000463785   0.0389571707  -0.0260733106  -0.0220628143
       -0.0034599130   0.0019589015   0.0030071090   0.0004449114  -0.0000651609
       -0.0000299380  -0.0002026368   0.0009298815   0.0002996870   0.0000194384
        0.0000312273   0.0000057746  -0.0000343412  -0.0000372616  -0.0000285162
        0.0001065047  -0.0000497991   0.0000209246
        0.0000172999  -0.0000330055   0.0000502112   0.0000803870  -0.0000572110
        0.0000465784   0.0000150250  -0.0000372353   0.0001147182  -0.0001281251
        0.0000837665  -0.0003049386  -0.0001575663  -0.0002527528  -0.0000301694
        0.0032730704  -0.0009458485  -0.0017857415  -0.0057449833  -0.0248073905
        0.0030669729  -0.0026469231   0.0015813954   0.0018633982   0.0277880942
       -0.3877558418  -0.0343359517   0.0031576354  -0.0092717330  -0.0023513355
        0.0000490831  -0.0000274627   0.0001467388   0.0000929620   0.0000021702
       -0.0000214969   0.0000153018   0.0000048584  -0.0000118929   0.0000395619
        0.0000030144   0.0000037504   0.0000029860   0.0000287212  -0.0000096791
       -0.0001279762  -0.0000507417  -0.0001462029   0.0001062177   0.0000061889
       -0.0000045418   0.0001343286   0.0001677259  -0.0000498193   0.0001672163
        0.0000457231   0.0000075475  -0.0260733106   0.4203314854   0.0337800716
        0.0012512994   0.0003124555  -0.0008999627  -0.0005685472   0.0003754667
        0.0006200663  -0.0007181329   0.0003530906   0.0002914883   0.0000004684
        0.0000423196  -0.0000045493  -0.0000199497  -0.0000269925  -0.0000155696
       -0.0000054227  -0.0000721665  -0.0000196904
        0.0000056558   0.0000085908  -0.0000629276  -0.0000276239   0.0000005400
       -0.0000010274  -0.0000272118   0.0000989538  -0.0000621766   0.0001814554
        0.0001272444   0.0000537556   0.0004532028  -0.0000594052  -0.0002759628
       -0.0017369566  -0.0003795639  -0.0012167744  -0.0058477639   0.0114832910
       -0.0007867744   0.0056612433   0.0044699228   0.0026559996   0.0214677622
       -0.0337524839  -0.0219522787  -0.0009671864  -0.0136569304  -0.0037248960
       -0.0000991918   0.0000256278  -0.0000565709   0.0000843631  -0.0000048267
       -0.0000051683   0.0000137010   0.0000045886   0.0000017336  -0.0000303635
        0.0000060598  -0.0000082775   0.0000227347  -0.0000149835   0.0000106847
       -0.0000781740  -0.0001029022   0.0000487742  -0.0000482850  -0.0000132294
       -0.0000219136   0.0000638647  -0.0000253475   0.0000943857  -0.0000251931
       -0.0000060518  -0.0000094420  -0.0220628143   0.0337800716   0.0263323769
        0.0028834168  -0.0013664180  -0.0014314907   0.0004744471  -0.0009906881
       -0.0001575351  -0.0002824468   0.0003931195   0.0005653950   0.0000077418
        0.0000116378  -0.0000080146  -0.0000416808  -0.0000185422  -0.0000290271
       -0.0000446969  -0.0000182751   0.0000471522
        0.0000054403  -0.0000259204   0.0000018946   0.0000146835   0.0000083455
        0.0000214713  -0.0000350067  -0.0000145988   0.0000057145  -0.0000949651
        0.0000388150  -0.0000489444   0.0000198448  -0.0002927235   0.0000592812
        0.0014891601  -0.0006786338  -0.0011277326  -0.0006972241   0.0030625505
        0.0014626498   0.0001401630  -0.0003026683  -0.0009758761  -0.0016884743
        0.0273534560   0.0025651814  -0.0446774819  -0.0251356293  -0.0005730571
        0.0000121571   0.0000195235   0.0000568980   0.0000843934  -0.0000167000
       -0.0000392674  -0.0000011214   0.0000054969   0.0000003419   0.0000026581
        0.0000044385   0.0000018853  -0.0000038867  -0.0000066908  -0.0000063003
        0.0000079389   0.0000555110   0.0000019549   0.0000168792  -0.0000019137
        0.0000059117   0.0000287347  -0.0000119881  -0.0000233815   0.0000294596
        0.0000112860   0.0000019094  -0.0034599130   0.0012512994   0.0028834168
        0.0514994663   0.0186761579  -0.0033086057   0.0012814209   0.0035814271
       -0.0007394688  -0.0038587166  -0.0275892502  -0.0002536700   0.0000019021
        0.0000027884   0.0000020521  -0.0000211509   0.0000166293  -0.0000244221
       -0.0000963616  -0.0000110082   0.0000501630
        0.0000003766   0.0000060554   0.0000007237  -0.0000122384   0.0000038405
       -0.0000226490   0.0000416977   0.0000166417  -0.0000145271   0.0000116196
       -0.0000294149   0.0000113230  -0.0001551344   0.0000859311   0.0001275149
       -0.0001971545  -0.0001561887   0.0001826374  -0.0001302135   0.0001998354
        0.0000521234  -0.0005527895   0.0002939252   0.0004206983   0.0063483478
       -0.0202921353  -0.0051736708  -0.0199153989  -0.2837690433   0.0072740414
        0.0000134295   0.0000011304  -0.0000055017  -0.0000282450  -0.0000104729
       -0.0000017680  -0.0000134366   0.0000035190   0.0000019926  -0.0000107776
        0.0000000448   0.0000052271  -0.0000166134  -0.0000088424   0.0000050576
        0.0000031209  -0.0000463039   0.0000009154  -0.0000166770   0.0000026216
        0.0000134780  -0.0000469440   0.0000004925   0.0000247035  -0.0000227141
       -0.0000058331  -0.0000010467   0.0019589015   0.0003124555  -0.0013664180
        0.0186761579   0.3291350278  -0.0050438018  -0.0017621910  -0.0135677346
        0.0036266525  -0.0041927604  -0.0121971655  -0.0001122464  -0.0000258164
       -0.0000037690  -0.0000018264   0.0000236347  -0.0000078337   0.0000229615
        0.0000218186   0.0000332163  -0.0000265945
        0.0000073837   0.0000065408  -0.0000220376  -0.0000287052  -0.0000050858
       -0.0000175145   0.0000099777   0.0000181971   0.0000019860   0.0001524024
       -0.0000277712   0.0000671169  -0.0000420019   0.0002425104  -0.0000664682
       -0.0011804547   0.0004910820   0.0007763524   0.0014736862  -0.0022650815
        0.0002568114  -0.0010246938   0.0002817455  -0.0005462274   0.0018454693
       -0.0200766857  -0.0012617063  -0.0003965794   0.0110177261  -0.0437706882
       -0.0000413933  -0.0000042432  -0.0000587011  -0.0000094767  -0.0000073264
        0.0000099379   0.0000016385  -0.0000048084   0.0000061990  -0.0000119905
        0.0000032442  -0.0000056093   0.0000047932  -0.0000011345   0.0000042282
       -0.0000131525  -0.0000157468   0.0000032258  -0.0000064087   0.0000034340
       -0.0000075191  -0.0000179353  -0.0000082479   0.0000083350  -0.0000165514
       -0.0000096364  -0.0000011664   0.0030071090  -0.0008999627  -0.0014314907
       -0.0033086057  -0.0050438018   0.0481743624   0.0023118386   0.0301251179
       -0.0029392076  -0.0027606783  -0.0138376447   0.0007979141  -0.0000057259
       -0.0000029339  -0.0000006764  -0.0000311695   0.0000185832  -0.0000155935
        0.0000812244   0.0000019297   0.0000381373
       -0.0000024279   0.0000058174  -0.0000135696   0.0000051663  -0.0000198136
       -0.0000058684  -0.0000402117   0.0000305213  -0.0000366459  -0.0001318299
       -0.0000291472   0.0000434843  -0.0002644535  -0.0000554301  -0.0001103905
       -0.0015984804   0.0000335448   0.0001908574   0.0009436477   0.0032013157
        0.0035816755   0.0002795310  -0.0003060637  -0.0005678743  -0.0070075985
       -0.0065027232   0.0284123975  -0.0422941882   0.0069631079  -0.0246666630
        0.0000161517   0.0000298732  -0.0000035369  -0.0000006496  -0.0000179876
       -0.0000150435   0.0000065173   0.0000000860  -0.0000014001   0.0000012883
       -0.0000023277  -0.0000010215   0.0000030151  -0.0000102372   0.0000000847
       -0.0000145806  -0.0000092662   0.0000647440  -0.0000088103  -0.0000084965
        0.0000052927   0.0000100477  -0.0000263144   0.0000087940  -0.0000160299
        0.0000134785   0.0000037495   0.0004449114  -0.0005685472   0.0004744471
        0.0012814209  -0.0017621910   0.0023118386   0.0531527858  -0.0094177632
        0.0167779824  -0.0047599255   0.0084358632  -0.0264666284   0.0000090214
        0.0000102795  -0.0000048775  -0.0000313175  -0.0000043089   0.0000053754
        0.0000169988   0.0000167301   0.0000127966
        0.0000058194  -0.0000046782  -0.0000070637  -0.0000021129   0.0000090951
       -0.0000015669   0.0000025710  -0.0000025774   0.0000217429   0.0001181219
        0.0000051357   0.0000123793   0.0000620456   0.0000902982   0.0000165381
        0.0009637429  -0.0003328921  -0.0000815603  -0.0007563568  -0.0015121244
       -0.0007316590  -0.0003913690   0.0007247857   0.0000394106   0.0029665056
        0.0053257415  -0.0121984221   0.0051933876  -0.0695046582   0.0767894847
       -0.0000390711  -0.0000126149  -0.0000146532   0.0000272502   0.0000004176
        0.0000056474   0.0000008433   0.0000012960   0.0000007333  -0.0000016760
        0.0000037108  -0.0000019449   0.0000027791  -0.0000003419  -0.0000052004
       -0.0000098002   0.0000159710  -0.0000100691   0.0000081680   0.0000047024
       -0.0000078480   0.0000054037   0.0000012330  -0.0000171400   0.0000078447
       -0.0000037394  -0.0000061506  -0.0000651609   0.0003754667  -0.0009906881
        0.0035814271  -0.0135677346   0.0301251179  -0.0094177632   0.0748621860
       -0.0846365554  -0.0022516638   0.0035318075  -0.0083099670   0.0000029492
        0.0000000254   0.0000018569  -0.0000261941   0.0000089940  -0.0000127967
        0.0000123085  -0.0000195056   0.0000203742
        0.0000139747  -0.0000134205   0.0000237748   0.0000249603   0.0000248921
        0.0000094290   0.0000463604  -0.0000128798   0.0000437104  -0.0000079978
        0.0000052590  -0.0000565832   0.0000414952   0.0000144538   0.0001768782
        0.0019892466  -0.0006053298  -0.0004939316  -0.0032776069  -0.0037426015
       -0.0023311598  -0.0002454282   0.0008693150   0.0006376408   0.0161127154
        0.0024844218  -0.0223131928  -0.0241702143   0.0754954617  -0.2476726006
        0.0000074590  -0.0000324373   0.0000420853   0.0000060356   0.0000016015
        0.0000063802  -0.0000204275   0.0000026174   0.0000033357  -0.0000019397
        0.0000033143   0.0000090836  -0.0000177315  -0.0000003856  -0.0000048305
        0.0000248507   0.0000078635  -0.0000501424   0.0000060661   0.0000066534
        0.0000156940  -0.0000208830   0.0000145133  -0.0000197448   0.0000067174
       -0.0000124692   0.0000027304  -0.0000299380   0.0006200663  -0.0001575351
       -0.0007394688   0.0036266525  -0.0029392076   0.0167779824  -0.0846365554
        0.2916205708  -0.0064941069   0.0059001629  -0.0165207081  -0.0000159236
        0.0000011448  -0.0000017823   0.0000246315  -0.0000053613   0.0000107302
       -0.0000408290  -0.0000169529  -0.0000406248
       -0.0000259227   0.0000240245  -0.0000095876  -0.0000365849  -0.0000174932
        0.0000215411  -0.0000985686   0.0000066344  -0.0000194074   0.0000929910
       -0.0000305099   0.0000874560   0.0001055668   0.0002796920   0.0002997085
       -0.0012268211   0.0000541529   0.0017309669  -0.0020650632   0.0048203311
       -0.0037049679   0.0008219336  -0.0009097526  -0.0002097006  -0.0341102963
       -0.0035704759   0.0062313601  -0.2141954126  -0.0613756985  -0.0868597035
        0.0000471687   0.0000586980  -0.0000575047  -0.0000843286  -0.0000422736
        0.0000257649   0.0000206939  -0.0000068909  -0.0000087442   0.0000042874
       -0.0000046074  -0.0000059893   0.0000172466   0.0000009572  -0.0000019211
        0.0000585355  -0.0000055952   0.0000314361  -0.0000062266  -0.0000019616
       -0.0000117323   0.0000194409  -0.0000251279   0.0000017819  -0.0000229926
       -0.0000470745  -0.0000438601  -0.0002026368  -0.0007181329  -0.0002824468
       -0.0038587166  -0.0041927604  -0.0027606783  -0.0047599255  -0.0022516638
       -0.0064941069   0.2594434962   0.0678980496   0.0920367526   0.0000080173
       -0.0000039986   0.0000015001   0.0000249867   0.0000079552   0.0000165290
        0.0000291315   0.0000535223  -0.0000144465
        0.0000105384  -0.0000070209   0.0000131052   0.0000332533   0.0000105377
       -0.0000120585   0.0000420429  -0.0000156286   0.0000083230  -0.0000477378
        0.0000091265  -0.0000458756  -0.0000014976  -0.0000977017  -0.0002204508
        0.0005332116  -0.0001325854  -0.0007489738   0.0003150731  -0.0015433963
        0.0009449493  -0.0000817366   0.0007392387   0.0003891104   0.0127423728
        0.0047575885   0.0009255959  -0.0632181718  -0.0632523335  -0.0273423514
       -0.0000142854  -0.0000262828   0.0000252107  -0.0000002869   0.0000194688
        0.0000021593  -0.0000059754  -0.0000011192   0.0000039949   0.0000048900
       -0.0000013222   0.0000009210   0.0000007861   0.0000056771   0.0000002085
       -0.0000140233  -0.0000041390  -0.0000114699   0.0000023757   0.0000009898
        0.0000023328  -0.0000026551   0.0000138219   0.0000005908   0.0000065624
        0.0000242579   0.0000233346   0.0009298815   0.0003530906   0.0003931195
       -0.0275892502  -0.0121971655  -0.0138376447   0.0084358632   0.0035318075
        0.0059001629   0.0678980496   0.0678346125   0.0336108816   0.0000027388
        0.0000047765  -0.0000016661   0.0000155890  -0.0000137166   0.0000146117
        0.0000023916  -0.0000125825  -0.0000381214
        0.0000095560  -0.0000041457   0.0000044448  -0.0000019473  -0.0000007695
       -0.0000172730   0.0000495256  -0.0000215417   0.0000053806   0.0000431302
        0.0000292308  -0.0000419796   0.0001343226  -0.0001238774  -0.0003474799
        0.0001742620   0.0004699294  -0.0008145277   0.0026296775  -0.0020706428
        0.0006356746  -0.0003997407   0.0001167348   0.0000915768   0.0193518060
        0.0047116662   0.0054374337  -0.0876036688  -0.0286231683  -0.0827176796
       -0.0000319411  -0.0000291629   0.0000094458   0.0000210020   0.0000239469
        0.0000027837  -0.0000041923  -0.0000036783   0.0000082934  -0.0000025280
        0.0000007435  -0.0000031957   0.0000026864   0.0000124305   0.0000064553
       -0.0000140084   0.0000000849  -0.0000309420   0.0000034680   0.0000023346
       -0.0000035618  -0.0000065466   0.0000191223   0.0000040933   0.0000143075
        0.0000316909   0.0000313171   0.0002996870   0.0002914883   0.0005653950
       -0.0002536700  -0.0001122464   0.0007979141  -0.0264666284  -0.0083099670
       -0.0165207081   0.0920367526   0.0336108816   0.0929096229  -0.0000020893
       -0.0000031949   0.0000031698   0.0000160616  -0.0000028312  -0.0000028306
        0.0000007158  -0.0000150586  -0.0000128230
        0.0001987587   0.0015684114   0.0008861188  -0.0032680782   0.0007940321
        0.0009522484  -0.0000924467  -0.0002434263   0.0000236733   0.0000866782
       -0.0001793472  -0.0000565626  -0.0002255188   0.0001017013   0.0001739146
       -0.0001113680   0.0003762108  -0.0000529115   0.0002458129  -0.0004949031
        0.0000224007  -0.0001194272   0.0002917559  -0.0000181605   0.0000331233
        0.0001380878  -0.0000760136  -0.0000273179  -0.0000122625   0.0000258365
        0.0019371730   0.0176258738   0.0060577535  -0.0544823205  -0.0634013445
       -0.0140561630   0.0000841565  -0.0000016490  -0.0000982067   0.0001054017
       -0.0000469205   0.0000248424  -0.0002499815   0.0002742335   0.0002132100
        0.0000401561  -0.0000363993  -0.0001136491   0.0000253614  -0.0000261036
        0.0000103532   0.0000279796  -0.0000487535  -0.0000107178  -0.0000121757
       -0.0000280683  -0.0001136584   0.0000194384   0.0000004684   0.0000077418
        0.0000019021  -0.0000258164  -0.0000057259   0.0000090214   0.0000029492
       -0.0000159236   0.0000080173   0.0000027388  -0.0000020893   0.0645706569
        0.0738856571   0.0136357889  -0.0006035963  -0.0049236573  -0.0008873839
       -0.0082014066  -0.0255934686  -0.0065267162
       -0.0000689972  -0.0007712670  -0.0004516254   0.0019058798   0.0001771859
       -0.0000609786   0.0001091228   0.0002398462  -0.0000763056  -0.0000565693
        0.0001446064   0.0002379155   0.0001833023  -0.0001649869   0.0002424000
       -0.0000083013   0.0001205338  -0.0001712922   0.0001827772   0.0000497310
       -0.0000063711  -0.0000349878  -0.0000834237   0.0000042447  -0.0000662043
        0.0000012483  -0.0000136357   0.0000063265  -0.0000082640   0.0000018177
        0.0017994032  -0.0137848651  -0.0065737045  -0.0680844656  -0.2674168399
       -0.0419375558   0.0000182098   0.0000190344  -0.0000881696   0.0000155854
       -0.0000460368   0.0000299001   0.0001338905  -0.0001285884  -0.0000935906
        0.0002035171   0.0000887734  -0.0000514131  -0.0000295470   0.0000396481
       -0.0000307876   0.0000847041   0.0001169392  -0.0000832332   0.0000124998
        0.0000474306   0.0000245823   0.0000312273   0.0000423196   0.0000116378
        0.0000027884  -0.0000037690  -0.0000029339   0.0000102795   0.0000000254
        0.0000011448  -0.0000039986   0.0000047765  -0.0000031949   0.0738856571
        0.3027711924   0.0502615754  -0.0067945749  -0.0187269045   0.0000564800
       -0.0034375248  -0.0027283457  -0.0012269062
       -0.0001288717  -0.0010819458  -0.0005799081   0.0021259417  -0.0005471693
       -0.0010664629   0.0001470998   0.0004104141   0.0002053699   0.0004440911
       -0.0001712988   0.0002018001  -0.0000443151   0.0000606984   0.0001552462
        0.0001042301   0.0001382236  -0.0000744504  -0.0000290063  -0.0001186354
       -0.0000047221   0.0000000486   0.0000553984  -0.0000692694   0.0000383649
        0.0000431757   0.0000059580  -0.0000255390   0.0000115800   0.0000127091
       -0.0008939484  -0.0130862524  -0.0047230486  -0.0149775876  -0.0442330984
       -0.0480057770  -0.0000596164  -0.0000127231   0.0000376227  -0.0000335193
        0.0000100887  -0.0000064679   0.0001810602  -0.0001805858  -0.0001368711
       -0.0001275530  -0.0000205049  -0.0001779796   0.0000621132  -0.0000385257
       -0.0000247568  -0.0000403308   0.0000929735   0.0000370373   0.0000002539
       -0.0000829512   0.0000397295   0.0000057746  -0.0000045493  -0.0000080146
        0.0000020521  -0.0000018264  -0.0000006764  -0.0000048775   0.0000018569
       -0.0000017823   0.0000015001  -0.0000016661   0.0000031698   0.0136357889
        0.0502615754   0.0544262761   0.0070564899   0.0263631859   0.0038132893
       -0.0074396441  -0.0178674381  -0.0040580208
        0.0000238611  -0.0000273826  -0.0000017852   0.0003892990   0.0000535878
       -0.0004353266   0.0004471520   0.0000118084  -0.0001413623  -0.0003045132
       -0.0000202109  -0.0001324058   0.0001182596  -0.0000349188  -0.0001049638
        0.0000669665   0.0000918527   0.0000274079   0.0001667137   0.0001296460
       -0.0003885100  -0.0002701786  -0.0000160415   0.0002311613  -0.0000317740
       -0.0001615136   0.0002008832  -0.0000484349  -0.0000049204  -0.0000024027
       -0.0121918106  -0.0035345911   0.0207785143  -0.0417580257  -0.0210642343
        0.0284507615   0.0000227187  -0.0000266565  -0.0001542448   0.0000578985
       -0.0001274439   0.0000474425   0.0000871510  -0.0000047163  -0.0000795859
        0.0004016392  -0.0003453487  -0.0000998873  -0.0001961868   0.0001988480
        0.0001036463  -0.0000894042   0.0000651349  -0.0000743445  -0.0001346258
       -0.0000502418  -0.0000939619  -0.0000343412  -0.0000199497  -0.0000416808
       -0.0000211509   0.0000236347  -0.0000311695  -0.0000313175  -0.0000261941
        0.0000246315   0.0000249867   0.0000155890   0.0000160616  -0.0006035963
       -0.0067945749   0.0070564899   0.0503484188   0.0194984712  -0.0334785813
        0.0035602951   0.0121703664  -0.0216767877
        0.0000083243  -0.0001570114   0.0000282412  -0.0001341018   0.0000994827
       -0.0004960110   0.0003375356  -0.0005494512  -0.0003082039   0.0001350013
       -0.0000876473  -0.0001539929  -0.0000282139   0.0000460226   0.0000220981
        0.0001813093  -0.0001099747   0.0000645497  -0.0002751797   0.0002391026
        0.0001315079   0.0000766304  -0.0001406460  -0.0001297354   0.0000767597
       -0.0000055433  -0.0000084510  -0.0000302001   0.0000271091   0.0000028119
        0.0039756504   0.0043329538  -0.0095937710  -0.0183161325  -0.0987196031
        0.1039550893  -0.0000804957   0.0000230464   0.0001864867  -0.0000300089
        0.0000851639  -0.0000405270  -0.0000338662  -0.0000113903   0.0000337059
       -0.0006747718  -0.0011850163  -0.0004919619   0.0002796731  -0.0001908455
        0.0000069383  -0.0000671745   0.0001768486   0.0001005736   0.0000617909
       -0.0000596186   0.0000652708  -0.0000372616  -0.0000269925  -0.0000185422
        0.0000166293  -0.0000078337   0.0000185832  -0.0000043089   0.0000089940
       -0.0000053613   0.0000079552  -0.0000137166  -0.0000028312  -0.0049236573
       -0.0187269045   0.0263631859   0.0194984712   0.1147418336  -0.1200673118
       -0.0000203578   0.0002116376   0.0003376579
       -0.0000361288   0.0000547784   0.0001551754  -0.0001325855   0.0004718712
       -0.0002144213   0.0001066466   0.0000286013   0.0000841953   0.0004144815
       -0.0001412881  -0.0002252054  -0.0000604483   0.0001554350  -0.0003444300
        0.0001755348  -0.0001499286   0.0001962724  -0.0004075542   0.0000530262
       -0.0002811066  -0.0000636838   0.0000430035   0.0001324550   0.0000805068
       -0.0000778266   0.0001654378  -0.0000380030   0.0000007327   0.0000130490
        0.0125280393  -0.0005935655  -0.0137992134   0.0234651819   0.1094761394
       -0.2233013715  -0.0000515474   0.0000117398   0.0000764291  -0.0000385821
        0.0001030493   0.0000127060  -0.0000864738   0.0000187655   0.0000577227
       -0.0005645778  -0.0011156634   0.0001295339   0.0000235381  -0.0000125411
        0.0000460013  -0.0001243999   0.0000989084   0.0001639465  -0.0000102047
        0.0000050567   0.0001603151  -0.0000285162  -0.0000155696  -0.0000290271
       -0.0000244221   0.0000229615  -0.0000155935   0.0000053754  -0.0000127967
        0.0000107302   0.0000165290   0.0000146117  -0.0000028306  -0.0008873839
        0.0000564800   0.0038132893  -0.0334785813  -0.1200673118   0.2514758412
       -0.0007827407   0.0115713309  -0.0184799009
        0.0000489247  -0.0004682982  -0.0002219048   0.0010020403  -0.0002181967
       -0.0000742167  -0.0000925143  -0.0001227093   0.0000522196   0.0006247601
        0.0005025733   0.0004100605   0.0005408232  -0.0000180979   0.0003528915
       -0.0005834406   0.0004792715   0.0001759990  -0.0005234283  -0.0040502443
       -0.0001714043  -0.0004958021   0.0015425711   0.0002297592   0.0003726170
        0.0009866685  -0.0004198342  -0.0000531188   0.0000681786   0.0000208897
       -0.0250873726   0.0050430482  -0.0014178767  -0.2038283602  -0.0054068478
       -0.1220273082   0.0000203848  -0.0000570444  -0.0001442038   0.0000713317
       -0.0001525946   0.0000145657   0.0001832803  -0.0000913780  -0.0000604033
        0.0002855151   0.0002986524  -0.0001798253  -0.0000548440  -0.0000976848
        0.0000315603   0.0000332567  -0.0000811917  -0.0000550956  -0.0001867605
       -0.0000593658  -0.0000451174   0.0001065047  -0.0000054227  -0.0000446969
       -0.0000963616   0.0000218186   0.0000812244   0.0000169988   0.0000123085
       -0.0000408290   0.0000291315   0.0000023916   0.0000007158  -0.0082014066
       -0.0034375248  -0.0074396441   0.0035602951  -0.0000203578  -0.0007827407
        0.2323075456   0.0053294764   0.1317552152
       -0.0000367097   0.0001121501  -0.0000214647   0.0001776071  -0.0000071108
        0.0002311446   0.0000795965  -0.0001446812  -0.0001364129   0.0011202305
       -0.0005608508  -0.0009384539  -0.0002394152   0.0004105172  -0.0003642001
        0.0000526292  -0.0010861668   0.0001904199  -0.0020201293  -0.0004343430
        0.0001573387   0.0002488424  -0.0003301728   0.0001216405   0.0002946486
       -0.0000452538  -0.0000836077  -0.0000358702   0.0000832711   0.0000091952
        0.0125798641  -0.0021919723   0.0008050467  -0.0037036311  -0.0398073823
        0.0028140700  -0.0000614234   0.0000333077   0.0001516882  -0.0001121425
        0.0001166262  -0.0000215167  -0.0000890175   0.0000290222   0.0000253024
       -0.0000061400  -0.0004579744   0.0004334568  -0.0000877089   0.0001159248
       -0.0000118839  -0.0000460060   0.0000118726   0.0000163219  -0.0000310441
        0.0000607473   0.0001059782  -0.0000497991  -0.0000721665  -0.0000182751
       -0.0000110082   0.0000332163   0.0000019297   0.0000167301  -0.0000195056
       -0.0000169529   0.0000535223  -0.0000125825  -0.0000150586  -0.0255934686
       -0.0027283457  -0.0178674381   0.0121703664   0.0002116376   0.0115713309
        0.0053294764   0.0466802154   0.0028604011
       -0.0000306197   0.0001428727  -0.0000487815  -0.0008285690  -0.0001887287
       -0.0000496551  -0.0001660218  -0.0000414135   0.0000486692   0.0018394351
       -0.0015562153  -0.0003843604  -0.0009287085   0.0006524038   0.0010213289
        0.0002065806  -0.0004992128  -0.0006329622  -0.0005243334   0.0003665856
        0.0009555328  -0.0004853273  -0.0003346529  -0.0010317900   0.0001757685
        0.0001761618  -0.0003228461   0.0000571136   0.0000664772  -0.0000091632
        0.0116316335  -0.0009008009   0.0053208859  -0.1146936605  -0.0003851367
       -0.1212158320   0.0000121218   0.0000267244   0.0001294778  -0.0000925984
        0.0001421800  -0.0000423748  -0.0000637976   0.0000179101   0.0000157800
       -0.0001179655   0.0003865480  -0.0001188835   0.0001349739  -0.0000278443
       -0.0001455949   0.0000619944  -0.0000505901  -0.0000268358   0.0001908312
        0.0000996111  -0.0001029033   0.0000209246  -0.0000196904   0.0000471522
        0.0000501630  -0.0000265945   0.0000381373   0.0000127966   0.0000203742
       -0.0000406248  -0.0000144465  -0.0000381214  -0.0000128230  -0.0065267162
       -0.0012269062  -0.0040580208  -0.0216767877   0.0003376579  -0.0184799009
        0.1317552152   0.0028604011   0.1391463884
