           1           2   1.02094046060884     
           2           3   1.00279197785148     
           3           4  0.992782310023561     
           4           5   1.02836129120432     
           5           6   1.97796760511678     
           1           7  0.987050430848432     
           1           8  0.988056500588193     
           1           9  0.987769230046909     
           2          10  0.976613504596142     
           2          11  0.982028597303334     
           3          12  0.981689414462927     
           3          13  0.976329665945188     
           4          14  0.975081101612306     
           4          15  0.960180535280438     
           5          16  0.964705869950120     
           6          17  0.977287581600987     
           6          18  0.975354054555067     
