*************************************************
******************* ORCA 6.0.0 ******************
*************************************************
$Calculation_Status
   &GeometryIndex 1
   &ListStatus       OUT
   &VERSION [&Type "String"] "6.0.0"
   &PROGNAME [&Type "String"] "LeanSCF"
   &STATUS [&Type "String"] "NORMAL TERMINATION"
$End
$Geometry
   &GeometryIndex 1
   &ListStatus       OUT
   &NATOMS [&Type "Integer"] 26
   &NCORELESSECP [&Type "Integer"] 0
   &NGHOSTATOMS [&Type "Integer"] 0
   &CartesianCoordinates [&Type "Coordinates", &Dim(26,4), &Units "Bohr"] 
              C     -5.551813602551   -2.500278009233   -2.250235924985
              C     -6.402679579842   -0.374702049313   -0.505190869348
              C     -4.685724812612   -0.108914499899    1.818227024726
              C     -2.052123997911    0.657075936088    1.084815367132
              C     -1.510230610210    3.141018123664    0.469481000321
              C      0.902640518352    3.831366442847   -0.276868168738
              C      2.814011024934    2.054456879941   -0.424603715874
              C      2.290000275320   -0.475793639165    0.198051410862
              C     -0.131114062949   -1.133643454576    0.942494155412
              O      4.285668038852   -2.112292300326    0.004947940423
              C      3.876136619885   -4.681167653947    0.603745304765
              O      5.218098141964    2.645121136824   -1.150518784730
              H     -6.806699480069   -2.644470834063   -3.870719634128
              H     -3.645047232659   -2.147563255891   -2.932194160978
              H     -5.567435196169   -4.298847478916   -1.255312033438
              H     -8.330282166463   -0.742450646282    0.131813781293
              H     -6.405062965748    1.405389296884   -1.547538439025
              H     -4.638340863140   -1.904916450651    2.829877151948
              H     -5.487654805900    1.319138664045    3.072915990513
              H     -2.972312773169    4.559072960928    0.574146668705
              H      1.304668735296    5.776343746587   -0.748529293377
              H     -0.557292221348   -3.066491510685    1.426223389561
              H      5.693228387856   -5.596972003981    0.313619852664
              H      2.464971706152   -5.525615097433   -0.647861327213
              H      3.291176293845   -4.905976864801    2.572931570076
              H      5.335199537164    4.436260351313   -1.515563533767
$End
$SCF_Energy
   &GeometryIndex 1
   &ListStatus       OUT
   &SCF_ENERGY [&Type "Double"]      -5.3981286856759164e+02
$End
$DFT_Energy
   &GeometryIndex 1
   &ListStatus       OUT
   &NALPHAEL [&Type "Integer"] 45
   &NBETAEL [&Type "Integer"] 45
   &NTOTALEL [&Type "Integer"] 90
   &EEXCHANGE [&Type "Double"]      -7.3666236078312281e+01
   &ECORR [&Type "Double"]      -2.9032041901442831e+00
   &ECNL [&Type "Double"]       0.0000000000000000e+00
   &EXC [&Type "Double"]      -7.6569440268456560e+01
   &EEMBED [&Type "Double"]       0.0000000000000000e+00
   &FINALEN [&Type "Double"]      -5.3981286856759164e+02  "No Van der Waals correction"
$End
$Solvation_Details
   &GeometryIndex 1
   &ListStatus       OUT
   &SOLVENT [&Type "String"] "WATER"
   &EPSILON [&Type "Double"]       7.8355000000000004e+01
   &REFRAC [&Type "Double"]       1.3328000000000000e+00
   &RSOLV [&Type "Double"]       1.3000000000000000e+00
   &SURFACETYPE [&Type "String"] "GAUSSIAN VDW"
   &NPOINTS [&Type "Integer"] 1941
   &SURFACEAREA [&Type "Double"]       7.4544509878099996e+02
   &CPCMDIELENERGY [&Type "Double"]      -2.5237058999999999e-02
$End
$Mulliken_Population_Analysis
   &GeometryIndex 1
   &ListStatus       OUT
   &NATOMS [&Type "Integer"] 26
   &ATNO [&Type "ArrayOfIntegers", &Dim (26,1)] 
                                                         0

0                                                        6
1                                                        6
2                                                        6
3                                                        6
4                                                        6
5                                                        6
6                                                        6
7                                                        6
8                                                        6
9                                                        8
10                                                       6
11                                                       8
12                                                       1
13                                                       1
14                                                       1
15                                                       1
16                                                       1
17                                                       1
18                                                       1
19                                                       1
20                                                       1
21                                                       1
22                                                       1
23                                                       1
24                                                       1
25                                                       1
   &ATOMICCHARGES [&Type "ArrayOfDoubles", &Dim (26,1)] 
                                                         0

0                                     -5.3676332548833017e-01
1                                     -2.4355765454345768e-01
2                                     -3.1971964765016114e-01
3                                      1.0760652400488624e-01
4                                     -2.5351809142394544e-01
5                                     -3.3232021469709316e-01
6                                      2.4203464397563845e-01
7                                      1.4068363455684629e-01
8                                     -3.2973467195276474e-01
9                                     -2.3539077653911455e-01
10                                    -3.3004408871007218e-01
11                                    -4.6585843986308895e-01
12                                     1.5668920877315951e-01
13                                     1.6431796297478185e-01
14                                     1.5741746396241907e-01
15                                     1.5305164404785310e-01
16                                     1.6003576927670049e-01
17                                     1.6927191647246365e-01
18                                     1.6506602988792896e-01
19                                     1.7891938241382466e-01
20                                     1.8268551593049143e-01
21                                     1.8582511078380914e-01
22                                     1.7312731910172574e-01
23                                     1.7088755395020971e-01
24                                     1.7063877754931100e-01
25                                     3.6864845320574968e-01
$End
$Loewdin_Population_Analysis
   &GeometryIndex 1
   &ListStatus       OUT
   &NATOMS [&Type "Integer"] 26
   &ATNO [&Type "ArrayOfIntegers", &Dim (26,1)] 
                                                         0

0                                                        6
1                                                        6
2                                                        6
3                                                        6
4                                                        6
5                                                        6
6                                                        6
7                                                        6
8                                                        6
9                                                        8
10                                                       6
11                                                       8
12                                                       1
13                                                       1
14                                                       1
15                                                       1
16                                                       1
17                                                       1
18                                                       1
19                                                       1
20                                                       1
21                                                       1
22                                                       1
23                                                       1
24                                                       1
25                                                       1
   &ATOMICCHARGES [&Type "ArrayOfDoubles", &Dim (26,1)] 
                                                         0

0                                      1.5872209055920273e-07
1                                      1.0016015173200761e-06
2                                      8.7224320596360176e-06
3                                      2.6528401685172758e-05
4                                      1.6959526388782973e-05
5                                      6.4974542383395201e-05
6                                      1.8388517999653000e-04
7                                      3.3568453921925854e-04
8                                      5.1024464554661657e-05
9                                      7.1700394289147207e-01
10                                     1.9236825173539858e-04
11                                     2.8202938580876746e-01
12                                     9.4803132823638610e-09
13                                     1.3332050618534970e-08
14                                     1.0121258661848752e-09
15                                     7.6819045105049422e-09
16                                     4.1503172336355711e-08
17                                     2.7581966606649921e-08
18                                     2.5207163878674185e-08
19                                     5.6421088206155254e-08
20                                     1.5069849277576680e-07
21                                     5.1590531974723672e-07
22                                     2.2670849004539632e-06
23                                     2.1510623503264923e-06
24                                     2.1561927283537702e-06
25                                     7.7940474555680657e-05
$End
$Mayer_Population_Analysis
   &GeometryIndex 1
   &ListStatus       OUT
   &NATOMS [&Type "Integer"] 26 "Total number of atoms"
   &BONDTHRESH [&Type "Double"]       1.0000000000000001e-01  "The threshold for printing"
   &NBONDORDERSPRINT [&Type "Integer"] 27 "The number of bond orders larger than threshold"
   &BONDORDERS [&Type "ArrayOfDoubles", &Dim (27,1)] "The bond orders"
                                                         0

0                                      8.7150888308664798e-01
1                                      9.6613070926067557e-01
2                                      9.7910892863348697e-01
3                                      9.7413736337103785e-01
4                                      8.9714633224581497e-01
5                                      9.6033787577970398e-01
6                                      9.9784053193948907e-01
7                                      7.8371722077700456e-01
8                                      1.0080604009777152e+00
9                                      9.7400196126201410e-01
10                                     1.3838217675167730e+00
11                                     1.3639592134893201e+00
12                                     1.3467740701678061e+00
13                                     9.4914113198640704e-01
14                                     1.2774691234458073e+00
15                                     9.6912450688550345e-01
16                                     1.4538029059627819e+00
17                                     9.0717012555007182e-01
18                                     1.3414364435997790e+00
19                                     1.0290384283779594e+00
20                                     1.3362854633355190e-01
21                                     9.1066667305179183e-01
22                                     8.4949211735963470e-01
23                                     9.6056275838307081e-01
24                                     9.5508418284663865e-01
25                                     9.5435508988078788e-01
26                                     8.5345786262058199e-01
   &COMPONENTS [&Type "ArrayOfIntegers", &Dim (27,4)] "The indices and atomic numbers of the bonding atoms"
                                                         0                           1                           2                           3

0                                                        0                           6                           1                           6
1                                                        0                           6                          12                           1
2                                                        0                           6                          13                           1
3                                                        0                           6                          14                           1
4                                                        1                           6                           2                           6
5                                                        1                           6                          15                           1
6                                                        1                           6                          16                           1
7                                                        2                           6                           3                           6
8                                                        2                           6                          17                           1
9                                                        2                           6                          18                           1
10                                                       3                           6                           4                           6
11                                                       3                           6                           8                           6
12                                                       4                           6                           5                           6
13                                                       4                           6                          19                           1
14                                                       5                           6                           6                           6
15                                                       5                           6                          20                           1
16                                                       6                           6                           7                           6
17                                                       6                           6                          11                           8
18                                                       7                           6                           8                           6
19                                                       7                           6                           9                           8
20                                                       7                           6                          11                           8
21                                                       8                           6                          21                           1
22                                                       9                           8                          10                           6
23                                                      10                           6                          22                           1
24                                                      10                           6                          23                           1
25                                                      10                           6                          24                           1
26                                                      11                           8                          25                           1
   &ATNO [&Type "ArrayOfIntegers", &Dim (26,1)] "Atomic number of the elements"
                                                         0

0                                                        6
1                                                        6
2                                                        6
3                                                        6
4                                                        6
5                                                        6
6                                                        6
7                                                        6
8                                                        6
9                                                        8
10                                                       6
11                                                       8
12                                                       1
13                                                       1
14                                                       1
15                                                       1
16                                                       1
17                                                       1
18                                                       1
19                                                       1
20                                                       1
21                                                       1
22                                                       1
23                                                       1
24                                                       1
25                                                       1
   &NA [&Type "ArrayOfDoubles", &Dim (26,1)] "Mulliken gross atomic population"
                                                         0

0                                      6.5367633254883515e+00
1                                      6.2435576545434417e+00
2                                      6.3197196476501798e+00
3                                      5.8923934759950747e+00
4                                      6.2535180914239472e+00
5                                      6.3323202146970745e+00
6                                      5.7579653560243518e+00
7                                      5.8593163654431448e+00
8                                      6.3297346719527656e+00
9                                      8.2353907765391501e+00
10                                     6.3300440887100757e+00
11                                     8.4658584398630978e+00
12                                     8.4331079122684049e-01
13                                     8.3568203702522026e-01
14                                     8.4258253603758004e-01
15                                     8.4694835595214824e-01
16                                     8.3996423072330018e-01
17                                     8.3072808352753669e-01
18                                     8.3493397011207093e-01
19                                     8.2108061758617568e-01
20                                     8.1731448406950680e-01
21                                     8.1417488921619063e-01
22                                     8.2687268089827282e-01
23                                     8.2911244604978862e-01
24                                     8.2936122245068900e-01
25                                     6.3135154679425043e-01
   &ZA [&Type "ArrayOfDoubles", &Dim (26,1)] "Total nuclear charge"
                                                         0

0                                      6.0000000000000000e+00
1                                      6.0000000000000000e+00
2                                      6.0000000000000000e+00
3                                      6.0000000000000000e+00
4                                      6.0000000000000000e+00
5                                      6.0000000000000000e+00
6                                      6.0000000000000000e+00
7                                      6.0000000000000000e+00
8                                      6.0000000000000000e+00
9                                      8.0000000000000000e+00
10                                     6.0000000000000000e+00
11                                     8.0000000000000000e+00
12                                     1.0000000000000000e+00
13                                     1.0000000000000000e+00
14                                     1.0000000000000000e+00
15                                     1.0000000000000000e+00
16                                     1.0000000000000000e+00
17                                     1.0000000000000000e+00
18                                     1.0000000000000000e+00
19                                     1.0000000000000000e+00
20                                     1.0000000000000000e+00
21                                     1.0000000000000000e+00
22                                     1.0000000000000000e+00
23                                     1.0000000000000000e+00
24                                     1.0000000000000000e+00
25                                     1.0000000000000000e+00
   &QA [&Type "ArrayOfDoubles", &Dim (26,1)] "Mulliken gross atomic charge"
                                                         0

0                                     -5.3676332548835148e-01
1                                     -2.4355765454344169e-01
2                                     -3.1971964765017979e-01
3                                      1.0760652400492532e-01
4                                     -2.5351809142394721e-01
5                                     -3.3232021469707451e-01
6                                      2.4203464397564822e-01
7                                      1.4068363455685517e-01
8                                     -3.2973467195276562e-01
9                                     -2.3539077653915008e-01
10                                    -3.3004408871007573e-01
11                                    -4.6585843986309783e-01
12                                     1.5668920877315951e-01
13                                     1.6431796297477974e-01
14                                     1.5741746396241996e-01
15                                     1.5305164404785176e-01
16                                     1.6003576927669982e-01
17                                     1.6927191647246331e-01
18                                     1.6506602988792907e-01
19                                     1.7891938241382432e-01
20                                     1.8268551593049320e-01
21                                     1.8582511078380937e-01
22                                     1.7312731910172718e-01
23                                     1.7088755395021138e-01
24                                     1.7063877754931100e-01
25                                     3.6864845320574957e-01
   &VA [&Type "ArrayOfDoubles", &Dim (26,1)] "Mayer's total valence"
                                                         0

0                                      3.7613527583887665e+00
1                                      3.6062488521139175e+00
2                                      3.6018316703553861e+00
3                                      3.4468618874516839e+00
4                                      3.8057938414221315e+00
5                                      3.6483933004797957e+00
6                                      3.6718752096574119e+00
7                                      3.9902546554602969e+00
8                                      3.7736035794921108e+00
9                                      1.9726533112993028e+00
10                                     3.7378060351219551e+00
11                                     1.9581382614565499e+00
12                                     9.5923147934206987e-01
13                                     9.5781906321689214e-01
14                                     9.5861718388004491e-01
15                                     9.5761663614939196e-01
16                                     9.6110135495274751e-01
17                                     9.6036625100505035e-01
18                                     9.5766918333262241e-01
19                                     9.5993488292973028e-01
20                                     9.5963982268968029e-01
21                                     9.5739806254095983e-01
22                                     9.5179198968520817e-01
23                                     9.4899531674983062e-01
24                                     9.4884332062539445e-01
25                                     8.6868532187158232e-01
   &BVA [&Type "ArrayOfDoubles", &Dim (26,1)] "Mayer's bonded valence"
                                                         0

0                                      3.7613527583886608e+00
1                                      3.6062488521140379e+00
2                                      3.6018316703554674e+00
3                                      3.4468618874518988e+00
4                                      3.8057938414223007e+00
5                                      3.6483933004799365e+00
6                                      3.6718752096573950e+00
7                                      3.9902546554602480e+00
8                                      3.7736035794920455e+00
9                                      1.9726533112991884e+00
10                                     3.7378060351219160e+00
11                                     1.9581382614566163e+00
12                                     9.5923147934204533e-01
13                                     9.5781906321688304e-01
14                                     9.5861718388003259e-01
15                                     9.5761663614939219e-01
16                                     9.6110135495276650e-01
17                                     9.6036625100506812e-01
18                                     9.5766918333264472e-01
19                                     9.5993488292973816e-01
20                                     9.5963982268969406e-01
21                                     9.5739806254095450e-01
22                                     9.5179198968519041e-01
23                                     9.4899531674984472e-01
24                                     9.4884332062540244e-01
25                                     8.6868532187159275e-01
   &FA [&Type "ArrayOfDoubles", &Dim (26,1)] "Mayer's free valence"
                                                         0

0                                      0.0000000000000000e+00
1                                      0.0000000000000000e+00
2                                      0.0000000000000000e+00
3                                      0.0000000000000000e+00
4                                      0.0000000000000000e+00
5                                      0.0000000000000000e+00
6                                      0.0000000000000000e+00
7                                      0.0000000000000000e+00
8                                      0.0000000000000000e+00
9                                      0.0000000000000000e+00
10                                     0.0000000000000000e+00
11                                     0.0000000000000000e+00
12                                     0.0000000000000000e+00
13                                     0.0000000000000000e+00
14                                     0.0000000000000000e+00
15                                     0.0000000000000000e+00
16                                     0.0000000000000000e+00
17                                     0.0000000000000000e+00
18                                     0.0000000000000000e+00
19                                     0.0000000000000000e+00
20                                     0.0000000000000000e+00
21                                     0.0000000000000000e+00
22                                     0.0000000000000000e+00
23                                     0.0000000000000000e+00
24                                     0.0000000000000000e+00
25                                     0.0000000000000000e+00
$End
$VdW_Correction
   &GeometryIndex 1
   &ListStatus       OUT
   &VDW [&Type "Double"]      -9.2086267121263641e-03
$End
$Calculation_Info
   &GeometryIndex 1
   &ListStatus       OUT
   &MULT [&Type "Integer"] 1
   &CHARGE [&Type "Integer"] 0
   &NUMOFATOMS [&Type "Integer"] 26
   &NUMOFELECTRONS [&Type "Integer"] 90
   &NUMOFFCELECTRONS [&Type "Integer"] 1
   &NUMOFCORRELECTRONS [&Type "Integer"] 0
   &NUMOFBASISFUNCTS [&Type "Integer"] 308
   &NUMOFAUXCBASISFUNCTS [&Type "Integer"] 0
   &NUMOFAUXJBASISFUNCTS [&Type "Integer"] 742
   &NUMOFAUXJKBASISFUNCTS [&Type "Integer"] 0
   &NUMOFCABSBASISFUNCTS [&Type "Integer"] 0
   &TOTALENERGY [&Type "Double"]      -5.3980951387950381e+02  "Hartrees"
$End
$SCF_Dipole_Moment
   &GeometryIndex 1
   &ListStatus       OUT
   &METHOD [&Type "String"] "SCF"
   &LEVEL [&Type "String"] "Relaxed density"
   &MULT [&Type "Integer"] 1
   &STATE [&Type "Integer"] -1
   &IRREP [&Type "Integer"] 0
   &NATOMS [&Type "Integer"] 26
   &DODIPOLEATOM [&Type "Boolean"] false
   &DIPOLEELECCONTRIB [&Type "ArrayOfDoubles", &Dim (3,1)] "Electronic contribution"
                                                         0

0                                      1.2292862173631526e+01
1                                      6.6372344050769856e+00
2                                      9.1943882032661095e-01
   &DIPOLENUCCONTRIB [&Type "ArrayOfDoubles", &Dim (3,1)] "Nuclear contribution"
                                                         0

0                                     -1.2992659487206083e+01
1                                     -6.6171224315691592e+00
2                                     -8.0142494724973479e-01
   &DIPOLETOTAL [&Type "ArrayOfDoubles", &Dim (3,1)] "Total"
                                                         0

0                                     -6.9979731357455677e-01
1                                      2.0111973507826342e-02
2                                      1.1801387307687616e-01
   &DIPOLEMAGNITUDE [&Type "Double", &Units "a.u."]       7.0996341159467580e-01
$End
