           1           2  0.984310861744235     
           2           3   1.00543961540979     
           2           4   1.01369488314176     
           4           5   1.84289936437572     
           5           6  0.974460788628462     
           6           7   1.00347920087044     
           7           8   1.56684906815610     
           7           9   1.31252711506527     
           8           9  0.183177738836380     
           9          10  0.993908151035569     
           2          11  0.904206951610049     
          11          12   1.01125467173922     
           1          13  0.980737357017240     
           1          14  0.978898456591592     
           1          15  0.981013443514201     
           3          16  0.983240176679357     
           3          17  0.975895242116696     
           3          18  0.981072272538599     
           4          19  0.938043764693115     
           9          20  0.898524326509165     
          10          21  0.972341413603463     
          10          22  0.978527269544114     
          10          23  0.972338895549330     
          12          24  0.974913964134285     
          12          25  0.978965589913028     
          12          26  0.982540662249892     
