*************************************************
******************* ORCA 6.0.1 ******************
*************************************************
$Calculation_Status
   &GeometryIndex 1
   &ListStatus       OUT
   &VERSION [&Type "String"] "6.0.1"
   &PROGNAME [&Type "String"] "LeanSCF"
   &STATUS [&Type "String"] "NORMAL TERMINATION"
$End
$Geometry
   &GeometryIndex 1
   &ListStatus       OUT
   &NATOMS [&Type "Integer"] 23
   &NCORELESSECP [&Type "Integer"] 0
   &NGHOSTATOMS [&Type "Integer"] 0
   &CartesianCoordinates [&Type "Coordinates", &Dim(23,4), &Units "Bohr"] 
              C      5.811505614498   -1.335939331686    0.704059305383
              C      4.047595829724    0.890793970727    0.188408097016
              C      3.206385902845    0.895192047711   -2.571414781962
              C      1.798077803193    0.936793444284    2.022566758191
              C     -0.005303683258   -1.312843809604    1.864326158092
              O     -1.539296015066   -1.272131780888   -0.369708857319
              C     -3.639276373763    0.097694761583   -0.350987981884
              O     -4.347640636850    1.311307444115    1.464108661991
              C     -5.030826372421   -0.093243167744   -2.812707487500
              H      6.334991452239   -1.402614349519    2.689516177713
              H      7.525121861149   -1.144440451707   -0.412637944861
              H      4.921204087126   -3.115167470262    0.195735558288
              H      5.108334737023    2.636226608628    0.537914888312
              H      1.957654804008    2.485733558567   -2.944585896671
              H      2.205834232260   -0.839468577128   -3.026257187351
              H      4.840154359876    1.049707419155   -3.808359297208
              H      0.697051499034    2.656851189258    1.713752600973
              H      2.521816785887    0.999599924946    3.952352901628
              H      1.010377071827   -3.101021094374    1.779193257254
              H     -1.262026233982   -1.291265782771    3.507654560110
              H     -3.708229628982   -0.426661131770   -4.343056047299
              H     -6.116454096914    1.618506422549   -3.125217396669
              H     -6.330026910571   -1.682713139821   -2.698968564403
$End
$SCF_Energy
   &GeometryIndex 1
   &ListStatus       OUT
   &SCF_ENERGY [&Type "Double"]      -4.2554141337018058e+02
$End
$DFT_Energy
   &GeometryIndex 1
   &ListStatus       OUT
   &NALPHAEL [&Type "Integer"] 36
   &NBETAEL [&Type "Integer"] 36
   &NTOTALEL [&Type "Integer"] 72
   &EEXCHANGE [&Type "Double"]      -5.8002804823207349e+01
   &ECORR [&Type "Double"]      -2.2900918532929970e+00
   &ECNL [&Type "Double"]       0.0000000000000000e+00
   &EXC [&Type "Double"]      -6.0292896676500348e+01
   &EEMBED [&Type "Double"]       0.0000000000000000e+00
   &FINALEN [&Type "Double"]      -4.2554141337018058e+02  "No Van der Waals correction"
$End
$Mulliken_Population_Analysis
   &GeometryIndex 1
   &ListStatus       OUT
   &NATOMS [&Type "Integer"] 23
   &ATNO [&Type "ArrayOfIntegers", &Dim (23,1)] 
                                                         0

0                                                        6
1                                                        6
2                                                        6
3                                                        6
4                                                        6
5                                                        8
6                                                        6
7                                                        8
8                                                        6
9                                                        1
10                                                       1
11                                                       1
12                                                       1
13                                                       1
14                                                       1
15                                                       1
16                                                       1
17                                                       1
18                                                       1
19                                                       1
20                                                       1
21                                                       1
22                                                       1
   &ATOMICCHARGES [&Type "ArrayOfDoubles", &Dim (23,1)] 
                                                         0

0                                     -5.1137388909419013e-01
1                                     -1.4579054497719568e-02
2                                     -4.9927912980772771e-01
3                                     -2.8264718624706475e-01
4                                     -2.0958603865762804e-01
5                                     -1.5660412025371606e-01
6                                      4.1247433321819837e-01
7                                     -4.2910071011368878e-01
8                                     -5.2320043864640375e-01
9                                      1.4935215843072980e-01
10                                     1.4909978552574810e-01
11                                     1.4844946866997577e-01
12                                     1.4936901388820301e-01
13                                     1.4737774586445052e-01
14                                     1.6832292114546177e-01
15                                     1.4262383392259204e-01
16                                     1.7234493650481753e-01
17                                     1.5224074834206247e-01
18                                     1.5418016332774953e-01
19                                     1.6375307783881499e-01
20                                     1.6851021363856589e-01
21                                     1.7446370767634778e-01
22                                     1.7380845932455591e-01
$End
$Loewdin_Population_Analysis
   &GeometryIndex 1
   &ListStatus       OUT
   &NATOMS [&Type "Integer"] 23
   &ATNO [&Type "ArrayOfIntegers", &Dim (23,1)] 
                                                         0

0                                                        6
1                                                        6
2                                                        6
3                                                        6
4                                                        6
5                                                        8
6                                                        6
7                                                        8
8                                                        6
9                                                        1
10                                                       1
11                                                       1
12                                                       1
13                                                       1
14                                                       1
15                                                       1
16                                                       1
17                                                       1
18                                                       1
19                                                       1
20                                                       1
21                                                       1
22                                                       1
   &ATOMICCHARGES [&Type "ArrayOfDoubles", &Dim (23,1)] 
                                                         0

0                                      9.4024252566462685e-07
1                                      3.1503194069736579e-05
2                                      1.9439844253862029e-05
3                                      5.2481519454352804e-05
4                                      4.8151791882298920e-04
5                                      9.8912622871883316e-01
6                                      2.2258061589086305e-04
7                                      1.0023889421438342e-02
8                                      1.4292309337652083e-05
9                                      1.0231723304187937e-07
10                                     8.3972981264709755e-09
11                                     1.3560040294771141e-06
12                                     2.4283504678469153e-07
13                                     3.2638094489387458e-06
14                                     5.7577331260305307e-07
15                                     9.9046149145634350e-07
16                                     1.2123317005350919e-06
17                                     1.9056773588026917e-06
18                                     7.3416203507931045e-06
19                                     4.6560852225410230e-06
20                                     4.7312066021857145e-07
21                                     4.8984636936116714e-07
22                                     4.5079358507773347e-06
$End
$Mayer_Population_Analysis
   &GeometryIndex 1
   &ListStatus       OUT
   &NATOMS [&Type "Integer"] 23 "Total number of atoms"
   &BONDTHRESH [&Type "Double"]       1.0000000000000001e-01  "The threshold for printing"
   &NBONDORDERSPRINT [&Type "Integer"] 22 "The number of bond orders larger than threshold"
   &BONDORDERS [&Type "ArrayOfDoubles", &Dim (22,1)] "The bond orders"
                                                         0

0                                      9.1580926823339215e-01
1                                      9.7584795551645509e-01
2                                      9.6836863440947107e-01
3                                      9.8091388930586110e-01
4                                      9.0989107508427536e-01
5                                      9.0542958835713705e-01
6                                      9.5911490432839319e-01
7                                      9.7316100694002616e-01
8                                      9.7490624352379662e-01
9                                      9.6829607484469316e-01
10                                     9.3368728829424219e-01
11                                     9.6478217281081258e-01
12                                     9.6949144378903773e-01
13                                     8.4137555813202436e-01
14                                     9.7251741419116422e-01
15                                     9.5037708480993532e-01
16                                     1.0421008614596725e+00
17                                     1.8377493733740511e+00
18                                     9.4716018763276377e-01
19                                     9.7648089773432023e-01
20                                     9.7769246372090346e-01
21                                     9.3727995072982839e-01
   &COMPONENTS [&Type "ArrayOfIntegers", &Dim (22,4)] "The indices and atomic numbers of the bonding atoms"
                                                         0                           1                           2                           3

0                                                        0                           6                           1                           6
1                                                        0                           6                           9                           1
2                                                        0                           6                          10                           1
3                                                        0                           6                          11                           1
4                                                        1                           6                           2                           6
5                                                        1                           6                           3                           6
6                                                        1                           6                          12                           1
7                                                        2                           6                          13                           1
8                                                        2                           6                          14                           1
9                                                        2                           6                          15                           1
10                                                       3                           6                           4                           6
11                                                       3                           6                          16                           1
12                                                       3                           6                          17                           1
13                                                       4                           6                           5                           8
14                                                       4                           6                          18                           1
15                                                       4                           6                          19                           1
16                                                       5                           8                           6                           6
17                                                       6                           6                           7                           8
18                                                       6                           6                           8                           6
19                                                       8                           6                          20                           1
20                                                       8                           6                          21                           1
21                                                       8                           6                          22                           1
   &ATNO [&Type "ArrayOfIntegers", &Dim (23,1)] "Atomic number of the elements"
                                                         0

0                                                        6
1                                                        6
2                                                        6
3                                                        6
4                                                        6
5                                                        8
6                                                        6
7                                                        8
8                                                        6
9                                                        1
10                                                       1
11                                                       1
12                                                       1
13                                                       1
14                                                       1
15                                                       1
16                                                       1
17                                                       1
18                                                       1
19                                                       1
20                                                       1
21                                                       1
22                                                       1
   &NA [&Type "ArrayOfDoubles", &Dim (23,1)] "Mulliken gross atomic population"
                                                         0

0                                      6.5113738890941857e+00
1                                      6.0145790544977293e+00
2                                      6.4992791298077286e+00
3                                      6.2826471862470665e+00
4                                      6.2095860386576085e+00
5                                      8.1566041202537036e+00
6                                      5.5875256667818052e+00
7                                      8.4291007101136994e+00
8                                      6.5232004386464082e+00
9                                      8.5064784156926954e-01
10                                     8.5090021447425224e-01
11                                     8.5155053133002334e-01
12                                     8.5063098611179666e-01
13                                     8.5262225413555048e-01
14                                     8.3167707885453779e-01
15                                     8.5737616607740674e-01
16                                     8.2765506349518192e-01
17                                     8.4775925165793620e-01
18                                     8.4581983667225102e-01
19                                     8.3624692216118568e-01
20                                     8.3148978636143378e-01
21                                     8.2553629232365167e-01
22                                     8.2619154067544331e-01
   &ZA [&Type "ArrayOfDoubles", &Dim (23,1)] "Total nuclear charge"
                                                         0

0                                      6.0000000000000000e+00
1                                      6.0000000000000000e+00
2                                      6.0000000000000000e+00
3                                      6.0000000000000000e+00
4                                      6.0000000000000000e+00
5                                      8.0000000000000000e+00
6                                      6.0000000000000000e+00
7                                      8.0000000000000000e+00
8                                      6.0000000000000000e+00
9                                      1.0000000000000000e+00
10                                     1.0000000000000000e+00
11                                     1.0000000000000000e+00
12                                     1.0000000000000000e+00
13                                     1.0000000000000000e+00
14                                     1.0000000000000000e+00
15                                     1.0000000000000000e+00
16                                     1.0000000000000000e+00
17                                     1.0000000000000000e+00
18                                     1.0000000000000000e+00
19                                     1.0000000000000000e+00
20                                     1.0000000000000000e+00
21                                     1.0000000000000000e+00
22                                     1.0000000000000000e+00
   &QA [&Type "ArrayOfDoubles", &Dim (23,1)] "Mulliken gross atomic charge"
                                                         0

0                                     -5.1137388909418569e-01
1                                     -1.4579054497729338e-02
2                                     -4.9927912980772859e-01
3                                     -2.8264718624706653e-01
4                                     -2.0958603865760850e-01
5                                     -1.5660412025370363e-01
6                                      4.1247433321819482e-01
7                                     -4.2910071011369944e-01
8                                     -5.2320043864640819e-01
9                                      1.4935215843073046e-01
10                                     1.4909978552574776e-01
11                                     1.4844946866997666e-01
12                                     1.4936901388820334e-01
13                                     1.4737774586444952e-01
14                                     1.6832292114546221e-01
15                                     1.4262383392259326e-01
16                                     1.7234493650481808e-01
17                                     1.5224074834206380e-01
18                                     1.5418016332774898e-01
19                                     1.6375307783881432e-01
20                                     1.6851021363856622e-01
21                                     1.7446370767634833e-01
22                                     1.7380845932455669e-01
   &VA [&Type "ArrayOfDoubles", &Dim (23,1)] "Mayer's total valence"
                                                         0

0                                      3.7874450175325278e+00
1                                      3.5287121620111632e+00
2                                      3.7529630513810481e+00
3                                      3.5853707708251363e+00
4                                      3.7672920293594250e+00
5                                      1.8975612986331940e+00
6                                      3.7847593989099662e+00
7                                      1.9440938439623432e+00
8                                      3.8672820078022290e+00
9                                      9.6320074533715139e-01
10                                     9.6408279534549424e-01
11                                     9.6480233267110871e-01
12                                     9.5695583140522866e-01
13                                     9.6398437568063200e-01
14                                     9.6215619946054398e-01
15                                     9.6342827490793670e-01
16                                     9.5929218813858752e-01
17                                     9.6421776715023699e-01
18                                     9.4846655080300413e-01
19                                     9.5865824605913941e-01
20                                     9.5995700671950357e-01
21                                     9.5850049428863748e-01
22                                     9.5642409816337948e-01
   &BVA [&Type "ArrayOfDoubles", &Dim (23,1)] "Mayer's bonded valence"
                                                         0

0                                      3.7874450175325549e+00
1                                      3.5287121620111885e+00
2                                      3.7529630513809988e+00
3                                      3.5853707708251110e+00
4                                      3.7672920293594485e+00
5                                      1.8975612986331751e+00
6                                      3.7847593989099031e+00
7                                      1.9440938439622504e+00
8                                      3.8672820078022303e+00
9                                      9.6320074533715483e-01
10                                     9.6408279534549068e-01
11                                     9.6480233267112037e-01
12                                     9.5695583140523754e-01
13                                     9.6398437568060968e-01
14                                     9.6215619946054098e-01
15                                     9.6342827490793825e-01
16                                     9.5929218813857786e-01
17                                     9.6421776715022622e-01
18                                     9.4846655080299413e-01
19                                     9.5865824605912275e-01
20                                     9.5995700671948880e-01
21                                     9.5850049428864614e-01
22                                     9.5642409816338414e-01
   &FA [&Type "ArrayOfDoubles", &Dim (23,1)] "Mayer's free valence"
                                                         0

0                                      0.0000000000000000e+00
1                                      0.0000000000000000e+00
2                                      0.0000000000000000e+00
3                                      0.0000000000000000e+00
4                                      0.0000000000000000e+00
5                                      0.0000000000000000e+00
6                                      0.0000000000000000e+00
7                                      0.0000000000000000e+00
8                                      0.0000000000000000e+00
9                                      0.0000000000000000e+00
10                                     0.0000000000000000e+00
11                                     0.0000000000000000e+00
12                                     0.0000000000000000e+00
13                                     0.0000000000000000e+00
14                                     0.0000000000000000e+00
15                                     0.0000000000000000e+00
16                                     0.0000000000000000e+00
17                                     0.0000000000000000e+00
18                                     0.0000000000000000e+00
19                                     0.0000000000000000e+00
20                                     0.0000000000000000e+00
21                                     0.0000000000000000e+00
22                                     0.0000000000000000e+00
$End
$VdW_Correction
   &GeometryIndex 1
   &ListStatus       OUT
   &VDW [&Type "Double"]      -6.7070347311432472e-03
$End
$Calculation_Info
   &GeometryIndex 1
   &ListStatus       OUT
   &MULT [&Type "Integer"] 1
   &CHARGE [&Type "Integer"] 0
   &NUMOFATOMS [&Type "Integer"] 23
   &NUMOFELECTRONS [&Type "Integer"] 72
   &NUMOFFCELECTRONS [&Type "Integer"] 1
   &NUMOFCORRELECTRONS [&Type "Integer"] 0
   &NUMOFBASISFUNCTS [&Type "Integer"] 251
   &NUMOFAUXCBASISFUNCTS [&Type "Integer"] 0
   &NUMOFAUXJBASISFUNCTS [&Type "Integer"] 595
   &NUMOFAUXJKBASISFUNCTS [&Type "Integer"] 0
   &NUMOFCABSBASISFUNCTS [&Type "Integer"] 0
   &TOTALENERGY [&Type "Double"]      -4.2553463207611173e+02  "Hartrees"
$End
$SCF_Dipole_Moment
   &GeometryIndex 1
   &ListStatus       OUT
   &METHOD [&Type "String"] "SCF"
   &LEVEL [&Type "String"] "Relaxed density"
   &MULT [&Type "Integer"] 1
   &STATE [&Type "Integer"] -1
   &IRREP [&Type "Integer"] 0
   &NATOMS [&Type "Integer"] 23
   &DODIPOLEATOM [&Type "Boolean"] false
   &DIPOLEELECCONTRIB [&Type "ArrayOfDoubles", &Dim (3,1)] "Electronic contribution"
                                                         0

0                                     -9.2012338243942207e+00
1                                      3.7969521997713490e-01
2                                      2.5323290392861018e+00
   &DIPOLENUCCONTRIB [&Type "ArrayOfDoubles", &Dim (3,1)] "Nuclear contribution"
                                                         0

0                                      9.7368709899498711e+00
1                                     -7.7253931548104671e-01
2                                     -2.9616905576148778e+00
   &DIPOLETOTAL [&Type "ArrayOfDoubles", &Dim (3,1)] "Total"
                                                         0

0                                      5.3563716555565044e-01
1                                     -3.9284409550391181e-01
2                                     -4.2936151832877600e-01
   &DIPOLEMAGNITUDE [&Type "Double", &Units "a.u."]       7.9093929597559498e-01
$End
