*************************************************
******************* ORCA 6.0.0 ******************
*************************************************
$Calculation_Status
   &GeometryIndex 1
   &ListStatus       OUT
   &VERSION [&Type "String"] "6.0.0"
   &PROGNAME [&Type "String"] "LeanSCF"
   &STATUS [&Type "String"] "NORMAL TERMINATION"
$End
$Geometry
   &GeometryIndex 1
   &ListStatus       OUT
   &NATOMS [&Type "Integer"] 26
   &NCORELESSECP [&Type "Integer"] 0
   &NGHOSTATOMS [&Type "Integer"] 0
   &CartesianCoordinates [&Type "Coordinates", &Dim(26,4), &Units "Bohr"] 
              C      3.072840876545   -0.910851334184   -3.216108230676
              C      3.468021780257   -1.121001082994   -0.365913436866
              C      5.984709094093   -2.367930673215    0.263002960477
              C      1.351645692750   -2.537465074155    0.872181966383
              N     -1.002649646239   -2.157614580885    0.821828282622
              O     -1.862586417632   -0.096588102054   -0.628877862803
              C     -4.409256572852    0.361839903905   -0.488979547761
              O     -5.221988454071    2.083645638939   -1.781389075747
              N     -5.724362263884   -1.123681977367    1.041507551451
              C     -8.418517184464   -0.877509179187    1.407203671890
              S      3.278060107828    2.079566907719    1.146276930461
              C      5.975802448217    3.711735916046   -0.211907724938
              H      2.860373258256   -2.792510075306   -4.019170789182
              H      1.385213084016    0.182269192413   -3.641706312127
              H      4.694342212471   -0.008587551256   -4.095972536616
              H      7.528368598108   -1.405115131260   -0.688196877885
              H      5.959889439932   -4.322598354620   -0.373057812021
              H      6.320488473124   -2.324239626176    2.289675385288
              H      1.853713323843   -4.137709056734    2.042595350379
              H     -4.770282214174   -2.485431581275    1.987375777915
              H     -8.826390586255   -0.474927466184    3.383568683073
              H     -9.367246631661   -2.614891641772    0.845290907817
              H     -9.080961794514    0.678484509288    0.237495142324
              H      5.802488583861    3.775852030965   -2.253376463493
              H      7.718807129699    2.810179545671    0.377865480530
              H      5.876695241449    5.611361696471    0.553501815471
$End
$SCF_Energy
   &GeometryIndex 1
   &ListStatus       OUT
   &SCF_ENERGY [&Type "Double"]      -9.3189919808447212e+02
$End
$DFT_Energy
   &GeometryIndex 1
   &ListStatus       OUT
   &NALPHAEL [&Type "Integer"] 51
   &NBETAEL [&Type "Integer"] 51
   &NTOTALEL [&Type "Integer"] 102
   &EEXCHANGE [&Type "Double"]      -9.5537481385256783e+01
   &ECORR [&Type "Double"]      -3.5052685492062201e+00
   &ECNL [&Type "Double"]       0.0000000000000000e+00
   &EXC [&Type "Double"]      -9.9042749934463004e+01
   &EEMBED [&Type "Double"]       0.0000000000000000e+00
   &FINALEN [&Type "Double"]      -9.3189919808447212e+02  "No Van der Waals correction"
$End
$Mulliken_Population_Analysis
   &GeometryIndex 1
   &ListStatus       OUT
   &NATOMS [&Type "Integer"] 26
   &ATNO [&Type "ArrayOfIntegers", &Dim (26,1)] 
                                                         0

0                                                        6
1                                                        6
2                                                        6
3                                                        6
4                                                        7
5                                                        8
6                                                        6
7                                                        8
8                                                        7
9                                                        6
10                                                      16
11                                                       6
12                                                       1
13                                                       1
14                                                       1
15                                                       1
16                                                       1
17                                                       1
18                                                       1
19                                                       1
20                                                       1
21                                                       1
22                                                       1
23                                                       1
24                                                       1
25                                                       1
   &ATOMICCHARGES [&Type "ArrayOfDoubles", &Dim (26,1)] 
                                                         0

0                                     -1.9636255190506891e-01
1                                     -3.2307779146651150e-01
2                                     -2.0420217515209949e-01
3                                     -7.6240580018914983e-02
4                                      3.1006866623302543e-02
5                                     -1.9448556364085690e-01
6                                      2.0448488514153773e-01
7                                     -2.2071655327566475e-01
8                                     -3.0049556518425202e-01
9                                     -1.7472040791514942e-01
10                                    -2.6231981523771708e-02
11                                    -3.7297597889191891e-01
12                                     1.0136483216005554e-01
13                                     1.5462741023564996e-01
14                                     1.0755998993640059e-01
15                                     1.1568146348728636e-01
16                                     1.0612504649598886e-01
17                                     1.1511412053419900e-01
18                                     1.0415991470683306e-01
19                                     2.3621675803565445e-01
20                                     1.1499565001910539e-01
21                                     1.1399430673517497e-01
22                                     1.3780118290572574e-01
23                                     1.4919054728160552e-01
24                                     1.4474797100349257e-01
25                                     1.5243820367217331e-01
$End
$Loewdin_Population_Analysis
   &GeometryIndex 1
   &ListStatus       OUT
   &NATOMS [&Type "Integer"] 26
   &ATNO [&Type "ArrayOfIntegers", &Dim (26,1)] 
                                                         0

0                                                        6
1                                                        6
2                                                        6
3                                                        6
4                                                        7
5                                                        8
6                                                        6
7                                                        8
8                                                        7
9                                                        6
10                                                      16
11                                                       6
12                                                       1
13                                                       1
14                                                       1
15                                                       1
16                                                       1
17                                                       1
18                                                       1
19                                                       1
20                                                       1
21                                                       1
22                                                       1
23                                                       1
24                                                       1
25                                                       1
   &ATOMICCHARGES [&Type "ArrayOfDoubles", &Dim (26,1)] 
                                                         0

0                                      7.1804810691356160e-05
1                                      4.9284530506279334e-03
2                                      5.2506932908384966e-04
3                                      1.6359527029795779e-02
4                                      1.3207762252760633e-01
5                                      3.5959296831449689e-01
6                                      1.7661774183437068e-01
7                                      2.5757852908392281e-01
8                                      4.7096515007092887e-02
9                                      3.9256802938091827e-03
10                                     7.6761131079851284e-05
11                                     4.0598505427593536e-05
12                                     3.0811068787609085e-06
13                                     4.6075392610723339e-05
14                                     4.6164962549185216e-06
15                                     3.5041594483953773e-06
16                                     7.2571980943068000e-07
17                                     1.8991604629593704e-06
18                                     4.0177370202337899e-05
19                                     8.8899108892392985e-04
20                                     2.7500650577412720e-05
21                                     2.7078915487546103e-05
22                                     6.3483507059783472e-05
23                                     2.1782740016938730e-07
24                                     1.0567876726798925e-06
25                                     3.2089920611193519e-07
$End
$Mayer_Population_Analysis
   &GeometryIndex 1
   &ListStatus       OUT
   &NATOMS [&Type "Integer"] 26 "Total number of atoms"
   &BONDTHRESH [&Type "Double"]       1.0000000000000001e-01  "The threshold for printing"
   &NBONDORDERSPRINT [&Type "Integer"] 25 "The number of bond orders larger than threshold"
   &BONDORDERS [&Type "ArrayOfDoubles", &Dim (25,1)] "The bond orders"
                                                         0

0                                      1.0342521807493403e+00
1                                      9.3656312456482593e-01
2                                      9.2978661723289735e-01
3                                      9.3732163938354618e-01
4                                      1.0383920735835310e+00
5                                      9.2699516533393078e-01
6                                      1.0013050972967175e+00
7                                      9.3725390951758591e-01
8                                      9.3641744315590281e-01
9                                      9.4316693661910922e-01
10                                     1.9805047686229820e+00
11                                     9.3323603537075195e-01
12                                     9.4643573529673053e-01
13                                     9.9989816709021606e-01
14                                     2.0647476731519325e+00
15                                     1.2642635023960631e+00
16                                     1.0187444955686265e+00
17                                     8.1821775986642220e-01
18                                     9.5934186334558147e-01
19                                     9.5937869502900297e-01
20                                     9.3858940105208599e-01
21                                     1.0506391482571498e+00
22                                     9.3524532098714686e-01
23                                     9.3578733308101525e-01
24                                     9.4423178108266204e-01
   &COMPONENTS [&Type "ArrayOfIntegers", &Dim (25,4)] "The indices and atomic numbers of the bonding atoms"
                                                         0                           1                           2                           3

0                                                        0                           6                           1                           6
1                                                        0                           6                          12                           1
2                                                        0                           6                          13                           1
3                                                        0                           6                          14                           1
4                                                        1                           6                           2                           6
5                                                        1                           6                           3                           6
6                                                        1                           6                          10                          16
7                                                        2                           6                          15                           1
8                                                        2                           6                          16                           1
9                                                        2                           6                          17                           1
10                                                       3                           6                           4                           7
11                                                       3                           6                          18                           1
12                                                       4                           7                           5                           8
13                                                       5                           8                           6                           6
14                                                       6                           6                           7                           8
15                                                       6                           6                           8                           7
16                                                       8                           7                           9                           6
17                                                       8                           7                          19                           1
18                                                       9                           6                          20                           1
19                                                       9                           6                          21                           1
20                                                       9                           6                          22                           1
21                                                      10                          16                          11                           6
22                                                      11                           6                          23                           1
23                                                      11                           6                          24                           1
24                                                      11                           6                          25                           1
   &ATNO [&Type "ArrayOfIntegers", &Dim (26,1)] "Atomic number of the elements"
                                                         0

0                                                        6
1                                                        6
2                                                        6
3                                                        6
4                                                        7
5                                                        8
6                                                        6
7                                                        8
8                                                        7
9                                                        6
10                                                      16
11                                                       6
12                                                       1
13                                                       1
14                                                       1
15                                                       1
16                                                       1
17                                                       1
18                                                       1
19                                                       1
20                                                       1
21                                                       1
22                                                       1
23                                                       1
24                                                       1
25                                                       1
   &NA [&Type "ArrayOfDoubles", &Dim (26,1)] "Mulliken gross atomic population"
                                                         0

0                                      6.1963625519050662e+00
1                                      6.3230777914665186e+00
2                                      6.2042021751520950e+00
3                                      6.0762405800188981e+00
4                                      6.9689931333766966e+00
5                                      8.1944855636408569e+00
6                                      5.7955151148584658e+00
7                                      8.2207165532756399e+00
8                                      7.3004955651842467e+00
9                                      6.1747204079151432e+00
10                                     1.6026231981523765e+01
11                                     6.3729759788919091e+00
12                                     8.9863516783994446e-01
13                                     8.4537258976435059e-01
14                                     8.9244001006359996e-01
15                                     8.8431853651271375e-01
16                                     8.9387495350401047e-01
17                                     8.8488587946580100e-01
18                                     8.9584008529316694e-01
19                                     7.6378324196434555e-01
20                                     8.8500434998089494e-01
21                                     8.8600569326482548e-01
22                                     8.6219881709427360e-01
23                                     8.5080945271839492e-01
24                                     8.5525202899650710e-01
25                                     8.4756179632782724e-01
   &ZA [&Type "ArrayOfDoubles", &Dim (26,1)] "Total nuclear charge"
                                                         0

0                                      6.0000000000000000e+00
1                                      6.0000000000000000e+00
2                                      6.0000000000000000e+00
3                                      6.0000000000000000e+00
4                                      7.0000000000000000e+00
5                                      8.0000000000000000e+00
6                                      6.0000000000000000e+00
7                                      8.0000000000000000e+00
8                                      7.0000000000000000e+00
9                                      6.0000000000000000e+00
10                                     1.6000000000000000e+01
11                                     6.0000000000000000e+00
12                                     1.0000000000000000e+00
13                                     1.0000000000000000e+00
14                                     1.0000000000000000e+00
15                                     1.0000000000000000e+00
16                                     1.0000000000000000e+00
17                                     1.0000000000000000e+00
18                                     1.0000000000000000e+00
19                                     1.0000000000000000e+00
20                                     1.0000000000000000e+00
21                                     1.0000000000000000e+00
22                                     1.0000000000000000e+00
23                                     1.0000000000000000e+00
24                                     1.0000000000000000e+00
25                                     1.0000000000000000e+00
   &QA [&Type "ArrayOfDoubles", &Dim (26,1)] "Mulliken gross atomic charge"
                                                         0

0                                     -1.9636255190506624e-01
1                                     -3.2307779146651860e-01
2                                     -2.0420217515209504e-01
3                                     -7.6240580018898108e-02
4                                      3.1006866623303431e-02
5                                     -1.9448556364085690e-01
6                                      2.0448488514153418e-01
7                                     -2.2071655327563988e-01
8                                     -3.0049556518424669e-01
9                                     -1.7472040791514321e-01
10                                    -2.6231981523764603e-02
11                                    -3.7297597889190914e-01
12                                     1.0136483216005554e-01
13                                     1.5462741023564941e-01
14                                     1.0755998993640004e-01
15                                     1.1568146348728625e-01
16                                     1.0612504649598953e-01
17                                     1.1511412053419900e-01
18                                     1.0415991470683306e-01
19                                     2.3621675803565445e-01
20                                     1.1499565001910506e-01
21                                     1.1399430673517452e-01
22                                     1.3780118290572640e-01
23                                     1.4919054728160508e-01
24                                     1.4474797100349290e-01
25                                     1.5243820367217276e-01
   &VA [&Type "ArrayOfDoubles", &Dim (26,1)] "Mayer's total valence"
                                                         0

0                                      3.8290464932443919e+00
1                                      4.0731449122676091e+00
2                                      3.8562398747451496e+00
3                                      3.9800866883722068e+00
4                                      3.1236874524988729e+00
5                                      2.1754581216531070e+00
6                                      4.4014680148598382e+00
7                                      2.3278148225179125e+00
8                                      3.2211365310099360e+00
9                                      3.9064748920719867e+00
10                                     2.1439835879535547e+00
11                                     3.9053369900597397e+00
12                                     9.5881579146797202e-01
13                                     9.8574879168460805e-01
14                                     9.6793137553855801e-01
15                                     9.6697642236595283e-01
16                                     9.5751793163387333e-01
17                                     9.7162113516757320e-01
18                                     9.6767667839456883e-01
19                                     9.5795742147125140e-01
20                                     9.5383725289938526e-01
21                                     9.5379449399561145e-01
22                                     9.9604737098491758e-01
23                                     9.4701599286087468e-01
24                                     9.4360624034585261e-01
25                                     9.4827711298706419e-01
   &BVA [&Type "ArrayOfDoubles", &Dim (26,1)] "Mayer's bonded valence"
                                                         0

0                                      3.8290464932443977e+00
1                                      4.0731449122675558e+00
2                                      3.8562398747451327e+00
3                                      3.9800866883722379e+00
4                                      3.1236874524988991e+00
5                                      2.1754581216531412e+00
6                                      4.4014680148598364e+00
7                                      2.3278148225179605e+00
8                                      3.2211365310099387e+00
9                                      3.9064748920720422e+00
10                                     2.1439835879534783e+00
11                                     3.9053369900598192e+00
12                                     9.5881579146796891e-01
13                                     9.8574879168460794e-01
14                                     9.6793137553855568e-01
15                                     9.6697642236594628e-01
16                                     9.5751793163387722e-01
17                                     9.7162113516757553e-01
18                                     9.6767667839456206e-01
19                                     9.5795742147125351e-01
20                                     9.5383725289939314e-01
21                                     9.5379449399561989e-01
22                                     9.9604737098492580e-01
23                                     9.4701599286088500e-01
24                                     9.4360624034585472e-01
25                                     9.4827711298706308e-01
   &FA [&Type "ArrayOfDoubles", &Dim (26,1)] "Mayer's free valence"
                                                         0

0                                      0.0000000000000000e+00
1                                      0.0000000000000000e+00
2                                      0.0000000000000000e+00
3                                      0.0000000000000000e+00
4                                      0.0000000000000000e+00
5                                      0.0000000000000000e+00
6                                      0.0000000000000000e+00
7                                      0.0000000000000000e+00
8                                      0.0000000000000000e+00
9                                      0.0000000000000000e+00
10                                     0.0000000000000000e+00
11                                     0.0000000000000000e+00
12                                     0.0000000000000000e+00
13                                     0.0000000000000000e+00
14                                     0.0000000000000000e+00
15                                     0.0000000000000000e+00
16                                     0.0000000000000000e+00
17                                     0.0000000000000000e+00
18                                     0.0000000000000000e+00
19                                     0.0000000000000000e+00
20                                     0.0000000000000000e+00
21                                     0.0000000000000000e+00
22                                     0.0000000000000000e+00
23                                     0.0000000000000000e+00
24                                     0.0000000000000000e+00
25                                     0.0000000000000000e+00
$End
$VdW_Correction
   &GeometryIndex 1
   &ListStatus       OUT
   &VDW [&Type "Double"]      -2.7278163983924016e-02
$End
$Calculation_Info
   &GeometryIndex 1
   &ListStatus       OUT
   &MULT [&Type "Integer"] 1
   &CHARGE [&Type "Integer"] 0
   &NUMOFATOMS [&Type "Integer"] 26
   &NUMOFELECTRONS [&Type "Integer"] 102
   &NUMOFFCELECTRONS [&Type "Integer"] 1
   &NUMOFCORRELECTRONS [&Type "Integer"] 0
   &NUMOFBASISFUNCTS [&Type "Integer"] 200
   &NUMOFAUXCBASISFUNCTS [&Type "Integer"] 0
   &NUMOFAUXJBASISFUNCTS [&Type "Integer"] 744
   &NUMOFAUXJKBASISFUNCTS [&Type "Integer"] 0
   &NUMOFCABSBASISFUNCTS [&Type "Integer"] 0
   &TOTALENERGY [&Type "Double"]      -9.3180943233685605e+02  "Hartrees"
$End
$SCF_Dipole_Moment
   &GeometryIndex 1
   &ListStatus       OUT
   &METHOD [&Type "String"] "SCF"
   &LEVEL [&Type "String"] "Relaxed density"
   &MULT [&Type "Integer"] 1
   &STATE [&Type "Integer"] -1
   &IRREP [&Type "Integer"] 0
   &NATOMS [&Type "Integer"] 26
   &DODIPOLEATOM [&Type "Boolean"] false
   &DIPOLEELECCONTRIB [&Type "ArrayOfDoubles", &Dim (3,1)] "Electronic contribution"
                                                         0

0                                     -7.8956709295878360e+00
1                                      2.5566387104152581e+00
2                                      2.2232861587497847e+00
   &DIPOLENUCCONTRIB [&Type "ArrayOfDoubles", &Dim (3,1)] "Nuclear contribution"
                                                         0

0                                      8.7888543817095552e+00
1                                     -3.7531413957383855e+00
2                                     -1.6962248129057897e+00
   &DIPOLETOTAL [&Type "ArrayOfDoubles", &Dim (3,1)] "Total"
                                                         0

0                                      8.9318345212171923e-01
1                                     -1.1965026853231273e+00
2                                      5.2706134584399500e-01
   &DIPOLEMAGNITUDE [&Type "Double", &Units "a.u."]       1.5834105650185646e+00
$End
