$hessian                                                                        
        0.4687341830  -0.0074466419  -0.0220562619  -0.1824456029  -0.0144270602
       -0.0467132805  -0.0125139962  -0.0075433470  -0.0045296883   0.0001352288
       -0.0017617944   0.0000230191  -0.0000905054   0.0002778279   0.0001009025
       -0.0000493906  -0.0000890133  -0.0000912780   0.0001055493  -0.0002310374
        0.0000974402   0.0001754305  -0.0000512168  -0.0000141313  -0.0543195751
       -0.0534195223   0.0033280716  -0.1471978609   0.0826536269   0.0863465189
       -0.0429881664   0.0025550437  -0.0050433209  -0.0048617531  -0.0004260244
       -0.0044846937  -0.0257087240  -0.0013803897  -0.0070729662   0.0011463328
        0.0008511172   0.0000791576   0.0003692199   0.0006526607   0.0000026468
        0.0000331661  -0.0001115304   0.0002768726  -0.0004639861  -0.0000974076
       -0.0002441514  -0.0000225153  -0.0000010316   0.0000175654  -0.0000479714
        0.0000212636   0.0000088752   0.0000109369  -0.0000255230  -0.0000312977
       -0.0074466419   0.5241380706  -0.0027351770  -0.0154019526  -0.0665466429
       -0.0068078493  -0.0258262934  -0.0086295864  -0.0099406682  -0.0028327653
       -0.0049341667   0.0001717540   0.0006223288  -0.0010492756  -0.0007427373
       -0.0000894454   0.0001093100   0.0004464512  -0.0003131388   0.0004771695
       -0.0001860023   0.0000108414  -0.0000435727  -0.0000463442  -0.0529649412
       -0.2721384631   0.0093948458   0.0827133251  -0.1089373472  -0.0667522929
        0.0026309008  -0.0674641328   0.0698843702   0.0075722002   0.0017254593
        0.0035945295   0.0143910132   0.0021686930   0.0047898247  -0.0011473142
        0.0009107757   0.0000760543  -0.0004672085   0.0006576455  -0.0007432861
        0.0000001793  -0.0001087698   0.0000441148  -0.0014217248  -0.0003765550
       -0.0004923936  -0.0000164697   0.0000125872   0.0000121880   0.0000090933
        0.0000014175   0.0000021408  -0.0000219864   0.0000273841   0.0000304776
       -0.0220562619  -0.0027351770   0.5130531770  -0.0467569933  -0.0064344202
       -0.0873257136  -0.0014993083  -0.0019025238  -0.0003029071  -0.0000204608
       -0.0000266904   0.0002384886  -0.0000620195   0.0000031521  -0.0004181299
       -0.0000400367  -0.0000364334   0.0004387447   0.0000247109  -0.0000353882
        0.0000946964   0.0000672881  -0.0000432683  -0.0000802065   0.0032767565
        0.0091628826  -0.0443970488   0.0859713901  -0.0667490106  -0.1142149948
       -0.0046519090   0.0699059025  -0.2599214690  -0.0283604490  -0.0029521873
       -0.0144246244   0.0136946836   0.0012512632   0.0057801303  -0.0004422060
        0.0001530051   0.0001757301   0.0007751172   0.0003846389   0.0008622608
        0.0001439752   0.0000072036   0.0002276721  -0.0000222763   0.0000171814
        0.0001657623   0.0000113007  -0.0000010867   0.0000090639  -0.0000172937
        0.0000209422   0.0000204919  -0.0000360078   0.0000100142   0.0000188762
       -0.1824456029  -0.0154019526  -0.0467569933   0.4847654994  -0.0227518050
       -0.0180802332  -0.0685563564  -0.0255742293   0.0046354750  -0.0128211232
       -0.0256794513  -0.0017847859   0.0001913466  -0.0017684499  -0.0009656059
       -0.0002406694  -0.0001005723   0.0005740962  -0.0002003949   0.0001204959
        0.0000344886   0.0005497645  -0.0003281871  -0.0002031615  -0.0102271940
       -0.0037811055  -0.0038986212  -0.0255789589  -0.0004499440  -0.0062911168
       -0.0041764727   0.0003878906  -0.0052007621  -0.0428331222   0.0035810769
       -0.0025456921  -0.1376229974   0.0780762844   0.0809219753   0.0034029829
        0.0184549393  -0.0001129942  -0.0000261918  -0.0026245324   0.0007092911
        0.0008143244  -0.0003076181   0.0008341484  -0.0048320554  -0.0019012558
       -0.0019343115  -0.0000296532   0.0000011530   0.0000404826  -0.0000664745
        0.0000387418   0.0000162205  -0.0000666510   0.0000085215   0.0000081001
       -0.0144270602  -0.0665466429  -0.0064344202  -0.0227518050   0.4738908155
       -0.0024458707  -0.0260753689  -0.1897427774   0.0061075186  -0.0075791874
       -0.0083014184  -0.0020463532   0.0002645001   0.0012567457   0.0011410399
        0.0001399161  -0.0000835536  -0.0006154095  -0.0000497962  -0.0001560346
       -0.0001256451   0.0000079621  -0.0001527923  -0.0000328374  -0.0282033011
       -0.0066536904  -0.0110147799   0.0144953813   0.0016120231   0.0050712429
        0.0078423351   0.0013032813   0.0036086856   0.0032404099  -0.0659615286
        0.0674463942   0.0779833120  -0.1046393619  -0.0633439164  -0.0015582219
       -0.0224785827  -0.0017075250  -0.0037416332  -0.0147194092   0.0043557691
        0.0009886699   0.0008683326   0.0002902285  -0.0006478975   0.0005125038
       -0.0002205889  -0.0000161817   0.0000099946  -0.0000007474   0.0000246680
       -0.0000163356  -0.0000202884   0.0000632988  -0.0000015693  -0.0000124968
       -0.0467132805  -0.0068078493  -0.0873257136  -0.0180802332  -0.0024458707
        0.5306591434   0.0048965498   0.0061263948  -0.0689272324  -0.0049000847
       -0.0101130804  -0.0003416128   0.0011384554   0.0004028951  -0.0004903814
       -0.0000413979  -0.0003460216   0.0006203576  -0.0003376321   0.0000624355
        0.0000320742   0.0001902215  -0.0001371795  -0.0001966729  -0.0004988101
       -0.0006238390   0.0002488868   0.0139952262   0.0018722658   0.0060302802
       -0.0287759087  -0.0027520536  -0.0149891245  -0.0021974332   0.0671886023
       -0.2492774118   0.0803182170  -0.0627062486  -0.1133118134  -0.0023738042
       -0.0164970007   0.0004929199   0.0063640733   0.0288732973  -0.0036264025
       -0.0004520515  -0.0012067744   0.0006296988  -0.0025768679  -0.0008852213
       -0.0002362292   0.0000025991   0.0000063816  -0.0000037858  -0.0000338323
       -0.0000002746   0.0000278845   0.0000759939  -0.0000108589  -0.0000148650
       -0.0125139962  -0.0258262934  -0.0014993083  -0.0685563564  -0.0260753689
        0.0048965498   0.4763883576  -0.0270480355  -0.0312171648  -0.1610711579
       -0.0208670366  -0.0493566893  -0.0321932235   0.0028856114   0.0019463337
        0.0014112093   0.0015199751  -0.0044059214  -0.0016892776   0.0004047864
        0.0023072481  -0.0004247782   0.0012550427  -0.0000620985  -0.0051228268
       -0.0021494431  -0.0021338210   0.0007031206  -0.0012275652  -0.0002379174
        0.0007181014  -0.0003491772   0.0006868256  -0.0000830326  -0.0019617599
        0.0006162125   0.0037745271   0.0186767677   0.0000163305  -0.1451123906
        0.0842000187   0.0822283348  -0.0425370327   0.0003673334   0.0058842165
       -0.0039408664   0.0004391718  -0.0047087757  -0.0097229410  -0.0044258588
       -0.0048877138  -0.0001143937   0.0001302670   0.0001090486   0.0002247187
       -0.0000229023  -0.0001291267  -0.0001377609   0.0000744667  -0.0000525633
       -0.0075433470  -0.0086295864  -0.0019025238  -0.0255742293  -0.1897427774
        0.0061263948  -0.0270480355   0.4729553330  -0.0012592214  -0.0133672298
       -0.0595627379  -0.0047912399   0.0127058032   0.0022188573   0.0030898786
       -0.0006114626  -0.0002066468   0.0015223073   0.0010287699  -0.0014596271
       -0.0015840509   0.0003867971  -0.0013382577  -0.0001411842  -0.0005905815
        0.0007835234  -0.0002867949   0.0008917605   0.0010264482   0.0003588272
        0.0008443419   0.0007454552   0.0002606129  -0.0038906488  -0.0152393823
        0.0044407768  -0.0026872687  -0.0235529720  -0.0019021866   0.0838543443
       -0.1082539472  -0.0631470163  -0.0000851968  -0.0644775336   0.0661383825
        0.0083738818   0.0016139924   0.0042422939  -0.0267573130  -0.0068095358
       -0.0111799645   0.0000915364  -0.0000787311  -0.0000452008  -0.0001422477
        0.0000471165   0.0000693509   0.0001203256  -0.0000389909  -0.0000094415
       -0.0045296883  -0.0099406682  -0.0003029071   0.0046354750   0.0061075186
       -0.0689272324  -0.0312171648  -0.0012592214   0.5271315583  -0.0411695404
       -0.0061233156  -0.0884069614   0.0073967793   0.0075509794   0.0090617520
        0.0008861601  -0.0011445013  -0.0017938674   0.0030548663  -0.0035591786
        0.0005113094  -0.0001198384  -0.0008403180   0.0001204036  -0.0023647137
       -0.0009421661  -0.0002758222   0.0004272557   0.0003256067   0.0002567070
       -0.0004085172  -0.0011309592   0.0006478339   0.0064269305   0.0294325431
       -0.0040729021  -0.0028465497  -0.0174600304   0.0003962250   0.0817275866
       -0.0632371858  -0.1068882255   0.0067260269   0.0659617315  -0.2534131297
       -0.0257351479  -0.0024101856  -0.0138603096  -0.0029715426  -0.0012723249
       -0.0001394319   0.0001186704  -0.0000975177  -0.0000827896  -0.0000538879
        0.0001104378   0.0000305610   0.0000168400  -0.0000712446   0.0000072284
        0.0001352288  -0.0028327653  -0.0000204608  -0.0128211232  -0.0075791874
       -0.0049000847  -0.1610711579  -0.0133672298  -0.0411695404   0.4271397404
       -0.0023348956   0.0026995497  -0.1136191536   0.0253989834   0.0439932024
       -0.0006356929   0.0071401568   0.0166734149  -0.0290505395   0.0294981372
        0.0058783051   0.0025350788   0.0037867528  -0.0017726524  -0.0008154887
       -0.0004037729  -0.0003933665   0.0003891673  -0.0000471222  -0.0000764892
       -0.0000229740  -0.0000282779   0.0001951446   0.0004322772   0.0007532530
       -0.0000249814   0.0007686649   0.0004576557   0.0000039258  -0.0261503084
       -0.0014274778  -0.0091766586  -0.0044222444   0.0001460231  -0.0052129848
       -0.0419107911   0.0033720464  -0.0085465151  -0.0399056134  -0.0432631430
        0.0010114399  -0.0006475728   0.0004683066   0.0006079581   0.0004632089
       -0.0002673595  -0.0000696091  -0.0007907065   0.0005299164   0.0003004023
       -0.0017617944  -0.0049341667  -0.0000266904  -0.0256794513  -0.0083014184
       -0.0101130804  -0.0208670366  -0.0595627379  -0.0061233156  -0.0023348956
        0.5047516820  -0.0392176225   0.0285780234  -0.0865867313  -0.0305365049
        0.0022447827   0.0119731498   0.0014176254   0.0316797302  -0.0168964680
       -0.0042577675   0.0043728875   0.0025751386   0.0030270441  -0.0014877939
       -0.0003759465  -0.0005492348  -0.0000246404  -0.0001313043  -0.0000198967
       -0.0000146012  -0.0001109872   0.0000501808  -0.0005777933   0.0006614152
       -0.0009850927  -0.0005101771   0.0011039903  -0.0000343610   0.0122828280
        0.0016659122   0.0047713555   0.0074905728   0.0014702143   0.0039942908
        0.0047418081  -0.0770943909   0.0824547145  -0.0392673413  -0.2696688646
       -0.0032470511   0.0008035846  -0.0003450246  -0.0005480678   0.0008748768
       -0.0006807795  -0.0002702694  -0.0005435689   0.0004873177   0.0002137435
        0.0000230191   0.0001717540   0.0002384886  -0.0017847859  -0.0020463532
       -0.0003416128  -0.0493566893  -0.0047912399  -0.0884069614   0.0026995497
       -0.0392176225   0.5210887386   0.0468118052  -0.0302194092  -0.1008011960
        0.0337148367  -0.0138530840  -0.0434601325  -0.0063545278   0.0051696975
        0.0090999048  -0.0010477668   0.0031090612  -0.0007387021   0.0000143723
        0.0001032556   0.0002011495   0.0000027943  -0.0000994837  -0.0000566220
        0.0001251536  -0.0000512872   0.0002503233   0.0010906220   0.0005043885
        0.0009211282  -0.0001782596   0.0002133048   0.0001663206   0.0124395494
        0.0011039266   0.0054344499  -0.0281810369  -0.0034449918  -0.0158264525
       -0.0109520487   0.0841275376  -0.2455769729   0.0014970117  -0.0012561383
       -0.0422931542  -0.0005392773   0.0003718332   0.0003605961   0.0001689681
       -0.0001401888  -0.0002223618  -0.0001932899   0.0002450397  -0.0000369314
       -0.0000905054   0.0006223288  -0.0000620195   0.0001913466   0.0002645001
        0.0011384554  -0.0321932235   0.0127058032   0.0073967793  -0.1136191536
        0.0285780234   0.0468118052   0.3853539055  -0.1249764587  -0.1079774711
       -0.0861485619  -0.0094363529   0.1029508518  -0.1215364376   0.0636676473
       -0.0386745506  -0.0295492748   0.0261093176  -0.0083949688   0.0002862063
        0.0003094177   0.0000304411   0.0001945417  -0.0001670374  -0.0000609107
       -0.0001074195  -0.0001620226   0.0000194061   0.0000262993  -0.0003005759
       -0.0002256272   0.0004849109  -0.0010700928  -0.0001694686  -0.0042694500
       -0.0008186944  -0.0015471969  -0.0001691381   0.0002449323   0.0004146854
        0.0013670113  -0.0006342621   0.0013136827   0.0029309690   0.0008838834
       -0.0032732456  -0.0041565339   0.0032676200   0.0020924329   0.0001769792
        0.0015575722  -0.0008829860   0.0008275284  -0.0006455490  -0.0009000951
        0.0002778279  -0.0010492756   0.0000031521  -0.0017684499   0.0012567457
        0.0004028951   0.0028856114   0.0022188573   0.0075509794   0.0253989834
       -0.0865867313  -0.0302194092  -0.1249764587   0.3142069020  -0.0798413095
       -0.0050050952  -0.0749701683   0.0594237605   0.0649592484  -0.1211014155
        0.0506052369   0.0243079516  -0.0201907546   0.0032516329  -0.0003410806
       -0.0003572800  -0.0000721302   0.0002344116   0.0000816471   0.0000075791
        0.0001189949   0.0001967559   0.0000420020  -0.0002259247  -0.0001361436
        0.0005688573  -0.0000033249  -0.0003656962  -0.0011148664  -0.0021538726
        0.0006073470  -0.0008100221   0.0015962769   0.0002018247   0.0005367715
       -0.0081039933   0.0045586717   0.0067892619   0.0207740255  -0.0187717338
       -0.0175778373   0.0029835725  -0.0017536790  -0.0007437470  -0.0020503438
        0.0008941884   0.0002342579   0.0010916396   0.0010599382   0.0009629349
        0.0001009025  -0.0007427373  -0.0004181299  -0.0009656059   0.0011410399
       -0.0004903814   0.0019463337   0.0030898786   0.0090617520   0.0439932024
       -0.0305365049  -0.1008011960  -0.1079774711  -0.0798413095   0.8454815372
        0.0865517071   0.0700360633  -0.6132482807  -0.0464805897   0.0582767761
       -0.1304583340  -0.0008720270  -0.0028397285   0.0127932790  -0.0003049632
       -0.0001773907  -0.0000110926   0.0000048166  -0.0000078901  -0.0000025592
       -0.0002437797   0.0001002386  -0.0001211480   0.0006856913   0.0001983309
       -0.0006958467  -0.0000161521  -0.0010213082   0.0009108711  -0.0036226470
       -0.0002094489  -0.0010233802  -0.0020928761   0.0013268306  -0.0004566913
        0.0178391964  -0.0095887104  -0.0204161705   0.0038958238  -0.0039184116
        0.0002787963   0.0026825641  -0.0011690576  -0.0030325313   0.0036721087
       -0.0000300548   0.0017742655   0.0012037652  -0.0040866055   0.0008752407
       -0.0000493906  -0.0000894454  -0.0000400367  -0.0002406694   0.0001399161
       -0.0000413979   0.0014112093  -0.0006114626   0.0008861601  -0.0006356929
        0.0022447827   0.0337148367  -0.0861485619  -0.0050050952   0.0865517071
        0.0770759940  -0.0162218576  -0.0917047741   0.0105122815   0.0203563304
       -0.0310195976   0.0001765088  -0.0017954465  -0.0046130442  -0.0000316287
       -0.0001088914   0.0000105334   0.0000019345   0.0000576598   0.0000395870
        0.0001160797   0.0000479548   0.0000402703   0.0000285714   0.0000866474
        0.0001685284  -0.0003606387   0.0001871209   0.0000548119   0.0003259222
        0.0000064784   0.0000882875   0.0007114010  -0.0003402173   0.0001588158
       -0.0038127096   0.0031412080   0.0044016743  -0.0008645981   0.0000712207
        0.0012918907   0.0008881726  -0.0004632024  -0.0008293783   0.0008845869
       -0.0005385833   0.0008271470   0.0000112278  -0.0011651174   0.0000139783
       -0.0000890133   0.0001093100  -0.0000364334  -0.0001005723  -0.0000835536
       -0.0003460216   0.0015199751  -0.0002066468  -0.0011445013   0.0071401568
        0.0119731498  -0.0138530840  -0.0094363529  -0.0749701683   0.0700360633
       -0.0162218576   0.0682157196  -0.1115007078   0.0204842341  -0.0052035936
        0.0561042266  -0.0032952446  -0.0012626026   0.0016252010   0.0000622780
        0.0000566878  -0.0000115701  -0.0000803738   0.0000120463   0.0000688043
        0.0000424230  -0.0000900930  -0.0000011250   0.0000400689  -0.0000018574
        0.0000562456  -0.0002170229   0.0000834678   0.0001966982   0.0002594454
       -0.0000273278   0.0002476035  -0.0006362959  -0.0004229807  -0.0003398110
        0.0031259998  -0.0002818771  -0.0021566734  -0.0007404082   0.0013758456
        0.0016022824  -0.0008382051   0.0006003796   0.0003040724  -0.0004979588
       -0.0002225029  -0.0000810569  -0.0005212757   0.0003465977  -0.0007702131
       -0.0000912780   0.0004464512   0.0004387447   0.0005740962  -0.0006154095
        0.0006203576  -0.0044059214   0.0015223073  -0.0017938674   0.0166734149
        0.0014176254  -0.0434601325   0.1029508518   0.0594237605  -0.6132482807
       -0.0917047741  -0.1115007078   0.7485446069  -0.0298779527   0.0543806282
       -0.0918335653   0.0011820123  -0.0027897853   0.0042687227   0.0000970772
        0.0000969098  -0.0000289533  -0.0000872796  -0.0000047982  -0.0000607193
        0.0001335341  -0.0000662858   0.0000814025  -0.0004152567  -0.0001944938
        0.0000766079   0.0003046795   0.0009672353  -0.0003748715   0.0004636611
       -0.0000378029   0.0005563624   0.0004545775  -0.0005614684   0.0009954219
        0.0061121750  -0.0037457721  -0.0052281383  -0.0014525906   0.0011514135
       -0.0006726270   0.0005078150  -0.0007914215   0.0014073908  -0.0015145586
       -0.0006625555  -0.0003138293   0.0000957170   0.0015641695   0.0000253673
        0.0001055493  -0.0003131388   0.0000247109  -0.0002003949  -0.0000497962
       -0.0003376321  -0.0016892776   0.0010287699   0.0030548663  -0.0290505395
        0.0316797302  -0.0063545278  -0.1215364376   0.0649592484  -0.0464805897
        0.0105122815   0.0204842341  -0.0298779527   0.3106381670  -0.1871746670
       -0.0164313945  -0.1198996836   0.0369141317   0.0604526920   0.0000366365
       -0.0000877609   0.0000022653   0.0000391114   0.0001315336   0.0000466979
        0.0000899392   0.0001195127  -0.0000217157   0.0000700822   0.0000100301
        0.0002285915  -0.0003844644  -0.0000059602  -0.0001976686  -0.0014913620
        0.0000823007  -0.0001692253   0.0006488305   0.0001903964  -0.0001192375
       -0.0000556609  -0.0007766060  -0.0005002918  -0.0025700014   0.0023494544
        0.0017914922  -0.0186675512   0.0132448098   0.0076788262  -0.0302461350
        0.0121285818   0.0201111505   0.0036509103   0.0050851957   0.0070989428
       -0.0002310374   0.0004771695  -0.0000353882   0.0001204959  -0.0001560346
        0.0000624355   0.0004047864  -0.0014596271  -0.0035591786   0.0294981372
       -0.0168964680   0.0051696975   0.0636676473  -0.1211014155   0.0582767761
        0.0203563304  -0.0052035936   0.0543806282  -0.1871746670   0.2401882678
       -0.0589892452   0.0394095206  -0.0778417920  -0.0326751130   0.0000569387
        0.0001483213   0.0000168805  -0.0001104059  -0.0001081835  -0.0000393670
       -0.0001168114  -0.0001164951  -0.0000274392   0.0002909191   0.0000627696
       -0.0005227096   0.0000550279   0.0001074178   0.0007493768   0.0014844281
       -0.0000303971   0.0004016700  -0.0007762919  -0.0000503299   0.0000354260
       -0.0005187582  -0.0001594218  -0.0001606566   0.0008846015  -0.0011604180
       -0.0012402988   0.0188567673  -0.0123776001  -0.0085500036  -0.0068298803
        0.0117892728   0.0039522282   0.0206722520  -0.0161114425  -0.0172457191
        0.0000974402  -0.0001860023   0.0000946964   0.0000344886  -0.0001256451
        0.0000320742   0.0023072481  -0.0015840509   0.0005113094   0.0058783051
       -0.0042577675   0.0090999048  -0.0386745506   0.0506052369  -0.1304583340
       -0.0310195976   0.0561042266  -0.0918335653  -0.0164313945  -0.0589892452
        0.3471200206   0.0496505042  -0.0242619994  -0.1146206219  -0.0000033193
       -0.0000590881  -0.0000383964   0.0000077880   0.0000603886   0.0000107501
        0.0000585049   0.0000247298  -0.0000426916  -0.0002188306  -0.0000066787
        0.0001905974  -0.0002778407   0.0000692599  -0.0003648534   0.0003263337
        0.0001909988   0.0001214244   0.0004311834  -0.0000302578  -0.0001374093
        0.0001159015  -0.0009198821   0.0007034784   0.0007850763  -0.0011128578
       -0.0005405577  -0.0142688850   0.0089412222   0.0102472999   0.0183273963
       -0.0073212923  -0.0121245057   0.0228742479  -0.0171412956  -0.0179706203
        0.0001754305   0.0000108414   0.0000672881   0.0005497645   0.0000079621
        0.0001902215  -0.0004247782   0.0003867971  -0.0001198384   0.0025350788
        0.0043728875  -0.0010477668  -0.0295492748   0.0243079516  -0.0008720270
        0.0001765088  -0.0032952446   0.0011820123  -0.1198996836   0.0394095206
        0.0496505042   0.4405933753   0.0316902559   0.0504448982  -0.0000696256
       -0.0000406989  -0.0000098852  -0.0000448947  -0.0000160282  -0.0000374187
       -0.0000402415  -0.0000138908  -0.0000045402  -0.0001768258   0.0000245363
        0.0000231357  -0.0002547679  -0.0000831260  -0.0001993383  -0.0001130945
       -0.0001114310  -0.0001938956  -0.0001166793   0.0000185243   0.0001628309
       -0.0000029094   0.0002226855  -0.0006326335  -0.0017028584   0.0007316598
        0.0006166590  -0.0879836223   0.0574066393  -0.0849422652  -0.1249163616
       -0.1008156578   0.0539358562  -0.0787345404  -0.0542141840  -0.0682137972
       -0.0000512168  -0.0000435727  -0.0000432683  -0.0003281871  -0.0001527923
       -0.0001371795   0.0012550427  -0.0013382577  -0.0008403180   0.0037867528
        0.0025751386   0.0031090612   0.0261093176  -0.0201907546  -0.0028397285
       -0.0017954465  -0.0012626026  -0.0027897853   0.0369141317  -0.0778417920
       -0.0242619994   0.0316902559   0.4821968719  -0.0427278293   0.0000331010
        0.0000338785   0.0000138675   0.0000335292   0.0000051761   0.0000159422
        0.0000072569   0.0000206139  -0.0000030006   0.0000795804  -0.0000227902
        0.0000488418  -0.0000926173   0.0000152823   0.0000203703   0.0005735636
        0.0001055373   0.0002820442   0.0000245958   0.0000473566  -0.0001335851
        0.0000633843   0.0000549683   0.0002974419   0.0000625401   0.0001640905
        0.0000929305   0.0559595881  -0.1111919753   0.0992684879  -0.0967123917
       -0.1538482543   0.0650521509  -0.0576127808  -0.1193261222  -0.0944244446
       -0.0000141313  -0.0000463442  -0.0000802065  -0.0002031615  -0.0000328374
       -0.0001966729  -0.0000620985  -0.0001411842   0.0001204036  -0.0017726524
        0.0030270441  -0.0007387021  -0.0083949688   0.0032516329   0.0127932790
       -0.0046130442   0.0016252010   0.0042687227   0.0604526920  -0.0326751130
       -0.1146206219   0.0504448982  -0.0427278293   0.5054855692   0.0000254773
        0.0000177210   0.0000276286   0.0000310164   0.0000081158   0.0000271122
        0.0000245045   0.0000291039   0.0000310211   0.0000844537  -0.0000513566
        0.0000879308  -0.0000974382   0.0000230881   0.0000647577  -0.0000746583
        0.0000374120   0.0001016349   0.0001318550   0.0000510440  -0.0000297581
        0.0001831060  -0.0001737161   0.0003577604  -0.0001297926   0.0003814858
        0.0003824017  -0.0792970911   0.0947220635  -0.1710144332   0.0536922000
        0.0661951559  -0.0782793667  -0.0704111664  -0.0935206874  -0.1587884603
       -0.0543195751  -0.0529649412   0.0032767565  -0.0102271940  -0.0282033011
       -0.0004988101  -0.0051228268  -0.0005905815  -0.0023647137  -0.0008154887
       -0.0014877939   0.0000143723   0.0002862063  -0.0003410806  -0.0003049632
       -0.0000316287   0.0000622780   0.0000970772   0.0000366365   0.0000569387
       -0.0000033193  -0.0000696256   0.0000331010   0.0000254773   0.0648460359
        0.0632796956  -0.0015587411   0.0040468192   0.0213719728   0.0001154395
        0.0007500594  -0.0007528738   0.0008350717   0.0006418662  -0.0001441185
        0.0002613286   0.0004031419  -0.0004584978   0.0002818752  -0.0000802117
        0.0001072619  -0.0000399588   0.0000018529   0.0001677734  -0.0000571778
        0.0000680073  -0.0000190807   0.0000461017  -0.0004143558  -0.0001089036
       -0.0001361685  -0.0000000315  -0.0000064696  -0.0000109028   0.0000083923
        0.0000104338   0.0000043854  -0.0000080800  -0.0000118130   0.0000168698
       -0.0534195223  -0.2721384631   0.0091628826  -0.0037811055  -0.0066536904
       -0.0006238390  -0.0021494431   0.0007835234  -0.0009421661  -0.0004037729
       -0.0003759465   0.0001032556   0.0003094177  -0.0003572800  -0.0001773907
       -0.0001088914   0.0000566878   0.0000969098  -0.0000877609   0.0001483213
       -0.0000590881  -0.0000406989   0.0000338785   0.0000177210   0.0632796956
        0.3138554160  -0.0105232733  -0.0016107262  -0.0222650403  -0.0008602020
       -0.0025456166  -0.0142930814   0.0037159454   0.0003065438   0.0002318470
       -0.0002406868   0.0001176537   0.0004192542   0.0003475206   0.0000225786
        0.0003421250   0.0002199335   0.0002137950   0.0002227346  -0.0001864555
       -0.0000027964  -0.0000151744  -0.0000319873  -0.0000983484   0.0000069178
       -0.0000314869  -0.0000011291   0.0000034818  -0.0000138652   0.0000022235
       -0.0000065788   0.0000079893  -0.0000020960   0.0000010675   0.0000182831
        0.0033280716   0.0093948458  -0.0443970488  -0.0038986212  -0.0110147799
        0.0002488868  -0.0021338210  -0.0002867949  -0.0002758222  -0.0003933665
       -0.0005492348   0.0002011495   0.0000304411  -0.0000721302  -0.0000110926
        0.0000105334  -0.0000115701  -0.0000289533   0.0000022653   0.0000168805
       -0.0000383964  -0.0000098852   0.0000138675   0.0000276286  -0.0015587411
       -0.0105232733   0.0484165798  -0.0023125053  -0.0190794428   0.0002079837
        0.0067485352   0.0325007896  -0.0045024330  -0.0000812978  -0.0005557849
        0.0000845296   0.0004409637   0.0001924178   0.0001251900   0.0000285669
        0.0001181732  -0.0000324915  -0.0001229111  -0.0000820323   0.0000057945
        0.0000599752  -0.0000153676   0.0000394697  -0.0001405897  -0.0000414210
       -0.0000646227  -0.0000029084  -0.0000032011  -0.0000040521   0.0000007377
       -0.0000010045  -0.0000047436   0.0000045569  -0.0000009369   0.0000024438
       -0.1471978609   0.0827133251   0.0859713901  -0.0255789589   0.0144953813
        0.0139952262   0.0007031206   0.0008917605   0.0004272557   0.0003891673
       -0.0000246404   0.0000027943   0.0001945417   0.0002344116   0.0000048166
        0.0000019345  -0.0000803738  -0.0000872796   0.0000391114  -0.0001104059
        0.0000077880  -0.0000448947   0.0000335292   0.0000310164   0.0040468192
       -0.0016107262  -0.0023125053   0.1742433955  -0.0964240829  -0.0987816116
       -0.0004992983   0.0008646312   0.0029599008   0.0007724954   0.0002632128
        0.0005077875  -0.0069393823  -0.0004447518  -0.0024157346  -0.0001530494
       -0.0008101208  -0.0004210777  -0.0000861876   0.0000153925   0.0000922288
       -0.0000018218   0.0000737649   0.0000246487   0.0000445950  -0.0000437175
        0.0000212794   0.0000175090  -0.0000057544  -0.0000128293   0.0000118607
       -0.0000211558  -0.0000009758   0.0000369037  -0.0000096795  -0.0000141186
        0.0826536269  -0.1089373472  -0.0667490106  -0.0004499440   0.0016120231
        0.0018722658  -0.0012275652   0.0010264482   0.0003256067  -0.0000471222
       -0.0001313043  -0.0000994837  -0.0001670374   0.0000816471  -0.0000078901
        0.0000576598   0.0000120463  -0.0000047982   0.0001315336  -0.0001081835
        0.0000603886  -0.0000160282   0.0000051761   0.0000081158   0.0213719728
       -0.0222650403  -0.0190794428  -0.0964240829   0.1235025247   0.0785534417
       -0.0056597080   0.0048949269   0.0050360818   0.0002278370  -0.0001073458
        0.0001432001  -0.0004538650   0.0005682192   0.0000992256  -0.0000843730
       -0.0000540481  -0.0001948587   0.0000673980  -0.0000846612   0.0000257310
        0.0000423004  -0.0000071025   0.0000309465  -0.0000142337  -0.0000113340
       -0.0000171543   0.0000024713  -0.0000032127   0.0000006649   0.0000007397
        0.0000112761  -0.0000018962  -0.0000115798  -0.0000047081  -0.0000011341
        0.0863465189  -0.0667522929  -0.1142149948  -0.0062911168   0.0050712429
        0.0060302802  -0.0002379174   0.0003588272   0.0002567070  -0.0000764892
       -0.0000198967  -0.0000566220  -0.0000609107   0.0000075791  -0.0000025592
        0.0000395870   0.0000688043  -0.0000607193   0.0000466979  -0.0000393670
        0.0000107501  -0.0000374187   0.0000159422   0.0000271122   0.0001154395
       -0.0008602020   0.0002079837  -0.0987816116   0.0785534417   0.1293950818
        0.0217231213  -0.0166020560  -0.0226110198  -0.0004976684   0.0003529305
        0.0006910030  -0.0025201353  -0.0002114045   0.0003985139   0.0001177792
        0.0001076467   0.0002357927   0.0001299236  -0.0000724225  -0.0003044014
       -0.0000397045   0.0000089234   0.0000030124   0.0000262997   0.0000124118
        0.0000008696   0.0000001980  -0.0000030403   0.0000066865   0.0000024206
        0.0000048136  -0.0000064180  -0.0000050133  -0.0000018816  -0.0000070588
       -0.0429881664   0.0026309008  -0.0046519090  -0.0041764727   0.0078423351
       -0.0287759087   0.0007181014   0.0008443419  -0.0004085172  -0.0000229740
       -0.0000146012   0.0001251536  -0.0001074195   0.0001189949  -0.0002437797
        0.0001160797   0.0000424230   0.0001335341   0.0000899392  -0.0001168114
        0.0000585049  -0.0000402415   0.0000072569   0.0000245045   0.0007500594
       -0.0025456166   0.0067485352  -0.0004992983  -0.0056597080   0.0217231213
        0.0511425137  -0.0022585532   0.0088957382  -0.0056141344  -0.0007321641
       -0.0035922157   0.0008255958   0.0002288348  -0.0004848307  -0.0000900149
       -0.0000107958   0.0001362588  -0.0002327499  -0.0003860448   0.0001529628
        0.0000683712   0.0000002574   0.0001032737   0.0000536413   0.0000052882
        0.0000624014   0.0000140900  -0.0000055514   0.0000135308  -0.0000009598
       -0.0000042554  -0.0000050781  -0.0000059603   0.0000134688  -0.0000152801
        0.0025550437  -0.0674641328   0.0699059025   0.0003878906   0.0013032813
       -0.0027520536  -0.0003491772   0.0007454552  -0.0011309592  -0.0000282779
       -0.0001109872  -0.0000512872  -0.0001620226   0.0001967559   0.0001002386
        0.0000479548  -0.0000900930  -0.0000662858   0.0001195127  -0.0001164951
        0.0000247298  -0.0000138908   0.0000206139   0.0000291039  -0.0007528738
       -0.0142930814   0.0325007896   0.0008646312   0.0048949269  -0.0166020560
       -0.0022585532   0.0746898786  -0.0820166503  -0.0005067527   0.0005735737
       -0.0003538058   0.0002850822  -0.0001405313   0.0003126236   0.0000971290
       -0.0000805369  -0.0000611891  -0.0003039509  -0.0000360513   0.0001202651
        0.0000213116  -0.0000694262   0.0000633410  -0.0000112604  -0.0000116026
       -0.0000152706   0.0000027171  -0.0000059345  -0.0000045542  -0.0000003657
        0.0000030124  -0.0000023387   0.0000058526  -0.0000086255  -0.0000005434
       -0.0050433209   0.0698843702  -0.2599214690  -0.0052007621   0.0036086856
       -0.0149891245   0.0006868256   0.0002606129   0.0006478339   0.0001951446
        0.0000501808   0.0002503233   0.0000194061   0.0000420020  -0.0001211480
        0.0000402703  -0.0000011250   0.0000814025  -0.0000217157  -0.0000274392
       -0.0000426916  -0.0000045402  -0.0000030006   0.0000310211   0.0008350717
        0.0037159454  -0.0045024330   0.0029599008   0.0050360818  -0.0226110198
        0.0088957382  -0.0820166503   0.3012152575  -0.0035976869  -0.0001499793
       -0.0007627857   0.0004425864   0.0000990911   0.0007120202   0.0000800765
       -0.0000516255  -0.0003507696  -0.0004661918  -0.0004565210   0.0002885990
        0.0001388632   0.0000454280   0.0000419440   0.0000281910  -0.0000311560
        0.0000349572   0.0000116645   0.0000004104   0.0000007063  -0.0000028924
       -0.0000205313   0.0000004530   0.0000033712   0.0000152200  -0.0000030768
       -0.0048617531   0.0075722002  -0.0283604490  -0.0428331222   0.0032404099
       -0.0021974332  -0.0000830326  -0.0038906488   0.0064269305   0.0004322772
       -0.0005777933   0.0010906220   0.0000262993  -0.0002259247   0.0006856913
        0.0000285714   0.0000400689  -0.0004152567   0.0000700822   0.0002909191
       -0.0002188306  -0.0001768258   0.0000795804   0.0000844537   0.0006418662
        0.0003065438  -0.0000812978   0.0007724954   0.0002278370  -0.0004976684
       -0.0056141344  -0.0005067527  -0.0035976869   0.0522930748  -0.0004595634
        0.0063300476  -0.0007485631  -0.0046933243   0.0219300791   0.0001520378
        0.0005657334  -0.0003612806   0.0000716867  -0.0017036648  -0.0001851830
       -0.0002621656  -0.0003569664  -0.0004519967   0.0000013549   0.0001294256
       -0.0001169722  -0.0000146108  -0.0000081702  -0.0000284545   0.0000600751
        0.0000039091  -0.0000364127   0.0000443864  -0.0000338187   0.0000010980
       -0.0004260244   0.0017254593  -0.0029521873   0.0035810769  -0.0659615286
        0.0671886023  -0.0019617599  -0.0152393823   0.0294325431   0.0007532530
        0.0006614152   0.0005043885  -0.0003005759  -0.0001361436   0.0001983309
        0.0000866474  -0.0000018574  -0.0001944938   0.0000100301   0.0000627696
       -0.0000066787   0.0000245363  -0.0000227902  -0.0000513566  -0.0001441185
        0.0002318470  -0.0005557849   0.0002632128  -0.0001073458   0.0003529305
       -0.0007321641   0.0005735737  -0.0001499793  -0.0004595634   0.0791591962
       -0.0793936343   0.0010831945   0.0049529652  -0.0156365928   0.0001419307
        0.0006942794   0.0006126605  -0.0016004770  -0.0067590889   0.0011950798
       -0.0005670723  -0.0000132734  -0.0004580159   0.0002104970   0.0001982996
       -0.0000719279   0.0000298717   0.0000019771  -0.0000104023   0.0000108173
       -0.0000123116   0.0000087225  -0.0000033120  -0.0000080606  -0.0000122043
       -0.0044846937   0.0035945295  -0.0144246244  -0.0025456921   0.0674463942
       -0.2492774118   0.0006162125   0.0044407768  -0.0040729021  -0.0000249814
       -0.0009850927   0.0009211282  -0.0002256272   0.0005688573  -0.0006958467
        0.0001685284   0.0000562456   0.0000766079   0.0002285915  -0.0005227096
        0.0001905974   0.0000231357   0.0000488418   0.0000879308   0.0002613286
       -0.0002406868   0.0000845296   0.0005077875   0.0001432001   0.0006910030
       -0.0035922157  -0.0003538058  -0.0007627857   0.0063300476  -0.0793936343
        0.2890547756   0.0031071300   0.0042359137  -0.0232034706  -0.0002208018
       -0.0003158727   0.0004729629  -0.0002378283   0.0013363854   0.0005940657
        0.0002603085   0.0001041175   0.0002820072  -0.0000952838  -0.0001909809
       -0.0000019861  -0.0000032364   0.0000127713   0.0000366547  -0.0000372246
       -0.0000171058  -0.0000056682  -0.0000354852   0.0000318553  -0.0000475673
       -0.0257087240   0.0143910132   0.0136946836  -0.1376229974   0.0779833120
        0.0803182170   0.0037745271  -0.0026872687  -0.0028465497   0.0007686649
       -0.0005101771  -0.0001782596   0.0004849109  -0.0000033249  -0.0000161521
       -0.0003606387  -0.0002170229   0.0003046795  -0.0003844644   0.0000550279
       -0.0002778407  -0.0002547679  -0.0000926173  -0.0000974382   0.0004031419
        0.0001176537   0.0004409637  -0.0069393823  -0.0004538650  -0.0025201353
        0.0008255958   0.0002850822   0.0004425864  -0.0007485631   0.0010831945
        0.0031071300   0.1654979534  -0.0893580848  -0.0922403191   0.0002703783
       -0.0010574140  -0.0001333522   0.0000696234   0.0002354997  -0.0002311691
       -0.0000419121   0.0000824176   0.0000142232  -0.0000477884   0.0000031514
        0.0000645854   0.0000395945   0.0000285306   0.0000094116   0.0000324848
        0.0000100095   0.0000332891  -0.0000576367   0.0001048825   0.0001114464
       -0.0013803897   0.0021686930   0.0012512632   0.0780762844  -0.1046393619
       -0.0627062486   0.0186767677  -0.0235529720  -0.0174600304   0.0004576557
        0.0011039903   0.0002133048  -0.0010700928  -0.0003656962  -0.0010213082
        0.0001871209   0.0000834678   0.0009672353  -0.0000059602   0.0001074178
        0.0000692599  -0.0000831260   0.0000152823   0.0000230881  -0.0004584978
        0.0004192542   0.0001924178  -0.0004447518   0.0005682192  -0.0002114045
        0.0002288348  -0.0001405313   0.0000990911  -0.0046933243   0.0049529652
        0.0042359137  -0.0893580848   0.1256971079   0.0749019249  -0.0009539825
       -0.0073928304  -0.0001868177   0.0005732052   0.0008310429  -0.0003586217
        0.0000533516  -0.0001039466  -0.0000654089   0.0001503297   0.0002729772
        0.0001253874   0.0000440652  -0.0000344855   0.0000115612  -0.0000206841
       -0.0000364288  -0.0000314069   0.0000212789   0.0000458348  -0.0000492003
       -0.0070729662   0.0047898247   0.0057801303   0.0809219753  -0.0633439164
       -0.1133118134   0.0000163305  -0.0019021866   0.0003962250   0.0000039258
       -0.0000343610   0.0001663206  -0.0001694686  -0.0011148664   0.0009108711
        0.0000548119   0.0001966982  -0.0003748715  -0.0001976686   0.0007493768
       -0.0003648534  -0.0001993383   0.0000203703   0.0000647577   0.0002818752
        0.0003475206   0.0001251900  -0.0024157346   0.0000992256   0.0003985139
       -0.0004848307   0.0003126236   0.0007120202   0.0219300791  -0.0156365928
       -0.0232034706  -0.0922403191   0.0749019249   0.1273417369  -0.0002680551
       -0.0001231283   0.0010888226  -0.0004054106   0.0006787352   0.0006401936
        0.0001762869  -0.0000817225  -0.0003130873   0.0000308397   0.0001742801
       -0.0000556129  -0.0000309255  -0.0000231548  -0.0000465120   0.0000598211
        0.0000196937  -0.0000391196   0.0000087718  -0.0000303449   0.0000845587
        0.0011463328  -0.0011473142  -0.0004422060   0.0034029829  -0.0015582219
       -0.0023738042  -0.1451123906   0.0838543443   0.0817275866  -0.0261503084
        0.0122828280   0.0124395494  -0.0042694500  -0.0021538726  -0.0036226470
        0.0003259222   0.0002594454   0.0004636611  -0.0014913620   0.0014844281
        0.0003263337  -0.0001130945   0.0005735636  -0.0000746583  -0.0000802117
        0.0000225786   0.0000285669  -0.0001530494  -0.0000843730   0.0001177792
       -0.0000900149   0.0000971290   0.0000800765   0.0001520378   0.0001419307
       -0.0002208018   0.0002703783  -0.0009539825  -0.0002680551   0.1725246082
       -0.0948097362  -0.0925668693  -0.0011645309   0.0014954260   0.0035605242
        0.0004298964   0.0002686155   0.0002809798   0.0003713222   0.0002192629
        0.0005176610  -0.0000588242   0.0000541752   0.0000352665   0.0000772998
       -0.0000513247  -0.0000175960  -0.0000175442   0.0000050980   0.0000086528
        0.0008511172   0.0009107757   0.0001530051   0.0184549393  -0.0224785827
       -0.0164970007   0.0842000187  -0.1082539472  -0.0632371858  -0.0014274778
        0.0016659122   0.0011039266  -0.0008186944   0.0006073470  -0.0002094489
        0.0000064784  -0.0000273278  -0.0000378029   0.0000823007  -0.0000303971
        0.0001909988  -0.0001114310   0.0001055373   0.0000374120   0.0001072619
        0.0003421250   0.0001181732  -0.0008101208  -0.0000540481   0.0001076467
       -0.0000107958  -0.0000805369  -0.0000516255   0.0005657334   0.0006942794
       -0.0003158727  -0.0010574140  -0.0073928304  -0.0001231283  -0.0948097362
        0.1286922264   0.0747137137  -0.0046301819   0.0048245335   0.0038279272
        0.0002058030  -0.0001372711   0.0000340978  -0.0007222555   0.0005739941
        0.0001709378  -0.0000261480   0.0000118371   0.0000032537  -0.0000046698
        0.0000302449   0.0000004773  -0.0000447274  -0.0000038714   0.0000104950
        0.0000791576   0.0000760543   0.0001757301  -0.0001129942  -0.0017075250
        0.0004929199   0.0822283348  -0.0631470163  -0.1068882255  -0.0091766586
        0.0047713555   0.0054344499  -0.0015471969  -0.0008100221  -0.0010233802
        0.0000882875   0.0002476035   0.0005563624  -0.0001692253   0.0004016700
        0.0001214244  -0.0001938956   0.0002820442   0.0001016349  -0.0000399588
        0.0002199335  -0.0000324915  -0.0004210777  -0.0001948587   0.0002357927
        0.0001362588  -0.0000611891  -0.0003507696  -0.0003612806   0.0006126605
        0.0004729629  -0.0001333522  -0.0001868177   0.0010888226  -0.0925668693
        0.0747137137   0.1202857823   0.0222299182  -0.0156482511  -0.0213045739
       -0.0003110735   0.0001686978   0.0003557058   0.0002966543   0.0002373094
        0.0002730397  -0.0000113780   0.0000059117   0.0000275549   0.0000192441
       -0.0000105657  -0.0000215018  -0.0000328947   0.0000292917  -0.0000012402
        0.0003692199  -0.0004672085   0.0007751172  -0.0000261918  -0.0037416332
        0.0063640733  -0.0425370327  -0.0000851968   0.0067260269  -0.0044222444
        0.0074905728  -0.0281810369  -0.0001691381   0.0015962769  -0.0020928761
        0.0007114010  -0.0006362959   0.0004545775   0.0006488305  -0.0007762919
        0.0004311834  -0.0001166793   0.0000245958   0.0001318550   0.0000018529
        0.0002137950  -0.0001229111  -0.0000861876   0.0000673980   0.0001299236
       -0.0002327499  -0.0003039509  -0.0004661918   0.0000716867  -0.0016004770
       -0.0002378283   0.0000696234   0.0005732052  -0.0004054106  -0.0011645309
       -0.0046301819   0.0222299182   0.0515182929   0.0024991566  -0.0025586548
       -0.0052021158  -0.0003880088  -0.0031016104   0.0005408048   0.0001738742
       -0.0000625893   0.0000357143  -0.0000366439   0.0000134492  -0.0000176790
        0.0000055576  -0.0000209328   0.0000071230   0.0000214567  -0.0000060822
        0.0006526607   0.0006576455   0.0003846389  -0.0026245324  -0.0147194092
        0.0288732973   0.0003673334  -0.0644775336   0.0659617315   0.0001460231
        0.0014702143  -0.0034449918   0.0002449323   0.0002018247   0.0013268306
       -0.0003402173  -0.0004229807  -0.0005614684   0.0001903964  -0.0000503299
       -0.0000302578   0.0000185243   0.0000473566   0.0000510440   0.0001677734
        0.0002227346  -0.0000820323   0.0000153925  -0.0000846612  -0.0000724225
       -0.0003860448  -0.0000360513  -0.0004565210  -0.0017036648  -0.0067590889
        0.0013363854   0.0002354997   0.0008310429   0.0006787352   0.0014954260
        0.0048245335  -0.0156482511   0.0024991566   0.0775953713  -0.0776509213
       -0.0007889289   0.0004957744  -0.0000870886  -0.0001613879   0.0002141940
       -0.0005795867  -0.0000162636  -0.0000011465  -0.0000242013  -0.0000073906
        0.0000209757   0.0000086961  -0.0000046881  -0.0000304662   0.0000163838
        0.0000026468  -0.0007432861   0.0008622608   0.0007092911   0.0043557691
       -0.0036264025   0.0058842165   0.0661383825  -0.2534131297  -0.0052129848
        0.0039942908  -0.0158264525   0.0004146854   0.0005367715  -0.0004566913
        0.0001588158  -0.0003398110   0.0009954219  -0.0001192375   0.0000354260
       -0.0001374093   0.0001628309  -0.0001335851  -0.0000297581  -0.0000571778
       -0.0001864555   0.0000057945   0.0000922288   0.0000257310  -0.0003044014
        0.0001529628   0.0001202651   0.0002885990  -0.0001851830   0.0011950798
        0.0005940657  -0.0002311691  -0.0003586217   0.0006401936   0.0035605242
        0.0038279272  -0.0213045739  -0.0025586548  -0.0776509213   0.2927125072
       -0.0029343649  -0.0006900709  -0.0010150149   0.0001299956  -0.0000909875
       -0.0000114372   0.0000261131  -0.0000246182   0.0000057723  -0.0000197427
       -0.0000362835   0.0000044777   0.0000242037   0.0000249976   0.0000161781
        0.0000331661   0.0000001793   0.0001439752   0.0008143244   0.0009886699
       -0.0004520515  -0.0039408664   0.0083738818  -0.0257351479  -0.0419107911
        0.0047418081  -0.0109520487   0.0013670113  -0.0081039933   0.0178391964
       -0.0038127096   0.0031259998   0.0061121750  -0.0000556609  -0.0005187582
        0.0001159015  -0.0000029094   0.0000633843   0.0001831060   0.0000680073
       -0.0000027964   0.0000599752  -0.0000018218   0.0000423004  -0.0000397045
        0.0000683712   0.0000213116   0.0001388632  -0.0002621656  -0.0005670723
        0.0002603085  -0.0000419121   0.0000533516   0.0001762869   0.0004298964
        0.0002058030  -0.0003110735  -0.0052021158  -0.0007889289  -0.0029343649
        0.0508301308  -0.0049812571   0.0109045519   0.0013774589  -0.0024874776
        0.0046817791   0.0000561654  -0.0000051094  -0.0000621220   0.0001276774
       -0.0000451659  -0.0000296044   0.0000587435  -0.0001161306  -0.0001000013
       -0.0001115304  -0.0001087698   0.0000072036  -0.0003076181   0.0008683326
       -0.0012067744   0.0004391718   0.0016139924  -0.0024101856   0.0033720464
       -0.0770943909   0.0841275376  -0.0006342621   0.0045586717  -0.0095887104
        0.0031412080  -0.0002818771  -0.0037457721  -0.0007766060  -0.0001594218
       -0.0009198821   0.0002226855   0.0000549683  -0.0001737161  -0.0000190807
       -0.0000151744  -0.0000153676   0.0000737649  -0.0000071025   0.0000089234
        0.0000002574  -0.0000694262   0.0000454280  -0.0003569664  -0.0000132734
        0.0001041175   0.0000824176  -0.0001039466  -0.0000817225   0.0002686155
       -0.0001372711   0.0001686978  -0.0003880088   0.0004957744  -0.0006900709
       -0.0049812571   0.0853849762  -0.0946731970   0.0000238809  -0.0149983219
        0.0289993654   0.0000004368   0.0000287032   0.0000180015  -0.0000301911
       -0.0000363292   0.0000336704  -0.0000189639   0.0000198861  -0.0000075468
        0.0002768726   0.0000441148   0.0002276721   0.0008341484   0.0002902285
        0.0006296988  -0.0047087757   0.0042422939  -0.0138603096  -0.0085465151
        0.0824547145  -0.2455769729   0.0013136827   0.0067892619  -0.0204161705
        0.0044016743  -0.0021566734  -0.0052281383  -0.0005002918  -0.0001606566
        0.0007034784  -0.0006326335   0.0002974419   0.0003577604   0.0000461017
       -0.0000319873   0.0000394697   0.0000246487   0.0000309465   0.0000030124
        0.0001032737   0.0000633410   0.0000419440  -0.0004519967  -0.0004580159
        0.0002820072   0.0000142232  -0.0000654089  -0.0003130873   0.0002809798
        0.0000340978   0.0003557058  -0.0031016104  -0.0000870886  -0.0010150149
        0.0109045519  -0.0946731970   0.2854369197   0.0001588905   0.0031005871
       -0.0018866954  -0.0001173739   0.0000799768   0.0001230911  -0.0002008627
        0.0000629522   0.0000498700  -0.0000989875   0.0001430709   0.0000457592
       -0.0004639861  -0.0014217248  -0.0000222763  -0.0048320554  -0.0006478975
       -0.0025768679  -0.0097229410  -0.0267573130  -0.0029715426  -0.0399056134
       -0.0392673413   0.0014970117   0.0029309690   0.0207740255   0.0038958238
       -0.0008645981  -0.0007404082  -0.0014525906  -0.0025700014   0.0008846015
        0.0007850763  -0.0017028584   0.0000625401  -0.0001297926  -0.0004143558
       -0.0000983484  -0.0001405897   0.0000445950  -0.0000142337   0.0000262997
        0.0000536413  -0.0000112604   0.0000281910   0.0000013549   0.0002104970
       -0.0000952838  -0.0000477884   0.0001503297   0.0000308397   0.0003713222
       -0.0007222555   0.0002966543   0.0005408048  -0.0001613879   0.0001299956
        0.0013774589   0.0000238809   0.0001588905   0.0553529382   0.0477259058
        0.0005571587  -0.0001298795   0.0000407920   0.0000602758  -0.0001415874
        0.0001375660   0.0000385220   0.0001225805  -0.0001679676  -0.0001157957
       -0.0000974076  -0.0003765550   0.0000171814  -0.0019012558   0.0005125038
       -0.0008852213  -0.0044258588  -0.0068095358  -0.0012723249  -0.0432631430
       -0.2696688646  -0.0012561383   0.0008838834  -0.0187717338  -0.0039184116
        0.0000712207   0.0013758456   0.0011514135   0.0023494544  -0.0011604180
       -0.0011128578   0.0007316598   0.0001640905   0.0003814858  -0.0001089036
        0.0000069178  -0.0000414210  -0.0000437175  -0.0000113340   0.0000124118
        0.0000052882  -0.0000116026  -0.0000311560   0.0001294256   0.0001982996
       -0.0001909809   0.0000031514   0.0002729772   0.0001742801   0.0002192629
        0.0005739941   0.0002373094   0.0001738742   0.0002141940  -0.0000909875
       -0.0024874776  -0.0149983219   0.0031005871   0.0477259058   0.3084056756
        0.0036744433   0.0000618748   0.0000047767  -0.0000687822   0.0001152088
       -0.0000556731  -0.0000119820  -0.0001424464   0.0001347639   0.0001311510
       -0.0002441514  -0.0004923936   0.0001657623  -0.0019343115  -0.0002205889
       -0.0002362292  -0.0048877138  -0.0111799645  -0.0001394319   0.0010114399
       -0.0032470511  -0.0422931542  -0.0032732456  -0.0175778373   0.0002787963
        0.0012918907   0.0016022824  -0.0006726270   0.0017914922  -0.0012402988
       -0.0005405577   0.0006166590   0.0000929305   0.0003824017  -0.0001361685
       -0.0000314869  -0.0000646227   0.0000212794  -0.0000171543   0.0000008696
        0.0000624014  -0.0000152706   0.0000349572  -0.0001169722  -0.0000719279
       -0.0000019861   0.0000645854   0.0001253874  -0.0000556129   0.0005176610
        0.0001709378   0.0002730397  -0.0000625893  -0.0005795867  -0.0000114372
        0.0046817791   0.0289993654  -0.0018866954   0.0005571587   0.0036744433
        0.0447400509   0.0000978352  -0.0000073863  -0.0000432797   0.0000233672
       -0.0000516283   0.0000402283  -0.0000823970   0.0000672284   0.0000295281
       -0.0000225153  -0.0000164697   0.0000113007  -0.0000296532  -0.0000161817
        0.0000025991  -0.0001143937   0.0000915364   0.0001186704  -0.0006475728
        0.0008035846  -0.0005392773  -0.0041565339   0.0029835725   0.0026825641
        0.0008881726  -0.0008382051   0.0005078150  -0.0186675512   0.0188567673
       -0.0142688850  -0.0879836223   0.0559595881  -0.0792970911  -0.0000000315
       -0.0000011291  -0.0000029084   0.0000175090   0.0000024713   0.0000001980
        0.0000140900   0.0000027171   0.0000116645  -0.0000146108   0.0000298717
       -0.0000032364   0.0000395945   0.0000440652  -0.0000309255  -0.0000588242
       -0.0000261480  -0.0000113780   0.0000357143  -0.0000162636   0.0000261131
        0.0000561654   0.0000004368  -0.0001173739  -0.0001298795   0.0000618748
        0.0000978352   0.1081359769  -0.0739082097   0.0910373213   0.0084272817
       -0.0098059400   0.0121046384  -0.0057893160   0.0057920611  -0.0123296441
       -0.0000010316   0.0000125872  -0.0000010867   0.0000011530   0.0000099946
        0.0000063816   0.0001302670  -0.0000787311  -0.0000975177   0.0004683066
       -0.0003450246   0.0003718332   0.0032676200  -0.0017536790  -0.0011690576
       -0.0004632024   0.0006003796  -0.0007914215   0.0132448098  -0.0123776001
        0.0089412222   0.0574066393  -0.1111919753   0.0947220635  -0.0000064696
        0.0000034818  -0.0000032011  -0.0000057544  -0.0000032127  -0.0000030403
       -0.0000055514  -0.0000059345   0.0000004104  -0.0000081702   0.0000019771
        0.0000127713   0.0000285306  -0.0000344855  -0.0000231548   0.0000541752
        0.0000118371   0.0000059117  -0.0000366439  -0.0000011465  -0.0000246182
       -0.0000051094   0.0000287032   0.0000799768   0.0000407920   0.0000047767
       -0.0000073863  -0.0739082097   0.1289828807  -0.1084010698   0.0077947025
       -0.0130203954   0.0181984295  -0.0079968534   0.0091555667  -0.0118174463
        0.0000175654   0.0000121880   0.0000090639   0.0000404826  -0.0000007474
       -0.0000037858   0.0001090486  -0.0000452008  -0.0000827896   0.0006079581
       -0.0005480678   0.0003605961   0.0020924329  -0.0007437470  -0.0030325313
       -0.0008293783   0.0003040724   0.0014073908   0.0076788262  -0.0085500036
        0.0102472999  -0.0849422652   0.0992684879  -0.1710144332  -0.0000109028
       -0.0000138652  -0.0000040521  -0.0000128293   0.0000006649   0.0000066865
        0.0000135308  -0.0000045542   0.0000007063  -0.0000284545  -0.0000104023
        0.0000366547   0.0000094116   0.0000115612  -0.0000465120   0.0000352665
        0.0000032537   0.0000275549   0.0000134492  -0.0000242013   0.0000057723
       -0.0000621220   0.0000180015   0.0001230911   0.0000602758  -0.0000687822
       -0.0000432797   0.0910373213  -0.1084010698   0.1899111467  -0.0049282082
        0.0079318414  -0.0099120667  -0.0109014084   0.0108605704  -0.0179965127
       -0.0000479714   0.0000090933  -0.0000172937  -0.0000664745   0.0000246680
       -0.0000338323   0.0002247187  -0.0001422477  -0.0000538879   0.0004632089
        0.0008748768   0.0001689681   0.0001769792  -0.0020503438   0.0036721087
        0.0008845869  -0.0004979588  -0.0015145586  -0.0302461350  -0.0068298803
        0.0183273963  -0.1249163616  -0.0967123917   0.0536922000   0.0000083923
        0.0000022235   0.0000007377   0.0000118607   0.0000007397   0.0000024206
       -0.0000009598  -0.0000003657  -0.0000028924   0.0000600751   0.0000108173
       -0.0000372246   0.0000324848  -0.0000206841   0.0000598211   0.0000772998
       -0.0000046698   0.0000192441  -0.0000176790  -0.0000073906  -0.0000197427
        0.0001276774  -0.0000301911  -0.0002008627  -0.0001415874   0.0001152088
        0.0000233672   0.0084272817   0.0077947025  -0.0049282082   0.1540484752
        0.1113629254  -0.0724419017  -0.0091058720  -0.0138991317   0.0032841410
        0.0000212636   0.0000014175   0.0000209422   0.0000387418  -0.0000163356
       -0.0000002746  -0.0000229023   0.0000471165   0.0001104378  -0.0002673595
       -0.0006807795  -0.0001401888   0.0015575722   0.0008941884  -0.0000300548
       -0.0005385833  -0.0002225029  -0.0006625555   0.0121285818   0.0117892728
       -0.0073212923  -0.1008156578  -0.1538482543   0.0661951559   0.0000104338
       -0.0000065788  -0.0000010045  -0.0000211558   0.0000112761   0.0000048136
       -0.0000042554   0.0000030124  -0.0000205313   0.0000039091  -0.0000123116
       -0.0000171058   0.0000100095  -0.0000364288   0.0000196937  -0.0000513247
        0.0000302449  -0.0000105657   0.0000055576   0.0000209757  -0.0000362835
       -0.0000451659  -0.0000363292   0.0000629522   0.0001375660  -0.0000556731
       -0.0000516283  -0.0098059400  -0.0130203954   0.0079318414   0.1113629254
        0.1710127133  -0.0718747589  -0.0137042160  -0.0158746284   0.0058204069
        0.0000088752   0.0000021408   0.0000204919   0.0000162205  -0.0000202884
        0.0000278845  -0.0001291267   0.0000693509   0.0000305610  -0.0000696091
       -0.0002702694  -0.0002223618  -0.0008829860   0.0002342579   0.0017742655
        0.0008271470  -0.0000810569  -0.0003138293   0.0201111505   0.0039522282
       -0.0121245057   0.0539358562   0.0650521509  -0.0782793667   0.0000043854
        0.0000079893  -0.0000047436  -0.0000009758  -0.0000018962  -0.0000064180
       -0.0000050781  -0.0000023387   0.0000004530  -0.0000364127   0.0000087225
       -0.0000056682   0.0000332891  -0.0000314069  -0.0000391196  -0.0000175960
        0.0000004773  -0.0000215018  -0.0000209328   0.0000086961   0.0000044777
       -0.0000296044   0.0000336704   0.0000498700   0.0000385220  -0.0000119820
        0.0000402283   0.0121046384   0.0181984295  -0.0099120667  -0.0724419017
       -0.0718747589   0.0913955170  -0.0134458613  -0.0152741165   0.0075858323
        0.0000109369  -0.0000219864  -0.0000360078  -0.0000666510   0.0000632988
        0.0000759939  -0.0001377609   0.0001203256   0.0000168400  -0.0007907065
       -0.0005435689  -0.0001932899   0.0008275284   0.0010916396   0.0012037652
        0.0000112278  -0.0005212757   0.0000957170   0.0036509103   0.0206722520
        0.0228742479  -0.0787345404  -0.0576127808  -0.0704111664  -0.0000080800
       -0.0000020960   0.0000045569   0.0000369037  -0.0000115798  -0.0000050133
       -0.0000059603   0.0000058526   0.0000033712   0.0000443864  -0.0000033120
       -0.0000354852  -0.0000576367   0.0000212789   0.0000087718  -0.0000175442
       -0.0000447274  -0.0000328947   0.0000071230  -0.0000046881   0.0000242037
        0.0000587435  -0.0000189639  -0.0000989875   0.0001225805  -0.0001424464
       -0.0000823970  -0.0057893160  -0.0079968534  -0.0109014084  -0.0091058720
       -0.0137042160  -0.0134458613   0.0899437275   0.0586538471   0.0709350438
       -0.0000255230   0.0000273841   0.0000100142   0.0000085215  -0.0000015693
       -0.0000108589   0.0000744667  -0.0000389909  -0.0000712446   0.0005299164
        0.0004873177   0.0002450397  -0.0006455490   0.0010599382  -0.0040866055
       -0.0011651174   0.0003465977   0.0015641695   0.0050851957  -0.0161114425
       -0.0171412956  -0.0542141840  -0.1193261222  -0.0935206874  -0.0000118130
        0.0000010675  -0.0000009369  -0.0000096795  -0.0000047081  -0.0000018816
        0.0000134688  -0.0000086255   0.0000152200  -0.0000338187  -0.0000080606
        0.0000318553   0.0001048825   0.0000458348  -0.0000303449   0.0000050980
       -0.0000038714   0.0000292917   0.0000214567  -0.0000304662   0.0000249976
       -0.0001161306   0.0000198861   0.0001430709  -0.0001679676   0.0001347639
        0.0000672284   0.0057920611   0.0091555667   0.0108605704  -0.0138991317
       -0.0158746284  -0.0152741165   0.0586538471   0.1401301285   0.1171465143
       -0.0000312977   0.0000304776   0.0000188762   0.0000081001  -0.0000124968
       -0.0000148650  -0.0000525633  -0.0000094415   0.0000072284   0.0003004023
        0.0002137435  -0.0000369314  -0.0009000951   0.0009629349   0.0008752407
        0.0000139783  -0.0007702131   0.0000253673   0.0070989428  -0.0172457191
       -0.0179706203  -0.0682137972  -0.0944244446  -0.1587884603   0.0000168698
        0.0000182831   0.0000024438  -0.0000141186  -0.0000011341  -0.0000070588
       -0.0000152801  -0.0000005434  -0.0000030768   0.0000010980  -0.0000122043
       -0.0000475673   0.0001114464  -0.0000492003   0.0000845587   0.0000086528
        0.0000104950  -0.0000012402  -0.0000060822   0.0000163838   0.0000161781
       -0.0001000013  -0.0000075468   0.0000457592  -0.0001157957   0.0001311510
        0.0000295281  -0.0123296441  -0.0118174463  -0.0179965127   0.0032841410
        0.0058204069   0.0075858323   0.0709350438   0.1171465143   0.1861753200
