           1           2   1.00963164708174     
           2           3  0.991054414503450     
           2           4   1.01357773061649     
           4           5   1.83890822403828     
           5           6  0.938629890768672     
           6           7   1.01823462684356     
           6           8  0.117062145509248     
           7           8   1.57418363514089     
           7           9   1.28043139103299     
           8           9  0.173701520881969     
           9          10  0.991599048999578     
           2          11  0.884716739567005     
          11          12   1.01251968896987     
           1          13  0.974351411070115     
           1          14  0.981230208846867     
           1          15  0.981595493826827     
           3          16  0.980478139853503     
           3          17  0.977500885314640     
           3          18  0.981382716269550     
           4          19  0.936279980151603     
           9          20  0.913652234064443     
          10          21  0.972610130212886     
          10          22  0.972688757548364     
          10          23  0.978269707027521     
          12          24  0.978785616349893     
          12          25  0.981716136412184     
          12          26  0.973969830038690     
