           1           2  0.983075637429556     
           2           3   1.00525945649664     
           2           4   1.01385658577383     
           4           5   1.84373852301743     
           5           6  0.974704614183288     
           6           7   1.00328465080839     
           7           8   1.56734382675282     
           7           9   1.31229552425542     
           8           9  0.183238705518176     
           9          10  0.993946050712169     
           2          11  0.905701854735852     
          11          12   1.01162931138267     
           1          13  0.978873848750736     
           1          14  0.981380570383294     
           1          15  0.980461323277641     
           3          16  0.981034592254833     
           3          17  0.983344147939473     
           3          18  0.976076155560279     
           4          19  0.937824623960374     
           9          20  0.898539662044747     
          10          21  0.978529556903574     
          10          22  0.972386039270017     
          10          23  0.972294304385054     
          12          24  0.978660649269217     
          12          25  0.982765906084500     
          12          26  0.975118406165969     
