           1           2   1.01909788411015     
           2           3   1.00887284361080     
           3           4  0.985088033828271     
           4           5  0.999386214380332     
           5           6   1.80450104841848     
           5           7   1.02039410368363     
           1           8  0.987194719871155     
           1           9  0.986973893911014     
           1          10  0.987397805962238     
           2          11  0.978059131663132     
           2          12  0.977070937670926     
           3          13  0.974233176382695     
           3          14  0.975086137346786     
           4          15  0.974161298246811     
           4          16  0.945172067114256     
           7          17  0.967732070034535     
           7          18  0.940306057279709     
           7          19  0.977747651121261     
