$hessian                                                                        
        0.4616000839  -0.0650267167   0.0000640784  -0.1222028686  -0.0601511151
        0.0000829037  -0.0402408227  -0.0177348836   0.0000297456   0.0006480156
       -0.0002870149   0.0000004764  -0.0000365826  -0.0010072226   0.0000010680
       -0.0008629140   0.0001597192   0.0000011968  -0.0025751245  -0.0021633177
        0.0000047018  -0.0034139384   0.0003150710   0.0000006544   0.0004320255
        0.0028936349  -0.0000066510   0.0001377581   0.0009162036   0.0000003530
        0.0001448244  -0.0001085087  -0.0000023092   0.0005839389  -0.0001076547
       -0.0000002569  -0.0005634691   0.0011326565  -0.0000009255   0.0004973403
       -0.0004057834   0.0000002984  -0.0420485516   0.0115178210   0.0130643826
       -0.2079778901   0.1198753228  -0.0000629928  -0.0420648705   0.0115541349
       -0.0131799652  -0.0011830292  -0.0000166113  -0.0000004738  -0.0007325052
       -0.0012377393   0.0000023666  -0.0000637369   0.0000089833  -0.0000014987
       -0.0000637224   0.0000086340   0.0000029013   0.0000095483  -0.0000340850
        0.0000000312  -0.0000235093  -0.0001015283  -0.0000000850
       -0.0650267167   0.4756073988   0.0000426214  -0.0772034425  -0.1562652408
        0.0001248797   0.0004442470   0.0151896485  -0.0000183783   0.0026721112
        0.0006811999  -0.0000023826  -0.0004424013   0.0005351140  -0.0000002765
       -0.0008684081   0.0010828879   0.0000004807  -0.0011838383  -0.0016699965
        0.0000030009   0.0025266728  -0.0049074029   0.0000088154  -0.0017646460
        0.0029803227  -0.0000030072   0.0013292721   0.0014101808  -0.0000011932
        0.0001990226  -0.0003859699  -0.0000022159   0.0009741287  -0.0000183595
       -0.0000004825  -0.0009045747   0.0008009461  -0.0000007649   0.0005566949
       -0.0003863893   0.0000001115   0.0126874866  -0.1087835426  -0.1043807011
        0.1119738202  -0.1173697605   0.0000357946   0.0127204214  -0.1083960712
        0.1042000996   0.0013411153   0.0000035166  -0.0000016277   0.0001186813
       -0.0000950363  -0.0000076027  -0.0000966814   0.0000245068   0.0000295191
       -0.0000963568   0.0000247894  -0.0000271753  -0.0000164865   0.0000019922
        0.0000011896   0.0000598783  -0.0000647343  -0.0000007047
        0.0000640784   0.0000426214   0.4935582067   0.0000950269   0.0001160883
       -0.0451424388   0.0000144752  -0.0000076650  -0.0034067880  -0.0000020396
       -0.0000035064  -0.0015478723   0.0000000757   0.0000009975   0.0005764193
        0.0000003950  -0.0000004086   0.0001533162   0.0000070065   0.0000055073
        0.0011329642  -0.0000017108   0.0000025584   0.0013038703   0.0000030530
        0.0000006909   0.0004893035  -0.0000037063  -0.0000034444  -0.0003856439
       -0.0000004650   0.0000001779   0.0000125296  -0.0000006576  -0.0000000516
       -0.0001267601   0.0000013271  -0.0000019577  -0.0001042034  -0.0000010733
        0.0000012210   0.0000739752   0.0149771679  -0.1035393039  -0.2012246401
       -0.0000558146   0.0000329860  -0.0432371469  -0.0150946343   0.1033611130
       -0.2015970748  -0.0000008403  -0.0000003101  -0.0001614464  -0.0000010669
       -0.0000078397  -0.0003834511  -0.0000226921  -0.0000114345  -0.0000011874
        0.0000218635   0.0000116612  -0.0000009850  -0.0000002467   0.0000003357
       -0.0000037646   0.0000004784  -0.0000000366   0.0000228179
       -0.1222028686  -0.0772034425   0.0000950269   0.4749397354   0.0361400397
       -0.0002156262  -0.2202396280   0.0783423782   0.0000154995  -0.0220320141
        0.0146119388  -0.0000092125  -0.0057633607   0.0051087014  -0.0000081332
        0.0053007919   0.0037889546  -0.0000135421   0.0130477409  -0.0013046222
       -0.0000165069  -0.0672627178   0.0104992286   0.0000305780   0.0040663120
       -0.0118061181   0.0000150230  -0.0079386840  -0.0056235825   0.0000605115
       -0.0001099289   0.0016007767  -0.0000291527  -0.0048253120   0.0006590303
       -0.0000004714   0.0035294159  -0.0091171893   0.0000056183  -0.0051145131
        0.0042824696   0.0000037950  -0.0074601737  -0.0141334767  -0.0075801590
       -0.0319370619  -0.0204447818   0.0000317135  -0.0074414682  -0.0141099802
        0.0076149735  -0.0010945471  -0.0016876915   0.0000008957   0.0016876332
       -0.0002412972   0.0000035190   0.0002093740   0.0000255351  -0.0001812495
        0.0002099779   0.0000258345   0.0001808400  -0.0000089718  -0.0001020568
       -0.0000017388   0.0004402687   0.0006893514  -0.0000022015
       -0.0601511151  -0.1562652408   0.0001160883   0.0361400397   0.3342934998
       -0.0002712721   0.0526251977  -0.1142282225   0.0000530981   0.0421027341
       -0.0171425336   0.0000031144   0.0020333441  -0.0071005826   0.0000183740
       -0.0011438401  -0.0026250273   0.0000055959  -0.0058351708  -0.0023405391
        0.0000200604  -0.0185141645  -0.0010777338   0.0000142208  -0.0103219964
        0.0073612814  -0.0000151608  -0.0008374741   0.0006405867  -0.0000258335
       -0.0001048917  -0.0001971862   0.0000156632   0.0013021871  -0.0003225179
       -0.0000005263   0.0008114707   0.0021445748  -0.0000013098   0.0015838640
       -0.0017060092  -0.0000005405  -0.0238565397  -0.0262925390  -0.0061168238
        0.0067546661   0.0092813182  -0.0000104866  -0.0238160370  -0.0262457371
        0.0061838573  -0.0007845822   0.0017602686  -0.0000025697   0.0020753275
        0.0001481881   0.0000155511   0.0000387160   0.0000357277   0.0000890151
        0.0000376168   0.0000353708  -0.0000912424  -0.0000245715   0.0000245906
       -0.0000007058  -0.0001147810  -0.0001815379   0.0000018327
        0.0000829037   0.0001248797  -0.0451424388  -0.0002156262  -0.0002712721
        0.0614368544   0.0000294664   0.0000569844  -0.0347851673  -0.0000269223
        0.0000020879   0.0035104662   0.0000029254   0.0000153667   0.0070034194
       -0.0000014138   0.0000001545   0.0000593801   0.0000095303   0.0000095225
        0.0043670178   0.0000543122  -0.0000044333   0.0032748733   0.0000089598
       -0.0000046357  -0.0015630809  -0.0000006665   0.0000006980  -0.0002210559
        0.0000003174  -0.0000016515   0.0000577764  -0.0000005588  -0.0000001558
       -0.0007361000  -0.0000020814   0.0000027836   0.0005213548  -0.0000008496
        0.0000000583  -0.0003763090  -0.0201945454  -0.0185752860   0.0024592680
        0.0000054999  -0.0000009513   0.0006725851   0.0202453317   0.0186345047
        0.0023957603  -0.0000006429  -0.0000025225  -0.0018277415   0.0000046289
        0.0000150104  -0.0011025758   0.0000360034   0.0000203575   0.0000000177
       -0.0000362874  -0.0000209339  -0.0000010088  -0.0000002119   0.0000001383
       -0.0000057902  -0.0000000729  -0.0000007043   0.0000024945
       -0.0402408227   0.0004442470   0.0000144752  -0.2202396280   0.0526251977
        0.0000294664   0.5754534757  -0.0314354715  -0.0002231943  -0.1110069887
        0.1011189950  -0.0000657028  -0.0049684284   0.0250198042  -0.0000061280
       -0.0038461609  -0.0109956939   0.0000282477  -0.0562940941  -0.0122007889
        0.0000577230  -0.1463507055  -0.1432697038   0.0002203455  -0.0013337842
        0.0209486816  -0.0000242246   0.0038640617   0.0094301122  -0.0000749882
        0.0005815140  -0.0023714925   0.0000379449   0.0034692272  -0.0005294562
        0.0000010870  -0.0110028348   0.0122715021  -0.0000022911   0.0065625865
       -0.0030083619  -0.0000053478   0.0019749735   0.0009700923   0.0017134543
       -0.0050588441  -0.0036722181   0.0000027656   0.0019726805   0.0009686647
       -0.0017178554   0.0070033476  -0.0196776857   0.0000147067   0.0005576793
        0.0038153908  -0.0000054501  -0.0001643713   0.0000635530   0.0002471527
       -0.0001651317   0.0000635317  -0.0002464915   0.0000128993   0.0001275963
       -0.0000004865  -0.0007806509  -0.0007064963   0.0000047916
       -0.0177348836   0.0151896485  -0.0000076650   0.0783423782  -0.1142282225
        0.0000569844  -0.0314354715   0.6996684689  -0.0006512137   0.0274786138
       -0.3274124079   0.0002562291   0.0723485537  -0.0168042498  -0.0000186927
       -0.0044672299  -0.0405773832   0.0000369374  -0.0465407228   0.0324102055
       -0.0000250254  -0.0629616488  -0.1582568797   0.0001780505  -0.0107934776
       -0.0745243641   0.0001340391   0.0081464580   0.0019997298   0.0000346490
       -0.0007956921  -0.0001868100  -0.0000273954  -0.0077399937   0.0012797184
       -0.0000016295  -0.0061888106   0.0101994152  -0.0000001202   0.0073564595
       -0.0029243340  -0.0000037850  -0.0008881310   0.0005984428  -0.0004162851
       -0.0031929312  -0.0023365714   0.0000056780  -0.0008844221   0.0005974462
        0.0004185467   0.0027879857  -0.0238664327   0.0000248257  -0.0034502870
       -0.0013515336  -0.0000002317   0.0004383908   0.0000046022   0.0003259241
        0.0004455112   0.0000153277  -0.0003180058  -0.0001510846   0.0000145047
       -0.0000001396  -0.0001195644   0.0004916790  -0.0000016750
        0.0000297456  -0.0000183783  -0.0034067880   0.0000154995   0.0000530981
       -0.0347851673  -0.0002231943  -0.0006512137   0.1163139347  -0.0000012689
        0.0002409641  -0.0422937896  -0.0000648933   0.0000056709  -0.0001071798
        0.0000085440   0.0000467162  -0.0020059428   0.0000478160  -0.0000478004
       -0.0056062054   0.0001576603   0.0002145776  -0.0490494444   0.0000127211
        0.0001235988   0.0068261336  -0.0000066595  -0.0000091558   0.0072604434
        0.0000070209   0.0000177160  -0.0000634204   0.0000022888  -0.0000008937
        0.0001075737   0.0000198637  -0.0000160938   0.0067051976  -0.0000142491
        0.0000049424  -0.0014388607  -0.0015132787   0.0000711408   0.0005454956
        0.0000041114   0.0000037265   0.0005077684   0.0015130811  -0.0000710418
        0.0005446213  -0.0000057348   0.0000336138   0.0003038183   0.0000022783
       -0.0000070396   0.0003437835   0.0000241318   0.0000472526  -0.0001035456
       -0.0000168984  -0.0000466248  -0.0000993990   0.0000009035   0.0000052715
       -0.0000301498   0.0000005110  -0.0000000472  -0.0004688773
        0.0006480156   0.0026721112  -0.0000020396  -0.0220320141   0.0421027341
       -0.0000269223  -0.1110069887   0.0274786138  -0.0000012689   0.6377250933
        0.0000208809  -0.0003471256  -0.2929636623   0.0615880058   0.0001434071
       -0.0462618590  -0.0470301152   0.0000601182  -0.0222419356   0.0263051868
       -0.0000312496   0.0401382133   0.0077304931  -0.0000358228  -0.0012911139
       -0.0106219251   0.0000046500  -0.0000842206  -0.0010552549   0.0000266695
        0.0000089659   0.0004210274  -0.0000095393  -0.0064881940  -0.0007473298
        0.0000036875  -0.0286609468   0.0299669227  -0.0000090121   0.0111870815
       -0.0038743095  -0.0000048299   0.0003126511  -0.0000114901   0.0001568105
        0.0002580165   0.0002454892   0.0000009966   0.0003120675  -0.0000129411
       -0.0001571282  -0.1595974100  -0.1325891026   0.0002124825  -0.0016040519
        0.0000334649   0.0000098841   0.0002737063  -0.0000764145   0.0000249493
        0.0002749068  -0.0000702358  -0.0000184684  -0.0000644847   0.0000553119
        0.0000005706   0.0011581638  -0.0025311232  -0.0000008192
       -0.0002870149   0.0006811999  -0.0000035064   0.0146119388  -0.0171425336
        0.0000020879   0.1011189950  -0.3274124079   0.0002409641   0.0000208809
        0.6931072818  -0.0005840840   0.0190038895  -0.0818844991   0.0000090517
       -0.0138857442   0.0297201486  -0.0000173867   0.0249982410  -0.0161024575
        0.0000034459  -0.0405967578  -0.0623778362   0.0001007825  -0.0053240330
        0.0040116629   0.0000184388  -0.0045231725  -0.0022122495  -0.0000027227
        0.0003486976  -0.0001102588   0.0000106510   0.0011769426  -0.0032522753
        0.0000060320   0.0324302086  -0.0201925933  -0.0000033308  -0.0002664141
       -0.0059860006   0.0000077701   0.0001767895   0.0002608160  -0.0004389699
       -0.0007814116  -0.0005270800   0.0000000610   0.0001776836   0.0002615852
        0.0004382924  -0.1343226599  -0.1911789613   0.0002340714   0.0024072736
        0.0004298010  -0.0000093715  -0.0002105103  -0.0000173827  -0.0000618299
       -0.0002120903  -0.0000188052   0.0000531748   0.0000749211   0.0001241582
       -0.0000014300   0.0038633469  -0.0001813128  -0.0000021917
        0.0000004764  -0.0000023826  -0.0015478723  -0.0000092125   0.0000031144
        0.0035104662  -0.0000657028   0.0002562291  -0.0422937896  -0.0003471256
       -0.0005840840   0.1004342072   0.0001657642  -0.0000021984  -0.0414621125
        0.0000372520  -0.0000021918   0.0019055541  -0.0000192269   0.0000000251
       -0.0012715572   0.0000319261   0.0000628932  -0.0024552594   0.0000069796
        0.0000184407   0.0065545384   0.0000064807   0.0000031845  -0.0001082986
       -0.0000008069  -0.0000011665  -0.0000826596   0.0000015802   0.0000060081
        0.0040259343  -0.0000086273  -0.0000049777  -0.0021888289  -0.0000040407
        0.0000098407   0.0036208122  -0.0000210760   0.0004028697   0.0000767140
        0.0000007964   0.0000009371   0.0003293241   0.0000206731  -0.0004031985
        0.0000763036   0.0002108933   0.0002354943  -0.0277107246  -0.0000016627
       -0.0000006011  -0.0005386394   0.0000049812   0.0000120731   0.0000119099
       -0.0000049984  -0.0000116689   0.0000109408  -0.0000002488   0.0000000705
        0.0000070500  -0.0000050746   0.0000012892  -0.0009040128
       -0.0000365826  -0.0004424013   0.0000000757  -0.0057633607   0.0020333441
        0.0000029254  -0.0049684284   0.0723485537  -0.0000648933  -0.2929636623
        0.0190038895   0.0001657642   0.6444401012   0.0133313855  -0.0003612037
       -0.1782191623  -0.0958236401   0.0001334774   0.0359698081  -0.0376799224
        0.0000424982  -0.0408089664  -0.0194592873   0.0000488539  -0.0004307835
        0.0029826308  -0.0000029882  -0.0018814690   0.0025157391  -0.0000220316
        0.0000743795   0.0003260746   0.0000100271  -0.0332583173  -0.0131797808
        0.0000237523  -0.0668806211   0.0247349036   0.0000020605  -0.0302004784
        0.0513064627  -0.0000091577  -0.0004797706  -0.0000171066  -0.0000893682
        0.0001374882  -0.0000853982  -0.0000004985  -0.0004799834  -0.0000158588
        0.0000901277  -0.0225128010  -0.0002238270   0.0000135090   0.0007189318
        0.0001583565  -0.0000060186  -0.0001832471   0.0001740486   0.0000907633
       -0.0001850178   0.0001717891  -0.0000956732   0.0000356260   0.0002754562
        0.0000030296  -0.0021236831  -0.0224354115   0.0000249689
       -0.0010072226   0.0005351140   0.0000009975   0.0051087014  -0.0071005826
        0.0000153667   0.0250198042  -0.0168042498   0.0000056709   0.0615880058
       -0.0818844991  -0.0000021984   0.0133313855   0.6036283529  -0.0003948913
       -0.1184126877  -0.1985861063   0.0001884308   0.0110619865  -0.0477421348
        0.0000440789  -0.0185301076   0.0210100502  -0.0000317726   0.0081624786
       -0.0187849621   0.0000123548  -0.0025278506  -0.0091016095  -0.0000112754
       -0.0020468903   0.0003457099   0.0000144968  -0.0092709892   0.0065270275
        0.0000016116  -0.0065747986  -0.1909350657   0.0001205507   0.0614732331
       -0.0387744126  -0.0000082559  -0.0000433285  -0.0000595025   0.0004002329
        0.0000444927   0.0002406141   0.0000008349  -0.0000441704  -0.0000605940
       -0.0003996193  -0.0193911683   0.0031802008   0.0000085535  -0.0028312282
        0.0012884612   0.0000009196   0.0002484144   0.0002925886   0.0003334075
        0.0002480108   0.0002903255  -0.0003299013  -0.0001401498  -0.0004438427
       -0.0000002009  -0.0054659211  -0.0270608830   0.0000306080
        0.0000010680  -0.0000002765   0.0005764193  -0.0000081332   0.0000183740
        0.0070034194  -0.0000061280  -0.0000186927  -0.0001071798   0.0001434071
        0.0000090517  -0.0414621125  -0.0003612037  -0.0003948913   0.1069180702
        0.0001584743   0.0001769850  -0.0429931658   0.0000016255   0.0000809166
       -0.0002565086   0.0000130360   0.0000001238  -0.0016969669   0.0000009837
        0.0000011530  -0.0002782939  -0.0000482998  -0.0000135468   0.0036607962
        0.0000197798   0.0000027234   0.0016250796   0.0000402388  -0.0000055683
        0.0005143839   0.0000011337   0.0001019020  -0.0584106688  -0.0000072013
       -0.0000025279   0.0135377871   0.0003798565  -0.0001876209  -0.0001341407
       -0.0000002128   0.0000000684   0.0000160010  -0.0003795153   0.0001872160
       -0.0001334352   0.0000316149  -0.0000035141  -0.0008313397   0.0000014121
       -0.0000012295  -0.0001670781   0.0000120869   0.0003109150   0.0000119397
       -0.0000097764  -0.0003150894   0.0000115988   0.0000003752   0.0000067481
        0.0000203642   0.0000153780   0.0000467804   0.0125750306
       -0.0008629140  -0.0008684081   0.0000003950   0.0053007919  -0.0011438401
       -0.0000014138  -0.0038461609  -0.0044672299   0.0000085440  -0.0462618590
       -0.0138857442   0.0000372520  -0.1782191623  -0.1184126877   0.0001584743
        0.4634313814   0.0579900916  -0.0001999700  -0.0733187480   0.0818581613
       -0.0000383437  -0.0164281703   0.0305175939  -0.0000304894  -0.0033102547
       -0.0033288230   0.0000151045  -0.0033536114  -0.0359976405  -0.0000178986
       -0.0039809648  -0.0011397560   0.0000427162  -0.1403811248   0.0216673245
        0.0000379343   0.0200980037  -0.0237658001  -0.0000022268  -0.0142361326
        0.0061654316   0.0000063397   0.0000131489   0.0001892190   0.0002057545
        0.0001012406   0.0001097168  -0.0000014223   0.0000124305   0.0001895090
       -0.0002073727  -0.0043341371   0.0009290135   0.0000015082  -0.0014549064
        0.0014850511  -0.0000043746   0.0000259787   0.0000799289   0.0000825854
        0.0000212916   0.0000661347  -0.0000881927   0.0000105474  -0.0012270514
       -0.0000076398   0.0009733316   0.0029898052   0.0000027360
        0.0001597192   0.0010828879  -0.0000004086   0.0037889546  -0.0026250273
        0.0000001545  -0.0109956939  -0.0405773832   0.0000467162  -0.0470301152
        0.0297201486  -0.0000021918  -0.0958236401  -0.1985861063   0.0001769850
        0.0579900916   0.6090761944  -0.0004342827   0.0172346223  -0.2695787211
        0.0001350087   0.0788684415  -0.0164910359   0.0000015124  -0.0073839502
        0.0151558415  -0.0000166097  -0.0068255678  -0.0475920960   0.0000755934
       -0.0008164479  -0.0029718127   0.0000113487   0.0221830047  -0.0316121219
       -0.0000198937  -0.0073192325  -0.0442400013   0.0000224528  -0.0091901978
        0.0079295313   0.0000046728   0.0004391598   0.0000559199   0.0001960666
       -0.0001624420   0.0000915068  -0.0000013612   0.0004383054   0.0000563626
       -0.0001975623   0.0020592769   0.0002426840   0.0000016704   0.0023626686
       -0.0013269387   0.0000035453  -0.0002692179  -0.0007765276  -0.0005003991
       -0.0002649940  -0.0007881532   0.0004918515   0.0004979875  -0.0006324735
       -0.0000077021   0.0000592672  -0.0056126784   0.0000128329
        0.0000011968   0.0000004807   0.0001533162  -0.0000135421   0.0000055959
        0.0000593801   0.0000282477   0.0000369374  -0.0020059428   0.0000601182
       -0.0000173867   0.0019055541   0.0001334774   0.0001884308  -0.0429931658
       -0.0001999700  -0.0004342827   0.0921279256  -0.0000098825   0.0001074680
       -0.0440710013  -0.0000936042  -0.0000192708  -0.0041809518  -0.0000020940
        0.0000157544   0.0056090088   0.0000390736   0.0000901118   0.0043115102
        0.0000009800  -0.0000274160   0.0006159444   0.0000357079   0.0000007175
       -0.0190529605  -0.0000105333   0.0000546972  -0.0021314749   0.0000204025
       -0.0000135710  -0.0004685109   0.0000909735  -0.0000229617  -0.0000158404
       -0.0000001595  -0.0000001739  -0.0000121921  -0.0000915504   0.0000221125
       -0.0000152998   0.0000057939   0.0000040492   0.0048903192   0.0000018532
        0.0000024422   0.0011345805   0.0000213558   0.0002185779  -0.0000008534
       -0.0000200243  -0.0002211896  -0.0000024254  -0.0000010901   0.0000001545
        0.0000921363   0.0000032699   0.0000087224   0.0040509438
       -0.0025751245  -0.0011838383   0.0000070065   0.0130477409  -0.0058351708
        0.0000095303  -0.0562940941  -0.0465407228   0.0000478160  -0.0222419356
        0.0249982410  -0.0000192269   0.0359698081   0.0110619865   0.0000016255
       -0.0733187480   0.0172346223  -0.0000098825   0.6229998020  -0.0156673604
       -0.0002807084  -0.2710395237   0.0896213024  -0.0000699256  -0.0170734169
        0.0084477172  -0.0000231166  -0.1966150528  -0.0921196790   0.0004604432
        0.0061844200  -0.0129847263  -0.0001695298  -0.0410266263   0.0301351146
       -0.0000034652   0.0094354183  -0.0175285643   0.0000055536  -0.0096710490
        0.0054737815   0.0000060923   0.0002856680   0.0005256468   0.0003555252
       -0.0000869690  -0.0000099586   0.0000030957   0.0002851451   0.0005228307
       -0.0003541496  -0.0002853091   0.0005669436   0.0000012227  -0.0013163771
        0.0009179660  -0.0000016691   0.0009500002   0.0015851811   0.0012029060
        0.0009326284   0.0016053896  -0.0011748181   0.0007950875  -0.0002870168
        0.0000107657   0.0006585078  -0.0005396859  -0.0000050909
       -0.0021633177  -0.0016699965   0.0000055073  -0.0013046222  -0.0023405391
        0.0000095225  -0.0122007889   0.0324102055  -0.0000478004   0.0263051868
       -0.0161024575   0.0000000251  -0.0376799224  -0.0477421348   0.0000809166
        0.0818581613  -0.2695787211   0.0001074680  -0.0156673604   0.6047502559
       -0.0002214711   0.0020663950  -0.0660527506   0.0000247506   0.0509009448
       -0.0418358299   0.0000632002  -0.0719530008  -0.1431107611  -0.0000592530
       -0.0298796096  -0.0300168132   0.0000116197   0.0156538778  -0.0088775892
        0.0000192548  -0.0016269167  -0.0032151327   0.0000069531  -0.0018151860
        0.0011241201   0.0000024269  -0.0003179904   0.0002600348  -0.0000475718
       -0.0000478763  -0.0003148474   0.0000038604  -0.0003172966   0.0002581025
        0.0000502902  -0.0000538216  -0.0002561175  -0.0000059968  -0.0021884955
       -0.0034130946   0.0000034297  -0.0001289317   0.0017968063   0.0016561076
       -0.0001345560   0.0017677543  -0.0016231575   0.0005358280  -0.0072989529
       -0.0000342024   0.0001592989  -0.0005415412  -0.0000058797
        0.0000047018   0.0000030009   0.0011329642  -0.0000165069   0.0000200604
        0.0043670178   0.0000577230  -0.0000250254  -0.0056062054  -0.0000312496
        0.0000034459  -0.0012715572   0.0000424982   0.0000440789  -0.0002565086
       -0.0000383437   0.0001350087  -0.0440710013  -0.0002807084  -0.0002214711
        0.1133432684   0.0000326880  -0.0000480261  -0.0423080766  -0.0000853507
        0.0000976135   0.0017135116   0.0005474685   0.0001261711  -0.0311091113
       -0.0002038850  -0.0000769016  -0.0062564611  -0.0000091400   0.0000034686
        0.0029917995  -0.0000034700   0.0000228688   0.0062656167   0.0000090928
       -0.0000079051  -0.0007225351   0.0002049796   0.0000535243  -0.0000219183
        0.0000007722   0.0000006851   0.0000155542  -0.0002042243  -0.0000552462
       -0.0000212759   0.0000005604   0.0000010536   0.0006094594   0.0000098813
        0.0000022454   0.0011274031  -0.0009803232  -0.0014864327   0.0005590382
        0.0009512985   0.0014877933   0.0005538933  -0.0000055283  -0.0000782820
        0.0004340154  -0.0000029341  -0.0000017282  -0.0014688906
       -0.0034139384   0.0025266728  -0.0000017108  -0.0672627178  -0.0185141645
        0.0000543122  -0.1463507055  -0.0629616488   0.0001576603   0.0401382133
       -0.0405967578   0.0000319261  -0.0408089664  -0.0185301076   0.0000130360
       -0.0164281703   0.0788684415  -0.0000936042  -0.2710395237   0.0020663950
        0.0000326880   0.6564530443  -0.0149160460  -0.0001329511  -0.0929811624
        0.0367829663  -0.0000659588  -0.0484808768  -0.0058805472   0.0000561102
        0.0010332312   0.0026220425  -0.0000013403   0.0079793732  -0.0022616568
        0.0000015521  -0.0047251109   0.0054184235   0.0000093053   0.0025658087
       -0.0021492671  -0.0000037096  -0.0005532910  -0.0002563260  -0.0002730865
       -0.0009090143  -0.0012035627   0.0000028567  -0.0005519665  -0.0002562289
        0.0002749190  -0.0004220616   0.0022440707   0.0000003339  -0.0159345636
        0.0371724092  -0.0000575501   0.0009181478  -0.0000795292   0.0002164504
        0.0009270088  -0.0000777753  -0.0002250650   0.0001825374   0.0006416155
        0.0000066645  -0.0003352957  -0.0006594191  -0.0000028383
        0.0003150710  -0.0049074029   0.0000025584   0.0104992286  -0.0010777338
       -0.0000044333  -0.1432697038  -0.1582568797   0.0002145776   0.0077304931
       -0.0623778362   0.0000628932  -0.0194592873   0.0210100502   0.0000001238
        0.0305175939  -0.0164910359  -0.0000192708   0.0896213024  -0.0660527506
       -0.0000480261  -0.0149160460   0.5998793559  -0.0007478951   0.0683944080
       -0.2712722746   0.0004705234  -0.0531161419  -0.0155678878   0.0000977522
        0.0027474547   0.0040684373   0.0000110528   0.0007810431  -0.0029655655
        0.0000071978   0.0148448482  -0.0239633233   0.0000128403  -0.0142689373
        0.0087657431   0.0000042238  -0.0006549315   0.0002186889  -0.0002331108
        0.0008617540   0.0002460637  -0.0000050211  -0.0006554752   0.0002215773
        0.0002295743   0.0006932465  -0.0033237613   0.0000132850   0.0196575797
       -0.0066192071  -0.0000217104  -0.0012332258  -0.0011283386  -0.0023210690
       -0.0012447454  -0.0011619448   0.0022837757   0.0011319015  -0.0005197611
       -0.0000110219   0.0010225696   0.0012757867   0.0000011801
        0.0000006544   0.0000088154   0.0013038703   0.0000305780   0.0000142208
        0.0032748733   0.0002203455   0.0001780505  -0.0490494444  -0.0000358228
        0.0001007825  -0.0024552594   0.0000488539  -0.0000317726  -0.0016969669
       -0.0000304894   0.0000015124  -0.0041809518  -0.0000699256   0.0000247506
       -0.0423080766  -0.0001329511  -0.0007478951   0.1142441357  -0.0000971594
        0.0004076839  -0.0341057654   0.0001205622  -0.0000161651   0.0029078276
       -0.0000252337   0.0000241500   0.0003680643  -0.0000068381   0.0000068366
        0.0047978020  -0.0000122143   0.0000275983   0.0007602062   0.0000141954
       -0.0000096124  -0.0001817274   0.0002417538   0.0000435468  -0.0000661301
       -0.0000014500   0.0000002347   0.0001529427  -0.0002391221  -0.0000441659
       -0.0000662582   0.0000044055   0.0000090309   0.0073677342  -0.0000321342
       -0.0000122446  -0.0004359795   0.0000372043   0.0000935561  -0.0002071922
       -0.0000314540  -0.0000785216  -0.0002067752  -0.0000019135   0.0000012359
       -0.0001338941  -0.0000018447  -0.0000016281  -0.0000830350
        0.0004320255  -0.0017646460   0.0000030530   0.0040663120  -0.0103219964
        0.0000089598  -0.0013337842  -0.0107934776   0.0000127211  -0.0012911139
       -0.0053240330   0.0000069796  -0.0004307835   0.0081624786   0.0000009837
       -0.0033102547  -0.0073839502  -0.0000020940  -0.0170734169   0.0509009448
       -0.0000853507  -0.0929811624   0.0683944080  -0.0000971594   0.5143080992
       -0.0482480489  -0.0001823591  -0.0015821209  -0.0037133653   0.0000382792
       -0.0039338879  -0.0030399412  -0.0000290033  -0.0023510898   0.0016781673
        0.0000016344   0.0046916839  -0.0077301294   0.0000022807  -0.0042017203
        0.0028051109   0.0000020045  -0.0001682017   0.0000546349  -0.0000087357
        0.0001761499   0.0000542748  -0.0000011107  -0.0001684625   0.0000550308
        0.0000089877  -0.0000535046  -0.0007072576   0.0000010317  -0.3878771231
       -0.0302132177   0.0003600871  -0.0031364707  -0.0017150912  -0.0007517480
       -0.0031771563  -0.0017466972   0.0007242251  -0.0009466818   0.0001668848
       -0.0000141744   0.0003426648   0.0004299167   0.0000005076
        0.0028936349   0.0029803227   0.0000006909  -0.0118061181   0.0073612814
       -0.0000046357   0.0209486816  -0.0745243641   0.0001235988  -0.0106219251
        0.0040116629   0.0000184407   0.0029826308  -0.0187849621   0.0000011530
       -0.0033288230   0.0151558415   0.0000157544   0.0084477172  -0.0418358299
        0.0000976135   0.0367829663  -0.2712722746   0.0004076839  -0.0482480489
        0.3893104253  -0.0006961133   0.0153310731   0.0150250129  -0.0000670496
       -0.0047212432  -0.0015301895   0.0000008102   0.0024387228  -0.0011282034
       -0.0000026769  -0.0113594196   0.0189833202  -0.0000092952   0.0106627563
       -0.0066655059  -0.0000040222   0.0002575416  -0.0004638792   0.0002003327
        0.0000388023   0.0002449573   0.0000045412   0.0002581302  -0.0004678279
       -0.0001952380   0.0010429721  -0.0023692256  -0.0000009576  -0.0099880901
       -0.0347309419   0.0000827959  -0.0001736859   0.0006217128   0.0014986132
       -0.0002089680   0.0006233786  -0.0014788605  -0.0007048486   0.0002162124
        0.0000094282  -0.0009244587  -0.0007609238  -0.0000026076
       -0.0000066510  -0.0000030072   0.0004893035   0.0000150230  -0.0000151608
       -0.0015630809  -0.0000242246   0.0001340391   0.0068261336   0.0000046500
        0.0000184388   0.0065545384  -0.0000029882   0.0000123548  -0.0002782939
        0.0000151045  -0.0000166097   0.0056090088  -0.0000231166   0.0000632002
        0.0017135116  -0.0000659588   0.0004705234  -0.0341057654  -0.0001823591
       -0.0006961133   0.0249343041  -0.0000115509   0.0000086975  -0.0016659413
       -0.0000137979  -0.0000229489  -0.0008745160   0.0000066237  -0.0000013744
       -0.0002019213   0.0000136119  -0.0000320490  -0.0015701582  -0.0000129689
        0.0000103614   0.0003493217   0.0000087462   0.0001552555   0.0000960094
       -0.0000001504  -0.0000006408  -0.0000866547  -0.0000093195  -0.0001529124
        0.0000969313  -0.0000013671   0.0000029913  -0.0010062734   0.0003239056
        0.0000851561  -0.0071620358  -0.0001813459  -0.0001444676   0.0005923079
        0.0001492634   0.0001274043   0.0005798922  -0.0000036758  -0.0000072305
        0.0004837593   0.0000025465   0.0000040921   0.0001896193
        0.0001377581   0.0013292721  -0.0000037063  -0.0079386840  -0.0008374741
       -0.0000006665   0.0038640617   0.0081464580  -0.0000066595  -0.0000842206
       -0.0045231725   0.0000064807  -0.0018814690  -0.0025278506  -0.0000482998
       -0.0033536114  -0.0068255678   0.0000390736  -0.1966150528  -0.0719530008
        0.0005474685  -0.0484808768  -0.0531161419   0.0001205622  -0.0015821209
        0.0153310731  -0.0000115509   0.3280049465   0.0629293986  -0.0011633934
       -0.0814103817   0.0348573280   0.0004338304   0.0078189515   0.0020426920
       -0.0000022951  -0.0055123089   0.0074870267  -0.0000042860   0.0049280562
       -0.0023334626  -0.0000034230   0.0000898930  -0.0002668642  -0.0000383710
       -0.0002466855  -0.0000842975  -0.0000025364   0.0000892399  -0.0002649957
        0.0000370722   0.0004145898   0.0002349878   0.0000050510   0.0032089139
       -0.0004768952  -0.0000018539  -0.0022400284   0.0206003210   0.0008235650
       -0.0022265337   0.0206690786  -0.0005470494   0.0033329691  -0.0301844277
       -0.0001867494  -0.0003174060  -0.0002334851   0.0000077372
        0.0009162036   0.0014101808  -0.0000034444  -0.0056235825   0.0006405867
        0.0000006980   0.0094301122   0.0019997298  -0.0000091558  -0.0010552549
       -0.0022122495   0.0000031845   0.0025157391  -0.0091016095  -0.0000135468
       -0.0359976405  -0.0475920960   0.0000901118  -0.0921196790  -0.1431107611
        0.0001261711  -0.0058805472  -0.0155678878  -0.0000161651  -0.0037133653
        0.0150250129   0.0000086975   0.0629293986   0.4763268915   0.0015701446
        0.0511382326  -0.1902603607  -0.0011116872   0.0031456603  -0.0028489702
        0.0000022288  -0.0062109476   0.0069945358  -0.0000000794   0.0044837851
       -0.0023665412  -0.0000038597   0.0000671787  -0.0003007217  -0.0000264721
       -0.0001132721   0.0000513106  -0.0000028426   0.0000668441  -0.0002991850
        0.0000239603   0.0004200360   0.0000520778   0.0000042551   0.0024249649
       -0.0005729936  -0.0000018462   0.0087711059  -0.0302374771  -0.0098072988
        0.0088494281  -0.0306618799   0.0093515925  -0.0039055221  -0.0263006212
       -0.0001890496  -0.0005388779  -0.0010669713   0.0000044035
        0.0000003530  -0.0000011932  -0.0003856439   0.0000605115  -0.0000258335
       -0.0002210559  -0.0000749882   0.0000346490   0.0072604434   0.0000266695
       -0.0000027227  -0.0001082986  -0.0000220316  -0.0000112754   0.0036607962
       -0.0000178986   0.0000755934   0.0043115102   0.0004604432  -0.0000592530
       -0.0311091113   0.0000561102   0.0000977522   0.0029078276   0.0000382792
       -0.0000670496  -0.0016659413  -0.0011633934   0.0015701446   0.0528359787
        0.0004741637  -0.0009870335  -0.0411184702   0.0000272313  -0.0000220114
       -0.0016069546   0.0000337629  -0.0000403586   0.0002087710  -0.0000308424
        0.0000188364  -0.0000326551  -0.0000653985  -0.0000188965   0.0000078651
        0.0000005057  -0.0000012243  -0.0000318679   0.0000641772   0.0000201837
        0.0000074674  -0.0000012190  -0.0000021376  -0.0009232256  -0.0000127940
        0.0000059266   0.0005493727   0.0039604781  -0.0266471543   0.0020106574
       -0.0038065749   0.0261737428   0.0025039135  -0.0000076508  -0.0001095095
        0.0011253438   0.0000001059  -0.0000011756  -0.0001867228
        0.0001448244   0.0001990226  -0.0000004650  -0.0001099289  -0.0001048917
        0.0000003174   0.0005815140  -0.0007956921   0.0000070209   0.0000089659
        0.0003486976  -0.0000008069   0.0000743795  -0.0020468903   0.0000197798
       -0.0039809648  -0.0008164479   0.0000009800   0.0061844200  -0.0298796096
       -0.0002038850   0.0010332312   0.0027474547  -0.0000252337  -0.0039338879
       -0.0047212432  -0.0000137979  -0.0814103817   0.0511382326   0.0004741637
        0.5330800127   0.0107834752  -0.0000487017   0.0006784119   0.0003818974
       -0.0000049227  -0.0008632886   0.0009153985   0.0000008306   0.0006061602
       -0.0003052691  -0.0000007244  -0.0000193758  -0.0000356861   0.0000036175
        0.0000003649   0.0000028215   0.0000000614  -0.0000191120  -0.0000357435
       -0.0000038935   0.0000410587  -0.0000934659  -0.0000019231  -0.0001955548
       -0.0002672594   0.0000021554  -0.1000726594   0.0255134489   0.0957566227
       -0.1004961214   0.0269019394  -0.0956608233  -0.2512887815  -0.0796667051
       -0.0002988314  -0.0000432866  -0.0001634844  -0.0000015407
       -0.0001085087  -0.0003859699   0.0000001779   0.0016007767  -0.0001971862
       -0.0000016515  -0.0023714925  -0.0001868100   0.0000177160   0.0004210274
       -0.0001102588  -0.0000011665   0.0003260746   0.0003457099   0.0000027234
       -0.0011397560  -0.0029718127  -0.0000274160  -0.0129847263  -0.0300168132
       -0.0000769016   0.0026220425   0.0040684373   0.0000241500  -0.0030399412
       -0.0015301895  -0.0000229489   0.0348573280  -0.1902603607  -0.0009870335
        0.0107834752   0.3965000779  -0.0008090689  -0.0013113916   0.0005423664
        0.0000015351   0.0008004245  -0.0027239650   0.0000032690  -0.0011067408
        0.0008761903  -0.0000003585  -0.0000171095   0.0000794854   0.0000164720
        0.0000198487  -0.0000215426  -0.0000003679  -0.0000177776   0.0000790526
       -0.0000172105  -0.0000790065   0.0000541180  -0.0000023715  -0.0011188950
       -0.0002950454   0.0000069095   0.0287451288  -0.0511483711  -0.0470005382
        0.0301550585  -0.0523650048   0.0489491488  -0.0872450619  -0.0703457144
       -0.0000746663   0.0002092227   0.0000136066  -0.0000004017
       -0.0000023092  -0.0000022159   0.0000125296  -0.0000291527   0.0000156632
        0.0000577764   0.0000379449  -0.0000273954  -0.0000634204  -0.0000095393
        0.0000106510  -0.0000826596   0.0000100271   0.0000144968   0.0016250796
        0.0000427162   0.0000113487   0.0006159444  -0.0001695298   0.0000116197
       -0.0062564611  -0.0000013403   0.0000110528   0.0003680643  -0.0000290033
        0.0000008102  -0.0008745160   0.0004338304  -0.0011116872  -0.0411184702
       -0.0000487017  -0.0008090689   0.4972466154  -0.0000236542   0.0000137798
       -0.0000560273  -0.0000188269   0.0000161106   0.0000537745   0.0000174473
       -0.0000093590   0.0000102731   0.0000072783  -0.0000035502  -0.0000061052
       -0.0000001735   0.0000003617   0.0000102562  -0.0000067429   0.0000040438
       -0.0000060454  -0.0000009719   0.0000001505  -0.0001103271   0.0000057297
       -0.0000038623  -0.0005054159   0.0975602322  -0.0453846379  -0.2043078137
       -0.0974470509   0.0473393456  -0.2026573426  -0.0003299010  -0.0000990864
       -0.0438673410   0.0000016915   0.0000014286  -0.0000883679
        0.0005839389   0.0009741287  -0.0000006576  -0.0048253120   0.0013021871
       -0.0000005588   0.0034692272  -0.0077399937   0.0000022888  -0.0064881940
        0.0011769426   0.0000015802  -0.0332583173  -0.0092709892   0.0000402388
       -0.1403811248   0.0221830047   0.0000357079  -0.0410266263   0.0156538778
       -0.0000091400   0.0079793732   0.0007810431  -0.0000068381  -0.0023510898
        0.0024387228   0.0000066237   0.0078189515   0.0031456603   0.0000272313
        0.0006784119  -0.0013113916  -0.0000236542   0.2087868874  -0.0332469076
       -0.0000614854  -0.0051490489   0.0079356076  -0.0000097982   0.0047601668
       -0.0039063066  -0.0000002832   0.0001520042  -0.0001902272  -0.0000465296
        0.0000343248   0.0000446646   0.0000011429   0.0001527318  -0.0001906681
        0.0000476971  -0.0011101281   0.0005475468  -0.0000001956   0.0005619063
       -0.0002146562  -0.0000017591  -0.0000714124  -0.0003082409  -0.0001403205
       -0.0000678922  -0.0003117848   0.0001429653   0.0001476720  -0.0003153074
       -0.0000031597  -0.0003964501   0.0008230872  -0.0000010960
       -0.0001076547  -0.0000183595  -0.0000000516   0.0006590303  -0.0003225179
       -0.0000001558  -0.0005294562   0.0012797184  -0.0000008937  -0.0007473298
       -0.0032522753   0.0000060081  -0.0131797808   0.0065270275  -0.0000055683
        0.0216673245  -0.0316121219   0.0000007175   0.0301351146  -0.0088775892
        0.0000034686  -0.0022616568  -0.0029655655   0.0000068366   0.0016781673
       -0.0011282034  -0.0000013744   0.0020426920  -0.0028489702  -0.0000220114
        0.0003818974   0.0005423664   0.0000137798  -0.0332469076   0.0494719378
       -0.0000147354  -0.0011570910  -0.0000789161   0.0000005817  -0.0044375000
       -0.0068830083   0.0000091112  -0.0000263694   0.0000055100   0.0000383760
       -0.0000265850   0.0000054435  -0.0000004047  -0.0000265905   0.0000054739
       -0.0000388625  -0.0008038191   0.0000028628   0.0000021739  -0.0000246975
       -0.0001313101   0.0000013152  -0.0000076919   0.0000937149   0.0000768992
       -0.0000085626   0.0000940720  -0.0000757777  -0.0001256155   0.0000514232
        0.0000005585   0.0001530823   0.0000392871   0.0000000094
       -0.0000002569  -0.0000004825  -0.0001267601  -0.0000004714  -0.0000005263
       -0.0007361000   0.0000010870  -0.0000016295   0.0001075737   0.0000036875
        0.0000060320   0.0040259343   0.0000237523   0.0000016116   0.0005143839
        0.0000379343  -0.0000198937  -0.0190529605  -0.0000034652   0.0000192548
        0.0029917995   0.0000015521   0.0000071978   0.0047978020   0.0000016344
       -0.0000026769  -0.0002019213  -0.0000022951   0.0000022288  -0.0016069546
       -0.0000049227   0.0000015351  -0.0000560273  -0.0000614854  -0.0000147354
        0.0096831724   0.0000041218  -0.0000038999  -0.0016857914  -0.0000013614
        0.0000081438   0.0009188446  -0.0000641923   0.0000235651   0.0000135820
        0.0000000038  -0.0000002718  -0.0000031097   0.0000643145  -0.0000239213
        0.0000137426   0.0000010990   0.0000003035   0.0006292865  -0.0000000521
       -0.0000006589  -0.0002788535  -0.0000583388  -0.0000431951   0.0000227709
        0.0000584654   0.0000432298   0.0000234367  -0.0000002875  -0.0000010172
       -0.0000383534  -0.0000005234  -0.0000001940   0.0000445027
       -0.0005634691  -0.0009045747   0.0000013271   0.0035294159   0.0008114707
       -0.0000020814  -0.0110028348  -0.0061888106   0.0000198637  -0.0286609468
        0.0324302086  -0.0000086273  -0.0668806211  -0.0065747986   0.0000011337
        0.0200980037  -0.0073192325  -0.0000105333   0.0094354183  -0.0016269167
       -0.0000034700  -0.0047251109   0.0148448482  -0.0000122143   0.0046916839
       -0.0113594196   0.0000136119  -0.0055123089  -0.0062109476   0.0000337629
       -0.0008632886   0.0008004245  -0.0000188269  -0.0051490489  -0.0011570910
        0.0000041218   0.7743943189  -0.1256726650  -0.0003743558  -0.5529097476
        0.1985003372   0.0002377797  -0.0000184982   0.0002902775   0.0001038939
        0.0000361623  -0.0000631304   0.0000006816  -0.0000185899   0.0002893423
       -0.0001043397  -0.0008294230   0.0036753104  -0.0000059377  -0.0017590330
        0.0007462204  -0.0000008372   0.0001974729   0.0001311036   0.0000900536
        0.0001965311   0.0001323875  -0.0000886384  -0.0001879501  -0.0001768779
       -0.0000000018  -0.1334981363  -0.0853974662   0.0001236339
        0.0011326565   0.0008009461  -0.0000019577  -0.0091171893   0.0021445748
        0.0000027836   0.0122715021   0.0101994152  -0.0000160938   0.0299669227
       -0.0201925933  -0.0000049777   0.0247349036  -0.1909350657   0.0001019020
       -0.0237658001  -0.0442400013   0.0000546972  -0.0175285643  -0.0032151327
        0.0000228688   0.0054184235  -0.0239633233   0.0000275983  -0.0077301294
        0.0189833202  -0.0000320490   0.0074870267   0.0069945358  -0.0000403586
        0.0009153985  -0.0027239650   0.0000161106   0.0079356076  -0.0000789161
       -0.0000038999  -0.1256726650   0.5263599356  -0.0001900924   0.1865413317
       -0.1538082784  -0.0000678919   0.0000007945  -0.0001450830  -0.0003656965
       -0.0000760661  -0.0000616491  -0.0000005586   0.0000011296  -0.0001439983
        0.0003656165  -0.0021537526   0.0010808352   0.0000007048   0.0027479232
       -0.0013281460   0.0000033065  -0.0004064250  -0.0000783012   0.0000057238
       -0.0004061992  -0.0000808084  -0.0000036237   0.0002721814   0.0001086511
        0.0000001907  -0.0925690106  -0.1256769522   0.0001256970
       -0.0000009255  -0.0000007649  -0.0001042034   0.0000056183  -0.0000013098
        0.0005213548  -0.0000022911  -0.0000001202   0.0067051976  -0.0000090121
       -0.0000033308  -0.0021888289   0.0000020605   0.0001205507  -0.0584106688
       -0.0000022268   0.0000224528  -0.0021314749   0.0000055536   0.0000069531
        0.0062656167   0.0000093053   0.0000128403   0.0007602062   0.0000022807
       -0.0000092952  -0.0015701582  -0.0000042860  -0.0000000794   0.0002087710
        0.0000008306   0.0000032690   0.0000537745  -0.0000097982   0.0000005817
       -0.0016857914  -0.0003743558  -0.0001900924   0.1502538074   0.0002496568
       -0.0000755338  -0.0490630207  -0.0000125656   0.0000036668   0.0000107021
        0.0000003264   0.0000001745   0.0000400566   0.0000126536  -0.0000036353
        0.0000100916  -0.0000001527  -0.0000056397  -0.0025662897  -0.0000021592
        0.0000009013   0.0000147858   0.0000003498   0.0000090300  -0.0000005372
        0.0000005206  -0.0000093170  -0.0000013668  -0.0000003116   0.0000007655
        0.0000044195   0.0001289286   0.0001179328  -0.0471264437
        0.0004973403   0.0005566949  -0.0000010733  -0.0051145131   0.0015838640
       -0.0000008496   0.0065625865   0.0073564595  -0.0000142491   0.0111870815
       -0.0002664141  -0.0000040407  -0.0302004784   0.0614732331  -0.0000072013
       -0.0142361326  -0.0091901978   0.0000204025  -0.0096710490  -0.0018151860
        0.0000090928   0.0025658087  -0.0142689373   0.0000141954  -0.0042017203
        0.0106627563  -0.0000129689   0.0049280562   0.0044837851  -0.0000308424
        0.0006061602  -0.0011067408   0.0000174473   0.0047601668  -0.0044375000
       -0.0000013614  -0.5529097476   0.1865413317   0.0002496568   0.6496857762
       -0.2447019190  -0.0002994928   0.0000702454  -0.0002084421  -0.0000400622
       -0.0000164675   0.0000822587  -0.0000012222   0.0000701045  -0.0002077971
        0.0000393159   0.0012973769  -0.0008921155   0.0000014287   0.0017083880
       -0.0007924564   0.0000001535  -0.0002147458  -0.0001092485  -0.0000786864
       -0.0002139844  -0.0001113887   0.0000784415   0.0001950717   0.0000831810
       -0.0000004989  -0.0673553244   0.0052847790   0.0000624149
       -0.0004057834  -0.0003863893   0.0000012210   0.0042824696  -0.0017060092
        0.0000000583  -0.0030083619  -0.0029243340   0.0000049424  -0.0038743095
       -0.0059860006   0.0000098407   0.0513064627  -0.0387744126  -0.0000025279
        0.0061654316   0.0079295313  -0.0000135710   0.0054737815   0.0011241201
       -0.0000079051  -0.0021492671   0.0087657431  -0.0000096124   0.0028051109
       -0.0066655059   0.0000103614  -0.0023334626  -0.0023665412   0.0000188364
       -0.0003052691   0.0008761903  -0.0000093590  -0.0039063066  -0.0068830083
        0.0000081438   0.1985003372  -0.1538082784  -0.0000755338  -0.2447019190
        0.1823615626   0.0000665728  -0.0000434014   0.0000886319   0.0000937746
        0.0000153407   0.0000045275   0.0000006576  -0.0000433708   0.0000883380
       -0.0000931462  -0.0001716362   0.0000835112  -0.0000003800  -0.0010332755
        0.0005026211  -0.0000009633   0.0001689044  -0.0000003972   0.0000130929
        0.0001687906   0.0000002274  -0.0000140906  -0.0000911146   0.0000005413
       -0.0000003781  -0.0068191513   0.0176753306  -0.0000000345
        0.0000002984   0.0000001115   0.0000739752   0.0000037950  -0.0000005405
       -0.0003763090  -0.0000053478  -0.0000037850  -0.0014388607  -0.0000048299
        0.0000077701   0.0036208122  -0.0000091577  -0.0000082559   0.0135377871
        0.0000063397   0.0000046728  -0.0004685109   0.0000060923   0.0000024269
       -0.0007225351  -0.0000037096   0.0000042238  -0.0001817274   0.0000020045
       -0.0000040222   0.0003493217  -0.0000034230  -0.0000038597  -0.0000326551
       -0.0000007244  -0.0000003585   0.0000102731  -0.0000002832   0.0000091112
        0.0009188446   0.0002377797  -0.0000678919  -0.0490630207  -0.0002994928
        0.0000665728   0.0180463504  -0.0000093688  -0.0000108780  -0.0000074255
       -0.0000000770   0.0000001785  -0.0000209568   0.0000090340   0.0000113236
       -0.0000072023  -0.0000003167   0.0000010926   0.0004283123  -0.0000006054
        0.0000004780  -0.0000395638  -0.0000049369  -0.0000151757   0.0000001738
        0.0000064015   0.0000142549  -0.0000000965  -0.0000000214   0.0000000849
       -0.0000051787   0.0000705494  -0.0000075343   0.0153781923
       -0.0420485516   0.0126874866   0.0149771679  -0.0074601737  -0.0238565397
       -0.0201945454   0.0019749735  -0.0008881310  -0.0015132787   0.0003126511
        0.0001767895  -0.0000210760  -0.0004797706  -0.0000433285   0.0003798565
        0.0000131489   0.0004391598   0.0000909735   0.0002856680  -0.0003179904
        0.0002049796  -0.0005532910  -0.0006549315   0.0002417538  -0.0001682017
        0.0002575416   0.0000087462   0.0000898930   0.0000671787  -0.0000653985
       -0.0000193758  -0.0000171095   0.0000072783   0.0001520042  -0.0000263694
       -0.0000641923  -0.0000184982   0.0000007945  -0.0000125656   0.0000702454
       -0.0000434014  -0.0000093688   0.0507751336  -0.0039323295  -0.0112373237
       -0.0029583577   0.0153007698   0.0214219919   0.0013761864  -0.0003204184
       -0.0031687926  -0.0013166066   0.0009296033  -0.0010722877  -0.0000273570
        0.0001717963   0.0000254928  -0.0000017322   0.0000042397   0.0000109015
        0.0000044551   0.0000093256  -0.0000113521  -0.0000031343   0.0000094519
        0.0000005040   0.0000006911   0.0000464122   0.0000005352
        0.0115178210  -0.1087835426  -0.1035393039  -0.0141334767  -0.0262925390
       -0.0185752860   0.0009700923   0.0005984428   0.0000711408  -0.0000114901
        0.0002608160   0.0004028697  -0.0000171066  -0.0000595025  -0.0001876209
        0.0001892190   0.0000559199  -0.0000229617   0.0005256468   0.0002600348
        0.0000535243  -0.0002563260   0.0002186889   0.0000435468   0.0000546349
       -0.0004638792   0.0001552555  -0.0002668642  -0.0003007217  -0.0000188965
       -0.0000356861   0.0000794854  -0.0000035502  -0.0001902272   0.0000055100
        0.0000235651   0.0002902775  -0.0001450830   0.0000036668  -0.0002084421
        0.0000886319  -0.0000108780  -0.0039323295   0.1362911408   0.1248094754
        0.0050356882  -0.0109948580  -0.0163527495  -0.0003069017   0.0087455255
        0.0129549684   0.0007470935   0.0001381501   0.0003435106  -0.0000072175
        0.0003077572  -0.0001633212   0.0000234632  -0.0000021713   0.0000053955
        0.0000211427   0.0000014817  -0.0000045992  -0.0000101609  -0.0000023015
        0.0000025156   0.0000011493  -0.0000069861   0.0000097324
        0.0130643826  -0.1043807011  -0.2012246401  -0.0075801590  -0.0061168238
        0.0024592680   0.0017134543  -0.0004162851   0.0005454956   0.0001568105
       -0.0004389699   0.0000767140  -0.0000893682   0.0004002329  -0.0001341407
        0.0002057545   0.0001960666  -0.0000158404   0.0003555252  -0.0000475718
       -0.0000219183  -0.0002730865  -0.0002331108  -0.0000661301  -0.0000087357
        0.0002003327   0.0000960094  -0.0000383710  -0.0000264721   0.0000078651
        0.0000036175   0.0000164720  -0.0000061052  -0.0000465296   0.0000383760
        0.0000135820   0.0001038939  -0.0003656965   0.0000107021  -0.0000400622
        0.0000937746  -0.0000074255  -0.0112373237   0.1248094754   0.2279530641
        0.0014841127  -0.0016847040  -0.0015336372   0.0031521316  -0.0130235635
       -0.0278303195  -0.0010362042   0.0008102380  -0.0001875470   0.0000895680
        0.0000583523  -0.0001306720   0.0000131174  -0.0000002662  -0.0000036530
        0.0000069244   0.0000005512   0.0000019338  -0.0000037642   0.0000013804
        0.0000014959   0.0000043119   0.0001089126  -0.0000041009
       -0.2079778901   0.1119738202  -0.0000558146  -0.0319370619   0.0067546661
        0.0000054999  -0.0050588441  -0.0031929312   0.0000041114   0.0002580165
       -0.0007814116   0.0000007964   0.0001374882   0.0000444927  -0.0000002128
        0.0001012406  -0.0001624420  -0.0000001595  -0.0000869690  -0.0000478763
        0.0000007722  -0.0009090143   0.0008617540  -0.0000014500   0.0001761499
        0.0000388023  -0.0000001504  -0.0002466855  -0.0001132721   0.0000005057
        0.0000003649   0.0000198487  -0.0000001735   0.0000343248  -0.0000265850
        0.0000000038   0.0000361623  -0.0000760661   0.0000003264  -0.0000164675
        0.0000153407  -0.0000000770  -0.0029583577   0.0050356882   0.0014841127
        0.2516161783  -0.1252402985   0.0000547993  -0.0029723583   0.0050432270
       -0.0014933158   0.0000059149  -0.0001020732   0.0000001424  -0.0002362680
       -0.0000362769   0.0000003091   0.0000106132   0.0000037783  -0.0000064903
        0.0000106241   0.0000036199   0.0000064466   0.0000063895   0.0000010424
        0.0000000107   0.0000064495  -0.0000168475   0.0000000073
        0.1198753228  -0.1173697605   0.0000329860  -0.0204447818   0.0092813182
       -0.0000009513  -0.0036722181  -0.0023365714   0.0000037265   0.0002454892
       -0.0005270800   0.0000009371  -0.0000853982   0.0002406141   0.0000000684
        0.0001097168   0.0000915068  -0.0000001739  -0.0000099586  -0.0003148474
        0.0000006851  -0.0012035627   0.0002460637   0.0000002347   0.0000542748
        0.0002449573  -0.0000006408  -0.0000842975   0.0000513106  -0.0000012243
        0.0000028215  -0.0000215426   0.0000003617   0.0000446646   0.0000054435
       -0.0000002718  -0.0000631304  -0.0000616491   0.0000001745   0.0000822587
        0.0000045275   0.0000001785   0.0153007698  -0.0109948580  -0.0016847040
       -0.1252402985   0.1319296523  -0.0000454904   0.0152622421  -0.0109613444
        0.0016937266   0.0002178846   0.0003372135  -0.0000004909  -0.0003662204
        0.0000501298   0.0000007022  -0.0000031289   0.0000130257   0.0000054819
       -0.0000029982   0.0000129652  -0.0000055349  -0.0000018104   0.0000043533
        0.0000003646  -0.0000176409   0.0000745719  -0.0000001453
       -0.0000629928   0.0000357946  -0.0432371469   0.0000317135  -0.0000104866
        0.0006725851   0.0000027656   0.0000056780   0.0005077684   0.0000009966
        0.0000000610   0.0003293241  -0.0000004985   0.0000008349   0.0000160010
       -0.0000014223  -0.0000013612  -0.0000121921   0.0000030957   0.0000038604
        0.0000155542   0.0000028567  -0.0000050211   0.0001529427  -0.0000011107
        0.0000045412  -0.0000866547  -0.0000025364  -0.0000028426  -0.0000318679
        0.0000000614  -0.0000003679   0.0000102562   0.0000011429  -0.0000004047
       -0.0000031097   0.0000006816  -0.0000005586   0.0000400566  -0.0000012222
        0.0000006576  -0.0000209568   0.0214219919  -0.0163527495  -0.0015336372
        0.0000547993  -0.0000454904   0.0447631270  -0.0214506073   0.0163680311
       -0.0015536442  -0.0000001304  -0.0000004446  -0.0001851977   0.0000010811
        0.0000001267   0.0001680439  -0.0000013722  -0.0000003350  -0.0000021126
        0.0000004733   0.0000006654  -0.0000020217  -0.0000000746   0.0000002320
        0.0000006441   0.0000003078  -0.0000004205  -0.0000077617
       -0.0420648705   0.0127204214  -0.0150946343  -0.0074414682  -0.0238160370
        0.0202453317   0.0019726805  -0.0008844221   0.0015130811   0.0003120675
        0.0001776836   0.0000206731  -0.0004799834  -0.0000441704  -0.0003795153
        0.0000124305   0.0004383054  -0.0000915504   0.0002851451  -0.0003172966
       -0.0002042243  -0.0005519665  -0.0006554752  -0.0002391221  -0.0001684625
        0.0002581302  -0.0000093195   0.0000892399   0.0000668441   0.0000641772
       -0.0000191120  -0.0000177776  -0.0000067429   0.0001527318  -0.0000265905
        0.0000643145  -0.0000185899   0.0000011296   0.0000126536   0.0000701045
       -0.0000433708   0.0000090340   0.0013761864  -0.0003069017   0.0031521316
       -0.0029723583   0.0152622421  -0.0214506073   0.0507896319  -0.0039853027
        0.0113500206  -0.0013156554   0.0009317605   0.0010710840  -0.0000276838
        0.0001714938  -0.0000262921   0.0000043606   0.0000092161   0.0000115827
       -0.0000020911   0.0000043696  -0.0000109696  -0.0000031226   0.0000095710
       -0.0000005539   0.0000007855   0.0000461774  -0.0000005522
        0.0115541349  -0.1083960712   0.1033611130  -0.0141099802  -0.0262457371
        0.0186345047   0.0009686647   0.0005974462  -0.0000710418  -0.0000129411
        0.0002615852  -0.0004031985  -0.0000158588  -0.0000605940   0.0001872160
        0.0001895090   0.0000563626   0.0000221125   0.0005228307   0.0002581025
       -0.0000552462  -0.0002562289   0.0002215773  -0.0000441659   0.0000550308
       -0.0004678279  -0.0001529124  -0.0002649957  -0.0002991850   0.0000201837
       -0.0000357435   0.0000790526   0.0000040438  -0.0001906681   0.0000054739
       -0.0000239213   0.0002893423  -0.0001439983  -0.0000036353  -0.0002077971
        0.0000883380   0.0000113236  -0.0003204184   0.0087455255  -0.0130235635
        0.0050432270  -0.0109613444   0.0163680311  -0.0039853027   0.1358270459
       -0.1246354061   0.0007493887   0.0001357426  -0.0003444016  -0.0000075089
        0.0003083527   0.0001621818   0.0000208392   0.0000013368   0.0000045829
        0.0000235593  -0.0000021827  -0.0000057880  -0.0000102667  -0.0000019749
       -0.0000019988   0.0000011838  -0.0000070263  -0.0000100137
       -0.0131799652   0.1042000996  -0.2015970748   0.0076149735   0.0061838573
        0.0023957603  -0.0017178554   0.0004185467   0.0005446213  -0.0001571282
        0.0004382924   0.0000763036   0.0000901277  -0.0003996193  -0.0001334352
       -0.0002073727  -0.0001975623  -0.0000152998  -0.0003541496   0.0000502902
       -0.0000212759   0.0002749190   0.0002295743  -0.0000662582   0.0000089877
       -0.0001952380   0.0000969313   0.0000370722   0.0000239603   0.0000074674
       -0.0000038935  -0.0000172105  -0.0000060454   0.0000476971  -0.0000388625
        0.0000137426  -0.0001043397   0.0003656165   0.0000100916   0.0000393159
       -0.0000931462  -0.0000072023  -0.0031687926   0.0129549684  -0.0278303195
       -0.0014933158   0.0016937266  -0.0015536442   0.0113500206  -0.1246354061
        0.2284068917   0.0010353079  -0.0008115182  -0.0001866110  -0.0000901584
       -0.0000600857  -0.0001310095  -0.0000074856  -0.0000005416   0.0000024024
       -0.0000135493   0.0000002608  -0.0000037889   0.0000034901  -0.0000006366
        0.0000016499  -0.0000039057  -0.0001093661  -0.0000038975
       -0.0011830292   0.0013411153  -0.0000008403  -0.0010945471  -0.0007845822
       -0.0000006429   0.0070033476   0.0027879857  -0.0000057348  -0.1595974100
       -0.1343226599   0.0002108933  -0.0225128010  -0.0193911683   0.0000316149
       -0.0043341371   0.0020592769   0.0000057939  -0.0002853091  -0.0000538216
        0.0000005604  -0.0004220616   0.0006932465   0.0000044055  -0.0000535046
        0.0010429721  -0.0000013671   0.0004145898   0.0004200360  -0.0000012190
        0.0000410587  -0.0000790065  -0.0000009719  -0.0011101281  -0.0008038191
        0.0000010990  -0.0008294230  -0.0021537526  -0.0000001527   0.0012973769
       -0.0001716362  -0.0000003167  -0.0013166066   0.0007470935  -0.0010362042
        0.0000059149   0.0002178846  -0.0000001304  -0.0013156554   0.0007493887
        0.0010353079   0.1855037400   0.1458678334  -0.0002411429   0.0000879383
        0.0000098848  -0.0000002998  -0.0000158831   0.0000049274  -0.0000045994
       -0.0000158745   0.0000047622   0.0000049211   0.0000022902   0.0000091629
       -0.0000002623  -0.0002698860   0.0018048763  -0.0000007117
       -0.0000166113   0.0000035166  -0.0000003101  -0.0016876915   0.0017602686
       -0.0000025225  -0.0196776857  -0.0238664327   0.0000336138  -0.1325891026
       -0.1911789613   0.0002354943  -0.0002238270   0.0031802008  -0.0000035141
        0.0009290135   0.0002426840   0.0000040492   0.0005669436  -0.0002561175
        0.0000010536   0.0022440707  -0.0033237613   0.0000090309  -0.0007072576
       -0.0023692256   0.0000029913   0.0002349878   0.0000520778  -0.0000021376
       -0.0000934659   0.0000541180   0.0000001505   0.0005475468   0.0000028628
        0.0000003035   0.0036753104   0.0010808352  -0.0000056397  -0.0008921155
        0.0000835112   0.0000010926   0.0009296033   0.0001381501   0.0008102380
       -0.0001020732   0.0003372135  -0.0000004446   0.0009317605   0.0001357426
       -0.0008115182   0.1458678334   0.2144183767  -0.0002738112  -0.0001931549
        0.0001017924   0.0000006447   0.0000258218   0.0000229578   0.0000380440
        0.0000258944   0.0000231862  -0.0000375337  -0.0000221902   0.0000004331
        0.0000002454   0.0002263893  -0.0006434291   0.0000004800
       -0.0000004738  -0.0000016277  -0.0001614464   0.0000008957  -0.0000025697
       -0.0018277415   0.0000147067   0.0000248257   0.0003038183   0.0002124825
        0.0002340714  -0.0277107246   0.0000135090   0.0000085535  -0.0008313397
        0.0000015082   0.0000016704   0.0048903192   0.0000012227  -0.0000059968
        0.0006094594   0.0000003339   0.0000132850   0.0073677342   0.0000010317
       -0.0000009576  -0.0010062734   0.0000050510   0.0000042551  -0.0009232256
       -0.0000019231  -0.0000023715  -0.0001103271  -0.0000001956   0.0000021739
        0.0006292865  -0.0000059377   0.0000007048  -0.0025662897   0.0000014287
       -0.0000003800   0.0004283123  -0.0010722877   0.0003435106  -0.0001875470
        0.0000001424  -0.0000004909  -0.0001851977   0.0010710840  -0.0003444016
       -0.0001866110  -0.0002411429  -0.0002738112   0.0206767379   0.0000002893
        0.0000010414   0.0002764166   0.0000115920  -0.0000383589   0.0000032457
       -0.0000134451   0.0000383408   0.0000028882  -0.0000003176  -0.0000006903
        0.0000014643   0.0000004460  -0.0000007764   0.0005070412
       -0.0007325052   0.0001186813  -0.0000010669   0.0016876332   0.0020753275
        0.0000046289   0.0005576793  -0.0034502870   0.0000022783  -0.0016040519
        0.0024072736  -0.0000016627   0.0007189318  -0.0028312282   0.0000014121
       -0.0014549064   0.0023626686   0.0000018532  -0.0013163771  -0.0021884955
        0.0000098813  -0.0159345636   0.0196575797  -0.0000321342  -0.3878771231
       -0.0099880901   0.0003239056   0.0032089139   0.0024249649  -0.0000127940
       -0.0001955548  -0.0011188950   0.0000057297   0.0005619063  -0.0000246975
       -0.0000000521  -0.0017590330   0.0027479232  -0.0000021592   0.0017083880
       -0.0010332755  -0.0000006054  -0.0000273570  -0.0000072175   0.0000895680
       -0.0002362680  -0.0003662204   0.0000010811  -0.0000276838  -0.0000075089
       -0.0000901584   0.0000879383  -0.0001931549   0.0000002893   0.4038605317
       -0.0108074916  -0.0002991185  -0.0004895552   0.0000860688   0.0003459640
       -0.0005032449   0.0000872530  -0.0003448462  -0.0001245218   0.0001621227
       -0.0000018551  -0.0001091767  -0.0001133012  -0.0000001386
       -0.0012377393  -0.0000950363  -0.0000078397  -0.0002412972   0.0001481881
        0.0000150104   0.0038153908  -0.0013515336  -0.0000070396   0.0000334649
        0.0004298010  -0.0000006011   0.0001583565   0.0012884612  -0.0000012295
        0.0014850511  -0.0013269387   0.0000024422   0.0009179660  -0.0034130946
        0.0000022454   0.0371724092  -0.0066192071  -0.0000122446  -0.0302132177
       -0.0347309419   0.0000851561  -0.0004768952  -0.0005729936   0.0000059266
       -0.0002672594  -0.0002950454  -0.0000038623  -0.0002146562  -0.0001313101
       -0.0000006589   0.0007462204  -0.0013281460   0.0000009013  -0.0007924564
        0.0005026211   0.0000004780   0.0001717963   0.0003077572   0.0000583523
       -0.0000362769   0.0000501298   0.0000001267   0.0001714938   0.0003083527
       -0.0000600857   0.0000098848   0.0001017924   0.0000010414  -0.0108074916
        0.0462746901  -0.0000775149  -0.0001313409   0.0001691689   0.0000852773
       -0.0001325132   0.0001745381  -0.0000838356  -0.0002284143   0.0000532019
       -0.0000021715   0.0000975246   0.0000555449   0.0000001259
        0.0000023666  -0.0000076027  -0.0003834511   0.0000035190   0.0000155511
       -0.0011025758  -0.0000054501  -0.0000002317   0.0003437835   0.0000098841
       -0.0000093715  -0.0005386394  -0.0000060186   0.0000009196  -0.0001670781
       -0.0000043746   0.0000035453   0.0011345805  -0.0000016691   0.0000034297
        0.0011274031  -0.0000575501  -0.0000217104  -0.0004359795   0.0003600871
        0.0000827959  -0.0071620358  -0.0000018539  -0.0000018462   0.0005493727
        0.0000021554   0.0000069095  -0.0005054159  -0.0000017591   0.0000013152
       -0.0002788535  -0.0000008372   0.0000033065   0.0000147858   0.0000001535
       -0.0000009633  -0.0000395638   0.0000254928  -0.0001633212  -0.0001306720
        0.0000003091   0.0000007022   0.0001680439  -0.0000262921   0.0001621818
       -0.0001310095  -0.0000002998   0.0000006447   0.0002764166  -0.0002991185
       -0.0000775149   0.0072250982  -0.0004828760  -0.0002461518  -0.0000340740
        0.0004837562   0.0002478073  -0.0000200854   0.0000008182   0.0000009156
        0.0000542688  -0.0000004431  -0.0000013107   0.0000356807
       -0.0000637369  -0.0000966814  -0.0000226921   0.0002093740   0.0000387160
        0.0000360034  -0.0001643713   0.0004383908   0.0000241318   0.0002737063
       -0.0002105103   0.0000049812  -0.0001832471   0.0002484144   0.0000120869
        0.0000259787  -0.0002692179   0.0000213558   0.0009500002  -0.0001289317
       -0.0009803232   0.0009181478  -0.0012332258   0.0000372043  -0.0031364707
       -0.0001736859  -0.0001813459  -0.0022400284   0.0087711059   0.0039604781
       -0.1000726594   0.0287451288   0.0975602322  -0.0000714124  -0.0000076919
       -0.0000583388   0.0001974729  -0.0004064250   0.0000003498  -0.0002147458
        0.0001689044  -0.0000049369  -0.0000017322   0.0000234632   0.0000131174
        0.0000106132  -0.0000031289  -0.0000013722   0.0000043606   0.0000208392
       -0.0000074856  -0.0000158831   0.0000258218   0.0000115920  -0.0004895552
       -0.0001313409  -0.0004828760   0.1149562446  -0.0372377770  -0.1125741458
        0.0069494688  -0.0031613925  -0.0127527345  -0.0178674517   0.0045606190
        0.0253816810   0.0000259269   0.0000186055   0.0000030371
        0.0000089833   0.0000245068  -0.0000114345   0.0000255351   0.0000357277
        0.0000203575   0.0000635530   0.0000046022   0.0000472526  -0.0000764145
       -0.0000173827   0.0000120731   0.0001740486   0.0002925886   0.0003109150
        0.0000799289  -0.0007765276   0.0002185779   0.0015851811   0.0017968063
       -0.0014864327  -0.0000795292  -0.0011283386   0.0000935561  -0.0017150912
        0.0006217128  -0.0001444676   0.0206003210  -0.0302374771  -0.0266471543
        0.0255134489  -0.0511483711  -0.0453846379  -0.0003082409   0.0000937149
       -0.0000431951   0.0001311036  -0.0000783012   0.0000090300  -0.0001092485
       -0.0000003972  -0.0000151757   0.0000042397  -0.0000021713  -0.0000002662
        0.0000037783   0.0000130257  -0.0000003350   0.0000092161   0.0000013368
       -0.0000005416   0.0000049274   0.0000229578  -0.0000383589   0.0000860688
        0.0001691689  -0.0002461518  -0.0372377770   0.0730775079   0.0596349350
       -0.0033199382   0.0033826358   0.0048287839  -0.0054317694   0.0038518747
        0.0088608862  -0.0000123250   0.0000007998  -0.0000182159
       -0.0000014987   0.0000295191  -0.0000011874  -0.0001812495   0.0000890151
        0.0000000177   0.0002471527   0.0003259241  -0.0001035456   0.0000249493
       -0.0000618299   0.0000119099   0.0000907633   0.0003334075   0.0000119397
        0.0000825854  -0.0005003991  -0.0000008534   0.0012029060   0.0016561076
        0.0005590382   0.0002164504  -0.0023210690  -0.0002071922  -0.0007517480
        0.0014986132   0.0005923079   0.0008235650  -0.0098072988   0.0020106574
        0.0957566227  -0.0470005382  -0.2043078137  -0.0001403205   0.0000768992
        0.0000227709   0.0000900536   0.0000057238  -0.0000005372  -0.0000786864
        0.0000130929   0.0000001738   0.0000109015   0.0000053955  -0.0000036530
       -0.0000064903   0.0000054819  -0.0000021126   0.0000115827   0.0000045829
        0.0000024024  -0.0000045994   0.0000380440   0.0000032457   0.0003459640
        0.0000852773  -0.0000340740  -0.1125741458   0.0596349350   0.2308467727
        0.0126348193  -0.0044084005  -0.0278851539   0.0022248502   0.0003128250
       -0.0015158314  -0.0000244274  -0.0000153087   0.0000007179
       -0.0000637224  -0.0000963568   0.0000218635   0.0002099779   0.0000376168
       -0.0000362874  -0.0001651317   0.0004455112  -0.0000168984   0.0002749068
       -0.0002120903  -0.0000049984  -0.0001850178   0.0002480108  -0.0000097764
        0.0000212916  -0.0002649940  -0.0000200243   0.0009326284  -0.0001345560
        0.0009512985   0.0009270088  -0.0012447454  -0.0000314540  -0.0031771563
       -0.0002089680   0.0001492634  -0.0022265337   0.0088494281  -0.0038065749
       -0.1004961214   0.0301550585  -0.0974470509  -0.0000678922  -0.0000085626
        0.0000584654   0.0001965311  -0.0004061992   0.0000005206  -0.0002139844
        0.0001687906   0.0000064015   0.0000044551   0.0000211427   0.0000069244
        0.0000106241  -0.0000029982   0.0000004733  -0.0000020911   0.0000235593
       -0.0000135493  -0.0000158745   0.0000258944  -0.0000134451  -0.0005032449
       -0.0001325132   0.0004837562   0.0069494688  -0.0033199382   0.0126348193
        0.1154975786  -0.0388395906   0.1123643908  -0.0179334416   0.0048776823
       -0.0252753371   0.0000257408   0.0000188178  -0.0000027808
        0.0000086340   0.0000247894   0.0000116612   0.0000258345   0.0000353708
       -0.0000209339   0.0000635317   0.0000153277  -0.0000466248  -0.0000702358
       -0.0000188052  -0.0000116689   0.0001717891   0.0002903255  -0.0003150894
        0.0000661347  -0.0007881532  -0.0002211896   0.0016053896   0.0017677543
        0.0014877933  -0.0000777753  -0.0011619448  -0.0000785216  -0.0017466972
        0.0006233786   0.0001274043   0.0206690786  -0.0306618799   0.0261737428
        0.0269019394  -0.0523650048   0.0473393456  -0.0003117848   0.0000940720
        0.0000432298   0.0001323875  -0.0000808084  -0.0000093170  -0.0001113887
        0.0000002274   0.0000142549   0.0000093256   0.0000014817   0.0000005512
        0.0000036199   0.0000129652   0.0000006654   0.0000043696  -0.0000021827
        0.0000002608   0.0000047622   0.0000231862   0.0000383408   0.0000872530
        0.0001745381   0.0002478073  -0.0031613925   0.0033826358  -0.0044084005
       -0.0388395906   0.0746591453  -0.0616192857  -0.0054226230   0.0039737936
       -0.0087716889  -0.0000125615  -0.0000002127   0.0000176628
        0.0000029013  -0.0000271753  -0.0000009850   0.0001808400  -0.0000912424
       -0.0000010088  -0.0002464915  -0.0003180058  -0.0000993990  -0.0000184684
        0.0000531748   0.0000109408  -0.0000956732  -0.0003299013   0.0000115988
       -0.0000881927   0.0004918515  -0.0000024254  -0.0011748181  -0.0016231575
        0.0005538933  -0.0002250650   0.0022837757  -0.0002067752   0.0007242251
       -0.0014788605   0.0005798922  -0.0005470494   0.0093515925   0.0025039135
       -0.0956608233   0.0489491488  -0.2026573426   0.0001429653  -0.0000757777
        0.0000234367  -0.0000886384  -0.0000036237  -0.0000013668   0.0000784415
       -0.0000140906  -0.0000000965  -0.0000113521  -0.0000045992   0.0000019338
        0.0000064466  -0.0000055349  -0.0000020217  -0.0000109696  -0.0000057880
       -0.0000037889   0.0000049211  -0.0000375337   0.0000028882  -0.0003448462
       -0.0000838356  -0.0000200854  -0.0127527345   0.0048287839  -0.0278851539
        0.1123643908  -0.0616192857   0.2287639131  -0.0022637226  -0.0002545673
       -0.0015720290   0.0000237132   0.0000146520   0.0000000677
        0.0000095483  -0.0000164865  -0.0000002467  -0.0000089718  -0.0000245715
       -0.0000002119   0.0000128993  -0.0001510846   0.0000009035  -0.0000644847
        0.0000749211  -0.0000002488   0.0000356260  -0.0001401498   0.0000003752
        0.0000105474   0.0004979875  -0.0000010901   0.0007950875   0.0005358280
       -0.0000055283   0.0001825374   0.0011319015  -0.0000019135  -0.0009466818
       -0.0007048486  -0.0000036758   0.0033329691  -0.0039055221  -0.0000076508
       -0.2512887815  -0.0872450619  -0.0003299010   0.0001476720  -0.0001256155
       -0.0000002875  -0.0001879501   0.0002721814  -0.0000003116   0.0001950717
       -0.0000911146  -0.0000000214  -0.0000031343  -0.0000101609  -0.0000037642
        0.0000063895  -0.0000018104  -0.0000000746  -0.0000031226  -0.0000102667
        0.0000034901   0.0000022902  -0.0000221902  -0.0000003176  -0.0001245218
       -0.0002284143   0.0000008182  -0.0178674517  -0.0054317694   0.0022248502
       -0.0179334416  -0.0054226230  -0.0022637226   0.2837075772   0.1010296241
        0.0003889087  -0.0000096736  -0.0000107534  -0.0000003795
       -0.0000340850   0.0000019922   0.0000003357  -0.0001020568   0.0000245906
        0.0000001383   0.0001275963   0.0000145047   0.0000052715   0.0000553119
        0.0001241582   0.0000000705   0.0002754562  -0.0004438427   0.0000067481
       -0.0012270514  -0.0006324735   0.0000001545  -0.0002870168  -0.0072989529
       -0.0000782820   0.0006416155  -0.0005197611   0.0000012359   0.0001668848
        0.0002162124  -0.0000072305  -0.0301844277  -0.0263006212  -0.0001095095
       -0.0796667051  -0.0703457144  -0.0000990864  -0.0003153074   0.0000514232
       -0.0000010172  -0.0001768779   0.0001086511   0.0000007655   0.0000831810
        0.0000005413   0.0000000849   0.0000094519  -0.0000023015   0.0000013804
        0.0000010424   0.0000043533   0.0000002320   0.0000095710  -0.0000019749
       -0.0000006366   0.0000091629   0.0000004331  -0.0000006903   0.0001621227
        0.0000532019   0.0000009156   0.0045606190   0.0038518747   0.0003128250
        0.0048776823   0.0039737936  -0.0002545673   0.1010296241   0.0971676893
        0.0002205065  -0.0000157940  -0.0000477774   0.0000003553
        0.0000000312   0.0000011896  -0.0000037646  -0.0000017388  -0.0000007058
       -0.0000057902  -0.0000004865  -0.0000001396  -0.0000301498   0.0000005706
       -0.0000014300   0.0000070500   0.0000030296  -0.0000002009   0.0000203642
       -0.0000076398  -0.0000077021   0.0000921363   0.0000107657  -0.0000342024
        0.0004340154   0.0000066645  -0.0000110219  -0.0001338941  -0.0000141744
        0.0000094282   0.0004837593  -0.0001867494  -0.0001890496   0.0011253438
       -0.0002988314  -0.0000746663  -0.0438673410  -0.0000031597   0.0000005585
       -0.0000383534  -0.0000000018   0.0000001907   0.0000044195  -0.0000004989
       -0.0000003781  -0.0000051787   0.0000005040   0.0000025156   0.0000014959
        0.0000000107   0.0000003646   0.0000006441  -0.0000005539  -0.0000019988
        0.0000016499  -0.0000002623   0.0000002454   0.0000014643  -0.0000018551
       -0.0000021715   0.0000542688   0.0253816810   0.0088608862  -0.0015158314
       -0.0252753371  -0.0087716889  -0.0015720290   0.0003889087   0.0002205065
        0.0449452528  -0.0000008770  -0.0000005292   0.0000004677
       -0.0000235093   0.0000598783   0.0000004784   0.0004402687  -0.0001147810
       -0.0000000729  -0.0007806509  -0.0001195644   0.0000005110   0.0011581638
        0.0038633469  -0.0000050746  -0.0021236831  -0.0054659211   0.0000153780
        0.0009733316   0.0000592672   0.0000032699   0.0006585078   0.0001592989
       -0.0000029341  -0.0003352957   0.0010225696  -0.0000018447   0.0003426648
       -0.0009244587   0.0000025465  -0.0003174060  -0.0005388779   0.0000001059
       -0.0000432866   0.0002092227   0.0000016915  -0.0003964501   0.0001530823
       -0.0000005234  -0.1334981363  -0.0925690106   0.0001289286  -0.0673553244
       -0.0068191513   0.0000705494   0.0000006911   0.0000011493   0.0000043119
        0.0000064495  -0.0000176409   0.0000003078   0.0000007855   0.0000011838
       -0.0000039057  -0.0002698860   0.0002263893   0.0000004460  -0.0001091767
        0.0000975246  -0.0000004431   0.0000259269  -0.0000123250  -0.0000244274
        0.0000257408  -0.0000125615   0.0000237132  -0.0000096736  -0.0000157940
       -0.0000008770   0.2016299479   0.1007571735  -0.0002121352
       -0.0001015283  -0.0000647343  -0.0000000366   0.0006893514  -0.0001815379
       -0.0000007043  -0.0007064963   0.0004916790  -0.0000000472  -0.0025311232
       -0.0001813128   0.0000012892  -0.0224354115  -0.0270608830   0.0000467804
        0.0029898052  -0.0056126784   0.0000087224  -0.0005396859  -0.0005415412
       -0.0000017282  -0.0006594191   0.0012757867  -0.0000016281   0.0004299167
       -0.0007609238   0.0000040921  -0.0002334851  -0.0010669713  -0.0000011756
       -0.0001634844   0.0000136066   0.0000014286   0.0008230872   0.0000392871
       -0.0000001940  -0.0853974662  -0.1256769522   0.0001179328   0.0052847790
        0.0176753306  -0.0000075343   0.0000464122  -0.0000069861   0.0001089126
       -0.0000168475   0.0000745719  -0.0000004205   0.0000461774  -0.0000070263
       -0.0001093661   0.0018048763  -0.0006434291  -0.0000007764  -0.0001133012
        0.0000555449  -0.0000013107   0.0000186055   0.0000007998  -0.0000153087
        0.0000188178  -0.0000002127   0.0000146520  -0.0000107534  -0.0000477774
       -0.0000005292   0.1007571735   0.1422263598  -0.0001630502
       -0.0000000850  -0.0000007047   0.0000228179  -0.0000022015   0.0000018327
        0.0000024945   0.0000047916  -0.0000016750  -0.0004688773  -0.0000008192
       -0.0000021917  -0.0009040128   0.0000249689   0.0000306080   0.0125750306
        0.0000027360   0.0000128329   0.0040509438  -0.0000050909  -0.0000058797
       -0.0014688906  -0.0000028383   0.0000011801  -0.0000830350   0.0000005076
       -0.0000026076   0.0001896193   0.0000077372   0.0000044035  -0.0001867228
       -0.0000015407  -0.0000004017  -0.0000883679  -0.0000010960   0.0000000094
        0.0000445027   0.0001236339   0.0001256970  -0.0471264437   0.0000624149
       -0.0000000345   0.0153781923   0.0000005352   0.0000097324  -0.0000041009
        0.0000000073  -0.0000001453  -0.0000077617  -0.0000005522  -0.0000100137
       -0.0000038975  -0.0000007117   0.0000004800   0.0005070412  -0.0000001386
        0.0000001259   0.0000356807   0.0000030371  -0.0000182159   0.0000007179
       -0.0000027808   0.0000176628   0.0000000677  -0.0000003795   0.0000003553
        0.0000004677  -0.0002121352  -0.0001630502   0.0175345341
