$hessian                                                                        
        0.5251795995  -0.0036539762  -0.0132741766  -0.0655809438   0.0042501675
       -0.0137435354  -0.0087717111   0.0041621350  -0.0249586257   0.0017690985
       -0.0021661456   0.0192247164  -0.0006622192  -0.0027489323  -0.0008549843
       -0.0026174121   0.0020692943   0.0018881095   0.0021712120  -0.0006101853
       -0.0000001962  -0.0003806615   0.0004050355  -0.0002139213  -0.0005818491
       -0.0001710263   0.0003902269   0.0001543521  -0.0000762568   0.0000015411
        0.0024537144  -0.0012662688  -0.0014405091  -0.0002446635   0.0005127175
        0.0004768846  -0.0447402406  -0.0203613916  -0.0082160286  -0.2140048931
        0.1050625512  -0.0362029250  -0.1890881626  -0.0854627035   0.0814164653
        0.0009357522   0.0002693672  -0.0012693962   0.0002869375  -0.0005017369
       -0.0003427648  -0.0045935861   0.0026613161  -0.0024604549  -0.0016457961
       -0.0018624558   0.0006029016   0.0001098820   0.0000293803  -0.0001740447
       -0.0000685948   0.0000131364   0.0000475358  -0.0000613334  -0.0000149133
        0.0000006431   0.0000033478   0.0000179619  -0.0000159647  -0.0000986525
       -0.0006393258  -0.0006292710  -0.0000174383   0.0000206148  -0.0000720224
        0.0000942617   0.0000616405  -0.0001802033
       -0.0036539762   0.5158173722  -0.0020512132   0.0031369504  -0.0518022763
        0.0101578202   0.0042191255  -0.0007888607   0.0127334880  -0.0030803032
       -0.0022008000   0.0147246963   0.0016767648  -0.0017205567  -0.0007877248
       -0.0001813775   0.0019959274   0.0007388689   0.0004687361  -0.0005514712
       -0.0000117393  -0.0002025131   0.0003913585  -0.0001276009  -0.0000544558
        0.0001184104   0.0000305245  -0.0000091169  -0.0000232566  -0.0000133204
       -0.0015012725  -0.0118813654  -0.0245847504   0.0001145514   0.0008630405
        0.0011400298  -0.0197581949  -0.2453855950  -0.0832331420   0.1047131903
       -0.1097077350   0.0226005501  -0.0863018804  -0.0933656441   0.0477479186
       -0.0005684573   0.0001976254  -0.0001640647  -0.0000494367   0.0006582282
        0.0004631966   0.0023492722  -0.0006619891   0.0011438180  -0.0014420990
       -0.0016423083   0.0005879316   0.0000842871  -0.0000745542  -0.0000810766
       -0.0000100849   0.0000016706   0.0000112651   0.0000111256   0.0000102646
       -0.0000013723  -0.0000081413  -0.0000057115  -0.0000103435  -0.0002830964
       -0.0004470679  -0.0003454371   0.0000279045  -0.0001783200  -0.0002831580
        0.0003024982   0.0003836142  -0.0003851646
       -0.0132741766  -0.0020512132   0.4360619368  -0.0235076628   0.0140061684
       -0.1776807105  -0.0059971882   0.0032441377  -0.0121210054   0.0084917885
        0.0065679293  -0.0210149699  -0.0028385167   0.0007613107   0.0026562186
        0.0013047423  -0.0003327372  -0.0019501632   0.0002527038   0.0002395731
       -0.0004753525   0.0000314884  -0.0000125308   0.0002724859   0.0000586767
       -0.0000984545   0.0001076829  -0.0000125704   0.0000137263  -0.0000238913
       -0.0021766436  -0.0125935992  -0.0151792339   0.0004713856   0.0001483096
       -0.0002749619  -0.0077801149  -0.0819567500  -0.0744223764  -0.0374207809
        0.0238678534  -0.0500088068   0.0811442171   0.0471320154  -0.0854581342
        0.0008767885  -0.0004701619   0.0006142265   0.0003378302  -0.0001415869
        0.0001598435  -0.0013086874   0.0008450827  -0.0003288885   0.0010235635
        0.0003598112  -0.0011398609   0.0000413734   0.0000404684  -0.0000784462
       -0.0000015853   0.0000041569   0.0000177810   0.0000179259  -0.0000017437
       -0.0000109425   0.0000192715   0.0000001796  -0.0000165385  -0.0001063908
        0.0002900423   0.0003634823   0.0002128377  -0.0000686739  -0.0001165106
        0.0001397245   0.0002066863   0.0000471357
       -0.0655809438   0.0031369504  -0.0235076628   0.4595298767  -0.0123421247
       -0.0096381857  -0.1611954540   0.0514883258  -0.0224451156  -0.1179043747
       -0.0532945285   0.0417548797  -0.0489949585  -0.0126999127   0.0179424317
        0.0043286530  -0.0012821899  -0.0010794643  -0.0003832413  -0.0007987567
        0.0010901657   0.0004566863  -0.0000057711  -0.0002112919  -0.0002238173
        0.0002629202  -0.0002841261   0.0000660871   0.0001889049  -0.0001468789
       -0.0311567701   0.0190878064   0.0142698852   0.0012094931  -0.0128726912
       -0.0064796034  -0.0000085000  -0.0000504376  -0.0029364751  -0.0062117793
        0.0027476560  -0.0257609141   0.0020991251  -0.0018788023   0.0229469143
       -0.0247551343   0.0086747614  -0.0025781031  -0.0036219793   0.0052207875
        0.0004364540  -0.0077791252   0.0042236980  -0.0044077370   0.0019601129
        0.0015334373   0.0006265317   0.0006936108   0.0001976588  -0.0002119193
        0.0000099815  -0.0000107861  -0.0000155455  -0.0000111845   0.0000037326
        0.0000151762  -0.0000845886   0.0000371820  -0.0000056854   0.0009034586
        0.0003361374  -0.0001355736   0.0004834828  -0.0000083383  -0.0006377114
       -0.0038287168  -0.0018956195   0.0013995545
        0.0042501675  -0.0518022763   0.0140061684  -0.0123421247   0.3070278402
       -0.0582374965   0.0455950018  -0.0798697195   0.0113896104  -0.0296186146
       -0.0905957213   0.0300138517  -0.0094975177   0.0121229225   0.0083205715
       -0.0024094055  -0.0005545938  -0.0076409625   0.0026180218  -0.0006610790
        0.0012280500  -0.0006619273   0.0008922203  -0.0005515879  -0.0006347982
       -0.0005040716  -0.0001721589   0.0001195408   0.0000030450   0.0000221635
        0.0016591810  -0.0633628120  -0.0203263243  -0.0025003983  -0.0089101732
       -0.0010205547  -0.0037151949  -0.0001513769  -0.0250101120   0.0030244157
       -0.0018621284   0.0153768737   0.0011467281  -0.0009145967   0.0141242805
       -0.0106274462   0.0058206716  -0.0026922941   0.0253304488  -0.0168867525
        0.0046053672   0.0006723248  -0.0011302941   0.0014933698  -0.0113463938
       -0.0088762836   0.0143841245   0.0004637062   0.0003231430   0.0000898860
       -0.0000213931   0.0000138689   0.0000130229  -0.0000425463  -0.0000328184
        0.0000028000  -0.0000008684   0.0000365434  -0.0000120054   0.0003786970
        0.0002344809  -0.0005652469   0.0004191218   0.0003430279   0.0002272884
       -0.0022587264  -0.0007030663   0.0009313147
       -0.0137435354   0.0101578202  -0.1776807105  -0.0096381857  -0.0582374965
        0.4130457126  -0.0255876083   0.0164620252  -0.0675303035   0.0403707782
        0.0395868479  -0.0857891525   0.0086111636   0.0086010212   0.0139345794
       -0.0011765125  -0.0065940743  -0.0053744769  -0.0000466749   0.0007769710
        0.0005526797   0.0000314015   0.0000061328   0.0002086428  -0.0002044370
       -0.0004300926  -0.0005102643   0.0000151271   0.0000197937   0.0000504668
        0.0055881037  -0.0362245174  -0.0371360567  -0.0016975735   0.0056310059
        0.0038094907  -0.0023515849  -0.0034009816  -0.0177575809  -0.0044178277
        0.0014502475  -0.0098223549   0.0012705468   0.0031820474  -0.0202374217
        0.0122151311  -0.0054700599   0.0023319333   0.0062381448  -0.0034565434
        0.0016886741  -0.0266431320   0.0133056489  -0.0092937268   0.0100292536
        0.0132801689  -0.0043203273   0.0000768579   0.0002397293   0.0003653984
       -0.0000032700   0.0000080276  -0.0000060953  -0.0000151653  -0.0000287170
        0.0000067790  -0.0000034584   0.0000124823   0.0000139216  -0.0007837146
        0.0001285601   0.0003890699   0.0000529646  -0.0003195338  -0.0001257497
        0.0018132073   0.0013134865  -0.0008131272
       -0.0087717111   0.0042191255  -0.0059971882  -0.1611954540   0.0455950018
       -0.0255876083   0.4706640735   0.0350544700  -0.0156219152  -0.0301930948
        0.0069362972  -0.0004186258  -0.0052858848  -0.0018489150   0.0018776935
        0.0007642861  -0.0004652467   0.0004464900   0.0000130063   0.0000712941
       -0.0000285732  -0.0001074839  -0.0000565138   0.0000283060  -0.0001765265
        0.0000137357   0.0000188297   0.0000404547   0.0000167200  -0.0000162557
       -0.0007404708   0.0067047188   0.0011732029  -0.0007811896   0.0000647636
        0.0003729963   0.0000512130   0.0001757455   0.0003508690   0.0001926159
        0.0000620318  -0.0012559035   0.0008978481  -0.0002915297   0.0010313849
       -0.1746061870  -0.0845959853   0.0885983186  -0.0413550208  -0.0098364100
       -0.0028628732  -0.0500654551  -0.0029355763  -0.0407255819   0.0000821542
        0.0015939013  -0.0012827016   0.0001260687   0.0000452088  -0.0000648813
       -0.0000189409   0.0000065697   0.0000068510  -0.0000241053  -0.0000004733
        0.0000004890  -0.0000111238   0.0000078345  -0.0000020029   0.0001004373
       -0.0001123345   0.0001581034   0.0003748753  -0.0002322411  -0.0003019477
        0.0000256154  -0.0001921928   0.0001025242
        0.0041621350  -0.0007888607   0.0032441377   0.0514883258  -0.0798697195
        0.0164620252   0.0350544700   0.4995617289   0.0064171676  -0.0093593731
        0.0041455344  -0.0015841698  -0.0034133584  -0.0019485053   0.0023692498
       -0.0007413573   0.0012650898  -0.0005275604   0.0007953387  -0.0006549470
        0.0001250995  -0.0002362300   0.0004917706  -0.0001906443  -0.0001767862
        0.0000980333   0.0000464369  -0.0000281996  -0.0000036067  -0.0000152451
        0.0180530406  -0.0243988907  -0.0043696500  -0.0004526897   0.0012870054
       -0.0001139948  -0.0000710744   0.0004673151  -0.0000857066   0.0003890940
        0.0004810554   0.0006373813   0.0004375327   0.0000343977  -0.0002950368
       -0.0842540964  -0.0960651185   0.0561413630  -0.0088588986  -0.2604419720
       -0.0686703563  -0.0025841502  -0.0434700020  -0.0091656620  -0.0012746933
        0.0005633943  -0.0003197294   0.0002058124  -0.0000311406  -0.0000926710
       -0.0000023105  -0.0000047280   0.0000141792   0.0000083055   0.0000069702
       -0.0000015813  -0.0000088442   0.0000071758  -0.0000142098   0.0000509852
       -0.0002206417  -0.0000571715   0.0001012166  -0.0007649231   0.0000448946
        0.0007158054   0.0002535851   0.0000014544
       -0.0249586257   0.0127334880  -0.0121210054  -0.0224451156   0.0113896104
       -0.0675303035  -0.0156219152   0.0064171676   0.5271628944   0.0105389701
       -0.0033198133   0.0013284181   0.0034962207   0.0020630711  -0.0008690495
        0.0001810147  -0.0004656513   0.0005598221  -0.0003087038   0.0001828739
       -0.0002851082   0.0000948349  -0.0001385020   0.0002066766   0.0000874121
       -0.0000430417   0.0000505710  -0.0000033629  -0.0000164242   0.0000056641
        0.0065383215  -0.0068342470   0.0009230428  -0.0002614253   0.0000182051
       -0.0003280278  -0.0002703005   0.0007854962   0.0005857831  -0.0019879081
        0.0008544101  -0.0060044159  -0.0013029950  -0.0001005852   0.0009876761
        0.0877550053   0.0559825707  -0.1026216050  -0.0024622834  -0.0689883717
       -0.0645066713  -0.0400287188  -0.0098280594  -0.2783592189   0.0010655809
       -0.0006090481   0.0003453178  -0.0001398765  -0.0000282580   0.0000130692
       -0.0000049007  -0.0000022380   0.0000021276   0.0000039035   0.0000112569
        0.0000005594   0.0000070190  -0.0000107427   0.0000040969  -0.0001311155
       -0.0000461228  -0.0000812874  -0.0000827171  -0.0000056559   0.0004797196
        0.0002416816  -0.0000013885   0.0000512541
        0.0017690985  -0.0030803032   0.0084917885  -0.1179043747  -0.0296186146
        0.0403707782  -0.0301930948  -0.0093593731   0.0105389701   0.8214089235
       -0.0976531716   0.0000491619  -0.5885144692   0.0805519978   0.0006997525
       -0.0286252284   0.0227182852  -0.0139090586  -0.0023499381   0.0045961901
       -0.0030859242  -0.0012338118  -0.0010095779   0.0010044098   0.0006795805
        0.0002253540  -0.0003953776  -0.0001219155  -0.0001892947   0.0001600575
        0.0010248520  -0.0154803080  -0.0045339861  -0.0013457193   0.0017688582
        0.0012710027   0.0003811785  -0.0004082436  -0.0007668949   0.0007871972
        0.0005359970  -0.0004707279   0.0002668080  -0.0001303260  -0.0021820089
       -0.0047767261   0.0014745498  -0.0004088861   0.0001679079  -0.0011171082
        0.0000422525   0.0001837535  -0.0001772026   0.0006455846  -0.0500844551
        0.0468818054  -0.0375992451  -0.0017177892  -0.0001308165   0.0005081124
       -0.0000847975   0.0000592129  -0.0000213207  -0.0000884134   0.0000197403
       -0.0000323732  -0.0000119627  -0.0000517888   0.0000648571  -0.0001235187
       -0.0004367005  -0.0002229162  -0.0000256201  -0.0003446331  -0.0000144064
        0.0005325351   0.0003554715  -0.0002036019
       -0.0021661456  -0.0022008000   0.0065679293  -0.0532945285  -0.0905957213
        0.0395868479   0.0069362972   0.0041455344  -0.0033198133  -0.0976531716
        0.4039946038  -0.1966402116   0.0589061330  -0.0738929397   0.0151521635
        0.0523938228  -0.0203677936   0.0135210355  -0.0038959806  -0.0039799759
        0.0049558162   0.0040702584  -0.0022918549   0.0010029058  -0.0005634261
        0.0010476458  -0.0007092905   0.0000142957   0.0002367036  -0.0001991642
       -0.0143176245  -0.0236962981   0.0019769324  -0.0009140869  -0.0035763147
       -0.0011517678   0.0002997251   0.0004628855  -0.0010317141   0.0005294219
       -0.0001816394   0.0002546348   0.0000483567   0.0002960607   0.0001033278
        0.0025639121  -0.0005264384   0.0005001091   0.0011499035   0.0003901550
       -0.0005566791   0.0005247632   0.0003955403   0.0000760065   0.0446178277
       -0.1890336412   0.1198124585   0.0012212471  -0.0001254395  -0.0000090061
        0.0000272896  -0.0000380924  -0.0000645674   0.0000300315   0.0000285266
        0.0000386346  -0.0002380321  -0.0000138299   0.0000660682   0.0004468026
        0.0001099631  -0.0002631158   0.0003653648  -0.0000005958  -0.0001428811
       -0.0011024569  -0.0005862438   0.0004733408
        0.0192247164   0.0147246963  -0.0210149699   0.0417548797   0.0300138517
       -0.0857891525  -0.0004186258  -0.0015841698   0.0013284181   0.0000491619
       -0.1966402116   0.2926998990   0.0166157413   0.0133820225  -0.0597908271
       -0.0353071306   0.0160080510  -0.0017324463   0.0025341121   0.0036356743
       -0.0022488298  -0.0028773523   0.0016208280  -0.0009465881   0.0007233737
       -0.0007823432   0.0004768865   0.0000165838  -0.0001618642   0.0001276926
       -0.0053404123   0.0007121377   0.0045283929   0.0004451091  -0.0025938477
       -0.0012964647   0.0007610963   0.0002505973   0.0001314531  -0.0001379472
        0.0002607999   0.0005575313  -0.0001790347   0.0008176186  -0.0059382525
       -0.0010790905   0.0006943868   0.0003135838  -0.0000249302   0.0003893659
        0.0005696901  -0.0010527980  -0.0003207297   0.0002388732  -0.0343606244
        0.1192925692  -0.1224753785  -0.0008519387   0.0002296972   0.0001580991
        0.0000239383   0.0000095201   0.0000139380  -0.0000278511  -0.0000310539
       -0.0000174975   0.0001724401   0.0000143691  -0.0000386528   0.0001320179
        0.0002890774  -0.0001337613   0.0000118316   0.0001416654   0.0000621691
       -0.0008072663  -0.0003727083   0.0002161943
       -0.0006622192   0.0016767648  -0.0028385167  -0.0489949585  -0.0094975177
        0.0086111636  -0.0052858848  -0.0034133584   0.0034962207  -0.5885144692
        0.0589061330   0.0166157413   0.7570328147  -0.1109533769   0.0043919380
       -0.0548314637   0.0116242313  -0.0035787285  -0.0225550425   0.0232019881
       -0.0158202560  -0.0104145865   0.0078753823  -0.0038443735  -0.0075326624
        0.0046385876  -0.0019595254   0.0004966547   0.0017459545  -0.0016927177
       -0.0026151688   0.0042301065   0.0026646626   0.0011054818  -0.0009705054
       -0.0010982355  -0.0000205345   0.0003972215   0.0005435145   0.0003196549
       -0.0000859351  -0.0004944581  -0.0000668141   0.0001590366   0.0007502226
       -0.0023729648   0.0009707650  -0.0003516609   0.0001834371  -0.0000275554
        0.0001884867   0.0001428516  -0.0002294450   0.0001158310  -0.0163104298
        0.0103259095  -0.0060750644   0.0009448771  -0.0009135699   0.0003111717
        0.0003865919  -0.0001346585  -0.0000950450   0.0004064226  -0.0000101025
        0.0000536779  -0.0007324214   0.0002282188  -0.0000599355   0.0001486794
        0.0002852375  -0.0000351636   0.0001433500   0.0002617673   0.0000634439
       -0.0004011959  -0.0002912794   0.0001376062
       -0.0027489323  -0.0017205567   0.0007613107  -0.0126999127   0.0121229225
        0.0086010212  -0.0018489150  -0.0019485053   0.0020630711   0.0805519978
       -0.0738929397   0.0133820225  -0.1109533769   0.2348847034  -0.1206283580
       -0.0021848288  -0.1509741721   0.0961254654   0.0308666978  -0.0075977024
       -0.0048105466  -0.0012974206   0.0034587280   0.0010200255   0.0010072117
       -0.0004205134   0.0014606391  -0.0003099848  -0.0000786978  -0.0000596541
       -0.0035063503   0.0006902410   0.0019884947   0.0016382485  -0.0011445468
       -0.0008121326  -0.0002494136   0.0000751505  -0.0002800231  -0.0003421647
       -0.0006153657   0.0006959157   0.0002442636  -0.0003707228   0.0015832261
       -0.0013320360   0.0003185720   0.0000093950   0.0003699002  -0.0000656630
       -0.0000474111   0.0004475720   0.0000481116  -0.0001849101   0.0258301815
       -0.0137089924   0.0004012604  -0.0030159553   0.0004449588  -0.0011773085
       -0.0001220404   0.0001669012   0.0001187525  -0.0001933575  -0.0001025910
       -0.0001291790   0.0000334820   0.0000865438  -0.0000979800   0.0000709900
        0.0002982166   0.0000402416   0.0000389420   0.0003098335  -0.0000897591
       -0.0002947982  -0.0002639139   0.0000664205
       -0.0008549843  -0.0007877248   0.0026562186   0.0179424317   0.0083205715
        0.0139345794   0.0018776935   0.0023692498  -0.0008690495   0.0006997525
        0.0151521635  -0.0597908271   0.0043919380  -0.1206283580   0.1563753561
        0.0057970452   0.0960734758  -0.1049747301  -0.0216432084  -0.0038742825
       -0.0013237474   0.0035440214  -0.0004483156   0.0043608063   0.0012699156
        0.0006798730   0.0009748226   0.0001027750  -0.0004560266   0.0002674201
        0.0046216233   0.0009001976  -0.0023297347  -0.0010993076   0.0023112714
        0.0010449570   0.0001419059  -0.0004075919   0.0001034695   0.0001381944
        0.0008578974  -0.0007968500  -0.0004035509   0.0001994750   0.0001378677
        0.0011747269  -0.0003297659   0.0000500641  -0.0005591166  -0.0000276198
       -0.0000182275  -0.0001432618   0.0000033486   0.0000332718  -0.0192681530
        0.0021410562  -0.0090048508   0.0015928630  -0.0016456727  -0.0007182934
        0.0000302264  -0.0000815700  -0.0001127866   0.0001091189   0.0000242848
        0.0000971572   0.0001667646  -0.0001259509   0.0000728998  -0.0001187924
       -0.0002959028   0.0000340653  -0.0001060517  -0.0002958015   0.0000067476
        0.0005954305   0.0003717185  -0.0002106060
       -0.0026174121  -0.0001813775   0.0013047423   0.0043286530  -0.0024094055
       -0.0011765125   0.0007642861  -0.0007413573   0.0001810147  -0.0286252284
        0.0523938228  -0.0353071306  -0.0548314637  -0.0021848288   0.0057970452
        0.3667297699  -0.0577679921  -0.0149664331  -0.1561262298  -0.0191470912
        0.0370230822  -0.0423128718   0.0426092313  -0.0260558286  -0.0708941317
       -0.0130045417   0.0263243907  -0.0009829509  -0.0056250839   0.0064220617
       -0.0020585630   0.0005979351   0.0011526866   0.0001679022  -0.0006962631
       -0.0004248822  -0.0000493944   0.0005629638  -0.0001115005  -0.0018076817
       -0.0000991903   0.0011909605  -0.0005263868  -0.0000911347   0.0001083896
        0.0000536444  -0.0004203005   0.0002942316   0.0003910200   0.0001907529
       -0.0002087136   0.0003154130   0.0001987524  -0.0001947118  -0.0061113804
        0.0011775270   0.0012621819  -0.0026739096   0.0036049104  -0.0027918009
       -0.0026421588   0.0006332529   0.0007811926  -0.0023463391  -0.0001242957
       -0.0001896859   0.0021221960   0.0002215759  -0.0006749828  -0.0000645201
        0.0001408514   0.0001075209  -0.0001159364   0.0001157780   0.0000906542
       -0.0000863258   0.0000455082   0.0000620277
        0.0020692943   0.0019959274  -0.0003327372  -0.0012821899  -0.0005545938
       -0.0065940743  -0.0004652467   0.0012650898  -0.0004656513   0.0227182852
       -0.0203677936   0.0160080510   0.0116242313  -0.1509741721   0.0960734758
       -0.0577679921   0.2352902148  -0.1452377259  -0.0087041320  -0.0548113820
        0.0082085134   0.0515617444  -0.0232323459   0.0190342658  -0.0231819351
        0.0070353905   0.0051728359  -0.0000911762   0.0008792735   0.0055298682
        0.0015761886  -0.0013139937  -0.0021468678  -0.0014470003   0.0013718929
        0.0006794186   0.0000775480  -0.0000491058   0.0003128032  -0.0001696907
        0.0002178336  -0.0004349593   0.0002645968   0.0000542020  -0.0012049679
        0.0004389707   0.0001575138  -0.0002803971  -0.0004401618   0.0001030236
        0.0003131251  -0.0004674772  -0.0003491609   0.0001003599   0.0027297424
        0.0068687649   0.0038900963   0.0012872788  -0.0026989077   0.0008227194
       -0.0015244520  -0.0001515981   0.0001652235   0.0007678012   0.0000833280
        0.0002127581   0.0002881502  -0.0003851771   0.0001801248  -0.0000818782
       -0.0003334701  -0.0000669414  -0.0000860980  -0.0003456117   0.0001161615
        0.0003055982   0.0002448577  -0.0000554781
        0.0018881095   0.0007388689  -0.0019501632  -0.0010794643  -0.0076409625
       -0.0053744769   0.0004464900  -0.0005275604   0.0005598221  -0.0139090586
        0.0135210355  -0.0017324463  -0.0035787285   0.0961254654  -0.1049747301
       -0.0149664331  -0.1452377259   0.1642672655   0.0278201798   0.0113076891
       -0.0584413004  -0.0331899478   0.0203556371  -0.0003155808   0.0347657153
        0.0031011140  -0.0016331989   0.0016741920   0.0065007978   0.0013530301
       -0.0026993637  -0.0009642317   0.0015392456   0.0003665758  -0.0014287051
       -0.0004978765  -0.0002500074   0.0002719089  -0.0000414198   0.0017502212
       -0.0011910299  -0.0006184643   0.0006505834  -0.0002252116   0.0001040322
       -0.0002337546  -0.0001157550   0.0000513248   0.0003854291  -0.0000042481
       -0.0002706585   0.0002500560   0.0001261037   0.0001228903   0.0000666079
        0.0045602701   0.0094953934  -0.0006939663   0.0003593303  -0.0014402993
       -0.0004640342   0.0001936536   0.0001760214   0.0020843206  -0.0000422622
       -0.0003900765  -0.0006453464   0.0001648958  -0.0001530974  -0.0000196020
        0.0001276687  -0.0000271886  -0.0000248687   0.0001109484   0.0000342506
       -0.0003939051  -0.0001876950   0.0001577015
        0.0021712120   0.0004687361   0.0002527038  -0.0003832413   0.0026180218
       -0.0000466749   0.0000130063   0.0007953387  -0.0003087038  -0.0023499381
       -0.0038959806   0.0025341121  -0.0225550425   0.0308666978  -0.0216432084
       -0.1561262298  -0.0087041320   0.0278201798   0.4728039072  -0.0577755597
       -0.0107752909  -0.1265421679   0.1267714287  -0.0965953061  -0.1518194001
       -0.0773926615   0.0886039975  -0.0237464127  -0.0139165075   0.0147343590
        0.0000806029  -0.0030896329  -0.0012675262   0.0006524469   0.0012008369
        0.0000571937  -0.0003232023  -0.0003423263   0.0002532007  -0.0013753686
       -0.0004050825   0.0018515375   0.0004181976   0.0004908727  -0.0004106505
        0.0002326531   0.0002688085  -0.0001711679  -0.0004032362  -0.0003031671
        0.0000048391  -0.0002724396   0.0000110152   0.0002383851   0.0009417364
        0.0004134327  -0.0000436408   0.0150567381   0.0033789085  -0.0070377710
       -0.0017603744  -0.0009695476  -0.0004674017  -0.0029216558   0.0003438508
        0.0015405249  -0.0024311781  -0.0007336420   0.0013829092   0.0002204099
       -0.0000531268  -0.0001069120   0.0001363582   0.0000236859  -0.0002388579
        0.0002826190  -0.0000702677  -0.0001608299
       -0.0006101853  -0.0005514712   0.0002395731  -0.0007987567  -0.0006610790
        0.0007769710   0.0000712941  -0.0006549470   0.0001828739   0.0045961901
       -0.0039799759   0.0036356743   0.0232019881  -0.0075977024  -0.0038742825
       -0.0191470912  -0.0548113820   0.0113076891  -0.0577755597   0.6133852675
       -0.3744289884   0.1436136570  -0.3592143478   0.2257566903  -0.0937249087
       -0.1649806447   0.1293981082  -0.0080911628  -0.0006813017  -0.0052997198
       -0.0000601168   0.0008840556   0.0007744363  -0.0001275377  -0.0005569915
        0.0000497265   0.0001769629  -0.0001142783  -0.0002863092   0.0000935078
        0.0006943293  -0.0006107354  -0.0004455545  -0.0000035470   0.0001334514
       -0.0002586026  -0.0000447428   0.0000818856   0.0001523298   0.0000280472
       -0.0000673368  -0.0000242757   0.0001212919  -0.0001935870   0.0013801498
        0.0000283378   0.0010908721  -0.0020094858  -0.0213200334   0.0137509187
        0.0068379225  -0.0012085612  -0.0029264815   0.0009275951   0.0001306425
        0.0006901248   0.0023781722   0.0010122383  -0.0001718388  -0.0001114671
        0.0001229381  -0.0000598271  -0.0000338360  -0.0000253959   0.0000510711
       -0.0002112290  -0.0000007465  -0.0000009600
       -0.0000001962  -0.0000117393  -0.0004753525   0.0010901657   0.0012280500
        0.0005526797  -0.0000285732   0.0001250995  -0.0002851082  -0.0030859242
        0.0049558162  -0.0022488298  -0.0158202560  -0.0048105466  -0.0013237474
        0.0370230822   0.0082085134  -0.0584413004  -0.0107752909  -0.3744289884
        0.4839465607  -0.1111399557   0.2292643784  -0.2386370926   0.1022956926
        0.1257524687  -0.1619027928   0.0099028589  -0.0039277450  -0.0068490687
       -0.0005284005  -0.0003073940  -0.0000611762   0.0003809318   0.0001713072
       -0.0002985095   0.0001281349  -0.0001145394   0.0000149905   0.0007851822
        0.0001023208   0.0001684792   0.0000498167  -0.0000971602   0.0000831729
        0.0001061452  -0.0000037336   0.0000051643   0.0000451975  -0.0000894697
        0.0000682852  -0.0000273253  -0.0000453717  -0.0000079974  -0.0012009975
        0.0010183164   0.0004540177  -0.0021690183   0.0131038220  -0.0158238110
        0.0007844466   0.0008097869   0.0000648765  -0.0068392557  -0.0013808613
       -0.0002253650  -0.0013426628   0.0003934721   0.0012107581   0.0001960216
        0.0000227013   0.0000665361   0.0000956849   0.0001186107  -0.0000673773
        0.0000744956  -0.0000571146   0.0000120080
       -0.0003806615  -0.0002025131   0.0000314884   0.0004566863  -0.0006619273
        0.0000314015  -0.0001074839  -0.0002362300   0.0000948349  -0.0012338118
        0.0040702584  -0.0028773523  -0.0104145865  -0.0012974206   0.0035440214
       -0.0423128718   0.0515617444  -0.0331899478  -0.1265421679   0.1436136570
       -0.1111399557   0.1707026427  -0.1827951683   0.1295106457   0.0074306307
       -0.0095324474   0.0094074685   0.0008166916  -0.0024746176   0.0019132283
        0.0002163515   0.0010449124   0.0001774343  -0.0003901870  -0.0003165605
        0.0001330245   0.0000865021   0.0000509542  -0.0001394012   0.0000768419
        0.0001355520  -0.0003994242  -0.0001072118  -0.0001190822   0.0000395825
       -0.0000545440  -0.0000917423   0.0000443727   0.0001303891   0.0000419572
       -0.0000360659   0.0000932835   0.0000140004  -0.0000349069  -0.0012939519
        0.0001346391  -0.0001938855  -0.0005068232  -0.0021714389   0.0031673549
        0.0010980907  -0.0004003663  -0.0002114635   0.0012319343   0.0000010317
        0.0001290044   0.0011964428  -0.0004010826  -0.0001155266  -0.0000648981
        0.0000043939   0.0000040995  -0.0000592516  -0.0000186717   0.0000673745
       -0.0000680363   0.0000461677   0.0000425932
        0.0004050355   0.0003913585  -0.0000125308  -0.0000057711   0.0008922203
        0.0000061328  -0.0000565138   0.0004917706  -0.0001385020  -0.0010095779
       -0.0022918549   0.0016208280   0.0078753823   0.0034587280  -0.0004483156
        0.0426092313  -0.0232323459   0.0203556371   0.1267714287  -0.3592143478
        0.2292643784  -0.1827951683   0.4303476032  -0.3075903160   0.0128915607
       -0.0516467633   0.0527496009   0.0009655060  -0.0002493942   0.0003932909
        0.0000281836  -0.0010021330  -0.0005836216   0.0002154851   0.0004785571
       -0.0001026781  -0.0001313627  -0.0000215255   0.0001698283   0.0000073990
       -0.0003919646   0.0002626957   0.0001601542   0.0000732583  -0.0000483374
        0.0001164419   0.0000916814  -0.0000897116  -0.0001497666  -0.0000434662
        0.0000740259  -0.0000625500  -0.0000941216   0.0001297741   0.0003257503
       -0.0001651182  -0.0003879538  -0.0068827446   0.0020626140   0.0051690184
       -0.0007706960   0.0003468927   0.0003534057  -0.0004494992   0.0002932562
       -0.0004957393  -0.0002810771  -0.0004734917  -0.0006367954   0.0000890683
       -0.0000784991   0.0000385178   0.0000110566   0.0000211810  -0.0000472847
        0.0001230438  -0.0000440957  -0.0000053477
       -0.0002139213  -0.0001276009   0.0002724859  -0.0002112919  -0.0005515879
        0.0002086428   0.0000283060  -0.0001906443   0.0002066766   0.0010044098
        0.0010029058  -0.0009465881  -0.0038443735   0.0010200255   0.0043608063
       -0.0260558286   0.0190342658  -0.0003155808  -0.0965953061   0.2257566903
       -0.2386370926   0.1295106457  -0.3075903160   0.2686112851  -0.0098752939
        0.0575024369  -0.0337961514  -0.0009362778   0.0009209509  -0.0004324278
        0.0003161876   0.0004979165   0.0001005208  -0.0003354305  -0.0002115155
        0.0002058996   0.0000061276   0.0000957300  -0.0001016277  -0.0002754498
        0.0000567188  -0.0003465594  -0.0000447766  -0.0000522619  -0.0000173214
       -0.0000461790  -0.0000741113   0.0000299537   0.0000712588   0.0000735805
       -0.0000593747   0.0000687869   0.0000484776  -0.0000407147  -0.0000964604
       -0.0004164740  -0.0002897993   0.0072835392   0.0041147134   0.0014235850
        0.0000999156  -0.0004977439   0.0001945333   0.0005464467   0.0001568166
        0.0001234203  -0.0002126225  -0.0005900829  -0.0007296094  -0.0001175034
        0.0000024396  -0.0000464767  -0.0000458533  -0.0000417575   0.0000393213
       -0.0000290553   0.0000604280  -0.0000178066
       -0.0005818491  -0.0000544558   0.0000586767  -0.0002238173  -0.0006347982
       -0.0002044370  -0.0001765265  -0.0001767862   0.0000874121   0.0006795805
       -0.0005634261   0.0007233737  -0.0075326624   0.0010072117   0.0012699156
       -0.0708941317  -0.0231819351   0.0347657153  -0.1518194001  -0.0937249087
        0.1022956926   0.0074306307   0.0128915607  -0.0098752939   0.6587210614
       -0.0420963886  -0.0808827954  -0.2310687044   0.0167379296   0.0226414761
        0.0001008750   0.0008810895   0.0002907210  -0.0002606068  -0.0002784403
       -0.0000030847   0.0000457725   0.0000224824  -0.0000887509   0.0002242204
        0.0001461185  -0.0005282783  -0.0001824245  -0.0000617663   0.0000829845
       -0.0000945325  -0.0000413469   0.0000217236   0.0000933590   0.0000285619
        0.0000123533   0.0000697846  -0.0000408625  -0.0000080296   0.0000114864
       -0.0001241211   0.0001157397  -0.1276548487   0.1225579899  -0.0819445791
       -0.0232292274   0.0043179944   0.0123730014  -0.0319619855  -0.0055734965
        0.0011837078  -0.0215142976   0.0079737056  -0.0025450096  -0.0000430382
        0.0000023908   0.0000387438  -0.0000565096  -0.0000160345   0.0000702618
       -0.0000822085   0.0000017318   0.0000487595
       -0.0001710263   0.0001184104  -0.0000984545   0.0002629202  -0.0005040716
       -0.0004300926   0.0000137357   0.0000980333  -0.0000430417   0.0002253540
        0.0010476458  -0.0007823432   0.0046385876  -0.0004205134   0.0006798730
       -0.0130045417   0.0070353905   0.0031011140  -0.0773926615  -0.1649806447
        0.1257524687  -0.0095324474  -0.0516467633   0.0575024369  -0.0420963886
        0.4645574086  -0.3431064406   0.0158959852  -0.0643318820   0.0149940389
       -0.0000918297   0.0000975110   0.0000276037  -0.0000489961  -0.0000083619
       -0.0000424152  -0.0000258815   0.0000786307   0.0000730390   0.0000760976
       -0.0001154990  -0.0000820516   0.0000487922  -0.0000549511   0.0000360732
        0.0000480737  -0.0000223746  -0.0000034759  -0.0000021741   0.0000424585
        0.0000251360   0.0000570816  -0.0000536516   0.0000342426  -0.0002344216
        0.0001351846   0.0001216047   0.1194209575  -0.1936572381   0.1373520506
        0.0021603393   0.0026615634   0.0012709595  -0.0272230060   0.0040200211
        0.0045973786   0.0270069503  -0.0040644018  -0.0010776228  -0.0000163944
       -0.0000361106   0.0000477164  -0.0000183227   0.0000016769   0.0000214637
        0.0000032165   0.0000025288   0.0000287387
        0.0003902269   0.0000305245   0.0001076829  -0.0002841261  -0.0001721589
       -0.0005102643   0.0000188297   0.0000464369   0.0000505710  -0.0003953776
       -0.0007092905   0.0004768865  -0.0019595254   0.0014606391   0.0009748226
        0.0263243907   0.0051728359  -0.0016331989   0.0886039975   0.1293981082
       -0.1619027928   0.0094074685   0.0527496009  -0.0337961514  -0.0808827954
       -0.3431064406   0.3628606595   0.0230519052   0.0147963505  -0.0604038168
        0.0002759837  -0.0003250879  -0.0001613091  -0.0000683500   0.0000931462
        0.0001484602  -0.0000764448   0.0000288478   0.0000521485  -0.0002174921
       -0.0000673184   0.0001438745   0.0000532200   0.0000973091  -0.0001072555
        0.0000098631   0.0000208330  -0.0000144588  -0.0000725010   0.0000237384
       -0.0000294824  -0.0000171182   0.0000247297   0.0000200854   0.0002163278
        0.0001361083   0.0001594136  -0.0792732400   0.1364437464  -0.1087169724
        0.0335222150  -0.0017814286  -0.0036886830   0.0004058071   0.0030201227
        0.0037834617  -0.0190032481   0.0026468857   0.0022641588  -0.0000478669
       -0.0000208107  -0.0000369053  -0.0000159880  -0.0000390656  -0.0000084171
        0.0000338386   0.0000316381  -0.0000325176
        0.0001543521  -0.0000091169  -0.0000125704   0.0000660871   0.0001195408
        0.0000151271   0.0000404547  -0.0000281996  -0.0000033629  -0.0001219155
        0.0000142957   0.0000165838   0.0004966547  -0.0003099848   0.0001027750
       -0.0009829509  -0.0000911762   0.0016741920  -0.0237464127  -0.0080911628
        0.0099028589   0.0008166916   0.0009655060  -0.0009362778  -0.2310687044
        0.0158959852   0.0230519052   0.4532033187   0.0103830142   0.0010295747
       -0.0001220919  -0.0000817526  -0.0000009722   0.0001591921   0.0000459732
       -0.0000419789  -0.0000508197  -0.0000147542   0.0000034143  -0.0000556911
       -0.0000016447  -0.0000228053  -0.0000358298   0.0000352982   0.0000085587
       -0.0000500590   0.0000256321  -0.0000067403  -0.0000356737   0.0000045740
        0.0000060305  -0.0000362660   0.0000054841  -0.0000045491  -0.0001081310
        0.0000410486  -0.0000336671  -0.0129740545   0.0024119194  -0.0002478826
       -0.0439480821   0.0070699751   0.0387700275  -0.0772265558  -0.0862279643
       -0.0270642361  -0.0643315889   0.0578471251  -0.0462090724   0.0000003168
        0.0000075620  -0.0000007824  -0.0000184562  -0.0000003342  -0.0000011311
       -0.0000237846  -0.0000168434   0.0000049810
       -0.0000762568  -0.0000232566   0.0000137263   0.0001889049   0.0000030450
        0.0000197937   0.0000167200  -0.0000036067  -0.0000164242  -0.0001892947
        0.0002367036  -0.0001618642   0.0017459545  -0.0000786978  -0.0004560266
       -0.0056250839   0.0008792735   0.0065007978  -0.0139165075  -0.0006813017
       -0.0039277450  -0.0024746176  -0.0002493942   0.0009209509   0.0167379296
       -0.0643318820   0.0147963505   0.0103830142   0.5209073344  -0.0159993981
       -0.0000322484   0.0000880138   0.0000427286   0.0000107379  -0.0000182235
       -0.0000188436   0.0000167761   0.0000038594  -0.0000071281   0.0000388553
        0.0000236858  -0.0000355515  -0.0000201365  -0.0000019864   0.0000005677
        0.0000126190  -0.0000021916   0.0000021036   0.0000093891   0.0000062430
        0.0000026090   0.0000014230  -0.0000009608  -0.0000094286  -0.0000516061
       -0.0000425767  -0.0000631898   0.0158677838  -0.0018689962  -0.0046517170
        0.0081898585  -0.0532650152  -0.0468575266  -0.0840074866  -0.2218424687
       -0.0567757563   0.0531810855  -0.1797515637   0.1066728008   0.0000024481
        0.0000084734   0.0000047055  -0.0000035443   0.0000058966   0.0000016139
       -0.0000067169  -0.0000004068   0.0000018511
        0.0000015411  -0.0000133204  -0.0000238913  -0.0001468789   0.0000221635
        0.0000504668  -0.0000162557  -0.0000152451   0.0000056641   0.0001600575
       -0.0001991642   0.0001276926  -0.0016927177  -0.0000596541   0.0002674201
        0.0064220617   0.0055298682   0.0013530301   0.0147343590  -0.0052997198
       -0.0068490687   0.0019132283   0.0003932909  -0.0004324278   0.0226414761
        0.0149940389  -0.0604038168   0.0010295747  -0.0159993981   0.5173937352
       -0.0000511031  -0.0000053134   0.0000246508   0.0000223991  -0.0000058932
       -0.0000159011   0.0000203421  -0.0000147660  -0.0000100321  -0.0000133894
        0.0000060051   0.0000497888   0.0000208837  -0.0000066342   0.0000014373
       -0.0000053756   0.0000020407   0.0000076269   0.0000089976  -0.0000125192
       -0.0000004695  -0.0000015549   0.0000043577   0.0000044895   0.0000554832
       -0.0000529648  -0.0000426181  -0.0118782889  -0.0020331019   0.0003021573
        0.0367886212  -0.0467363955  -0.2628226000  -0.0278372438  -0.0562772693
       -0.0610768417  -0.0421893954   0.1057757534  -0.1279118858   0.0000068910
        0.0000034264  -0.0000016325   0.0000093526   0.0000051858   0.0000000797
       -0.0000030655  -0.0000047714   0.0000029460
        0.0024537144  -0.0015012725  -0.0021766436  -0.0311567701   0.0016591810
        0.0055881037  -0.0007404708   0.0180530406   0.0065383215   0.0010248520
       -0.0143176245  -0.0053404123  -0.0026151688  -0.0035063503   0.0046216233
       -0.0020585630   0.0015761886  -0.0026993637   0.0000806029  -0.0000601168
       -0.0005284005   0.0002163515   0.0000281836   0.0003161876   0.0001008750
       -0.0000918297   0.0002759837  -0.0001220919  -0.0000322484  -0.0000511031
        0.1885882408   0.0474355866  -0.0735652269  -0.1092469813  -0.0259951852
        0.0453734920  -0.0001403971  -0.0004428347  -0.0003056048   0.0003687129
       -0.0005570418  -0.0006948111  -0.0010037984  -0.0000222537   0.0010453743
       -0.0011709382   0.0000554864   0.0008237892  -0.0038911407   0.0023552376
       -0.0001705758   0.0007924448   0.0001646939  -0.0001173161  -0.0010181632
       -0.0003588239   0.0015160930   0.0000058922  -0.0000963287  -0.0000705735
        0.0000027162  -0.0000042741   0.0000242488   0.0000441423  -0.0000003526
       -0.0000140636   0.0000264734   0.0000035859  -0.0000276792  -0.0094565784
       -0.0070009563   0.0103487889  -0.0277242643  -0.0116439369   0.0087720157
       -0.0033596924  -0.0056997540   0.0005177524
       -0.0012662688  -0.0118813654  -0.0125935992   0.0190878064  -0.0633628120
       -0.0362245174   0.0067047188  -0.0243988907  -0.0068342470  -0.0154803080
       -0.0236962981   0.0007121377   0.0042301065   0.0006902410   0.0009001976
        0.0005979351  -0.0013139937  -0.0009642317  -0.0030896329   0.0008840556
       -0.0003073940   0.0010449124  -0.0010021330   0.0004979165   0.0008810895
        0.0000975110  -0.0003250879  -0.0000817526   0.0000880138  -0.0000053134
        0.0474355866   0.1831403852   0.0332386949  -0.0372660576  -0.0435156190
        0.0144753519  -0.0004402721  -0.0002696884  -0.0028218340  -0.0002718281
        0.0008677380   0.0002723622   0.0000113399   0.0003882790   0.0003825274
       -0.0004407141   0.0005894503   0.0000824678   0.0039556885  -0.0029239904
        0.0001538391  -0.0003351136   0.0006737699   0.0001621777  -0.0003231842
       -0.0006780322   0.0003820143  -0.0003896744  -0.0000482103   0.0001970055
        0.0000711964  -0.0000200355  -0.0000451767   0.0000505206   0.0000037366
        0.0000032945   0.0000199678  -0.0000114152   0.0000216867  -0.0041145465
       -0.0022275311   0.0043798840  -0.0002088980   0.0032489403  -0.0028169463
       -0.0203826178  -0.0153221058   0.0070767896
       -0.0014405091  -0.0245847504  -0.0151792339   0.0142698852  -0.0203263243
       -0.0371360567   0.0011732029  -0.0043696500   0.0009230428  -0.0045339861
        0.0019769324   0.0045283929   0.0026646626   0.0019884947  -0.0023297347
        0.0011526866  -0.0021468678   0.0015392456  -0.0012675262   0.0007744363
       -0.0000611762   0.0001774343  -0.0005836216   0.0001005208   0.0002907210
        0.0000276037  -0.0001613091  -0.0000009722   0.0000427286   0.0000246508
       -0.0735652269   0.0332386949   0.1039997695   0.0402613675   0.0064524607
       -0.0455932870  -0.0003464081  -0.0009259452  -0.0062519053   0.0000665888
       -0.0002892296   0.0008469750   0.0005587047   0.0000835226   0.0001196882
        0.0007836781   0.0001239737  -0.0005193803   0.0006720447  -0.0001433265
        0.0003228746  -0.0001622024   0.0007266405   0.0008233679   0.0005780173
       -0.0000133347  -0.0012622764  -0.0001875144   0.0000265405   0.0000925063
        0.0000385415   0.0000070795  -0.0000385021  -0.0000041025  -0.0000002380
       -0.0000049707   0.0000044224  -0.0000134872   0.0000282056   0.0226218598
        0.0119528577  -0.0102024058   0.0010159055  -0.0018387185   0.0032453823
       -0.0048212750  -0.0021864721   0.0021456162
       -0.0002446635   0.0001145514   0.0004713856   0.0012094931  -0.0025003983
       -0.0016975735  -0.0007811896  -0.0004526897  -0.0002614253  -0.0013457193
       -0.0009140869   0.0004451091   0.0011054818   0.0016382485  -0.0010993076
        0.0001679022  -0.0014470003   0.0003665758   0.0006524469  -0.0001275377
        0.0003809318  -0.0003901870   0.0002154851  -0.0003354305  -0.0002606068
       -0.0000489961  -0.0000683500   0.0001591921   0.0000107379   0.0000223991
       -0.1092469813  -0.0372660576   0.0402613675   0.3803177156  -0.0752959720
        0.0454627220   0.0002000545   0.0002545755   0.0000475454  -0.0000636176
       -0.0001067683   0.0002438348   0.0002032602   0.0000150795  -0.0004609479
        0.0007896910   0.0003703503   0.0001142220   0.0002993608   0.0002389850
       -0.0000180090   0.0000312158   0.0000772697   0.0000508130  -0.0000272932
       -0.0001893494  -0.0004514652   0.0001310134   0.0000995935   0.0000253686
       -0.0000238885   0.0000027917   0.0000000523  -0.0000629181  -0.0000159527
        0.0000010982  -0.0000253092   0.0000086093   0.0000074401  -0.0362066259
        0.0048482502  -0.0071860625  -0.1990729781   0.0902826831  -0.0799327108
       -0.0375148493   0.0201875982   0.0036104168
        0.0005127175   0.0008630405   0.0001483096  -0.0128726912  -0.0089101732
        0.0056310059   0.0000647636   0.0012870054   0.0000182051   0.0017688582
       -0.0035763147  -0.0025938477  -0.0009705054  -0.0011445468   0.0023112714
       -0.0006962631   0.0013718929  -0.0014287051   0.0012008369  -0.0005569915
        0.0001713072  -0.0003165605   0.0004785571  -0.0002115155  -0.0002784403
       -0.0000083619   0.0000931462   0.0000459732  -0.0000182235  -0.0000058932
       -0.0259951852  -0.0435156190   0.0064524607  -0.0752959720   0.4472169486
        0.0300981263  -0.0000941855   0.0001089478   0.0002572937  -0.0000851016
       -0.0002101538  -0.0000542557  -0.0003382359  -0.0002508471   0.0001286345
       -0.0005122599  -0.0010234350   0.0000471063  -0.0005734499   0.0001502406
        0.0001182522   0.0000225069  -0.0002397232  -0.0000657226  -0.0005609444
       -0.0001475629   0.0004740978   0.0002145805   0.0000296719  -0.0000797159
       -0.0000138936   0.0000014305   0.0000157065  -0.0000266999  -0.0000024842
       -0.0000036013  -0.0000008864   0.0000077208  -0.0000139679   0.0033325297
       -0.0380158219  -0.0097697531   0.0959814517  -0.0865239423   0.0432854014
        0.0154870565  -0.2673712550  -0.0750233469
        0.0004768846   0.0011400298  -0.0002749619  -0.0064796034  -0.0010205547
        0.0038094907   0.0003729963  -0.0001139948  -0.0003280278   0.0012710027
       -0.0011517678  -0.0012964647  -0.0010982355  -0.0008121326   0.0010449570
       -0.0004248822   0.0006794186  -0.0004978765   0.0000571937   0.0000497265
       -0.0002985095   0.0001330245  -0.0001026781   0.0002058996  -0.0000030847
       -0.0000424152   0.0001484602  -0.0000419789  -0.0000188436  -0.0000159011
        0.0453734920   0.0144753519  -0.0455932870   0.0454627220   0.0300981263
        0.4789740953  -0.0003049656  -0.0002005434   0.0003071541  -0.0000568563
       -0.0000493162  -0.0001779774  -0.0006924512  -0.0011814724   0.0000193941
       -0.0003885362  -0.0000281876   0.0005391429  -0.0002796844  -0.0001339265
        0.0000956773   0.0000940140   0.0001126828  -0.0001793909  -0.0001776887
       -0.0000810969   0.0003160393  -0.0000386929  -0.0000302085  -0.0000577235
       -0.0000081917  -0.0000006311   0.0000137201   0.0000170022   0.0000051319
        0.0000051829   0.0000165391  -0.0000012276  -0.0000104823  -0.0001471684
       -0.0058043416  -0.2912847819  -0.0857034379   0.0421120451  -0.0804802907
        0.0025705869  -0.0778991742  -0.0649835380
       -0.0447402406  -0.0197581949  -0.0077801149  -0.0000085000  -0.0037151949
       -0.0023515849   0.0000512130  -0.0000710744  -0.0002703005   0.0003811785
        0.0002997251   0.0007610963  -0.0000205345  -0.0002494136   0.0001419059
       -0.0000493944   0.0000775480  -0.0002500074  -0.0003232023   0.0001769629
        0.0001281349   0.0000865021  -0.0001313627   0.0000061276   0.0000457725
       -0.0000258815  -0.0000764448  -0.0000508197   0.0000167761   0.0000203421
       -0.0001403971  -0.0004402721  -0.0003464081   0.0002000545  -0.0000941855
       -0.0003049656   0.0480131274   0.0231299863   0.0093949638   0.0011327293
        0.0265304411   0.0091007926  -0.0042871506  -0.0262587813  -0.0079726137
       -0.0001615627  -0.0002054740  -0.0000138766  -0.0001513615   0.0003738163
       -0.0004831049  -0.0000331524   0.0000886700   0.0001681145  -0.0000285249
       -0.0000813496  -0.0000462257  -0.0000369847   0.0000212066   0.0000492357
        0.0000102424  -0.0000032296  -0.0000183984   0.0000008025   0.0000078805
        0.0000124780   0.0000025411  -0.0000032762   0.0000149595   0.0000506115
        0.0003026464   0.0001920987   0.0000298235  -0.0000239679  -0.0000318433
        0.0000272271   0.0000359989  -0.0000443608
       -0.0203613916  -0.2453855950  -0.0819567500  -0.0000504376  -0.0001513769
       -0.0034009816   0.0001757455   0.0004673151   0.0007854962  -0.0004082436
        0.0004628855   0.0002505973   0.0003972215   0.0000751505  -0.0004075919
        0.0005629638  -0.0000491058   0.0002719089  -0.0003423263  -0.0001142783
       -0.0001145394   0.0000509542  -0.0000215255   0.0000957300   0.0000224824
        0.0000786307   0.0000288478  -0.0000147542   0.0000038594  -0.0000147660
       -0.0004428347  -0.0002696884  -0.0009259452   0.0002545755   0.0001089478
       -0.0002005434   0.0231299863   0.2835175365   0.0966926006   0.0010882932
       -0.0202985661  -0.0063818548  -0.0043337848  -0.0186128915  -0.0049465883
       -0.0000996335  -0.0002437311  -0.0000657318   0.0000844244   0.0002690063
        0.0000913441   0.0000428638  -0.0000435241   0.0001682314   0.0000116210
       -0.0000582312   0.0000586056  -0.0000272512   0.0000053298  -0.0000339490
       -0.0000073511  -0.0000060250   0.0000019250  -0.0000073508   0.0000110446
        0.0000036523  -0.0000111602  -0.0000127136   0.0000004669   0.0001769776
        0.0001890050   0.0000676748   0.0000460841   0.0000008086  -0.0000423142
        0.0000623261   0.0000777327  -0.0000255250
       -0.0082160286  -0.0832331420  -0.0744223764  -0.0029364751  -0.0250101120
       -0.0177575809   0.0003508690  -0.0000857066   0.0005857831  -0.0007668949
       -0.0010317141   0.0001314531   0.0005435145  -0.0002800231   0.0001034695
       -0.0001115005   0.0003128032  -0.0000414198   0.0002532007  -0.0002863092
        0.0000149905  -0.0001394012   0.0001698283  -0.0001016277  -0.0000887509
        0.0000730390   0.0000521485   0.0000034143  -0.0000071281  -0.0000100321
       -0.0003056048  -0.0028218340  -0.0062519053   0.0000475454   0.0002572937
        0.0003071541   0.0093949638   0.0966926006   0.0894121341   0.0009094548
        0.0034609363   0.0027366523   0.0015546595   0.0113742495   0.0052927694
       -0.0000788597  -0.0000008585  -0.0000786849  -0.0004023292   0.0003973373
       -0.0003086581   0.0001140128   0.0000832486   0.0001800248  -0.0001669243
       -0.0000926714   0.0000705634   0.0000529645  -0.0000217800  -0.0000454520
       -0.0000072886  -0.0000073996   0.0000009506  -0.0000131796   0.0000038574
        0.0000011009  -0.0000113386   0.0000014605  -0.0000012381  -0.0001050829
       -0.0000734795   0.0000824767   0.0000525404   0.0000052339  -0.0000128774
        0.0000725191   0.0001202697   0.0000601818
       -0.2140048931   0.1047131903  -0.0374207809  -0.0062117793   0.0030244157
       -0.0044178277   0.0001926159   0.0003890940  -0.0019879081   0.0007871972
        0.0005294219  -0.0001379472   0.0003196549  -0.0003421647   0.0001381944
       -0.0018076817  -0.0001696907   0.0017502212  -0.0013753686   0.0000935078
        0.0007851822   0.0000768419   0.0000073990  -0.0002754498   0.0002242204
        0.0000760976  -0.0002174921  -0.0000556911   0.0000388553  -0.0000133894
        0.0003687129  -0.0002718281   0.0000665888  -0.0000636176  -0.0000851016
       -0.0000568563   0.0011327293   0.0010882932   0.0009094548   0.2474475193
       -0.1218583300   0.0432293214  -0.0266123390   0.0127134002  -0.0023734680
        0.0003539204   0.0000737826   0.0000141064   0.0000073284  -0.0002096795
        0.0000391579  -0.0002635340   0.0003206674  -0.0002304728  -0.0001802110
       -0.0001133463   0.0001029502   0.0000200638   0.0000058139   0.0000313011
        0.0000228066  -0.0000024284  -0.0000217859   0.0000131356   0.0000028531
        0.0000045447  -0.0000267751   0.0000027584   0.0000162403  -0.0004479561
       -0.0000453690  -0.0000922572   0.0000377739   0.0000402202   0.0001682084
        0.0000453260  -0.0000218324  -0.0000098362
        0.1050625512  -0.1097077350   0.0238678534   0.0027476560  -0.0018621284
        0.0014502475   0.0000620318   0.0004810554   0.0008544101   0.0005359970
       -0.0001816394   0.0002607999  -0.0000859351  -0.0006153657   0.0008578974
       -0.0000991903   0.0002178336  -0.0011910299  -0.0004050825   0.0006943293
        0.0001023208   0.0001355520  -0.0003919646   0.0000567188   0.0001461185
       -0.0001154990  -0.0000673184  -0.0000016447   0.0000236858   0.0000060051
       -0.0005570418   0.0008677380  -0.0002892296  -0.0001067683  -0.0002101538
       -0.0000493162   0.0265304411  -0.0202985661   0.0034609363  -0.1218583300
        0.1234075323  -0.0271501665  -0.0120682600   0.0074059877  -0.0021236243
       -0.0001108560  -0.0000717059   0.0000204208  -0.0001185763   0.0001855255
       -0.0000963214   0.0002268789   0.0001221912   0.0000579446   0.0000091257
        0.0000599368  -0.0001404598  -0.0000221989  -0.0000157007   0.0000963401
        0.0000179074  -0.0000028066  -0.0000128569   0.0000094496  -0.0000160179
        0.0000074338   0.0000104290   0.0000068180  -0.0000009918  -0.0000970343
        0.0000648369   0.0000272348   0.0000714635  -0.0000306285   0.0000413759
       -0.0000346835  -0.0000175588  -0.0000466246
       -0.0362029250   0.0226005501  -0.0500088068  -0.0257609141   0.0153768737
       -0.0098223549  -0.0012559035   0.0006373813  -0.0060044159  -0.0004707279
        0.0002546348   0.0005575313  -0.0004944581   0.0006959157  -0.0007968500
        0.0011909605  -0.0004349593  -0.0006184643   0.0018515375  -0.0006107354
        0.0001684792  -0.0003994242   0.0002626957  -0.0003465594  -0.0005282783
       -0.0000820516   0.0001438745  -0.0000228053  -0.0000355515   0.0000497888
       -0.0006948111   0.0002723622   0.0008469750   0.0002438348  -0.0000542557
       -0.0001779774   0.0091007926  -0.0063818548   0.0027366523   0.0432293214
       -0.0271501665   0.0611748553   0.0113571700  -0.0061304064   0.0028556067
        0.0002121084  -0.0000762432  -0.0000776246   0.0000586446  -0.0000606313
       -0.0000736535  -0.0016158963   0.0008478608  -0.0006208022   0.0000050969
       -0.0001421745   0.0001468072   0.0000386258   0.0000715827  -0.0000519693
       -0.0000248597   0.0000076325  -0.0000041819  -0.0000340135  -0.0000062044
       -0.0000000131   0.0000039175   0.0000001716   0.0000066093   0.0000657741
        0.0000244394  -0.0000095604   0.0000980660   0.0001082190  -0.0000784384
        0.0000491669   0.0000049150   0.0000044926
       -0.1890881626  -0.0863018804   0.0811442171   0.0020991251   0.0011467281
        0.0012705468   0.0008978481   0.0004375327  -0.0013029950   0.0002668080
        0.0000483567  -0.0001790347  -0.0000668141   0.0002442636  -0.0004035509
       -0.0005263868   0.0002645968   0.0006505834   0.0004181976  -0.0004455545
        0.0000498167  -0.0001072118   0.0001601542  -0.0000447766  -0.0001824245
        0.0000487922   0.0000532200  -0.0000358298  -0.0000201365   0.0000208837
       -0.0010037984   0.0000113399   0.0005587047   0.0002032602  -0.0003382359
       -0.0006924512  -0.0042871506  -0.0043337848   0.0015546595  -0.0266123390
       -0.0120682600   0.0113571700   0.2176891539   0.1011126268  -0.0933468705
       -0.0000908813   0.0001215965  -0.0004226786  -0.0001199093  -0.0000467014
        0.0000610644  -0.0001007504   0.0000192616  -0.0001042158   0.0000378331
        0.0000858319   0.0000800099   0.0000506525   0.0000110796  -0.0000622711
       -0.0000046945   0.0000006773   0.0000076938  -0.0000012477   0.0000023039
        0.0000012896   0.0000087811  -0.0000074423   0.0000000104   0.0005449220
       -0.0002158917  -0.0000815844  -0.0000035566   0.0000552970  -0.0002171304
        0.0000145758   0.0000074487   0.0000476894
       -0.0854627035  -0.0933656441   0.0471320154  -0.0018788023  -0.0009145967
        0.0031820474  -0.0002915297   0.0000343977  -0.0001005852  -0.0001303260
        0.0002960607   0.0008176186   0.0001590366  -0.0003707228   0.0001994750
       -0.0000911347   0.0000542020  -0.0002252116   0.0004908727  -0.0000035470
       -0.0000971602  -0.0001190822   0.0000732583  -0.0000522619  -0.0000617663
       -0.0000549511   0.0000973091   0.0000352982  -0.0000019864  -0.0000066342
       -0.0000222537   0.0003882790   0.0000835226   0.0000150795  -0.0002508471
       -0.0011814724  -0.0262587813  -0.0186128915   0.0113742495   0.0127134002
        0.0074059877  -0.0061304064   0.1011126268   0.1061673979  -0.0552950029
        0.0004860274   0.0002695856   0.0003721444  -0.0001106055  -0.0003207876
        0.0000939350   0.0000352038  -0.0000067151  -0.0002325522  -0.0000806943
        0.0000429650  -0.0000292284   0.0000358817   0.0000098165  -0.0000330518
       -0.0000055158   0.0000064408   0.0000139359  -0.0000085319  -0.0000098829
       -0.0000033029   0.0000030115   0.0000074246  -0.0000113990  -0.0006599870
       -0.0008846821  -0.0003160664   0.0000079938   0.0000659847   0.0001630268
        0.0000872821  -0.0000245461   0.0001850559
        0.0814164653   0.0477479186  -0.0854581342   0.0229469143   0.0141242805
       -0.0202374217   0.0010313849  -0.0002950368   0.0009876761  -0.0021820089
        0.0001033278  -0.0059382525   0.0007502226   0.0015832261   0.0001378677
        0.0001083896  -0.0012049679   0.0001040322  -0.0004106505   0.0001334514
        0.0000831729   0.0000395825  -0.0000483374  -0.0000173214   0.0000829845
        0.0000360732  -0.0001072555   0.0000085587   0.0000005677   0.0000014373
        0.0010453743   0.0003825274   0.0001196882  -0.0004609479   0.0001286345
        0.0000193941  -0.0079726137  -0.0049465883   0.0052927694  -0.0023734680
       -0.0021236243   0.0028556067  -0.0933468705  -0.0552950029   0.1019605433
       -0.0008021869   0.0001646348  -0.0003192539  -0.0000463147   0.0000344125
       -0.0000761761   0.0001889027  -0.0001484718   0.0002946271   0.0008654604
        0.0008455163  -0.0001655646  -0.0000526957  -0.0000204971   0.0000844305
        0.0000037504   0.0000009642  -0.0000094212  -0.0000044750   0.0000041578
        0.0000021171  -0.0000162284  -0.0000024838   0.0000110768  -0.0005892851
       -0.0013016585   0.0002968907  -0.0002345870  -0.0000498404  -0.0001098200
        0.0000043419   0.0001468163   0.0001872909
        0.0009357522  -0.0005684573   0.0008767885  -0.0247551343  -0.0106274462
        0.0122151311  -0.1746061870  -0.0842540964   0.0877550053  -0.0047767261
        0.0025639121  -0.0010790905  -0.0023729648  -0.0013320360   0.0011747269
        0.0000536444   0.0004389707  -0.0002337546   0.0002326531  -0.0002586026
        0.0001061452  -0.0000545440   0.0001164419  -0.0000461790  -0.0000945325
        0.0000480737   0.0000098631  -0.0000500590   0.0000126190  -0.0000053756
       -0.0011709382  -0.0004407141   0.0007836781   0.0007896910  -0.0005122599
       -0.0003885362  -0.0001615627  -0.0000996335  -0.0000788597   0.0003539204
       -0.0001108560   0.0002121084  -0.0000908813   0.0004860274  -0.0008021869
        0.2039681285   0.0972013760  -0.1015461818  -0.0021888123  -0.0044749466
        0.0019293131   0.0032250709   0.0010655553  -0.0001773241  -0.0001354297
        0.0003982483  -0.0003006872   0.0000913123   0.0000323148  -0.0000683229
        0.0000016190  -0.0000051109  -0.0000020309   0.0000058786   0.0000015206
        0.0000031821   0.0000054758  -0.0000029195  -0.0000024123   0.0000857542
        0.0003938839  -0.0003071319   0.0006652603   0.0001102301   0.0000839267
        0.0000436112  -0.0001820948  -0.0001117949
        0.0002693672   0.0001976254  -0.0004701619   0.0086747614   0.0058206716
       -0.0054700599  -0.0845959853  -0.0960651185   0.0559825707   0.0014745498
       -0.0005264384   0.0006943868   0.0009707650   0.0003185720  -0.0003297659
       -0.0004203005   0.0001575138  -0.0001157550   0.0002688085  -0.0000447428
       -0.0000037336  -0.0000917423   0.0000916814  -0.0000741113  -0.0000413469
       -0.0000223746   0.0000208330   0.0000256321  -0.0000021916   0.0000020407
        0.0000554864   0.0005894503   0.0001239737   0.0003703503  -0.0010234350
       -0.0000281876  -0.0002054740  -0.0002437311  -0.0000008585   0.0000737826
       -0.0000717059  -0.0000762432   0.0001215965   0.0002695856   0.0001646348
        0.0972013760   0.1115624436  -0.0653668896  -0.0241043006  -0.0197142080
        0.0150561035   0.0000116263   0.0006105656   0.0005184002   0.0001680103
        0.0000372803  -0.0000796877   0.0000230003  -0.0000101265   0.0000111185
       -0.0000025277   0.0000028336   0.0000069095  -0.0000079477  -0.0000045433
       -0.0000006700   0.0000003000   0.0000080347  -0.0000051356   0.0001863715
       -0.0004016454   0.0003964598  -0.0004405509  -0.0015801111  -0.0009461378
        0.0000143915   0.0000441140  -0.0000100333
       -0.0012693962  -0.0001640647   0.0006142265  -0.0025781031  -0.0026922941
        0.0023319333   0.0885983186   0.0561413630  -0.1026216050  -0.0004088861
        0.0005001091   0.0003135838  -0.0003516609   0.0000093950   0.0000500641
        0.0002942316  -0.0002803971   0.0000513248  -0.0001711679   0.0000818856
        0.0000051643   0.0000443727  -0.0000897116   0.0000299537   0.0000217236
       -0.0000034759  -0.0000144588  -0.0000067403   0.0000021036   0.0000076269
        0.0008237892   0.0000824678  -0.0005193803   0.0001142220   0.0000471063
        0.0005391429  -0.0000138766  -0.0000657318  -0.0000786849   0.0000141064
        0.0000204208  -0.0000776246  -0.0004226786   0.0003721444  -0.0003192539
       -0.1015461818  -0.0653668896   0.1155387467  -0.0058881428  -0.0041724664
        0.0046601440   0.0237459066   0.0163565150  -0.0204407811  -0.0001539556
       -0.0000936622   0.0000757684  -0.0000225189   0.0000117727   0.0000036420
        0.0000027244   0.0000015088  -0.0000032238  -0.0000005459   0.0000019301
        0.0000022613  -0.0000012260  -0.0000017994   0.0000098325  -0.0002413524
        0.0002085450   0.0000105359  -0.0003666874  -0.0010558018  -0.0000493018
       -0.0002162747   0.0001490274  -0.0001196368
        0.0002869375  -0.0000494367   0.0003378302  -0.0036219793   0.0253304488
        0.0062381448  -0.0413550208  -0.0088588986  -0.0024622834   0.0001679079
        0.0011499035  -0.0000249302   0.0001834371   0.0003699002  -0.0005591166
        0.0003910200  -0.0004401618   0.0003854291  -0.0004032362   0.0001523298
        0.0000451975   0.0001303891  -0.0001497666   0.0000712588   0.0000933590
       -0.0000021741  -0.0000725010  -0.0000356737   0.0000093891   0.0000089976
       -0.0038911407   0.0039556885   0.0006720447   0.0002993608  -0.0005734499
       -0.0002796844  -0.0001513615   0.0000844244  -0.0004023292   0.0000073284
       -0.0001185763   0.0000586446  -0.0001199093  -0.0001106055  -0.0000463147
       -0.0021888123  -0.0241043006  -0.0058881428   0.0498897625   0.0087553622
        0.0030971707   0.0005657799  -0.0052450755  -0.0017999761  -0.0004151170
       -0.0001334206   0.0005142839  -0.0000763831   0.0000167519   0.0000298441
        0.0000055483   0.0000014077  -0.0000123281   0.0000061310   0.0000078845
        0.0000021391   0.0000016766  -0.0000057174   0.0000111683  -0.0000362824
        0.0000528907  -0.0000717901   0.0002027537   0.0000519947   0.0001205012
        0.0000635244  -0.0001467926   0.0000267419
       -0.0005017369   0.0006582282  -0.0001415869   0.0052207875  -0.0168867525
       -0.0034565434  -0.0098364100  -0.2604419720  -0.0689883717  -0.0011171082
        0.0003901550   0.0003893659  -0.0000275554  -0.0000656630  -0.0000276198
        0.0001907529   0.0001030236  -0.0000042481  -0.0003031671   0.0000280472
       -0.0000894697   0.0000419572  -0.0000434662   0.0000735805   0.0000285619
        0.0000424585   0.0000237384   0.0000045740   0.0000062430  -0.0000125192
        0.0023552376  -0.0029239904  -0.0001433265   0.0002389850   0.0001502406
       -0.0001339265   0.0003738163   0.0002690063   0.0003973373  -0.0002096795
        0.0001855255  -0.0000606313  -0.0000467014  -0.0003207876   0.0000344125
       -0.0044749466  -0.0197142080  -0.0041724664   0.0087553622   0.3017938148
        0.0801472036  -0.0010509790  -0.0038423656  -0.0035672612   0.0001762580
        0.0003131376  -0.0002520522  -0.0000135323   0.0000006286  -0.0000277801
       -0.0000049224  -0.0000057741  -0.0000026319  -0.0000075268   0.0000124315
        0.0000027586  -0.0000094931  -0.0000047337   0.0000016380   0.0000086357
        0.0000238506  -0.0000921609   0.0000791002   0.0001492303   0.0001126532
        0.0001297303   0.0001236918  -0.0000100920
       -0.0003427648   0.0004631966   0.0001598435   0.0004364540   0.0046053672
        0.0016886741  -0.0028628732  -0.0686703563  -0.0645066713   0.0000422525
       -0.0005566791   0.0005696901   0.0001884867  -0.0000474111  -0.0000182275
       -0.0002087136   0.0003131251  -0.0002706585   0.0000048391  -0.0000673368
        0.0000682852  -0.0000360659   0.0000740259  -0.0000593747   0.0000123533
        0.0000251360  -0.0000294824   0.0000060305   0.0000026090  -0.0000004695
       -0.0001705758   0.0001538391   0.0003228746  -0.0000180090   0.0001182522
        0.0000956773  -0.0004831049   0.0000913441  -0.0003086581   0.0000391579
       -0.0000963214  -0.0000736535   0.0000610644   0.0000939350  -0.0000761761
        0.0019293131   0.0150561035   0.0046601440   0.0030971707   0.0801472036
        0.0714345057  -0.0026452759  -0.0317093067  -0.0131972721   0.0008207536
        0.0000078147  -0.0003256787   0.0000281507  -0.0000148010   0.0000040317
        0.0000035652  -0.0000053463  -0.0000034472   0.0000017089   0.0000023494
        0.0000028380  -0.0000047765   0.0000034185   0.0000051971   0.0000663867
       -0.0000214792   0.0000424084   0.0000697346   0.0000125743  -0.0001890669
       -0.0000352621   0.0000187436   0.0000046667
       -0.0045935861   0.0023492722  -0.0013086874  -0.0077791252   0.0006723248
       -0.0266431320  -0.0500654551  -0.0025841502  -0.0400287188   0.0001837535
        0.0005247632  -0.0010527980   0.0001428516   0.0004475720  -0.0001432618
        0.0003154130  -0.0004674772   0.0002500560  -0.0002724396  -0.0000242757
       -0.0000273253   0.0000932835  -0.0000625500   0.0000687869   0.0000697846
        0.0000570816  -0.0000171182  -0.0000362660   0.0000014230  -0.0000015549
        0.0007924448  -0.0003351136  -0.0001622024   0.0000312158   0.0000225069
        0.0000940140  -0.0000331524   0.0000428638   0.0001140128  -0.0002635340
        0.0002268789  -0.0016158963  -0.0001007504   0.0000352038   0.0001889027
        0.0032250709   0.0000116263   0.0237459066   0.0005657799  -0.0010509790
       -0.0026452759   0.0586588129   0.0008466267   0.0489409109  -0.0005522291
       -0.0004732817   0.0001565640  -0.0000540113  -0.0000061933  -0.0000037281
        0.0000039854  -0.0000017585  -0.0000095086   0.0000058156   0.0000104134
       -0.0000022839   0.0000006063  -0.0000111997   0.0000043478  -0.0002155159
       -0.0000031765  -0.0000409898  -0.0000533040  -0.0002282304   0.0001660247
       -0.0000694487  -0.0000001708  -0.0000270450
        0.0026613161  -0.0006619891   0.0008450827   0.0042236980  -0.0011302941
        0.0133056489  -0.0029355763  -0.0434700020  -0.0098280594  -0.0001772026
        0.0003955403  -0.0003207297  -0.0002294450   0.0000481116   0.0000033486
        0.0001987524  -0.0003491609   0.0001261037   0.0000110152   0.0001212919
       -0.0000453717   0.0000140004  -0.0000941216   0.0000484776  -0.0000408625
       -0.0000536516   0.0000247297   0.0000054841  -0.0000009608   0.0000043577
        0.0001646939   0.0006737699   0.0007266405   0.0000772697  -0.0002397232
        0.0001126828   0.0000886700  -0.0000435241   0.0000832486   0.0003206674
        0.0001221912   0.0008478608   0.0000192616  -0.0000067151  -0.0001484718
        0.0010655553   0.0006105656   0.0163565150  -0.0052450755  -0.0038423656
       -0.0317093067   0.0008466267   0.0481593048   0.0094560765  -0.0006784822
       -0.0000460267   0.0000014258  -0.0000167839   0.0000241566  -0.0000071871
       -0.0000060866   0.0000049071   0.0000036794  -0.0000108988  -0.0000035096
       -0.0000034570   0.0000043916   0.0000039525   0.0000008565  -0.0000308472
        0.0000766534  -0.0001031499  -0.0002798673  -0.0003492170   0.0002581418
       -0.0000502746   0.0000508165  -0.0000391431
       -0.0024604549   0.0011438180  -0.0003288885  -0.0044077370   0.0014933698
       -0.0092937268  -0.0407255819  -0.0091656620  -0.2783592189   0.0006455846
        0.0000760065   0.0002388732   0.0001158310  -0.0001849101   0.0000332718
       -0.0001947118   0.0001003599   0.0001228903   0.0002383851  -0.0001935870
       -0.0000079974  -0.0000349069   0.0001297741  -0.0000407147  -0.0000080296
        0.0000342426   0.0000200854  -0.0000045491  -0.0000094286   0.0000044895
       -0.0001173161   0.0001621777   0.0008233679   0.0000508130  -0.0000657226
       -0.0001793909   0.0001681145   0.0001682314   0.0001800248  -0.0002304728
        0.0000579446  -0.0006208022  -0.0001042158  -0.0002325522   0.0002946271
       -0.0001773241   0.0005184002  -0.0204407811  -0.0017999761  -0.0035672612
       -0.0131972721   0.0489409109   0.0094560765   0.3206202559  -0.0003054876
       -0.0002024230   0.0002325377   0.0000172637  -0.0000301333  -0.0000000404
        0.0000091817  -0.0000008045   0.0000058623   0.0000058473  -0.0000019142
       -0.0000038268   0.0000059188  -0.0000011778  -0.0000051979   0.0000911171
       -0.0000828325  -0.0000459800   0.0002049875   0.0004839428  -0.0001134535
        0.0000768087  -0.0000859352   0.0000610055
       -0.0016457961  -0.0014420990   0.0010235635   0.0019601129  -0.0113463938
        0.0100292536   0.0000821542  -0.0012746933   0.0010655809  -0.0500844551
        0.0446178277  -0.0343606244  -0.0163104298   0.0258301815  -0.0192681530
       -0.0061113804   0.0027297424   0.0000666079   0.0009417364   0.0013801498
       -0.0012009975  -0.0012939519   0.0003257503  -0.0000964604   0.0000114864
       -0.0002344216   0.0002163278  -0.0001081310  -0.0000516061   0.0000554832
       -0.0010181632  -0.0003231842   0.0005780173  -0.0000272932  -0.0005609444
       -0.0001776887  -0.0000285249   0.0000116210  -0.0001669243  -0.0001802110
        0.0000091257   0.0000050969   0.0000378331  -0.0000806943   0.0008654604
       -0.0001354297   0.0001680103  -0.0001539556  -0.0004151170   0.0001762580
        0.0008207536  -0.0005522291  -0.0006784822  -0.0003054876   0.0753000743
       -0.0595650215   0.0411853030  -0.0004128724   0.0003241711  -0.0002037671
       -0.0000033137   0.0000215841   0.0000117544  -0.0000113697  -0.0000040263
       -0.0000234043   0.0000744764  -0.0000183196  -0.0000033460   0.0000418170
        0.0000629286  -0.0000227346   0.0000373121  -0.0000087123   0.0000086815
       -0.0001483347  -0.0000687519   0.0000516594
       -0.0018624558  -0.0016423083   0.0003598112   0.0015334373  -0.0088762836
        0.0132801689   0.0015939013   0.0005633943  -0.0006090481   0.0468818054
       -0.1890336412   0.1192925692   0.0103259095  -0.0137089924   0.0021410562
        0.0011775270   0.0068687649   0.0045602701   0.0004134327   0.0000283378
        0.0010183164   0.0001346391  -0.0001651182  -0.0004164740  -0.0001241211
        0.0001351846   0.0001361083   0.0000410486  -0.0000425767  -0.0000529648
       -0.0003588239  -0.0006780322  -0.0000133347  -0.0001893494  -0.0001475629
       -0.0000810969  -0.0000813496  -0.0000582312  -0.0000926714  -0.0001133463
        0.0000599368  -0.0001421745   0.0000858319   0.0000429650   0.0008455163
        0.0003982483   0.0000372803  -0.0000936622  -0.0001334206   0.0003131376
        0.0000078147  -0.0004732817  -0.0000460267  -0.0002024230  -0.0595650215
        0.2064113281  -0.1398298476   0.0002443945  -0.0001323457  -0.0000948941
       -0.0000207719  -0.0000025660   0.0000184529  -0.0000053954   0.0000083019
       -0.0000056262  -0.0000225560   0.0000064560  -0.0000059301   0.0000873623
        0.0000663781  -0.0000154133   0.0000270899  -0.0000136506   0.0000067288
        0.0000052654   0.0000058702  -0.0000112519
        0.0006029016   0.0005879316  -0.0011398609   0.0006265317   0.0143841245
       -0.0043203273  -0.0012827016  -0.0003197294   0.0003453178  -0.0375992451
        0.1198124585  -0.1224753785  -0.0060750644   0.0004012604  -0.0090048508
        0.0012621819   0.0038900963   0.0094953934  -0.0000436408   0.0010908721
        0.0004540177  -0.0001938855  -0.0003879538  -0.0002897993   0.0001157397
        0.0001216047   0.0001594136  -0.0000336671  -0.0000631898  -0.0000426181
        0.0015160930   0.0003820143  -0.0012622764  -0.0004514652   0.0004740978
        0.0003160393  -0.0000462257   0.0000586056   0.0000705634   0.0001029502
       -0.0001404598   0.0001468072   0.0000800099  -0.0000292284  -0.0001655646
       -0.0003006872  -0.0000796877   0.0000757684   0.0005142839  -0.0002520522
       -0.0003256787   0.0001565640   0.0000014258   0.0002325377   0.0411853030
       -0.1398298476   0.1278100408  -0.0002284001  -0.0000974066  -0.0000650003
       -0.0000006871  -0.0000077235   0.0000123839   0.0000189675   0.0000122226
       -0.0000049118   0.0000225510  -0.0000072402  -0.0000054229  -0.0000838439
       -0.0000687372   0.0000348467  -0.0000621230  -0.0000281987   0.0000181461
        0.0001975594   0.0000947409  -0.0000695864
        0.0001098820   0.0000842871   0.0000413734   0.0006936108   0.0004637062
        0.0000768579   0.0001260687   0.0002058124  -0.0001398765  -0.0017177892
        0.0012212471  -0.0008519387   0.0009448771  -0.0030159553   0.0015928630
       -0.0026739096   0.0012872788  -0.0006939663   0.0150567381  -0.0020094858
       -0.0021690183  -0.0005068232  -0.0068827446   0.0072835392  -0.1276548487
        0.1194209575  -0.0792732400  -0.0129740545   0.0158677838  -0.0118782889
        0.0000058922  -0.0003896744  -0.0001875144   0.0001310134   0.0002145805
       -0.0000386929  -0.0000369847  -0.0000272512   0.0000529645   0.0000200638
       -0.0000221989   0.0000386258   0.0000506525   0.0000358817  -0.0000526957
        0.0000913123   0.0000230003  -0.0000225189  -0.0000763831  -0.0000135323
        0.0000281507  -0.0000540113  -0.0000167839   0.0000172637  -0.0004128724
        0.0002443945  -0.0002284001   0.1336857803  -0.1276428117   0.0860581317
        0.0002604473   0.0002788346  -0.0002789711  -0.0000172183   0.0004946496
       -0.0003196941  -0.0051272811   0.0001955435   0.0009737673   0.0000254700
       -0.0000137265   0.0000097795   0.0000075656   0.0000008452  -0.0000199666
        0.0000428018  -0.0000046384  -0.0000185342
        0.0000293803  -0.0000745542   0.0000404684   0.0001976588   0.0003231430
        0.0002397293   0.0000452088  -0.0000311406  -0.0000282580  -0.0001308165
       -0.0001254395   0.0002296972  -0.0009135699   0.0004449588  -0.0016456727
        0.0036049104  -0.0026989077   0.0003593303   0.0033789085  -0.0213200334
        0.0131038220  -0.0021714389   0.0020626140   0.0041147134   0.1225579899
       -0.1936572381   0.1364437464   0.0024119194  -0.0018689962  -0.0020331019
       -0.0000963287  -0.0000482103   0.0000265405   0.0000995935   0.0000296719
       -0.0000302085   0.0000212066   0.0000053298  -0.0000217800   0.0000058139
       -0.0000157007   0.0000715827   0.0000110796   0.0000098165  -0.0000204971
        0.0000323148  -0.0000101265   0.0000117727   0.0000167519   0.0000006286
       -0.0000148010  -0.0000061933   0.0000241566  -0.0000301333   0.0003241711
       -0.0001323457  -0.0000974066  -0.1276428117   0.2156241794  -0.1508593631
       -0.0000684886   0.0001103539   0.0003898613  -0.0012387613   0.0004374427
       -0.0001364305  -0.0005790013   0.0008570850  -0.0000608721   0.0000450011
        0.0000205216  -0.0000176623   0.0000326881   0.0000201869  -0.0000232633
        0.0000328135   0.0000126043  -0.0000118136
       -0.0001740447  -0.0000810766  -0.0000784462  -0.0002119193   0.0000898860
        0.0003653984  -0.0000648813  -0.0000926710   0.0000130692   0.0005081124
       -0.0000090061   0.0001580991   0.0003111717  -0.0011773085  -0.0007182934
       -0.0027918009   0.0008227194  -0.0014402993  -0.0070377710   0.0137509187
       -0.0158238110   0.0031673549   0.0051690184   0.0014235850  -0.0819445791
        0.1373520506  -0.1087169724  -0.0002478826  -0.0046517170   0.0003021573
       -0.0000705735   0.0001970055   0.0000925063   0.0000253686  -0.0000797159
       -0.0000577235   0.0000492357  -0.0000339490  -0.0000454520   0.0000313011
        0.0000963401  -0.0000519693  -0.0000622711  -0.0000330518   0.0000844305
       -0.0000683229   0.0000111185   0.0000036420   0.0000298441  -0.0000277801
        0.0000040317  -0.0000037281  -0.0000071871  -0.0000000404  -0.0002037671
       -0.0000948941  -0.0000650003   0.0860581317  -0.1508593631   0.1235501851
        0.0012554935  -0.0005301656   0.0002916860  -0.0000654540   0.0003819348
        0.0001459056   0.0015645391  -0.0001860413   0.0005132218  -0.0000046530
        0.0000168455   0.0000134983  -0.0000040282   0.0000057522   0.0000172278
       -0.0000448761  -0.0000296621   0.0000193637
       -0.0000685948  -0.0000100849  -0.0000015853   0.0000099815  -0.0000213931
       -0.0000032700  -0.0000189409  -0.0000023105  -0.0000049007  -0.0000847975
        0.0000272896   0.0000239383   0.0003865919  -0.0001220404   0.0000302264
       -0.0026421588  -0.0015244520  -0.0004640342  -0.0017603744   0.0068379225
        0.0007844466   0.0010980907  -0.0007706960   0.0000999156  -0.0232292274
        0.0021603393   0.0335222150  -0.0439480821   0.0081898585   0.0367886212
        0.0000027162   0.0000711964   0.0000385415  -0.0000238885  -0.0000138936
       -0.0000081917   0.0000102424  -0.0000073511  -0.0000072886   0.0000228066
        0.0000179074  -0.0000248597  -0.0000046945  -0.0000055158   0.0000037504
        0.0000016190  -0.0000025277   0.0000027244   0.0000055483  -0.0000049224
        0.0000035652   0.0000039854  -0.0000060866   0.0000091817  -0.0000033137
       -0.0000207719  -0.0000006871   0.0002604473  -0.0000684886   0.0012554935
        0.0641174416  -0.0099146687  -0.0522944685   0.0032567332  -0.0028110989
       -0.0111274324   0.0026177499  -0.0020030377  -0.0086423598  -0.0000020095
       -0.0000003568   0.0000032811  -0.0000007325   0.0000005007   0.0000072228
       -0.0000071395   0.0000046822   0.0000059542
        0.0000131364   0.0000016706   0.0000041569  -0.0000107861   0.0000138689
        0.0000080276   0.0000065697  -0.0000047280  -0.0000022380   0.0000592129
       -0.0000380924   0.0000095201  -0.0001346585   0.0001669012  -0.0000815700
        0.0006332529  -0.0001515981   0.0001936536  -0.0009695476  -0.0012085612
        0.0008097869  -0.0004003663   0.0003468927  -0.0004977439   0.0043179944
        0.0026615634  -0.0017814286   0.0070699751  -0.0532650152  -0.0467363955
       -0.0000042741  -0.0000200355   0.0000070795   0.0000027917   0.0000014305
       -0.0000006311  -0.0000032296  -0.0000060250  -0.0000073996  -0.0000024284
       -0.0000028066   0.0000076325   0.0000006773   0.0000064408   0.0000009642
       -0.0000051109   0.0000028336   0.0000015088   0.0000014077  -0.0000057741
       -0.0000053463  -0.0000017585   0.0000049071  -0.0000008045   0.0000215841
       -0.0000025660  -0.0000077235   0.0002788346   0.0001103539  -0.0005301656
       -0.0099146687   0.0558544599   0.0543083400   0.0018621015  -0.0086053558
       -0.0288782571  -0.0028166559   0.0041349531   0.0231744486   0.0000002812
        0.0000043913  -0.0000013170   0.0000033364   0.0000006928   0.0000010986
       -0.0000076711  -0.0000008020   0.0000048035
        0.0000475358   0.0000112651   0.0000177810  -0.0000155455   0.0000130229
       -0.0000060953   0.0000068510   0.0000141792   0.0000021276  -0.0000213207
       -0.0000645674   0.0000139380  -0.0000950450   0.0001187525  -0.0001127866
        0.0007811926   0.0001652235   0.0001760214  -0.0004674017  -0.0029264815
        0.0000648765  -0.0002114635   0.0003534057   0.0001945333   0.0123730014
        0.0012709595  -0.0036886830   0.0387700275  -0.0468575266  -0.2628226000
        0.0000242488  -0.0000451767  -0.0000385021   0.0000000523   0.0000157065
        0.0000137201  -0.0000183984   0.0000019250   0.0000009506  -0.0000217859
       -0.0000128569  -0.0000041819   0.0000076938   0.0000139359  -0.0000094212
       -0.0000020309   0.0000069095  -0.0000032238  -0.0000123281  -0.0000026319
       -0.0000034472  -0.0000095086   0.0000036794   0.0000058623   0.0000117544
        0.0000184529   0.0000123839  -0.0002789711   0.0003898613   0.0002916860
       -0.0522944685   0.0543083400   0.3004294118  -0.0003188607  -0.0048191016
       -0.0124264929   0.0017501123  -0.0019746931  -0.0221068679  -0.0000028116
       -0.0000017706  -0.0000010696  -0.0000049177  -0.0000027247   0.0000003884
        0.0000023881   0.0000019120  -0.0000003094
       -0.0000613334   0.0000111256   0.0000179259  -0.0000111845  -0.0000425463
       -0.0000151653  -0.0000241053   0.0000083055   0.0000039035  -0.0000884134
        0.0000300315  -0.0000278511   0.0004064226  -0.0001933575   0.0001091189
       -0.0023463391   0.0007678012   0.0020843206  -0.0029216558   0.0009275951
       -0.0068392557   0.0012319343  -0.0004494992   0.0005464467  -0.0319619855
       -0.0272230060   0.0004058071  -0.0772265558  -0.0840074866  -0.0278372438
        0.0000441423   0.0000505206  -0.0000041025  -0.0000629181  -0.0000266999
        0.0000170022   0.0000008025  -0.0000073508  -0.0000131796   0.0000131356
        0.0000094496  -0.0000340135  -0.0000012477  -0.0000085319  -0.0000044750
        0.0000058786  -0.0000079477  -0.0000005459   0.0000061310  -0.0000075268
        0.0000017089   0.0000058156  -0.0000108988   0.0000058473  -0.0000113697
       -0.0000053954   0.0000189675  -0.0000172183  -0.0012387613  -0.0000654540
        0.0032567332   0.0018621015  -0.0003188607   0.1050859577   0.1028365603
        0.0293884301   0.0046815276   0.0067301151   0.0025488372  -0.0000025854
       -0.0000045958   0.0000006199   0.0000010450  -0.0000041538   0.0000062249
       -0.0000026141   0.0000041518   0.0000049866
       -0.0000149133   0.0000102646  -0.0000017437   0.0000037326  -0.0000328184
       -0.0000287170  -0.0000004733   0.0000069702   0.0000112569   0.0000197403
        0.0000285266  -0.0000310539  -0.0000101025  -0.0001025910   0.0000242848
       -0.0001242957   0.0000833280  -0.0000422622   0.0003438508   0.0001306425
       -0.0013808613   0.0000010317   0.0002932562   0.0001568166  -0.0055734965
        0.0040200211   0.0030201227  -0.0862279643  -0.2218424687  -0.0562772693
       -0.0000003526   0.0000037366  -0.0000002380  -0.0000159527  -0.0000024842
        0.0000051319   0.0000078805   0.0000110446   0.0000038574   0.0000028531
       -0.0000160179  -0.0000062044   0.0000023039  -0.0000098829   0.0000041578
        0.0000015206  -0.0000045433   0.0000019301   0.0000078845   0.0000124315
        0.0000023494   0.0000104134  -0.0000035096  -0.0000019142  -0.0000040263
        0.0000083019   0.0000122226   0.0004946496   0.0004374427   0.0003819348
       -0.0028110989  -0.0086053558  -0.0048191016   0.1028365603   0.2504335737
        0.0644010347  -0.0089369829  -0.0248676826  -0.0054380685  -0.0000066141
       -0.0000015795   0.0000000257  -0.0000038118   0.0000034436   0.0000023089
       -0.0000023366   0.0000059498  -0.0000000003
        0.0000006431  -0.0000013723  -0.0000109425   0.0000151762   0.0000028000
        0.0000067790   0.0000004890  -0.0000015813   0.0000005594  -0.0000323732
        0.0000386346  -0.0000174975   0.0000536779  -0.0001291790   0.0000971572
       -0.0001896859   0.0002127581  -0.0003900765   0.0015405249   0.0006901248
       -0.0002253650   0.0001290044  -0.0004957393   0.0001234203   0.0011837078
        0.0045973786   0.0037834617  -0.0270642361  -0.0567757563  -0.0610768417
       -0.0000140636   0.0000032945  -0.0000049707   0.0000010982  -0.0000036013
        0.0000051829   0.0000124780   0.0000036523   0.0000011009   0.0000045447
        0.0000074338  -0.0000000131   0.0000012896  -0.0000033029   0.0000021171
        0.0000031821  -0.0000006700   0.0000022613   0.0000021391   0.0000027586
        0.0000028380  -0.0000022839  -0.0000034570  -0.0000038268  -0.0000234043
       -0.0000056262  -0.0000049118  -0.0003196941  -0.0001364305   0.0001459056
       -0.0111274324  -0.0288782571  -0.0124264929   0.0293884301   0.0644010347
        0.0650645436   0.0064336966   0.0164729333   0.0049129255   0.0000025668
        0.0000017970   0.0000035223  -0.0000008694  -0.0000002278   0.0000048978
        0.0000013946   0.0000006009   0.0000042660
        0.0000033478  -0.0000081413   0.0000192715  -0.0000845886  -0.0000008684
       -0.0000034584  -0.0000111238  -0.0000088442   0.0000070190  -0.0000119627
       -0.0002380321   0.0001724401  -0.0007324214   0.0000334820   0.0001667646
        0.0021221960   0.0002881502  -0.0006453464  -0.0024311781   0.0023781722
       -0.0013426628   0.0011964428  -0.0002810771  -0.0002126225  -0.0215142976
        0.0270069503  -0.0190032481  -0.0643315889   0.0531810855  -0.0421893954
        0.0000264734   0.0000199678   0.0000044224  -0.0000253092  -0.0000008864
        0.0000165391   0.0000025411  -0.0000111602  -0.0000113386  -0.0000267751
        0.0000104290   0.0000039175   0.0000087811   0.0000030115  -0.0000162284
        0.0000054758   0.0000003000  -0.0000012260   0.0000016766  -0.0000094931
       -0.0000047765   0.0000006063   0.0000043916   0.0000059188   0.0000744764
       -0.0000225560   0.0000225510  -0.0051272811  -0.0005790013   0.0015645391
        0.0026177499  -0.0028166559   0.0017501123   0.0046815276  -0.0089369829
        0.0064336966   0.0835574323  -0.0700183728   0.0532764512  -0.0000037030
        0.0000008429  -0.0000068607   0.0000024686  -0.0000013522  -0.0000019857
       -0.0000009661   0.0000066408  -0.0000044935
        0.0000179619  -0.0000057115   0.0000001796   0.0000371820   0.0000365434
        0.0000124823   0.0000078345   0.0000071758  -0.0000107427  -0.0000517888
       -0.0000138299   0.0000143691   0.0002282188   0.0000865438  -0.0001259509
        0.0002215759  -0.0003851771   0.0001648958  -0.0007336420   0.0010122383
        0.0003934721  -0.0004010826  -0.0004734917  -0.0005900829   0.0079737056
       -0.0040644018   0.0026468857   0.0578471251  -0.1797515637   0.1057757534
        0.0000035859  -0.0000114152  -0.0000134872   0.0000086093   0.0000077208
       -0.0000012276  -0.0000032762  -0.0000127136   0.0000014605   0.0000027584
        0.0000068180   0.0000001716  -0.0000074423   0.0000074246  -0.0000024838
       -0.0000029195   0.0000080347  -0.0000017994  -0.0000057174  -0.0000047337
        0.0000034185  -0.0000111997   0.0000039525  -0.0000011778  -0.0000183196
        0.0000064560  -0.0000072402   0.0001955435   0.0008570850  -0.0001860413
       -0.0020030377   0.0041349531  -0.0019746931   0.0067301151  -0.0248676826
        0.0164729333  -0.0700183728   0.2034113399  -0.1225663649  -0.0000027310
        0.0000024021  -0.0000014415  -0.0000056540   0.0000022143  -0.0000017719
       -0.0000090324  -0.0000001815  -0.0000015167
       -0.0000159647  -0.0000103435  -0.0000165385  -0.0000056854  -0.0000120054
        0.0000139216  -0.0000020029  -0.0000142098   0.0000040969   0.0000648571
        0.0000660682  -0.0000386528  -0.0000599355  -0.0000979800   0.0000728998
       -0.0006749828   0.0001801248  -0.0001530974   0.0013829092  -0.0001718388
        0.0012107581  -0.0001155266  -0.0006367954  -0.0007296094  -0.0025450096
       -0.0010776228   0.0022641588  -0.0462090724   0.1066728008  -0.1279118858
       -0.0000276792   0.0000216867   0.0000282056   0.0000074401  -0.0000139679
       -0.0000104823   0.0000149595   0.0000004669  -0.0000012381   0.0000162403
       -0.0000009918   0.0000066093   0.0000000104  -0.0000113990   0.0000110768
       -0.0000024123  -0.0000051356   0.0000098325   0.0000111683   0.0000016380
        0.0000051971   0.0000043478   0.0000008565  -0.0000051979  -0.0000033460
       -0.0000059301  -0.0000054229   0.0009737673  -0.0000608721   0.0005132218
       -0.0086423598   0.0231744486  -0.0221068679   0.0025488372  -0.0054380685
        0.0049129255   0.0532764512  -0.1225663649   0.1419258882   0.0000056616
        0.0000019001   0.0000011633   0.0000029012   0.0000050500  -0.0000000570
       -0.0000055741  -0.0000015150  -0.0000009054
       -0.0000986525  -0.0002830964  -0.0001063908   0.0009034586   0.0003786970
       -0.0007837146   0.0001004373   0.0000509852  -0.0001311155  -0.0001235187
        0.0004468026   0.0001320179   0.0001486794   0.0000709900  -0.0001187924
       -0.0000645201  -0.0000818782  -0.0000196020   0.0002204099  -0.0001114671
        0.0001960216  -0.0000648981   0.0000890683  -0.0001175034  -0.0000430382
       -0.0000163944  -0.0000478669   0.0000003168   0.0000024481   0.0000068910
       -0.0094565784  -0.0041145465   0.0226218598  -0.0362066259   0.0033325297
       -0.0001471684   0.0000506115   0.0001769776  -0.0001050829  -0.0004479561
       -0.0000970343   0.0000657741   0.0005449220  -0.0006599870  -0.0005892851
        0.0000857542   0.0001863715  -0.0002413524  -0.0000362824   0.0000086357
        0.0000663867  -0.0002155159  -0.0000308472   0.0000911171   0.0000418170
        0.0000873623  -0.0000838439   0.0000254700   0.0000450011  -0.0000046530
       -0.0000020095   0.0000002812  -0.0000028116  -0.0000025854  -0.0000066141
        0.0000025668  -0.0000037030  -0.0000027310   0.0000056616   0.0442224424
       -0.0004399818   0.0023937510  -0.0005602142  -0.0003136698  -0.0251507080
        0.0009817790   0.0012820976   0.0020678435
       -0.0006393258  -0.0004470679   0.0002900423   0.0003361374   0.0002344809
        0.0001285601  -0.0001123345  -0.0002206417  -0.0000461228  -0.0004367005
        0.0001099631   0.0002890774   0.0002852375   0.0002982166  -0.0002959028
        0.0001408514  -0.0003334701   0.0001276687  -0.0000531268   0.0001229381
        0.0000227013   0.0000043939  -0.0000784991   0.0000024396   0.0000023908
       -0.0000361106  -0.0000208107   0.0000075620   0.0000084734   0.0000034264
       -0.0070009563  -0.0022275311   0.0119528577   0.0048482502  -0.0380158219
       -0.0058043416   0.0003026464   0.0001890050  -0.0000734795  -0.0000453690
        0.0000648369   0.0000244394  -0.0002158917  -0.0008846821  -0.0013016585
        0.0003938839  -0.0004016454   0.0002085450   0.0000528907   0.0000238506
       -0.0000214792  -0.0000031765   0.0000766534  -0.0000828325   0.0000629286
        0.0000663781  -0.0000687372  -0.0000137265   0.0000205216   0.0000168455
       -0.0000003568   0.0000043913  -0.0000017706  -0.0000045958  -0.0000015795
        0.0000017970   0.0000008429   0.0000024021   0.0000019001  -0.0004399818
        0.0439873674   0.0107801805   0.0022666035   0.0004640459   0.0148809484
        0.0002609228  -0.0030264749  -0.0310142938
       -0.0006292710  -0.0003454371   0.0003634823  -0.0001355736  -0.0005652469
        0.0003890699   0.0001581034  -0.0000571715  -0.0000812874  -0.0002229162
       -0.0002631158  -0.0001337613  -0.0000351636   0.0000402416   0.0000340653
        0.0001075209  -0.0000669414  -0.0000271886  -0.0001069120  -0.0000598271
        0.0000665361   0.0000040995   0.0000385178  -0.0000464767   0.0000387438
        0.0000477164  -0.0000369053  -0.0000007824   0.0000047055  -0.0000016325
        0.0103487889   0.0043798840  -0.0102024058  -0.0071860625  -0.0097697531
       -0.2912847819   0.0001920987   0.0000676748   0.0000824767  -0.0000922572
        0.0000272348  -0.0000095604  -0.0000815844  -0.0003160664   0.0002968907
       -0.0003071319   0.0003964598   0.0000105359  -0.0000717901  -0.0000921609
        0.0000424084  -0.0000409898  -0.0001031499  -0.0000459800  -0.0000227346
       -0.0000154133   0.0000348467   0.0000097795  -0.0000176623   0.0000134983
        0.0000032811  -0.0000013170  -0.0000010696   0.0000006199   0.0000000257
        0.0000035223  -0.0000068607  -0.0000014415   0.0000011633   0.0023937510
        0.0107801805   0.3289782435  -0.0036660872  -0.0004746662  -0.0153190785
       -0.0006506695  -0.0036332705  -0.0131266113
       -0.0000174383   0.0000279045   0.0002128377   0.0004834828   0.0004191218
        0.0000529646   0.0003748753   0.0001012166  -0.0000827171  -0.0000256201
        0.0003653648   0.0000118316   0.0001433500   0.0000389420  -0.0001060517
       -0.0001159364  -0.0000860980  -0.0000248687   0.0001363582  -0.0000338360
        0.0000956849  -0.0000592516   0.0000110566  -0.0000458533  -0.0000565096
       -0.0000183227  -0.0000159880  -0.0000184562  -0.0000035443   0.0000093526
       -0.0277242643  -0.0002088980   0.0010159055  -0.1990729781   0.0959814517
       -0.0857034379   0.0000298235   0.0000460841   0.0000525404   0.0000377739
        0.0000714635   0.0000980660  -0.0000035566   0.0000079938  -0.0002345870
        0.0006652603  -0.0004405509  -0.0003666874   0.0002027537   0.0000791002
        0.0000697346  -0.0000533040  -0.0002798673   0.0002049875   0.0000373121
        0.0000270899  -0.0000621230   0.0000075656   0.0000326881  -0.0000040282
       -0.0000007325   0.0000033364  -0.0000049177   0.0000010450  -0.0000038118
       -0.0000008694   0.0000024686  -0.0000056540   0.0000029012  -0.0005602142
        0.0022666035  -0.0036660872   0.2278304218  -0.1032283557   0.0900248362
       -0.0022442288   0.0048295213  -0.0015334260
        0.0000206148  -0.0001783200  -0.0000686739  -0.0000083383   0.0003430279
       -0.0003195338  -0.0002322411  -0.0007649231  -0.0000056559  -0.0003446331
       -0.0000005958   0.0001416654   0.0002617673   0.0003098335  -0.0002958015
        0.0001157780  -0.0003456117   0.0001109484   0.0000236859  -0.0000253959
        0.0001186107  -0.0000186717   0.0000211810  -0.0000417575  -0.0000160345
        0.0000016769  -0.0000390656  -0.0000003342   0.0000058966   0.0000051858
       -0.0116439369   0.0032489403  -0.0018387185   0.0902826831  -0.0865239423
        0.0421120451  -0.0000239679   0.0000008086   0.0000052339   0.0000402202
       -0.0000306285   0.0001082190   0.0000552970   0.0000659847  -0.0000498404
        0.0001102301  -0.0015801111  -0.0010558018   0.0000519947   0.0001492303
        0.0000125743  -0.0002282304  -0.0003492170   0.0004839428  -0.0000087123
       -0.0000136506  -0.0000281987   0.0000008452   0.0000201869   0.0000057522
        0.0000005007   0.0000006928  -0.0000027247  -0.0000041538   0.0000034436
       -0.0000002278  -0.0000013522   0.0000022143   0.0000050500  -0.0003136698
        0.0004640459  -0.0004746662  -0.1032283557   0.1018280340  -0.0501299395
        0.0251090148  -0.0166528016   0.0112413780
       -0.0000720224  -0.0002831580  -0.0001165106  -0.0006377114   0.0002272884
       -0.0001257497  -0.0003019477   0.0000448946   0.0004797196  -0.0000144064
       -0.0001428811   0.0000621691   0.0000634439  -0.0000897591   0.0000067476
        0.0000906542   0.0001161615   0.0000342506  -0.0002388579   0.0000510711
       -0.0000673773   0.0000673745  -0.0000472847   0.0000393213   0.0000702618
        0.0000214637  -0.0000084171  -0.0000011311   0.0000016139   0.0000000797
        0.0087720157  -0.0028169463   0.0032453823  -0.0799327108   0.0432854014
       -0.0804802907  -0.0000318433  -0.0000423142  -0.0000128774   0.0001682084
        0.0000413759  -0.0000784384  -0.0002171304   0.0001630268  -0.0001098200
        0.0000839267  -0.0009461378  -0.0000493018   0.0001205012   0.0001126532
       -0.0001890669   0.0001660247   0.0002581418  -0.0001134535   0.0000086815
        0.0000067288   0.0000181461  -0.0000199666  -0.0000232633   0.0000172278
        0.0000072228   0.0000010986   0.0000003884   0.0000062249   0.0000023089
        0.0000048978  -0.0000019857  -0.0000017719  -0.0000000570  -0.0251507080
        0.0148809484  -0.0153190785   0.0900248362  -0.0501299395   0.0890438303
        0.0069710450  -0.0046907207   0.0037182783
        0.0000942617   0.0003024982   0.0001397245  -0.0038287168  -0.0022587264
        0.0018132073   0.0000256154   0.0007158054   0.0002416816   0.0005325351
       -0.0011024569  -0.0008072663  -0.0004011959  -0.0002947982   0.0005954305
       -0.0000863258   0.0003055982  -0.0003939051   0.0002826190  -0.0002112290
        0.0000744956  -0.0000680363   0.0001230438  -0.0000290553  -0.0000822085
        0.0000032165   0.0000338386  -0.0000237846  -0.0000067169  -0.0000030655
       -0.0033596924  -0.0203826178  -0.0048212750  -0.0375148493   0.0154870565
        0.0025705869   0.0000272271   0.0000623261   0.0000725191   0.0000453260
       -0.0000346835   0.0000491669   0.0000145758   0.0000872821   0.0000043419
        0.0000436112   0.0000143915  -0.0002162747   0.0000635244   0.0001297303
       -0.0000352621  -0.0000694487  -0.0000502746   0.0000768087  -0.0001483347
        0.0000052654   0.0001975594   0.0000428018   0.0000328135  -0.0000448761
       -0.0000071395  -0.0000076711   0.0000023881  -0.0000026141  -0.0000023366
        0.0000013946  -0.0000009661  -0.0000090324  -0.0000055741   0.0009817790
        0.0002609228  -0.0006506695  -0.0022442288   0.0251090148   0.0069710450
        0.0456836647  -0.0182784217  -0.0058369649
        0.0000616405   0.0003836142   0.0002066863  -0.0018956195  -0.0007030663
        0.0013134865  -0.0001921928   0.0002535851  -0.0000013885   0.0003554715
       -0.0005862438  -0.0003727083  -0.0002912794  -0.0002639139   0.0003717185
        0.0000455082   0.0002448577  -0.0001876950  -0.0000702677  -0.0000007465
       -0.0000571146   0.0000461677  -0.0000440957   0.0000604280   0.0000017318
        0.0000025288   0.0000316381  -0.0000168434  -0.0000004068  -0.0000047714
       -0.0056997540  -0.0153221058  -0.0021864721   0.0201875982  -0.2673712550
       -0.0778991742   0.0000359989   0.0000777327   0.0001202697  -0.0000218324
       -0.0000175588   0.0000049150   0.0000074487  -0.0000245461   0.0001468163
       -0.0001820948   0.0000441140   0.0001490274  -0.0001467926   0.0001236918
        0.0000187436  -0.0000001708   0.0000508165  -0.0000859352  -0.0000687519
        0.0000058702   0.0000947409  -0.0000046384   0.0000126043  -0.0000296621
        0.0000046822  -0.0000008020   0.0000019120   0.0000041518   0.0000059498
        0.0000006009   0.0000066408  -0.0000001815  -0.0000015150   0.0012820976
       -0.0030264749  -0.0036332705   0.0048295213  -0.0166528016  -0.0046907207
       -0.0182784217   0.3028088335   0.0866294443
       -0.0001802033  -0.0003851646   0.0000471357   0.0013995545   0.0009313147
       -0.0008131272   0.0001025242   0.0000014544   0.0000512541  -0.0002036019
        0.0004733408   0.0002161943   0.0001376062   0.0000664205  -0.0002106060
        0.0000620277  -0.0000554781   0.0001577015  -0.0001608299  -0.0000009600
        0.0000120080   0.0000425932  -0.0000053477  -0.0000178066   0.0000487595
        0.0000287387  -0.0000325176   0.0000049810   0.0000018511   0.0000029460
        0.0005177524   0.0070767896   0.0021456162   0.0036104168  -0.0750233469
       -0.0649835380  -0.0000443608  -0.0000255250   0.0000601818  -0.0000098362
       -0.0000466246   0.0000044926   0.0000476894   0.0001850559   0.0001872909
       -0.0001117949  -0.0000100333  -0.0001196368   0.0000267419  -0.0000100920
        0.0000046667  -0.0000270450  -0.0000391431   0.0000610055   0.0000516594
       -0.0000112519  -0.0000695864  -0.0000185342  -0.0000118136   0.0000193637
        0.0000059542   0.0000048035  -0.0000003094   0.0000049866  -0.0000000003
        0.0000042660  -0.0000044935  -0.0000015167  -0.0000009054   0.0020678435
       -0.0310142938  -0.0131266113  -0.0015334260   0.0112413780   0.0037182783
       -0.0058369649   0.0866294443   0.0726822433
