$hessian                                                                        
        0.5126126801   0.0195506613   0.0077523149  -0.0907266099   0.0484999907
        0.0178990567   0.0065037260  -0.0115045579  -0.0044144178  -0.0003335445
        0.0009589026   0.0003326450  -0.0001375326  -0.0007667378  -0.0000673407
       -0.0001090927  -0.0001611799  -0.0008183643   0.0000123260  -0.0000681889
        0.0003481097   0.0002307426  -0.0002266449   0.0001010321  -0.0512811935
        0.0227394539  -0.0305394035  -0.1396993171  -0.0685278327  -0.0961081084
       -0.2206173276  -0.0370767464   0.0974270847  -0.0009709755   0.0046690319
        0.0004979257  -0.0153477556   0.0250513299   0.0103610276  -0.0005421688
       -0.0022959730  -0.0028957402   0.0002721420  -0.0005184630   0.0002998680
        0.0000052239  -0.0002494125  -0.0001475425   0.0001725822  -0.0000570041
        0.0000210523   0.0000086220  -0.0000819339  -0.0001013186  -0.0000014799
        0.0000127410   0.0000929752  -0.0000510471   0.0000525637  -0.0000408557
        0.0195506613   0.4728131597  -0.0177110697   0.0495328225  -0.1669595956
       -0.0327961372   0.0026320503  -0.0165735189  -0.0098157735   0.0006289641
        0.0004085033   0.0005938085  -0.0010050250   0.0001888287   0.0001764575
        0.0006104314  -0.0006851869  -0.0005731695  -0.0000902592   0.0003150552
        0.0001016411  -0.0001999363   0.0000154061   0.0000111318   0.0230355035
       -0.1280641403   0.1128619379  -0.0689728982  -0.0896614775  -0.0664142705
       -0.0363510064  -0.0505369079   0.0204312230   0.0106459897  -0.0228227638
       -0.0041382573   0.0012727348   0.0009069873  -0.0013513611  -0.0012759946
       -0.0008806573  -0.0021696633   0.0001164398   0.0012235112   0.0009616893
       -0.0000658535  -0.0000200246  -0.0000758145   0.0000711326   0.0001547147
       -0.0000243028  -0.0000893788   0.0000680134  -0.0000599954  -0.0000023235
        0.0000416255   0.0000146886  -0.0000440545   0.0000684675  -0.0000227629
        0.0077523149  -0.0177110697   0.5188491877   0.0185972217  -0.0337478128
       -0.0787273689   0.0064172257  -0.0202674771  -0.0098657700   0.0002961933
        0.0008253704   0.0004141033  -0.0011017630  -0.0004255454   0.0004110411
        0.0009484480  -0.0000089793  -0.0009648500  -0.0001960207  -0.0002291350
        0.0004146819  -0.0000163069   0.0000554135  -0.0000883650  -0.0307387702
        0.1125229282  -0.1907023750  -0.0964077684  -0.0662667368  -0.1400309400
        0.0974210194   0.0210823428  -0.0993643007  -0.0089735047   0.0192256299
        0.0058171883   0.0076712665  -0.0112003753  -0.0040606204  -0.0020732103
       -0.0029229827  -0.0031135466   0.0005255601  -0.0008939272   0.0008849063
       -0.0000905751   0.0000738272   0.0000375650   0.0000314171   0.0000425939
        0.0000599151  -0.0000000971  -0.0001182207   0.0000366258  -0.0000271654
       -0.0000620012   0.0000138170  -0.0000354849   0.0000261574  -0.0000208949
       -0.0907266099   0.0495328225   0.0185972217   0.5034939735   0.0063829097
       -0.0229907094  -0.0985097810  -0.0278154066  -0.0500133915  -0.0214835831
       -0.0146571686  -0.0179657404   0.0007691741   0.0000447748  -0.0002486629
       -0.0008157658  -0.0001214477   0.0005199754   0.0000536240  -0.0000346871
       -0.0002153454   0.0002761232  -0.0000208803  -0.0000212919  -0.0021306424
        0.0063618856   0.0004372888   0.0064339109  -0.0151900324  -0.0057662555
       -0.0139913240   0.0243714238   0.0104435688  -0.0460762739   0.0074185929
       -0.0090451149  -0.2375869918  -0.0391962590   0.0735064871   0.0055484618
        0.0050164620   0.0082762197  -0.0020358453  -0.0005903733  -0.0049209326
        0.0013913882   0.0003743611  -0.0011498019  -0.0045827154  -0.0018705488
        0.0005615183   0.0000111757   0.0000184845   0.0000393362  -0.0000595054
       -0.0000026967  -0.0000170553   0.0000212066  -0.0000222164  -0.0000273143
        0.0484999907  -0.1669595956  -0.0337478128   0.0063829097   0.4836595120
       -0.0342135446  -0.0247486056  -0.0870962660  -0.0378638244  -0.0085342257
       -0.0051131041  -0.0042519466  -0.0005962247   0.0003398322   0.0004749366
        0.0010184610  -0.0001185884  -0.0007145329  -0.0000747211  -0.0000291125
        0.0002087457  -0.0002521697   0.0000755584  -0.0000350238   0.0094696181
       -0.0221524239  -0.0029757292   0.0052084516  -0.0154928599  -0.0072106192
        0.0017227025   0.0022834600  -0.0004405452   0.0068449408  -0.1325106276
        0.1126704720  -0.0389220766  -0.0502487149   0.0177598039  -0.0113718631
       -0.0140437358  -0.0216770488   0.0077034911   0.0069241935   0.0127155131
       -0.0001062786   0.0002758279  -0.0008170780  -0.0022328408   0.0001913757
        0.0001380782   0.0000112112  -0.0000080754  -0.0000144375   0.0000051000
       -0.0000054013   0.0000100413  -0.0000278709   0.0000287457  -0.0000154479
        0.0178990567  -0.0327961372  -0.0787273689  -0.0229907094  -0.0342135446
        0.5001066456  -0.0480937309  -0.0385595675  -0.1386295650  -0.0011235713
        0.0015712589   0.0054414406   0.0001145115  -0.0000401268   0.0003224120
        0.0000030465   0.0002067140   0.0000527894   0.0000850034  -0.0000032901
        0.0000550677   0.0000262884  -0.0000994664  -0.0001116635  -0.0096526734
        0.0200369520   0.0063318177   0.0067632875  -0.0191554673  -0.0077373110
        0.0080534023  -0.0131011926  -0.0053302723  -0.0085780201   0.1127382866
       -0.1797360754   0.0731858169   0.0173178795  -0.0711857688  -0.0051325772
       -0.0070828425  -0.0093327285  -0.0140086108  -0.0085845670  -0.0230939513
        0.0012721952   0.0004359396   0.0012609268   0.0021615128   0.0013037783
        0.0002983803  -0.0000047511   0.0000229288  -0.0000099031   0.0000163569
       -0.0000007223   0.0000037993   0.0000041659   0.0000031865   0.0000213281
        0.0065037260   0.0026320503   0.0064172257  -0.0985097810  -0.0247486056
       -0.0480937309   0.4650825151  -0.0354564238   0.0010167200  -0.1620862006
       -0.0370099018   0.0307864513  -0.0303959364   0.0083990616   0.0079356320
       -0.0015251198   0.0007101587  -0.0030083238  -0.0000112984  -0.0005235978
        0.0003553270  -0.0000941692   0.0008869476   0.0006603441   0.0005284912
       -0.0000923140   0.0004938126   0.0000802854   0.0025690354   0.0014048451
        0.0004106660   0.0000281639   0.0002133681  -0.0022504754  -0.0012317606
       -0.0049683530  -0.0198974594  -0.0129412515  -0.0206946555  -0.0956283943
        0.0965974578   0.0321980642  -0.0423471273   0.0092365241  -0.0112964594
       -0.0044061891  -0.0026660755   0.0040631051  -0.0152495232  -0.0065852299
        0.0023833097  -0.0002095630   0.0001905595  -0.0000309389   0.0000264818
       -0.0000857278   0.0001594119  -0.0000209283   0.0000909295   0.0000048448
       -0.0115045579  -0.0165735189  -0.0202674771  -0.0278154066  -0.0870962660
       -0.0385595675  -0.0354564238   0.5254708067  -0.0189941542  -0.0359889265
       -0.0735746716   0.0114680199   0.0279794901   0.0033807918  -0.0076178733
        0.0024188946  -0.0020899944   0.0031602644  -0.0001722464   0.0011981483
       -0.0007183798  -0.0000936389  -0.0011868145  -0.0008911272  -0.0008167413
        0.0009433167  -0.0009439895   0.0019579934  -0.0048522785  -0.0027379211
       -0.0003296969   0.0004860889   0.0001426707   0.0087512166   0.0066253283
        0.0125985258  -0.0060182806  -0.0031941080  -0.0056454314   0.0949846411
       -0.2050507830  -0.0530650383   0.0106141984  -0.1356743582   0.1140039615
       -0.0100572936  -0.0016858474   0.0041006951  -0.0186391941  -0.0068985568
        0.0040632490   0.0002033928  -0.0002649954  -0.0000107422  -0.0000117320
        0.0000789925  -0.0000760483  -0.0000056883  -0.0000412805  -0.0000096363
       -0.0044144178  -0.0098157735  -0.0098657700  -0.0500133915  -0.0378638244
       -0.1386295650   0.0010167200  -0.0189941542   0.4897365912   0.0320486578
        0.0127562071  -0.0767543368  -0.0003806245  -0.0012318639   0.0040445258
        0.0017936397   0.0000612918  -0.0026886774   0.0001414215  -0.0013005025
        0.0010220367   0.0000739419   0.0003040686   0.0000066329   0.0001557946
        0.0011597569   0.0013039272   0.0009519912  -0.0015796032  -0.0002163039
       -0.0001764452   0.0001545930   0.0000806692  -0.0152418228  -0.0086562903
       -0.0241915927   0.0032806363   0.0022849921   0.0046501312   0.0322869512
       -0.0532183361  -0.0602612091  -0.0114070189   0.1144682449  -0.1833967405
        0.0249307432   0.0087442992  -0.0089555478  -0.0150019847  -0.0072683764
        0.0041680575  -0.0000085364   0.0000303976  -0.0000065448  -0.0000481902
       -0.0000129002  -0.0000056891   0.0000119348  -0.0000222263  -0.0000405945
       -0.0003335445   0.0006289641   0.0002961933  -0.0214835831  -0.0085342257
       -0.0011235713  -0.1620862006  -0.0359889265   0.0320486578   0.4203322426
        0.0463410275  -0.0015459435  -0.0839806499   0.0452919036  -0.0114851437
       -0.0256801765   0.0201125265   0.0114084327  -0.0016737762   0.0007440125
       -0.0026417418   0.0031021097   0.0019030788   0.0030516926   0.0001005362
       -0.0001942082  -0.0000646271   0.0001166622   0.0000172654   0.0000315917
        0.0004516101  -0.0000837393   0.0001710253   0.0008311971  -0.0000947088
        0.0008084924  -0.0015181184  -0.0019639390  -0.0026307699  -0.0174376333
       -0.0022547543   0.0062690544  -0.0038748453  -0.0020245601   0.0043195569
       -0.0405168997  -0.0059374912   0.0091433543  -0.0652567512  -0.0596663387
       -0.0484772844  -0.0014139407   0.0012464002  -0.0001443333   0.0000143805
       -0.0000333360   0.0004276364   0.0003073810   0.0004910493   0.0001377271
        0.0009589026   0.0004085033   0.0008253704  -0.0146571686  -0.0051131041
        0.0015712589  -0.0370099018  -0.0735746716   0.0127562071   0.0463410275
        0.4330567537   0.0129679951   0.0472567903  -0.1331299937   0.0271013137
        0.0212651010  -0.0140990495  -0.0194227356  -0.0027954641  -0.0001865630
        0.0022033359   0.0022113153   0.0048394813   0.0007599399  -0.0004546832
       -0.0003758411   0.0002789451   0.0001564791   0.0002161825   0.0002318207
       -0.0002093650   0.0001061496  -0.0008231199   0.0009862936   0.0006157495
        0.0004676553  -0.0022140132  -0.0005971119  -0.0019892267   0.0205189945
        0.0031140959  -0.0075823598  -0.0181660014  -0.0060930984   0.0082473163
       -0.0053907156  -0.0595359114   0.0620089869  -0.0593640760  -0.1488732412
       -0.0991716325   0.0000543477   0.0005639336  -0.0000813267   0.0001129599
        0.0000429132  -0.0004046956   0.0003991772  -0.0013851767   0.0000549513
        0.0003326450   0.0005938085   0.0004141033  -0.0179657404  -0.0042519466
        0.0054414406   0.0307864513   0.0114680199  -0.0767543368  -0.0015459435
        0.0129679951   0.5360429840  -0.0195035000   0.0369907794  -0.0805326633
        0.0116521865  -0.0201571672   0.0104268196   0.0024647053  -0.0031673185
       -0.0023782219   0.0045905735   0.0000028010  -0.0012458999   0.0000585352
       -0.0001054336  -0.0000514528   0.0000209450   0.0000019230   0.0000492328
       -0.0001742805  -0.0004512878  -0.0001026340  -0.0012021422  -0.0006768113
        0.0010191958  -0.0033902032  -0.0021129869  -0.0024918327   0.0074883907
        0.0010276281  -0.0021278716   0.0238614123   0.0091041024  -0.0098098117
        0.0120441074   0.0573717719  -0.2477900585  -0.0501966317  -0.0975799465
       -0.1305864056  -0.0001091371  -0.0000316311   0.0000505682  -0.0000246743
        0.0001174539   0.0001646309   0.0008123008  -0.0011117538   0.0002622136
       -0.0001375326  -0.0010050250  -0.0011017630   0.0007691741  -0.0005962247
        0.0001145115  -0.0303959364   0.0279794901  -0.0003806245  -0.0839806499
        0.0472567903  -0.0195035000   0.2832170053  -0.1586196482  -0.1312135573
       -0.1283451254   0.0357277686   0.0854776004  -0.0020037286  -0.0034501567
        0.0520149196  -0.0254262094   0.0275020536   0.0178117079   0.0001844236
        0.0005228732  -0.0001516689  -0.0007129504   0.0001190082  -0.0001167605
       -0.0008529538  -0.0004034285   0.0000883814  -0.0000362139   0.0005156057
        0.0000052093  -0.0002648198  -0.0001103927   0.0002202800  -0.0072640130
       -0.0001536005   0.0018880629   0.0031103763   0.0004661081  -0.0013155748
       -0.0056566082   0.0114939177  -0.0063280098   0.0024318856   0.0090082771
        0.0033978866  -0.0016496484   0.0019019286   0.0001863171  -0.0002746588
       -0.0015125222  -0.0002081881  -0.0027118162   0.0033571771  -0.0008852300
       -0.0007667378   0.0001888287  -0.0004255454   0.0000447748   0.0003398322
       -0.0000401268   0.0083990616   0.0033807918  -0.0012318639   0.0452919036
       -0.1331299937   0.0369907794  -0.1586196482   0.2711087241  -0.0252804575
        0.0389680523  -0.0795177766  -0.0197520114  -0.0040102222   0.0165501793
        0.0183891394   0.0327561689  -0.0191061349  -0.0188754354   0.0000897031
        0.0002110571  -0.0002366209  -0.0001699008  -0.0000964359  -0.0000718703
       -0.0007935184  -0.0003038436  -0.0000203014  -0.0001854711  -0.0003819740
       -0.0000799044   0.0002788009  -0.0000536041  -0.0000703422  -0.0003456266
        0.0007747052   0.0002988150  -0.0007915367   0.0010838034  -0.0005180168
        0.0144535803  -0.0212033530   0.0112519707   0.0208465685  -0.0339490912
       -0.0006433771   0.0010559758  -0.0018421673   0.0001802715   0.0000456625
        0.0000257703  -0.0006829198   0.0034524094  -0.0040793180   0.0008178175
       -0.0000673407   0.0001764575   0.0004110411  -0.0002486629   0.0004749366
        0.0003224120   0.0079356320  -0.0076178733   0.0040445258  -0.0114851437
        0.0271013137  -0.0805326633  -0.1312135573  -0.0252804575   0.3451876447
        0.0785104886  -0.0130657036  -0.1715127161   0.0533255261   0.0172851998
       -0.0977271783   0.0081374548  -0.0098745942   0.0030384204  -0.0001299564
       -0.0001977186  -0.0000953943   0.0002993335   0.0000654735  -0.0000811874
       -0.0011254159  -0.0006143062  -0.0011792549   0.0001630746  -0.0001781796
        0.0000623213   0.0001981069  -0.0000183095  -0.0000575798   0.0031201385
       -0.0001477718  -0.0007152329  -0.0003689593  -0.0007618186  -0.0000536469
       -0.0187626862   0.0285882473  -0.0070866529   0.0120749540  -0.0170805605
        0.0040221566  -0.0000810816   0.0004895476   0.0002232828   0.0001464611
        0.0002446708   0.0007742502  -0.0004283661   0.0004114465   0.0009554520
       -0.0001090927   0.0006104314   0.0009484480  -0.0008157658   0.0010184610
        0.0000030465  -0.0015251198   0.0024188946   0.0017936397  -0.0256801765
        0.0212651010   0.0116521865  -0.1283451254   0.0389680523   0.0785104886
        0.3395220687  -0.1179933782  -0.0831603996  -0.0691038114  -0.0016992207
        0.0113400217  -0.1028785527   0.0444133413  -0.0196120914  -0.0001873423
       -0.0009119918   0.0001133402   0.0006426333  -0.0000211546   0.0001898691
       -0.0002817037  -0.0012656562  -0.0021483083  -0.0002537507  -0.0001923239
        0.0000346574   0.0003850046   0.0000682067  -0.0003561739  -0.0007484388
       -0.0008174502  -0.0000287444  -0.0003909469   0.0003494196   0.0001723965
        0.0008327619  -0.0002349654   0.0015815442   0.0002628298  -0.0025287920
       -0.0004238930   0.0064927397  -0.0071593651   0.0040749457   0.0022252910
       -0.0003185226  -0.0008702379  -0.0200435024   0.0240309129  -0.0038147356
       -0.0001611799  -0.0006851869  -0.0000089793  -0.0001214477  -0.0001185884
        0.0002067140   0.0007101587  -0.0020899944   0.0000612918   0.0201125265
       -0.0140990495  -0.0201571672   0.0357277686  -0.0795177766  -0.0130657036
       -0.1179933782   0.4887570049  -0.2439390854  -0.0080281829  -0.2200534068
        0.2536036324   0.0518128026  -0.1404339432   0.0232534030  -0.0003962368
       -0.0000797178   0.0004781670  -0.0000271272  -0.0000390053  -0.0001938449
       -0.0003027124   0.0011683807  -0.0004063838   0.0002705353  -0.0000317576
       -0.0000566177  -0.0003334816  -0.0002003563   0.0000050634   0.0008401805
        0.0002352828  -0.0002269185  -0.0003378634  -0.0002373861   0.0004311159
        0.0018789335   0.0004947267  -0.0005971957   0.0031658739  -0.0037875505
       -0.0006357298   0.0131621229  -0.0267743225   0.0018421363  -0.0007113120
       -0.0043106605   0.0046080879   0.0007320197   0.0018033073  -0.0052019859
       -0.0008183643  -0.0005731695  -0.0009648500   0.0005199754  -0.0007145329
        0.0000527894  -0.0030083238   0.0031602644  -0.0026886774   0.0114084327
       -0.0194227356   0.0104268196   0.0854776004  -0.0197520114  -0.1715127161
       -0.0831603996  -0.2439390854   0.7115647073   0.0208689796   0.2419027780
       -0.4720121573  -0.0219808421   0.0245975168  -0.0721783902   0.0006925238
        0.0007299673  -0.0001252115  -0.0006625079  -0.0001559358  -0.0002194590
       -0.0010136852  -0.0006413772   0.0009539371  -0.0001482035   0.0005494517
       -0.0001775262  -0.0003337752  -0.0002021291   0.0000007610  -0.0013478811
        0.0006527182   0.0006322240   0.0008858750   0.0000964978  -0.0002297711
       -0.0022235325   0.0024767785   0.0000341697  -0.0010266879   0.0031109448
       -0.0002874908   0.0062439579  -0.0109620795   0.0048094611  -0.0147049226
        0.0236220971  -0.0112060574   0.0043317809  -0.0045359582   0.0031274375
        0.0000123260  -0.0000902592  -0.0001960207   0.0000536240  -0.0000747211
        0.0000850034  -0.0000112984  -0.0001722464   0.0001414215  -0.0016737762
       -0.0027954641   0.0024647053  -0.0020037286  -0.0040102222   0.0533255261
       -0.0691038114  -0.0080281829   0.0208689796   0.0658634660  -0.0054541007
       -0.0602747063   0.0085998236   0.0172318222  -0.0158257653  -0.0000460887
        0.0000490789   0.0001386090  -0.0000661995  -0.0000019759  -0.0000830384
       -0.0007194914   0.0002814607   0.0002671951   0.0002289874  -0.0001029935
        0.0000123016  -0.0001660361  -0.0000698627   0.0001289533   0.0000400234
        0.0001229653  -0.0000541231  -0.0001065864  -0.0000663594  -0.0000001872
       -0.0012610990  -0.0008180665   0.0006320013   0.0002754978  -0.0007134419
        0.0004143692  -0.0008623399   0.0019149948  -0.0011670793  -0.0010513454
        0.0041034702  -0.0012891150   0.0019980528  -0.0013058954   0.0004109699
       -0.0000681889   0.0003150552  -0.0002291350  -0.0000346871  -0.0000291125
       -0.0000032901  -0.0005235978   0.0011981483  -0.0013005025   0.0007440125
       -0.0001865630  -0.0031673185  -0.0034501567   0.0165501793   0.0172851998
       -0.0016992207  -0.2200534068   0.2419027780  -0.0054541007   0.2287421441
       -0.3009428588   0.0074546407  -0.0222694254   0.0433543592   0.0001413202
       -0.0000266878  -0.0000281650   0.0000279763  -0.0000397234  -0.0000047050
       -0.0004097622  -0.0005636373   0.0001239148  -0.0000919686   0.0000300277
       -0.0000476441   0.0000299197  -0.0000210571   0.0000312585  -0.0003145111
        0.0001231621   0.0001638307   0.0005008520   0.0001233925  -0.0001788868
       -0.0006510470   0.0000450369  -0.0016797469  -0.0005867580   0.0007008470
        0.0003545110  -0.0004934795   0.0017551829   0.0005246536   0.0058084164
       -0.0070879668   0.0028472558  -0.0009296594   0.0006944040   0.0009944912
        0.0003481097   0.0001016411   0.0004146819  -0.0002153454   0.0002087457
        0.0000550677   0.0003553270  -0.0007183798   0.0010220367  -0.0026417418
        0.0022033359  -0.0023782219   0.0520149196   0.0183891394  -0.0977271783
        0.0113400217   0.2536036324  -0.4720121573  -0.0602747063  -0.3009428588
        0.5917338793  -0.0009365992   0.0265176823  -0.0187488727  -0.0003058491
       -0.0003073241  -0.0000167388   0.0001769309   0.0000776181   0.0001594906
        0.0005686846   0.0003190622  -0.0004301517   0.0000716726  -0.0001880150
        0.0000609843   0.0000588398   0.0001591530   0.0000296867   0.0002623813
       -0.0002736567  -0.0000854403  -0.0004608576  -0.0001878315   0.0002872324
        0.0008944771  -0.0009747417   0.0004033546   0.0004378825  -0.0009502958
        0.0007331870   0.0003667074   0.0007221916  -0.0020098997  -0.0028829381
        0.0045450338  -0.0005012030   0.0008220832  -0.0023041320  -0.0009897376
        0.0002307426  -0.0001999363  -0.0000163069   0.0002761232  -0.0002521697
        0.0000262884  -0.0000941692  -0.0000936389   0.0000739419   0.0031021097
        0.0022113153   0.0045905735  -0.0254262094   0.0327561689   0.0081374548
       -0.1028785527   0.0518128026  -0.0219808421   0.0085998236   0.0074546407
       -0.0009365992   0.4965392943   0.0147654569  -0.0265302305  -0.0000117688
        0.0002256838  -0.0000828393  -0.0001624098   0.0000132246  -0.0000554616
       -0.0002353660   0.0001936887   0.0002202330  -0.0000006987   0.0000964857
       -0.0000229492  -0.0001163234   0.0000392869   0.0000411398  -0.0001707504
        0.0000545811   0.0000176634   0.0000539481  -0.0000087744  -0.0001455835
        0.0003045078  -0.0002222236  -0.0000913567  -0.0012012842   0.0018048581
       -0.0001643297  -0.0693839354  -0.0751742267  -0.0463472123  -0.0450037134
       -0.0020580699   0.0143553309  -0.2644213679  -0.0334191539   0.0689110853
       -0.0002266449   0.0000154061   0.0000554135  -0.0000208803   0.0000755584
       -0.0000994664   0.0008869476  -0.0011868145   0.0003040686   0.0019030788
        0.0048394813   0.0000028010   0.0275020536  -0.0191061349  -0.0098745942
        0.0444133413  -0.1404339432   0.0245975168   0.0172318222  -0.0222694254
        0.0265176823   0.0147654569   0.4570358750  -0.0016400100   0.0000966159
        0.0000301131  -0.0001944804   0.0000326594   0.0000357016   0.0000880294
        0.0001312211  -0.0002492284   0.0000741534  -0.0000724498   0.0000066516
        0.0000063934   0.0001685806   0.0000834267   0.0000145996   0.0004550374
        0.0000105524  -0.0000853048  -0.0000798333  -0.0000777247  -0.0000021179
       -0.0003243985   0.0000382920   0.0002341142  -0.0001835354   0.0001546005
       -0.0000503752  -0.0706872940  -0.1908169544  -0.0939816434  -0.0019331268
       -0.0460288081   0.0399637792  -0.0340586519  -0.0421566253   0.0140694406
        0.0001010321   0.0000111318  -0.0000883650  -0.0000212919  -0.0000350238
       -0.0001116635   0.0006603441  -0.0008911272   0.0000066329   0.0030516926
        0.0007599399  -0.0012458999   0.0178117079  -0.0188754354   0.0030384204
       -0.0196120914   0.0232534030  -0.0721783902  -0.0158257653   0.0433543592
       -0.0187488727  -0.0265302305  -0.0016400100   0.5410755369  -0.0000441603
       -0.0000461853   0.0000747964   0.0000083050   0.0000222124   0.0000386169
       -0.0000436941   0.0000886666  -0.0000466308   0.0000288512  -0.0000265731
        0.0000214418   0.0000041941   0.0000374759   0.0000545271   0.0003926465
        0.0000435724  -0.0000597772  -0.0000714224  -0.0000946516   0.0001211816
        0.0003309359  -0.0001631166  -0.0003190858   0.0000448046   0.0000128960
       -0.0000008556  -0.0448081744  -0.0974203657  -0.1000317752   0.0158655448
        0.0385435976  -0.2867919036   0.0686567716   0.0130652339  -0.0648079344
       -0.0512811935   0.0230355035  -0.0307387702  -0.0021306424   0.0094696181
       -0.0096526734   0.0005284912  -0.0008167413   0.0001557946   0.0001005362
       -0.0004546832   0.0000585352   0.0001844236   0.0000897031  -0.0001299564
       -0.0001873423  -0.0003962368   0.0006925238  -0.0000460887   0.0001413202
       -0.0003058491  -0.0000117688   0.0000966159  -0.0000441603   0.0560063652
       -0.0290105615   0.0356260646  -0.0047930965   0.0117066498  -0.0196907040
        0.0025107983  -0.0170914849   0.0239709432  -0.0006184024   0.0027943773
        0.0006138216  -0.0000633974   0.0002381735  -0.0004725449  -0.0001253695
       -0.0001256268  -0.0001192234   0.0002743076  -0.0000084369   0.0000868260
       -0.0000945773   0.0001358139  -0.0000075468  -0.0000859505   0.0000705457
       -0.0000493870  -0.0001112346   0.0000889424   0.0001436430  -0.0001241284
       -0.0000010888  -0.0001198784   0.0000682702   0.0000375966  -0.0000174581
        0.0227394539  -0.1280641403   0.1125229282   0.0063618856  -0.0221524239
        0.0200369520  -0.0000923140   0.0009433167   0.0011597569  -0.0001942082
       -0.0003758411  -0.0001054336   0.0005228732   0.0002110571  -0.0001977186
       -0.0009119918  -0.0000797178   0.0007299673   0.0000490789  -0.0000266878
       -0.0003073241   0.0002256838   0.0000301131  -0.0000461853  -0.0290105615
        0.1513672162  -0.1305855843  -0.0022439442   0.0079075900  -0.0096940403
       -0.0006658092  -0.0047311498   0.0083481721   0.0033303518  -0.0058891769
       -0.0014527264  -0.0002627881   0.0005213769   0.0002692309   0.0000240650
        0.0004288948   0.0001327237  -0.0001155677  -0.0001776252  -0.0008185160
        0.0001647553   0.0000169332  -0.0000528827   0.0000707379   0.0000052678
        0.0000707019  -0.0000371877   0.0000719465   0.0000269986  -0.0000358959
        0.0000271912  -0.0000477013   0.0000813830  -0.0000341408   0.0000106810
       -0.0305394035   0.1128619379  -0.1907023750   0.0004372888  -0.0029757292
        0.0063318177   0.0004938126  -0.0009439895   0.0013039272  -0.0000646271
        0.0002789451  -0.0000514528  -0.0001516689  -0.0002366209  -0.0000953943
        0.0001133402   0.0004781670  -0.0001252115   0.0001386090  -0.0000281650
       -0.0000167388  -0.0000828393  -0.0001944804   0.0000747964   0.0356260646
       -0.1305855843   0.2196259498  -0.0059718503   0.0123058774  -0.0209494639
       -0.0002885547   0.0111407523  -0.0159670422   0.0003096483  -0.0017338805
        0.0005345777  -0.0001925987  -0.0001815252   0.0002226003  -0.0000005195
       -0.0000746330  -0.0000792314   0.0001226842   0.0000166707   0.0000394875
       -0.0000165040  -0.0000064262  -0.0000779247  -0.0000047836  -0.0000257372
       -0.0000135627   0.0001763441  -0.0000742249  -0.0000770671  -0.0000296670
       -0.0000100654   0.0000528374  -0.0000747752  -0.0000112886  -0.0000305298
       -0.1396993171  -0.0689728982  -0.0964077684   0.0064339109   0.0052084516
        0.0067632875   0.0000802854   0.0019579934   0.0009519912   0.0001166622
        0.0001564791   0.0000209450  -0.0007129504  -0.0001699008   0.0002993335
        0.0006426333  -0.0000271272  -0.0006625079  -0.0000661995   0.0000279763
        0.0001769309  -0.0001624098   0.0000326594   0.0000083050  -0.0047930965
       -0.0022439442  -0.0059718503   0.1613971927   0.0781177678   0.1115078043
       -0.0243364298  -0.0146769325  -0.0177598801   0.0000161572  -0.0002292144
        0.0001685595   0.0009058313   0.0005334691   0.0004439259   0.0001854962
        0.0002515012   0.0004093582  -0.0000696665   0.0000305943   0.0001303069
       -0.0000232161   0.0001460626  -0.0000268351   0.0000520127  -0.0000006761
       -0.0000409020   0.0000079876  -0.0001190703  -0.0000637165   0.0000402918
       -0.0000270952   0.0000634545  -0.0000151756   0.0000039038  -0.0000107422
       -0.0685278327  -0.0896614775  -0.0662667368  -0.0151900324  -0.0154928599
       -0.0191554673   0.0025690354  -0.0048522785  -0.0015796032   0.0000172654
        0.0002161825   0.0000019230   0.0001190082  -0.0000964359   0.0000654735
       -0.0000211546  -0.0000390053  -0.0001559358  -0.0000019759  -0.0000397234
        0.0000776181   0.0000132246   0.0000357016   0.0000222124   0.0117066498
        0.0079075900   0.0123058774   0.0781177678   0.1052726208   0.0801096201
       -0.0075529892  -0.0031935273  -0.0043372488  -0.0003805103  -0.0000322292
        0.0000091247  -0.0004799107   0.0008403214  -0.0000001775  -0.0006119653
       -0.0009039335  -0.0013372101   0.0001537112  -0.0000420725   0.0001945295
        0.0000123438   0.0000609689  -0.0000384947   0.0000241794   0.0000322359
        0.0000662064   0.0000005460   0.0000088553   0.0000212947   0.0000064788
       -0.0000145686  -0.0000049536   0.0000261606  -0.0000063649   0.0000019480
       -0.0961081084  -0.0664142705  -0.1400309400  -0.0057662555  -0.0072106192
       -0.0077373110   0.0014048451  -0.0027379211  -0.0002163039   0.0000315917
        0.0002318207   0.0000492328  -0.0001167605  -0.0000718703  -0.0000811874
        0.0001898691  -0.0001938449  -0.0002194590  -0.0000830384  -0.0000047050
        0.0001594906  -0.0000554616   0.0000880294   0.0000386169  -0.0196907040
       -0.0096940403  -0.0209494639   0.1115078043   0.0801096201   0.1603326987
        0.0090698657   0.0062142333   0.0087802735  -0.0000390694   0.0002436613
        0.0002793509  -0.0001758417   0.0000397445  -0.0002003927  -0.0003108227
       -0.0006038393  -0.0005368460   0.0000783033   0.0000483138   0.0003039633
        0.0000103868  -0.0000415894  -0.0000136735   0.0000013762   0.0000088719
        0.0000433354  -0.0000101442   0.0000154413  -0.0000424077   0.0000500913
       -0.0000101850   0.0000247045   0.0000120729  -0.0000168516   0.0000163185
       -0.2206173276  -0.0363510064   0.0974210194  -0.0139913240   0.0017227025
        0.0080534023   0.0004106660  -0.0003296969  -0.0001764452   0.0004516101
       -0.0002093650  -0.0001742805  -0.0008529538  -0.0007935184  -0.0011254159
       -0.0002817037  -0.0003027124  -0.0010136852  -0.0007194914  -0.0004097622
        0.0005686846  -0.0002353660   0.0001312211  -0.0000436941   0.0025107983
       -0.0006658092  -0.0002885547  -0.0243364298  -0.0075529892   0.0090698657
        0.2587506413   0.0415113479  -0.1132154736   0.0002344825  -0.0003751136
       -0.0002020050  -0.0011375493   0.0034446581   0.0013434188  -0.0000778020
       -0.0001954610  -0.0000952715  -0.0001826848   0.0000260466  -0.0000166325
        0.0002300310   0.0000684411  -0.0000648794  -0.0001435851   0.0000853891
       -0.0000883124  -0.0000336218   0.0002730784  -0.0000097389   0.0000717892
       -0.0000165172   0.0000041684  -0.0000501793  -0.0000609334   0.0000538299
       -0.0370767464  -0.0505369079   0.0210823428   0.0243714238   0.0022834600
       -0.0131011926   0.0000281639   0.0004860889   0.0001545930  -0.0000837393
        0.0001061496  -0.0004512878  -0.0004034285  -0.0003038436  -0.0006143062
       -0.0012656562   0.0011683807  -0.0006413772   0.0002814607  -0.0005636373
        0.0003190622   0.0001936887  -0.0002492284   0.0000886666  -0.0170914849
       -0.0047311498   0.0111407523  -0.0146769325  -0.0031935273   0.0062142333
        0.0415113479   0.0601735087  -0.0217534584   0.0004044291   0.0010194833
       -0.0003796511   0.0036141356  -0.0045304560  -0.0025786836  -0.0000736462
        0.0000488353   0.0001166794  -0.0000275959  -0.0001156623   0.0000737188
       -0.0000989228  -0.0006953630   0.0000229599   0.0001419268  -0.0000091761
        0.0002115237   0.0002407573  -0.0002015207   0.0000517225   0.0000243025
       -0.0000697475   0.0000310774  -0.0000134839  -0.0000856867   0.0000126251
        0.0974270847   0.0204312230  -0.0993643007   0.0104435688  -0.0004405452
       -0.0053302723   0.0002133681   0.0001426707   0.0000806692   0.0001710253
       -0.0008231199  -0.0001026340   0.0000883814  -0.0000203014  -0.0011792549
       -0.0021483083  -0.0004063838   0.0009539371   0.0002671951   0.0001239148
       -0.0004301517   0.0002202330   0.0000741534  -0.0000466308   0.0239709432
        0.0083481721  -0.0159670422  -0.0177598801  -0.0043372488   0.0087802735
       -0.1132154736  -0.0217534584   0.1117155819  -0.0008155437   0.0004321490
        0.0006320625   0.0011945301  -0.0021897903  -0.0000085845  -0.0001064407
        0.0001427329   0.0000702560   0.0001668055   0.0001147412  -0.0001054296
       -0.0000909548  -0.0001882341   0.0001853642   0.0000407363   0.0001055462
        0.0001122499  -0.0001697512   0.0002146520   0.0001179585  -0.0000359059
        0.0000418245  -0.0001406708   0.0001383868  -0.0000126977   0.0000266188
       -0.0009709755   0.0106459897  -0.0089735047  -0.0460762739   0.0068449408
       -0.0085780201  -0.0022504754   0.0087512166  -0.0152418228   0.0008311971
        0.0009862936  -0.0012021422  -0.0000362139  -0.0001854711   0.0001630746
       -0.0002537507   0.0002705353  -0.0001482035   0.0002289874  -0.0000919686
        0.0000716726  -0.0000006987  -0.0000724498   0.0000288512  -0.0006184024
        0.0033303518   0.0003096483   0.0000161572  -0.0003805103  -0.0000390694
        0.0002344825   0.0004044291  -0.0008155437   0.0517874688  -0.0100708030
        0.0124042773  -0.0013956694  -0.0192894053   0.0244049055   0.0002784397
        0.0002298353   0.0005492677  -0.0013422938  -0.0011360201  -0.0033038008
       -0.0005960570  -0.0002448159   0.0001969040   0.0001143263   0.0000453021
        0.0001610564   0.0000129174  -0.0000103753  -0.0000150469   0.0000252918
       -0.0000141073   0.0000241679   0.0000115425  -0.0000129677   0.0000033286
        0.0046690319  -0.0228227638   0.0192256299   0.0074185929  -0.1325106276
        0.1127382866  -0.0012317606   0.0066253283  -0.0086562903  -0.0000947088
        0.0006157495  -0.0006768113   0.0005156057  -0.0003819740  -0.0001781796
       -0.0001923239  -0.0000317576   0.0005494517  -0.0001029935   0.0000300277
       -0.0001880150   0.0000964857   0.0000066516  -0.0000265731   0.0027943773
       -0.0058891769  -0.0017338805  -0.0002292144  -0.0000322292   0.0002436613
       -0.0003751136   0.0010194833   0.0004321490  -0.0100708030   0.1579709791
       -0.1276536540  -0.0017798940  -0.0051155259   0.0081444904  -0.0001136723
        0.0005421425  -0.0003445880  -0.0014785842  -0.0001841804  -0.0019303810
        0.0001806785   0.0001668726   0.0001254983   0.0000444012   0.0000029716
       -0.0000976968  -0.0000407003  -0.0000150476   0.0000419451  -0.0000261249
       -0.0000140201  -0.0000143858   0.0000167204   0.0000170970  -0.0000006569
        0.0004979257  -0.0041382573   0.0058171883  -0.0090451149   0.1126704720
       -0.1797360754  -0.0049683530   0.0125985258  -0.0241915927   0.0008084924
        0.0004676553   0.0010191958   0.0000052093  -0.0000799044   0.0000623213
        0.0000346574  -0.0000566177  -0.0001775262   0.0000123016  -0.0000476441
        0.0000609843  -0.0000229492   0.0000063934   0.0000214418   0.0006138216
       -0.0014527264   0.0005345777   0.0001685595   0.0000091247   0.0002793509
       -0.0002020050  -0.0003796511   0.0006320625   0.0124042773  -0.1276536540
        0.2112754147   0.0025893365   0.0101314653  -0.0117949134   0.0002595837
        0.0002698901   0.0000332584  -0.0029811879  -0.0023154629  -0.0043486108
       -0.0005567351  -0.0000720784   0.0004537864   0.0003396108   0.0000503599
        0.0000658205   0.0000109623   0.0000102018  -0.0000055525   0.0000281208
       -0.0000007090  -0.0000120300   0.0000034862  -0.0000173832   0.0000108984
       -0.0153477556   0.0012727348   0.0076712665  -0.2375869918  -0.0389220766
        0.0731858169  -0.0198974594  -0.0060182806   0.0032806363  -0.0015181184
       -0.0022140132  -0.0033902032  -0.0002648198   0.0002788009   0.0001981069
        0.0003850046  -0.0003334816  -0.0003337752  -0.0001660361   0.0000299197
        0.0000588398  -0.0001163234   0.0001685806   0.0000041941  -0.0000633974
       -0.0002627881  -0.0001925987   0.0009058313  -0.0004799107  -0.0001758417
       -0.0011375493   0.0036141356   0.0011945301  -0.0013956694  -0.0017798940
        0.0025893365   0.2766254381   0.0448186027  -0.0845520898   0.0004064225
       -0.0001367934   0.0003741854  -0.0000345932   0.0003724705   0.0002855937
        0.0003001086   0.0001780252  -0.0003359825  -0.0011462046  -0.0005055191
        0.0001319491   0.0000342734  -0.0000256215   0.0000099479   0.0000030910
       -0.0000280877   0.0000020559   0.0000147489  -0.0000268036  -0.0000059679
        0.0250513299   0.0009069873  -0.0112003753  -0.0391962590  -0.0502487149
        0.0173178795  -0.0129412515  -0.0031941080   0.0022849921  -0.0019639390
       -0.0005971119  -0.0021129869  -0.0001103927  -0.0000536041  -0.0000183095
        0.0000682067  -0.0002003563  -0.0002021291  -0.0000698627  -0.0000210571
        0.0001591530   0.0000392869   0.0000834267   0.0000374759   0.0002381735
        0.0005213769  -0.0001815252   0.0005334691   0.0008403214   0.0000397445
        0.0034446581  -0.0045304560  -0.0021897903  -0.0192894053  -0.0051155259
        0.0101314653   0.0448186027   0.0616835594  -0.0141767455  -0.0006484247
       -0.0002705098   0.0001445209   0.0003968920   0.0003479070   0.0002747386
        0.0002589075   0.0000712942  -0.0002682329  -0.0006028729  -0.0002794690
       -0.0000308408  -0.0000325667   0.0000470175  -0.0000018713   0.0000022276
        0.0000015319  -0.0000068146   0.0000032204   0.0000074906  -0.0000003484
        0.0103610276  -0.0013513611  -0.0040606204   0.0735064871   0.0177598039
       -0.0711857688  -0.0206946555  -0.0056454314   0.0046501312  -0.0026307699
       -0.0019892267  -0.0024918327   0.0002202800  -0.0000703422  -0.0000575798
       -0.0003561739   0.0000050634   0.0000007610   0.0001289533   0.0000312585
        0.0000296867   0.0000411398   0.0000145996   0.0000545271  -0.0004725449
        0.0002692309   0.0002226003   0.0004439259  -0.0000001775  -0.0002003927
        0.0013434188  -0.0025786836  -0.0000085845   0.0244049055   0.0081444904
       -0.0117949134  -0.0845520898  -0.0141767455   0.0837024243  -0.0002946267
        0.0001555985   0.0004958591  -0.0004276236  -0.0000891970   0.0005286905
       -0.0000160014  -0.0000167876  -0.0001393188  -0.0009905055  -0.0004759938
        0.0002318718  -0.0000267464   0.0000289978   0.0000001623   0.0000013113
       -0.0000124877   0.0000144898   0.0000102885  -0.0000026089   0.0000078069
       -0.0005421688  -0.0012759946  -0.0020732103   0.0055484618  -0.0113718631
       -0.0051325772  -0.0956283943   0.0949846411   0.0322869512  -0.0174376333
        0.0205189945   0.0074883907  -0.0072640130  -0.0003456266   0.0031201385
       -0.0007484388   0.0008401805  -0.0013478811   0.0000400234  -0.0003145111
        0.0002623813  -0.0001707504   0.0004550374   0.0003926465  -0.0001253695
        0.0000240650  -0.0000005195   0.0001854962  -0.0006119653  -0.0003108227
       -0.0000778020  -0.0000736462  -0.0001064407   0.0002784397  -0.0001136723
        0.0002595837   0.0004064225  -0.0006484247  -0.0002946267   0.1170960699
       -0.1072557076  -0.0348052878  -0.0006457635   0.0040394208  -0.0000396175
       -0.0004585603  -0.0001908998   0.0001661776  -0.0004357974   0.0013313321
        0.0000691768  -0.0000622406   0.0000515585  -0.0000164877   0.0000440438
       -0.0000702647   0.0000745301  -0.0000020253   0.0000273460   0.0000074948
       -0.0022959730  -0.0008806573  -0.0029229827   0.0050164620  -0.0140437358
       -0.0070828425   0.0965974578  -0.2050507830  -0.0532183361  -0.0022547543
        0.0031140959   0.0010276281  -0.0001536005   0.0007747052  -0.0001477718
       -0.0008174502   0.0002352828   0.0006527182   0.0001229653   0.0001231621
       -0.0002736567   0.0000545811   0.0000105524   0.0000435724  -0.0001256268
        0.0004288948  -0.0000746330   0.0002515012  -0.0009039335  -0.0006038393
       -0.0001954610   0.0000488353   0.0001427329   0.0002298353   0.0005421425
        0.0002698901  -0.0001367934  -0.0002705098   0.0001555985  -0.1072557076
        0.2362845269   0.0644201844   0.0118496315  -0.0213799963  -0.0029210052
       -0.0000833301  -0.0001824092   0.0000724829  -0.0007336790   0.0010913893
        0.0004426589  -0.0000405412   0.0000398100   0.0000295149  -0.0000411709
       -0.0000018511  -0.0000111925   0.0000116536   0.0000204788  -0.0000007215
       -0.0028957402  -0.0021696633  -0.0031135466   0.0082762197  -0.0216770488
       -0.0093327285   0.0321980642  -0.0530650383  -0.0602612091   0.0062690544
       -0.0075823598  -0.0021278716   0.0018880629   0.0002988150  -0.0007152329
       -0.0000287444  -0.0002269185   0.0006322240  -0.0000541231   0.0001638307
       -0.0000854403   0.0000176634  -0.0000853048  -0.0000597772  -0.0001192234
        0.0001327237  -0.0000792314   0.0004093582  -0.0013372101  -0.0005368460
       -0.0000952715   0.0001166794   0.0000702560   0.0005492677  -0.0003445880
        0.0000332584   0.0003741854   0.0001445209   0.0004958591  -0.0348052878
        0.0644201844   0.0691828366  -0.0114211954   0.0210867172   0.0054625950
        0.0002416861   0.0002308616  -0.0003429225  -0.0007982876  -0.0001051419
        0.0007696615   0.0000006100  -0.0000163133  -0.0000028390   0.0000054901
        0.0000151666   0.0000020511  -0.0000117886   0.0000000873   0.0000089032
        0.0002721420   0.0001164398   0.0005255601  -0.0020358453   0.0077034911
       -0.0140086108  -0.0423471273   0.0106141984  -0.0114070189  -0.0038748453
       -0.0181660014   0.0238614123   0.0031103763  -0.0007915367  -0.0003689593
       -0.0003909469  -0.0003378634   0.0008858750  -0.0001065864   0.0005008520
       -0.0004608576   0.0000539481  -0.0000798333  -0.0000714224   0.0002743076
       -0.0001155677   0.0001226842  -0.0000696665   0.0001537112   0.0000783033
       -0.0001826848  -0.0000275959   0.0001668055  -0.0013422938  -0.0014785842
       -0.0029811879  -0.0000345932   0.0003968920  -0.0004276236  -0.0006457635
        0.0118496315  -0.0114211954   0.0524563699  -0.0086358843   0.0137448563
       -0.0049625922  -0.0016514076   0.0014749386  -0.0001309820  -0.0000771901
        0.0003100853   0.0000084665  -0.0000174364   0.0000126809  -0.0000910674
        0.0000521284  -0.0000238951   0.0000393844  -0.0000084433  -0.0000124304
       -0.0005184630   0.0012235112  -0.0008939272  -0.0005903733   0.0069241935
       -0.0085845670   0.0092365241  -0.1356743582   0.1144682449  -0.0020245601
       -0.0060930984   0.0091041024   0.0004661081   0.0010838034  -0.0007618186
        0.0003494196  -0.0002373861   0.0000964978  -0.0000663594   0.0001233925
       -0.0001878315  -0.0000087744  -0.0000777247  -0.0000946516  -0.0000084369
       -0.0001776252   0.0000166707   0.0000305943  -0.0000420725   0.0000483138
        0.0000260466  -0.0001156623   0.0001147412  -0.0011360201  -0.0001841804
       -0.0023154629   0.0003724705   0.0003479070  -0.0000891970   0.0040394208
       -0.0213799963   0.0210867172  -0.0086358843   0.1548349531  -0.1318793601
       -0.0014488219  -0.0002586596  -0.0002596014  -0.0001412053  -0.0002859063
        0.0001721725   0.0000398183  -0.0000296418  -0.0000249311   0.0000207096
        0.0000361694  -0.0000245533  -0.0000022130  -0.0000176182   0.0000084412
        0.0002998680   0.0009616893   0.0008849063  -0.0049209326   0.0127155131
       -0.0230939513  -0.0112964594   0.1140039615  -0.1833967405   0.0043195569
        0.0082473163  -0.0098098117  -0.0013155748  -0.0005180168  -0.0000536469
        0.0001723965   0.0004311159  -0.0002297711  -0.0000001872  -0.0001788868
        0.0002872324  -0.0001455835  -0.0000021179   0.0001211816   0.0000868260
       -0.0008185160   0.0000394875   0.0001303069   0.0001945295   0.0003039633
       -0.0000166325   0.0000737188  -0.0001054296  -0.0033038008  -0.0019303810
       -0.0043486108   0.0002855937   0.0002747386   0.0005286905  -0.0000396175
       -0.0029210052   0.0054625950   0.0137448563  -0.1318793601   0.2138463009
        0.0021183514   0.0012290783  -0.0002815406  -0.0001192659   0.0001370495
       -0.0002053645   0.0000120150  -0.0000310270  -0.0000432474   0.0000507470
       -0.0000142259   0.0000859040  -0.0000624637   0.0000248258   0.0000078528
        0.0000052239  -0.0000658535  -0.0000905751   0.0013913882  -0.0001062786
        0.0012721952  -0.0044061891  -0.0100572936   0.0249307432  -0.0405168997
       -0.0053907156   0.0120441074  -0.0056566082   0.0144535803  -0.0187626862
        0.0008327619   0.0018789335  -0.0022235325  -0.0012610990  -0.0006510470
        0.0008944771   0.0003045078  -0.0003243985   0.0003309359  -0.0000945773
        0.0001647553  -0.0000165040  -0.0000232161   0.0000123438   0.0000103868
        0.0002300310  -0.0000989228  -0.0000909548  -0.0005960570   0.0001806785
       -0.0005567351   0.0003001086   0.0002589075  -0.0000160014  -0.0004585603
       -0.0000833301   0.0002416861  -0.0049625922  -0.0014488219   0.0021183514
        0.0530348794   0.0002028905  -0.0091288824   0.0017102063   0.0013528099
       -0.0111636410   0.0000313619  -0.0000764816   0.0000344101   0.0001144021
       -0.0001353795   0.0001259208   0.0000209277  -0.0000663767   0.0000462986
       -0.0002494125  -0.0000200246   0.0000738272   0.0003743611   0.0002758279
        0.0004359396  -0.0026660755  -0.0016858474   0.0087442992  -0.0059374912
       -0.0595359114   0.0573717719   0.0114939177  -0.0212033530   0.0285882473
       -0.0002349654   0.0004947267   0.0024767785  -0.0008180665   0.0000450369
       -0.0009747417  -0.0002222236   0.0000382920  -0.0001631166   0.0001358139
        0.0000169332  -0.0000064262   0.0001460626   0.0000609689  -0.0000415894
        0.0000684411  -0.0006953630  -0.0001882341  -0.0002448159   0.0001668726
       -0.0000720784   0.0001780252   0.0000712942  -0.0000167876  -0.0001908998
       -0.0001824092   0.0002308616  -0.0016514076  -0.0002586596   0.0012290783
        0.0002028905   0.0766878408  -0.0764607527  -0.0001749224   0.0054566513
       -0.0210323588  -0.0000163878   0.0000222274  -0.0000034470  -0.0001066274
        0.0001089122  -0.0001455659  -0.0000862166   0.0001359839  -0.0000457052
       -0.0001475425  -0.0000758145   0.0000375650  -0.0011498019  -0.0008170780
        0.0012609268   0.0040631051   0.0041006951  -0.0089555478   0.0091433543
        0.0620089869  -0.2477900585  -0.0063280098   0.0112519707  -0.0070866529
        0.0015815442  -0.0005971957   0.0000341697   0.0006320013  -0.0016797469
        0.0004033546  -0.0000913567   0.0002341142  -0.0003190858  -0.0000075468
       -0.0000528827  -0.0000779247  -0.0000268351  -0.0000384947  -0.0000136735
       -0.0000648794   0.0000229599   0.0001853642   0.0001969040   0.0001254983
        0.0004537864  -0.0003359825  -0.0002682329  -0.0001393188   0.0001661776
        0.0000724829  -0.0003429225   0.0014749386  -0.0002596014  -0.0002815406
       -0.0091288824  -0.0764607527   0.2859369859  -0.0000594376   0.0025936440
       -0.0233319995   0.0000378799  -0.0000596791  -0.0000066127   0.0000218883
       -0.0000401256   0.0000222300   0.0000224813  -0.0000607480   0.0000109548
        0.0001725822   0.0000711326   0.0000314171  -0.0045827154  -0.0022328408
        0.0021615128  -0.0152495232  -0.0186391941  -0.0150019847  -0.0652567512
       -0.0593640760  -0.0501966317   0.0024318856   0.0208465685   0.0120749540
        0.0002628298   0.0031658739  -0.0010266879   0.0002754978  -0.0005867580
        0.0004378825  -0.0012012842  -0.0001835354   0.0000448046  -0.0000859505
        0.0000707379  -0.0000047836   0.0000520127   0.0000241794   0.0000013762
       -0.0001435851   0.0001419268   0.0000407363   0.0001143263   0.0000444012
        0.0003396108  -0.0011462046  -0.0006028729  -0.0009905055  -0.0004357974
       -0.0007336790  -0.0007982876  -0.0001309820  -0.0001412053  -0.0001192659
        0.0017102063  -0.0001749224  -0.0000594376   0.0832819824   0.0582918509
        0.0530308670   0.0000746170  -0.0001713087  -0.0000168641   0.0000408872
       -0.0000314924   0.0000666406  -0.0001840337   0.0002052136  -0.0000153533
       -0.0000570041   0.0001547147   0.0000425939  -0.0018705488   0.0001913757
        0.0013037783  -0.0065852299  -0.0068985568  -0.0072683764  -0.0596663387
       -0.1488732412  -0.0975799465   0.0090082771  -0.0339490912  -0.0170805605
       -0.0025287920  -0.0037875505   0.0031109448  -0.0007134419   0.0007008470
       -0.0009502958   0.0018048581   0.0001546005   0.0000128960   0.0000705457
        0.0000052678  -0.0000257372  -0.0000006761   0.0000322359   0.0000088719
        0.0000853891  -0.0000091761   0.0001055462   0.0000453021   0.0000029716
        0.0000503599  -0.0005055191  -0.0002794690  -0.0004759938   0.0013313321
        0.0010913893  -0.0001051419  -0.0000771901  -0.0002859063   0.0001370495
        0.0013528099   0.0054566513   0.0025936440   0.0582918509   0.1862483893
        0.1160612784  -0.0001709626   0.0002523216   0.0000617588  -0.0000379201
        0.0000192201  -0.0000888651   0.0002232583  -0.0002269936   0.0000861955
        0.0000210523  -0.0000243028   0.0000599151   0.0005615183   0.0001380782
        0.0002983803   0.0023833097   0.0040632490   0.0041680575  -0.0484772844
       -0.0991716325  -0.1305864056   0.0033978866  -0.0006433771   0.0040221566
       -0.0004238930  -0.0006357298  -0.0002874908   0.0004143692   0.0003545110
        0.0007331870  -0.0001643297  -0.0000503752  -0.0000008556  -0.0000493870
        0.0000707019  -0.0000135627  -0.0000409020   0.0000662064   0.0000433354
       -0.0000883124   0.0002115237   0.0001122499   0.0001610564  -0.0000976968
        0.0000658205   0.0001319491  -0.0000308408   0.0002318718   0.0000691768
        0.0004426589   0.0007696615   0.0003100853   0.0001721725  -0.0002053645
       -0.0111636410  -0.0210323588  -0.0233319995   0.0530308670   0.1160612784
        0.1439162910  -0.0000309303   0.0000649917   0.0000073706  -0.0000319480
        0.0000211097   0.0000032318  -0.0000106428   0.0000198325  -0.0000058504
        0.0000086220  -0.0000893788  -0.0000000971   0.0000111757   0.0000112112
       -0.0000047511  -0.0002095630   0.0002033928  -0.0000085364  -0.0014139407
        0.0000543477  -0.0001091371  -0.0016496484   0.0010559758  -0.0000810816
        0.0064927397   0.0131621229   0.0062439579  -0.0008623399  -0.0004934795
        0.0003667074  -0.0693839354  -0.0706872940  -0.0448081744  -0.0001112346
       -0.0000371877   0.0001763441   0.0000079876   0.0000005460  -0.0000101442
       -0.0000336218   0.0002407573  -0.0001697512   0.0000129174  -0.0000407003
        0.0000109623   0.0000342734  -0.0000325667  -0.0000267464  -0.0000622406
       -0.0000405412   0.0000006100   0.0000084665   0.0000398183   0.0000120150
        0.0000313619  -0.0000163878   0.0000378799   0.0000746170  -0.0001709626
       -0.0000309303   0.0810600394   0.0823387161   0.0526433242   0.0011543409
        0.0002314604  -0.0001720335  -0.0151700171  -0.0257298500  -0.0140704175
       -0.0000819339   0.0000680134  -0.0001182207   0.0000184845  -0.0000080754
        0.0000229288   0.0001905595  -0.0002649954   0.0000303976   0.0012464002
        0.0005639336  -0.0000316311   0.0019019286  -0.0018421673   0.0004895476
       -0.0071593651  -0.0267743225  -0.0109620795   0.0019149948   0.0017551829
        0.0007221916  -0.0751742267  -0.1908169544  -0.0974203657   0.0000889424
        0.0000719465  -0.0000742249  -0.0001190703   0.0000088553   0.0000154413
        0.0002730784  -0.0002015207   0.0002146520  -0.0000103753  -0.0000150476
        0.0000102018  -0.0000256215   0.0000470175   0.0000289978   0.0000515585
        0.0000398100  -0.0000163133  -0.0000174364  -0.0000296418  -0.0000310270
       -0.0000764816   0.0000222274  -0.0000596791  -0.0001713087   0.0002523216
        0.0000649917   0.0823387161   0.2186294971   0.1105605588   0.0006445127
        0.0033699893  -0.0001752643  -0.0058333565  -0.0048760694  -0.0032711032
       -0.0001013186  -0.0000599954   0.0000366258   0.0000393362  -0.0000144375
       -0.0000099031  -0.0000309389  -0.0000107422  -0.0000065448  -0.0001443333
       -0.0000813267   0.0000505682   0.0001863171   0.0001802715   0.0002232828
        0.0040749457   0.0018421363   0.0048094611  -0.0011670793   0.0005246536
       -0.0020098997  -0.0463472123  -0.0939816434  -0.1000317752   0.0001436430
        0.0000269986  -0.0000770671  -0.0000637165   0.0000212947  -0.0000424077
       -0.0000097389   0.0000517225   0.0001179585  -0.0000150469   0.0000419451
       -0.0000055525   0.0000099479  -0.0000018713   0.0000001623  -0.0000164877
        0.0000295149  -0.0000028390   0.0000126809  -0.0000249311  -0.0000432474
        0.0000344101  -0.0000034470  -0.0000066127  -0.0000168641   0.0000617588
        0.0000073706   0.0526433242   0.1105605588   0.1116418580  -0.0119442315
       -0.0244489956  -0.0192726417   0.0027123631   0.0052865356   0.0046212033
       -0.0000014799  -0.0000023235  -0.0000271654  -0.0000595054   0.0000051000
        0.0000163569   0.0000264818  -0.0000117320  -0.0000481902   0.0000143805
        0.0001129599  -0.0000246743  -0.0002746588   0.0000456625   0.0001464611
        0.0022252910  -0.0007113120  -0.0147049226  -0.0010513454   0.0058084164
       -0.0028829381  -0.0450037134  -0.0019331268   0.0158655448  -0.0001241284
       -0.0000358959  -0.0000296670   0.0000402918   0.0000064788   0.0000500913
        0.0000717892   0.0000243025  -0.0000359059   0.0000252918  -0.0000261249
        0.0000281208   0.0000030910   0.0000022276   0.0000013113   0.0000440438
       -0.0000411709   0.0000054901  -0.0000910674   0.0000207096   0.0000507470
        0.0001144021  -0.0001066274   0.0000218883   0.0000408872  -0.0000379201
       -0.0000319480   0.0011543409   0.0006445127  -0.0119442315   0.0457906994
        0.0011598976  -0.0156232754  -0.0029450917  -0.0049240342   0.0291669069
        0.0000127410   0.0000416255  -0.0000620012  -0.0000026967  -0.0000054013
       -0.0000007223  -0.0000857278   0.0000789925  -0.0000129002  -0.0000333360
        0.0000429132   0.0001174539  -0.0015125222   0.0000257703   0.0002446708
       -0.0003185226  -0.0043106605   0.0236220971   0.0041034702  -0.0070879668
        0.0045450338  -0.0020580699  -0.0460288081   0.0385435976  -0.0000010888
        0.0000271912  -0.0000100654  -0.0000270952  -0.0000145686  -0.0000101850
       -0.0000165172  -0.0000697475   0.0000418245  -0.0000141073  -0.0000140201
       -0.0000007090  -0.0000280877   0.0000015319  -0.0000124877  -0.0000702647
       -0.0000018511   0.0000151666   0.0000521284   0.0000361694  -0.0000142259
       -0.0001353795   0.0001089122  -0.0000401256  -0.0000314924   0.0000192201
        0.0000211097   0.0002314604   0.0033699893  -0.0244489956   0.0011598976
        0.0540503423  -0.0475742230  -0.0012247896  -0.0002696340   0.0050356869
        0.0000929752   0.0000146886   0.0000138170  -0.0000170553   0.0000100413
        0.0000037993   0.0001594119  -0.0000760483  -0.0000056891   0.0004276364
       -0.0004046956   0.0001646309  -0.0002081881  -0.0006829198   0.0007742502
       -0.0008702379   0.0046080879  -0.0112060574  -0.0012891150   0.0028472558
       -0.0005012030   0.0143553309   0.0399637792  -0.2867919036  -0.0001198784
       -0.0000477013   0.0000528374   0.0000634545  -0.0000049536   0.0000247045
        0.0000041684   0.0000310774  -0.0001406708   0.0000241679  -0.0000143858
       -0.0000120300   0.0000020559  -0.0000068146   0.0000144898   0.0000745301
       -0.0000111925   0.0000020511  -0.0000238951  -0.0000245533   0.0000859040
        0.0001259208  -0.0001455659   0.0000222300   0.0000666406  -0.0000888651
        0.0000032318  -0.0001720335  -0.0001752643  -0.0192726417  -0.0156232754
       -0.0475742230   0.3277828075   0.0029273861   0.0017822528  -0.0110145580
       -0.0000510471  -0.0000440545  -0.0000354849   0.0000212066  -0.0000278709
        0.0000041659  -0.0000209283  -0.0000056883   0.0000119348   0.0003073810
        0.0003991772   0.0008123008  -0.0027118162   0.0034524094  -0.0004283661
       -0.0200435024   0.0007320197   0.0043317809   0.0019980528  -0.0009296594
        0.0008220832  -0.2644213679  -0.0340586519   0.0686567716   0.0000682702
        0.0000813830  -0.0000747752  -0.0000151756   0.0000261606   0.0000120729
       -0.0000501793  -0.0000134839   0.0001383868   0.0000115425   0.0000167204
        0.0000034862   0.0000147489   0.0000032204   0.0000102885  -0.0000020253
        0.0000116536  -0.0000117886   0.0000393844  -0.0000022130  -0.0000624637
        0.0000209277  -0.0000862166   0.0000224813  -0.0001840337   0.0002232583
       -0.0000106428  -0.0151700171  -0.0058333565   0.0027123631  -0.0029450917
       -0.0012247896   0.0029273861   0.3031336706   0.0372799820  -0.0798419809
        0.0000525637   0.0000684675   0.0000261574  -0.0000222164   0.0000287457
        0.0000031865   0.0000909295  -0.0000412805  -0.0000222263   0.0004910493
       -0.0013851767  -0.0011117538   0.0033571771  -0.0040793180   0.0004114465
        0.0240309129   0.0018033073  -0.0045359582  -0.0013058954   0.0006944040
       -0.0023041320  -0.0334191539  -0.0421566253   0.0130652339   0.0000375966
       -0.0000341408  -0.0000112886   0.0000039038  -0.0000063649  -0.0000168516
       -0.0000609334  -0.0000856867  -0.0000126977  -0.0000129677   0.0000170970
       -0.0000173832  -0.0000268036   0.0000074906  -0.0000026089   0.0000273460
        0.0000204788   0.0000000873  -0.0000084433  -0.0000176182   0.0000248258
       -0.0000663767   0.0001359839  -0.0000607480   0.0002052136  -0.0002269936
        0.0000198325  -0.0257298500  -0.0048760694   0.0052865356  -0.0049240342
       -0.0002696340   0.0017822528   0.0372799820   0.0504029333  -0.0125239100
       -0.0000408557  -0.0000227629  -0.0000208949  -0.0000273143  -0.0000154479
        0.0000213281   0.0000048448  -0.0000096363  -0.0000405945   0.0001377271
        0.0000549513   0.0002622136  -0.0008852300   0.0008178175   0.0009554520
       -0.0038147356  -0.0052019859   0.0031274375   0.0004109699   0.0009944912
       -0.0009897376   0.0689110853   0.0140694406  -0.0648079344  -0.0000174581
        0.0000106810  -0.0000305298  -0.0000107422   0.0000019480   0.0000163185
        0.0000538299   0.0000126251   0.0000266188   0.0000033286  -0.0000006569
        0.0000108984  -0.0000059679  -0.0000003484   0.0000078069   0.0000074948
       -0.0000007215   0.0000089032  -0.0000124304   0.0000084412   0.0000078528
        0.0000462986  -0.0000457052   0.0000109548  -0.0000153533   0.0000861955
       -0.0000058504  -0.0140704175  -0.0032711032   0.0046212033   0.0291669069
        0.0050356869  -0.0110145580  -0.0798419809  -0.0125239100   0.0678331117
