           1           2   1.02014086242599     
           2           3   1.00886356040706     
           3           4   1.00104627368752     
           4           5  0.921967254564215     
           5           6   1.17351927938708     
           5           7  0.171366291552143     
           6           7   1.67683073648492     
           6           8  0.998200197014660     
           1           9  0.986978930521876     
           1          10  0.987082432376795     
           1          11  0.987439966498906     
           2          12  0.977947559290464     
           2          13  0.976846414814280     
           3          14  0.972612217934497     
           3          15  0.971645309025516     
           4          16  0.967152037302831     
           4          17  0.966534876358677     
           8          18  0.946675430324427     
           8          19  0.977831355602186     
           8          20  0.964821759496332     
