$hessian                                                                        
        0.4813756605  -0.0278967056  -0.0136837365  -0.1560536642  -0.0598248805
       -0.0292627902  -0.0288095984  -0.0095385488  -0.0043981642  -0.0043160475
        0.0024604734   0.0013639611  -0.0004268997  -0.0010871912  -0.0005550995
       -0.0000134806   0.0002013510   0.0001033769  -0.0008182706   0.0001285096
        0.0000772836  -0.0429284926   0.0003277446  -0.0050760609  -0.0428175411
        0.0016646409   0.0002565959  -0.1990708367   0.1020351204   0.0554482872
       -0.0040609654  -0.0030673288  -0.0035381097  -0.0033396194  -0.0042307102
       -0.0001346134   0.0007044095  -0.0008620579  -0.0000951224   0.0007136204
       -0.0005668203  -0.0006430302  -0.0000282661   0.0000577721   0.0002417770
       -0.0000363516   0.0002368882  -0.0000830353  -0.0000736565  -0.0000382570
       -0.0000215195
       -0.0278967056   0.5063411379  -0.0070593328  -0.0591549357  -0.1038702664
       -0.0173105372   0.0087596133   0.0056143231   0.0027029949   0.0024262863
       -0.0008384526  -0.0006493406   0.0003012727   0.0001563174  -0.0000526629
        0.0000007385   0.0003106798   0.0001706053   0.0004867394   0.0000898887
        0.0000277646   0.0001303250  -0.0491368659  -0.0324195030   0.0017683993
       -0.2316407760   0.0976386104   0.1016132451  -0.1079303400  -0.0345879403
       -0.0058674355  -0.0028071905  -0.0033199824  -0.0243618708  -0.0179817836
       -0.0054514049   0.0010535050   0.0011537853  -0.0001409255   0.0004342276
        0.0003996722   0.0003945472   0.0000488722  -0.0000174861   0.0001535223
        0.0001677006   0.0001957186  -0.0000974931   0.0000900227  -0.0000383618
        0.0000010780
       -0.0136837365  -0.0070593328   0.5176486609  -0.0289133049  -0.0173023027
       -0.0766072259   0.0050579600   0.0030357615   0.0015622462   0.0013350706
       -0.0006450797  -0.0000416772   0.0001695389  -0.0000226160   0.0002122313
       -0.0000058696   0.0001666756   0.0000767168   0.0002690303   0.0000300837
        0.0000379833  -0.0048028732  -0.0322358286  -0.2779808772  -0.0000717479
        0.0974569146  -0.0955835079   0.0552387671  -0.0345964162  -0.0633432508
       -0.0257686702  -0.0166370839  -0.0108205911   0.0102498490   0.0074414777
        0.0036465641  -0.0002334616  -0.0001094362   0.0002113205   0.0009945029
        0.0004194871   0.0009382970   0.0001816084   0.0000504473   0.0001416037
       -0.0000661358   0.0000026213  -0.0000550457   0.0000494726   0.0000046273
       -0.0000434481
       -0.1560536642  -0.0591549357  -0.0289133049   0.4542043156   0.0025318041
        0.0028922366  -0.1460857166   0.0574973722   0.0311352731  -0.0287326959
        0.0093573285   0.0053870678  -0.0024708249  -0.0024367272  -0.0012135073
        0.0003611393  -0.0000362225  -0.0000315792  -0.0021794816   0.0002165489
        0.0001473761  -0.0035718418  -0.0027544160  -0.0041909201  -0.0028154198
       -0.0045787381   0.0004689257  -0.0255921865  -0.0122340976  -0.0058383555
       -0.0407372267   0.0000699902  -0.0027447725  -0.0407491334   0.0032739479
       -0.0013934073  -0.0039883277   0.0047810239   0.0002208300  -0.0032828358
        0.0024635622   0.0035900278   0.0009496528   0.0004334359   0.0005181693
        0.0009782187   0.0006889111   0.0000291756  -0.0002339714  -0.0001187878
       -0.0000632352
       -0.0598248805  -0.1038702664  -0.0173023027   0.0025318041   0.5069866088
       -0.0170134853   0.0573253945  -0.1011635791  -0.0176990152  -0.0104412602
        0.0060336828   0.0033950537  -0.0005478330  -0.0027488587  -0.0015992577
       -0.0000053288   0.0011898093   0.0006118291  -0.0021216754   0.0001811194
        0.0001072067  -0.0051658878  -0.0031572654  -0.0039733112  -0.0241067444
       -0.0188534930  -0.0054189706   0.0114974842   0.0069431338   0.0032025077
        0.0003793372  -0.0495703736  -0.0289471666   0.0036365897  -0.2219615708
        0.0940851653   0.0236052211  -0.0183351913  -0.0059581432   0.0050863829
       -0.0027610484  -0.0036978723  -0.0004610918   0.0003037879   0.0003837203
       -0.0011831204   0.0009104783  -0.0001139406  -0.0002043915  -0.0001269735
       -0.0000620175
       -0.0292627902  -0.0173105372  -0.0766072259   0.0028922366  -0.0170134853
        0.5309963552   0.0310247643  -0.0176951286  -0.0786320702  -0.0048958603
        0.0030297581   0.0015151157  -0.0002176391  -0.0015580812  -0.0004687954
       -0.0000037883   0.0006018251   0.0003523366  -0.0010521570   0.0000734120
        0.0000842296  -0.0259884122  -0.0169848401  -0.0112448590   0.0109518875
        0.0071877248   0.0037021543   0.0064055358   0.0036382165   0.0020810459
       -0.0025445412  -0.0284092980  -0.2682913950  -0.0012468264   0.0935509894
       -0.0958543677  -0.0103517889   0.0073498635   0.0039090271   0.0252553010
       -0.0166210293  -0.0123647123  -0.0011106571   0.0002721344   0.0007291787
        0.0002506241  -0.0000539577   0.0001346436  -0.0001058887  -0.0000575665
       -0.0000406611
       -0.0288095984   0.0087596133   0.0050579600  -0.1460857166   0.0573253945
        0.0310247643   0.4564306581  -0.0027446261  -0.0001152828  -0.1467907424
       -0.0577737270  -0.0284353347  -0.0274355022  -0.0057140990  -0.0023568551
        0.0003026530  -0.0043221307  -0.0023485600  -0.0067374885   0.0015751120
        0.0009817654   0.0008968975   0.0005971438   0.0006826180   0.0009115124
        0.0008942711   0.0000626968  -0.0046666064  -0.0022374352  -0.0010545280
       -0.0036522505   0.0025730049   0.0037617371  -0.0043846884   0.0049978099
        0.0002414066  -0.0411553750   0.0037148617  -0.0019859628  -0.0410518521
       -0.0002306793  -0.0017766574  -0.0037176558  -0.0025440291  -0.0038612976
       -0.0029796047  -0.0042580000   0.0004354927  -0.0010746400  -0.0006124849
       -0.0003139626
       -0.0095385488   0.0056143231   0.0030357615   0.0574973722  -0.1011635791
       -0.0176951286  -0.0027446261   0.5077255083  -0.0144385053  -0.0582623365
       -0.1036214853  -0.0174651046   0.0040127013   0.0060628463   0.0030500014
        0.0023933964   0.0006831857   0.0005645073   0.0062958087   0.0003417695
       -0.0006117786  -0.0004650826   0.0004067881   0.0004243444  -0.0012379317
        0.0010771278  -0.0000544729  -0.0036923259  -0.0005741107  -0.0005309739
        0.0051785105  -0.0029059539  -0.0038308282   0.0238035068  -0.0186542970
       -0.0060978996   0.0043170705  -0.2250740095   0.0932397736  -0.0003582157
       -0.0502315643  -0.0308793949  -0.0051823557  -0.0028534133  -0.0037198159
       -0.0225958334  -0.0171769716  -0.0049826763   0.0005788899   0.0003438361
       -0.0000078095
       -0.0043981642   0.0027029949   0.0015622462   0.0311352731  -0.0176990152
       -0.0786320702  -0.0001152828  -0.0144385053   0.5283734420  -0.0286718172
       -0.0174594541  -0.0765511212   0.0025551250   0.0033323886   0.0016048282
        0.0012192205   0.0006821443  -0.0001309067   0.0034779184  -0.0005333257
        0.0010353599  -0.0011791046   0.0003874005   0.0008331226   0.0002853346
       -0.0000740310   0.0001475212  -0.0018091947  -0.0005574821   0.0003311502
        0.0254571084  -0.0168981681  -0.0125274862  -0.0103992278   0.0073575880
        0.0039462040  -0.0025659349   0.0928906577  -0.0943658759  -0.0009466919
       -0.0305604930  -0.2693621323  -0.0239997425  -0.0154195639  -0.0100874404
        0.0096357272   0.0062906441   0.0034515020   0.0003194532  -0.0000037799
        0.0003716565
       -0.0043160475   0.0024262863   0.0013350706  -0.0287326959  -0.0104412602
       -0.0048958603  -0.1467907424  -0.0582623365  -0.0286718172   0.4648511811
        0.0145787737   0.0084662535  -0.1384914345   0.0511462915   0.0281796167
       -0.0032326213   0.0111376539   0.0063163495  -0.0540315120   0.0060837706
        0.0040663147  -0.0000408920   0.0001008672   0.0001893532  -0.0000474950
        0.0002079503  -0.0000171287  -0.0015173057  -0.0006154235  -0.0002846563
        0.0009431248  -0.0005453907  -0.0005909919   0.0009265935  -0.0007973806
       -0.0001099305  -0.0036131827  -0.0049686150   0.0002788025  -0.0043254640
       -0.0031241617  -0.0043897751  -0.0397443414  -0.0033445266  -0.0074534186
       -0.0394398235  -0.0016580950  -0.0015139477  -0.0023973416  -0.0019244038
       -0.0009042346
        0.0024604734  -0.0008384526  -0.0006450797   0.0093573285   0.0060336828
        0.0030297581  -0.0577737270  -0.1036214853  -0.0174594541   0.0145787737
        0.4937606365  -0.0016744323   0.0395526881  -0.0865414594  -0.0071305504
        0.0314366627  -0.0336228499  -0.0290409697  -0.0057916630   0.0111418948
        0.0025957804   0.0000153762  -0.0000220343   0.0001911635   0.0001357395
        0.0002925736  -0.0001409321   0.0008209077   0.0003932967   0.0000646375
        0.0003746909   0.0002903909   0.0003682949   0.0009710398   0.0010810440
       -0.0002291814  -0.0245432336  -0.0184910934  -0.0061208368  -0.0057441272
       -0.0035083134  -0.0034749472  -0.0024841156  -0.0411466255  -0.0319067846
        0.0005478629  -0.2253612625   0.0942581391  -0.0039146773   0.0001600568
       -0.0026846052
        0.0013639611  -0.0006493406  -0.0000416772   0.0053870678   0.0033950537
        0.0015151157  -0.0284353347  -0.0174651046  -0.0765511212   0.0084662535
       -0.0016744323   0.4974093085   0.0222375495  -0.0073901491  -0.0786389771
        0.0171850176  -0.0287579879   0.0045198695  -0.0023411172   0.0023543735
        0.0076334308   0.0001662237   0.0000711938   0.0002483658  -0.0000840002
       -0.0000286833  -0.0000471092   0.0004612677   0.0000971425   0.0002669616
        0.0009338600   0.0003626119   0.0009510893  -0.0002488106  -0.0001682152
        0.0001746390   0.0104496016   0.0071387072   0.0034707163  -0.0260417341
       -0.0171343335  -0.0108198535  -0.0054562208  -0.0347076049  -0.2691592689
       -0.0020990770   0.0972456447  -0.0847541129  -0.0019445081  -0.0026888759
        0.0038226234
       -0.0004268997   0.0003012727   0.0001695389  -0.0024708249  -0.0005478330
       -0.0002176391  -0.0274355022   0.0040127013   0.0025551250  -0.1384914345
        0.0395526881   0.0222375495   0.4934292909  -0.0272129637  -0.0188747909
       -0.0796304407   0.0501507876   0.0270333656  -0.2038548573  -0.0641263640
       -0.0320207834  -0.0001901791   0.0000315247   0.0001234889  -0.0001986917
        0.0001201362  -0.0000414205   0.0001168026  -0.0003398405  -0.0001854565
       -0.0003351293  -0.0002070212  -0.0004278741  -0.0003186960  -0.0004793671
        0.0000681659  -0.0004335396   0.0001212580   0.0001420359  -0.0004924414
        0.0001861893   0.0000333563   0.0012350737   0.0048298218   0.0023152318
        0.0004229513   0.0052832534   0.0027542460  -0.0409254823  -0.0116762435
       -0.0056641394
       -0.0010871912   0.0001563174  -0.0000226160  -0.0024367272  -0.0027488587
       -0.0015580812  -0.0057140990   0.0060628463   0.0033323886   0.0511462915
       -0.0865414594  -0.0073901491  -0.0272129637   0.7269082690   0.2844391739
        0.0296759170  -0.5145137091  -0.2404544200  -0.0729829689  -0.1230075644
       -0.0356100456  -0.0000604560   0.0001757796  -0.0001125040  -0.0000565682
       -0.0000062063   0.0002131544  -0.0003373086  -0.0000913715  -0.0000449243
        0.0004490670   0.0001638007   0.0000661774   0.0003969602   0.0001412939
        0.0001139325  -0.0020261712  -0.0003745848   0.0015099285  -0.0011828302
        0.0011457155  -0.0011406406   0.0032306381  -0.0033901442  -0.0043753851
        0.0231063010  -0.0201754945  -0.0060722662   0.0050921093   0.0160953704
        0.0071062769
       -0.0005550995  -0.0000526629   0.0002122313  -0.0012135073  -0.0015992577
       -0.0004687954  -0.0023568551   0.0030500014   0.0016048282   0.0281796167
       -0.0071305504  -0.0786389771  -0.0188747909   0.2844391739   0.3471414356
        0.0160509467  -0.2408057398  -0.1938202049  -0.0367657425  -0.0357148697
       -0.0729437072  -0.0000292671   0.0000964166  -0.0000772183  -0.0000277116
        0.0000051162   0.0001019676  -0.0001756592  -0.0000449482  -0.0000105293
        0.0001703438   0.0000823293   0.0000134417   0.0002856454   0.0001134817
        0.0000523916   0.0000192654  -0.0001265688   0.0009202665  -0.0016898583
        0.0004272771  -0.0005650541   0.0255922846  -0.0173893010  -0.0137962398
       -0.0119845604   0.0072756916   0.0037663002   0.0033749495   0.0073744108
        0.0065078634
       -0.0000134806   0.0000007385  -0.0000058696   0.0003611393  -0.0000053288
       -0.0000037883   0.0003026530   0.0023933964   0.0012192205  -0.0032326213
        0.0314366627   0.0171850176  -0.0796304407   0.0296759170   0.0160509467
        0.0905539630  -0.0143098164  -0.0085261992  -0.0055247874  -0.0561962822
       -0.0295764773   0.0000790925  -0.0000212693  -0.0000074054   0.0000746180
       -0.0000185197  -0.0000325852  -0.0001106420   0.0000768523   0.0000397086
        0.0000048991   0.0000465896   0.0000124598   0.0000108275   0.0000379382
        0.0000441472   0.0004368951   0.0002995257  -0.0003472081   0.0004419302
       -0.0000764432   0.0004509862  -0.0035579913   0.0024730365   0.0015303215
       -0.0034166367   0.0024916953   0.0012267350   0.0032205825   0.0016953072
        0.0007399901
        0.0002013510   0.0003106798   0.0001666756  -0.0000362225   0.0011898093
        0.0006018251  -0.0043221307   0.0006831857   0.0006821443   0.0111376539
       -0.0336228499  -0.0287579879   0.0501507876  -0.5145137091  -0.2408057398
       -0.0143098164   0.6168127342   0.3160724101  -0.0526480820  -0.0658349740
       -0.0477348329   0.0000347202  -0.0001150110   0.0001096844   0.0000573956
        0.0000325964  -0.0001477366  -0.0000069691  -0.0000354289  -0.0000167850
       -0.0003550751  -0.0002036402  -0.0000501765  -0.0003770905  -0.0001355585
       -0.0001523676   0.0007399635   0.0006737756  -0.0009732103   0.0003465477
       -0.0003830174   0.0010816317   0.0043367556  -0.0029104065  -0.0012344619
        0.0020935287  -0.0009321617  -0.0008285223   0.0029566823  -0.0010160240
        0.0019874497
        0.0001033769   0.0001706053   0.0000767168  -0.0000315792   0.0006118291
        0.0003523366  -0.0023485600   0.0005645073  -0.0001309067   0.0063163495
       -0.0290409697   0.0045198695   0.0270333656  -0.2404544200  -0.1938202049
       -0.0085261992   0.3160724101   0.1941809423  -0.0277500300  -0.0477247089
       -0.0000557031   0.0000501073  -0.0000418465   0.0000584397  -0.0000053985
        0.0000099296  -0.0000860129  -0.0000015666  -0.0000175068  -0.0000095270
       -0.0002111007  -0.0000960486   0.0000189271  -0.0001732845  -0.0001147684
       -0.0000666140  -0.0001381191   0.0003437419  -0.0004615746   0.0007031968
       -0.0001912740   0.0005675175  -0.0001571944   0.0004083837   0.0003097906
        0.0037166974  -0.0024891718  -0.0016775324   0.0014199390   0.0019893077
       -0.0037764646
       -0.0008182706   0.0004867394   0.0002690303  -0.0021794816  -0.0021216754
       -0.0010521570  -0.0067374885   0.0062958087   0.0034779184  -0.0540315120
       -0.0057916630  -0.0023411172  -0.2038548573  -0.0729829689  -0.0367657425
       -0.0055247874  -0.0526480820  -0.0277500300   0.5350711232  -0.0250146240
       -0.0208819143   0.0001832276  -0.0000074246  -0.0000316233   0.0001928439
       -0.0000331408   0.0000129029  -0.0003321150   0.0000526391   0.0000456598
        0.0002549138   0.0000094880   0.0001990123   0.0002429116   0.0001738091
       -0.0000988242   0.0007079189  -0.0000698368  -0.0000604877   0.0007381035
       -0.0000886298  -0.0000418388  -0.0014860047  -0.0017802424   0.0003291326
       -0.0015308579  -0.0007169194  -0.0015701093  -0.2608956676   0.1542367228
        0.0862601879
        0.0001285096   0.0000898887   0.0000300837   0.0002165489   0.0001811194
        0.0000734120   0.0015751120   0.0003417695  -0.0005333257   0.0060837706
        0.0111418948   0.0023543735  -0.0641263640  -0.1230075644  -0.0357148697
       -0.0561962822  -0.0658349740  -0.0477247089  -0.0250146240   0.3027783196
        0.1429587396   0.0000566258  -0.0000652483  -0.0000160259   0.0000639159
       -0.0000386535  -0.0000394288  -0.0000163293   0.0000566638   0.0000389481
       -0.0000115032  -0.0000211296   0.0001093848  -0.0000538881   0.0000913230
       -0.0000846956   0.0004106753  -0.0000967410  -0.0003047322   0.0002524000
       -0.0004089750   0.0000422376   0.0002317003  -0.0005985012   0.0002300212
       -0.0010935228   0.0004202445  -0.0009640730   0.1374932552  -0.1250294364
       -0.0604553408
        0.0000772836   0.0000277646   0.0000379833   0.0001473761   0.0001072067
        0.0000842296   0.0009817654  -0.0006117786   0.0010353599   0.0040663147
        0.0025957804   0.0076334308  -0.0320207834  -0.0356100456  -0.0729437072
       -0.0295764773  -0.0477348329  -0.0000557031  -0.0208819143   0.1429587396
        0.1128148172   0.0000357587  -0.0000261938   0.0000009834   0.0000232060
       -0.0000276635  -0.0000210995  -0.0000037928   0.0000394889   0.0000028586
       -0.0000544826   0.0000024624   0.0000697218   0.0000149758   0.0000270567
       -0.0000426706  -0.0000139715  -0.0001636939  -0.0002209750   0.0003372036
       -0.0001013156   0.0000775935  -0.0013862721  -0.0002616992   0.0009681417
        0.0009994463  -0.0004714603  -0.0000453468   0.0772543638  -0.0607498159
       -0.0493956176
       -0.0429284926   0.0001303250  -0.0048028732  -0.0035718418  -0.0051658878
       -0.0259884122   0.0008968975  -0.0004650826  -0.0011791046  -0.0000408920
        0.0000153762   0.0001662237  -0.0001901791  -0.0000604560  -0.0000292671
        0.0000790925   0.0000347202   0.0000501073   0.0001832276   0.0000566258
        0.0000357587   0.0502739482   0.0025910011   0.0075255023   0.0007326866
        0.0004328234  -0.0010429386  -0.0012817744   0.0049493783   0.0272769164
       -0.0043818105  -0.0031697453  -0.0024089884   0.0006874103   0.0005573278
       -0.0000846225  -0.0000388581   0.0000601605  -0.0000006541  -0.0005513248
       -0.0000317136   0.0004006744   0.0000928550   0.0000323880   0.0001224910
        0.0000611895   0.0000177473  -0.0000400958  -0.0000221338   0.0000150117
       -0.0000007174
        0.0003277446  -0.0491368659  -0.0322358286  -0.0027544160  -0.0031572654
       -0.0169848401   0.0005971438   0.0004067881   0.0003874005   0.0001008672
       -0.0000220343   0.0000711938   0.0000315247   0.0001757796   0.0000964166
       -0.0000212693  -0.0001150110  -0.0000418465  -0.0000074246  -0.0000652483
       -0.0000261938   0.0025910011   0.0546103374   0.0394776642   0.0002709682
        0.0016465888   0.0304473234   0.0020433903  -0.0030576376  -0.0189687605
       -0.0033819881  -0.0014289014  -0.0016729807   0.0002407843   0.0001182052
       -0.0007071626  -0.0000203997  -0.0001528910   0.0001541702  -0.0000451372
        0.0002137477   0.0000313179   0.0000547553  -0.0000356405   0.0000086951
       -0.0000102676  -0.0000316182  -0.0000387462  -0.0000172771   0.0000316666
        0.0000021774
       -0.0050760609  -0.0324195030  -0.2779808772  -0.0041909201  -0.0039733112
       -0.0112448590   0.0006826180   0.0004243444   0.0008331226   0.0001893532
        0.0001911635   0.0002483658   0.0001234889  -0.0001125040  -0.0000772183
       -0.0000074054   0.0001096844   0.0000584397  -0.0000316233  -0.0000160259
        0.0000009834   0.0075255023   0.0394776642   0.3221095893   0.0003195324
        0.0010368992  -0.0207558864   0.0026328554  -0.0030482834  -0.0137545145
       -0.0022729092  -0.0018597376  -0.0000606365   0.0004395375   0.0000835010
        0.0005750537  -0.0000344913   0.0000905131  -0.0003239423  -0.0004833649
        0.0000179273   0.0003739416   0.0001428143   0.0000015311   0.0000025670
        0.0000429650  -0.0000235512  -0.0000105236  -0.0000018922   0.0000196881
        0.0000063947
       -0.0428175411   0.0017683993  -0.0000717479  -0.0028154198  -0.0241067444
        0.0109518875   0.0009115124  -0.0012379317   0.0002853346  -0.0000474950
        0.0001357395  -0.0000840002  -0.0001986917  -0.0000565682  -0.0000277116
        0.0000746180   0.0000573956  -0.0000053985   0.0001928439   0.0000639159
        0.0000232060   0.0007326866   0.0002709682   0.0003195324   0.0501229199
        0.0011081256   0.0010768117  -0.0020391996   0.0251719141  -0.0117525765
        0.0006908826   0.0002452396   0.0004992026  -0.0043374586  -0.0038624843
       -0.0010229640  -0.0005533798   0.0002959488  -0.0002335670  -0.0000371815
        0.0000412605   0.0000383756   0.0000604948  -0.0000211745   0.0000349589
        0.0000851705   0.0001188258  -0.0000474642  -0.0000247616   0.0000071703
        0.0000161208
        0.0016646409  -0.2316407760   0.0974569146  -0.0045787381  -0.0188534930
        0.0071877248   0.0008942711   0.0010771278  -0.0000740310   0.0002079503
        0.0002925736  -0.0000286833   0.0001201362  -0.0000062063   0.0000051162
       -0.0000185197   0.0000325964   0.0000099296  -0.0000331408  -0.0000386535
       -0.0000276635   0.0004328234   0.0016465888   0.0010368992   0.0011081256
        0.2696413633  -0.1135347376   0.0038733053  -0.0201342911   0.0091197091
        0.0005081220   0.0001352060   0.0000737412  -0.0038823189  -0.0023096093
       -0.0012293989  -0.0004341023   0.0003342442  -0.0000679342  -0.0000340954
       -0.0001541214   0.0000905709   0.0000292960  -0.0000472680  -0.0000125922
        0.0001486474  -0.0000013263  -0.0000257418  -0.0000064028   0.0000260446
        0.0000201767
        0.0002565959   0.0976386104  -0.0955835079   0.0004689257  -0.0054189706
        0.0037021543   0.0000626968  -0.0000544729   0.0001475212  -0.0000171287
       -0.0001409321  -0.0000471092  -0.0000414205   0.0002131544   0.0001019676
       -0.0000325852  -0.0001477366  -0.0000860129   0.0000129029  -0.0000394288
       -0.0000210995  -0.0010429386   0.0304473234  -0.0207558864   0.0010768117
       -0.1135347376   0.1072269393   0.0004020219  -0.0072404435   0.0040874793
       -0.0000514788  -0.0007229743   0.0005549586  -0.0012773549  -0.0010485753
        0.0007651156   0.0002689976  -0.0000659381   0.0002404993  -0.0000076223
        0.0001541012  -0.0003237855  -0.0000366156  -0.0000275979   0.0000017779
       -0.0000423047  -0.0000209409  -0.0000248243   0.0000004967   0.0000095593
        0.0000138126
       -0.1990708367   0.1016132451   0.0552387671  -0.0255921865   0.0114974842
        0.0064055358  -0.0046666064  -0.0036923259  -0.0018091947  -0.0015173057
        0.0008209077   0.0004612677   0.0001168026  -0.0003373086  -0.0001756592
       -0.0001106420  -0.0000069691  -0.0000015666  -0.0003321150  -0.0000163293
       -0.0000037928  -0.0012817744   0.0020433903   0.0026328554  -0.0020391996
        0.0038733053   0.0004020219   0.2332484246  -0.1163402561  -0.0634028538
        0.0004007194   0.0004973694  -0.0000150225   0.0004248832   0.0002763400
        0.0003974495   0.0002366046  -0.0002474181   0.0000210583   0.0002287932
       -0.0001150072  -0.0002194872   0.0000200192   0.0000580680   0.0000051303
        0.0000218149   0.0000371335   0.0000437723  -0.0000873953   0.0000383707
        0.0000197186
        0.1020351204  -0.1079303400  -0.0345964162  -0.0122340976   0.0069431338
        0.0036382165  -0.0022374352  -0.0005741107  -0.0005574821  -0.0006154235
        0.0003932967   0.0000971425  -0.0003398405  -0.0000913715  -0.0000449482
        0.0000768523  -0.0000354289  -0.0000175068   0.0000526391   0.0000566638
        0.0000394889   0.0049493783  -0.0030576376  -0.0030482834   0.0251719141
       -0.0201342911  -0.0072404435  -0.1163402561   0.1235272444   0.0412797789
        0.0001008389   0.0002735307   0.0003586522  -0.0003584737   0.0005460933
        0.0000701152  -0.0002168339   0.0000877960  -0.0001342894  -0.0000951284
       -0.0000897857   0.0001245292   0.0000441106   0.0000145120   0.0000359483
        0.0000607252   0.0000619101  -0.0000044877  -0.0000540900   0.0000087847
       -0.0000000145
        0.0554482872  -0.0345879403  -0.0633432508  -0.0058383555   0.0032025077
        0.0020810459  -0.0010545280  -0.0005309739   0.0003311502  -0.0002846563
        0.0000646375   0.0002669616  -0.0001854565  -0.0000449243  -0.0000105293
        0.0000397086  -0.0000167850  -0.0000095270   0.0000456598   0.0000389481
        0.0000028586   0.0272769164  -0.0189687605  -0.0137545145  -0.0117525765
        0.0091197091   0.0040874793  -0.0634028538   0.0412797789   0.0700768487
       -0.0005094176   0.0002500518   0.0002529703   0.0003640576   0.0001655704
       -0.0000364796   0.0000266471   0.0000016301  -0.0000771120  -0.0001950618
       -0.0000104943   0.0000997211   0.0000421891   0.0000276886   0.0000349393
        0.0000102844   0.0000055998  -0.0000089338  -0.0000308441   0.0000037564
        0.0000063720
       -0.0040609654  -0.0058674355  -0.0257686702  -0.0407372267   0.0003793372
       -0.0025445412  -0.0036522505   0.0051785105   0.0254571084   0.0009431248
        0.0003746909   0.0009338600  -0.0003351293   0.0004490670   0.0001703438
        0.0000048991  -0.0003550751  -0.0002111007   0.0002549138  -0.0000115032
       -0.0000544826  -0.0043818105  -0.0033819881  -0.0022729092   0.0006908826
        0.0005081220  -0.0000514788   0.0004007194   0.0001008389  -0.0005094176
        0.0538652959   0.0003281953   0.0034346687   0.0012129698  -0.0000246008
       -0.0005217604   0.0007383782  -0.0005123770   0.0000519896  -0.0042585475
        0.0028893498   0.0022189112  -0.0006080386  -0.0000313314  -0.0004359051
       -0.0000368730  -0.0000508053   0.0000656237  -0.0000403421   0.0000270048
        0.0000377604
       -0.0030673288  -0.0028071905  -0.0166370839   0.0000699902  -0.0495703736
       -0.0284092980   0.0025730049  -0.0029059539  -0.0168981681  -0.0005453907
        0.0002903909   0.0003626119  -0.0002070212   0.0001638007   0.0000823293
        0.0000465896  -0.0002036402  -0.0000960486   0.0000094880  -0.0000211296
        0.0000024624  -0.0031697453  -0.0014289014  -0.0018597376   0.0002452396
        0.0001352060  -0.0007229743   0.0004973694   0.0002735307   0.0002500518
        0.0003281953   0.0561594524   0.0369474964   0.0004269036   0.0010365051
        0.0295617254  -0.0002424961   0.0001624303  -0.0007283445   0.0029863176
       -0.0013981349  -0.0020173963   0.0000159006   0.0002285248  -0.0000063035
        0.0000561750  -0.0001386280   0.0001654382  -0.0000231915   0.0000241109
        0.0000032396
       -0.0035381097  -0.0033199824  -0.0108205911  -0.0027447725  -0.0289471666
       -0.2682913950   0.0037617371  -0.0038308282  -0.0125274862  -0.0005909919
        0.0003682949   0.0009510893  -0.0004278741   0.0000661774   0.0000134417
        0.0000124598  -0.0000501765   0.0000189271   0.0001990123   0.0001093848
        0.0000697218  -0.0024089884  -0.0016729807  -0.0000606365   0.0004992026
        0.0000737412   0.0005549586  -0.0000150225   0.0003586522   0.0002529703
        0.0034346687   0.0369474964   0.3108679302  -0.0003966817   0.0016549856
       -0.0211344182  -0.0004763844   0.0001434818   0.0005620292   0.0022164764
       -0.0019671201  -0.0004219711   0.0005178974  -0.0000154801   0.0003151036
        0.0000457911   0.0000542960  -0.0003465004  -0.0000884201   0.0000272246
       -0.0000031731
       -0.0033396194  -0.0243618708   0.0102498490  -0.0407491334   0.0036365897
       -0.0012468264  -0.0043846884   0.0238035068  -0.0103992278   0.0009265935
        0.0009710398  -0.0002488106  -0.0003186960   0.0003969602   0.0002856454
        0.0000108275  -0.0003770905  -0.0001732845   0.0002429116  -0.0000538881
        0.0000149758   0.0006874103   0.0002407843   0.0004395375  -0.0043374586
       -0.0038823189  -0.0012773549   0.0004248832  -0.0003584737   0.0003640576
        0.0012129698   0.0004269036  -0.0003966817   0.0538686660  -0.0032854248
        0.0014559185  -0.0042977411   0.0034253238   0.0012313208   0.0007420150
       -0.0002647287  -0.0004568113  -0.0000388093   0.0000311899  -0.0000832646
       -0.0006135763  -0.0003946528   0.0002433069  -0.0000365542   0.0000461503
       -0.0000023495
       -0.0042307102  -0.0179817836   0.0074414777   0.0032739479  -0.2219615708
        0.0935509894   0.0049978099  -0.0186542970   0.0073575880  -0.0007973806
        0.0010810440  -0.0001682152  -0.0004793671   0.0001412939   0.0001134817
        0.0000379382  -0.0001355585  -0.0001147684   0.0001738091   0.0000913230
        0.0000270567   0.0005573278   0.0001182052   0.0000835010  -0.0038624843
       -0.0023096093  -0.0010485753   0.0002763400   0.0005460933   0.0001655704
       -0.0000246008   0.0010365051   0.0016549856  -0.0032854248   0.2603049110
       -0.1080907825   0.0034829101  -0.0025359639  -0.0011806867  -0.0005169665
        0.0001399222   0.0001611176   0.0000708595  -0.0001752342   0.0000745607
        0.0004157406   0.0002736870  -0.0000585570  -0.0000897490   0.0000210325
        0.0000312566
       -0.0001346134  -0.0054514049   0.0036465641  -0.0013934073   0.0940851653
       -0.0958543677   0.0002414066  -0.0060978996   0.0039462040  -0.0001099305
       -0.0002291814   0.0001746390   0.0000681659   0.0001139325   0.0000523916
        0.0000441472  -0.0001523676  -0.0000666140  -0.0000988242  -0.0000846956
       -0.0000426706  -0.0000846225  -0.0007071626   0.0005750537  -0.0010229640
       -0.0012293989   0.0007651156   0.0003974495   0.0000701152  -0.0000364796
       -0.0005217604   0.0295617254  -0.0211344182   0.0014559185  -0.1080907825
        0.1066872940   0.0013189955  -0.0012344064   0.0007336454   0.0000848232
       -0.0007127596   0.0005881413   0.0000115717   0.0001893699  -0.0003044380
       -0.0002681732  -0.0000384825   0.0002690395   0.0000118171   0.0000082332
        0.0000009000
        0.0007044095   0.0010535050  -0.0002334616  -0.0039883277   0.0236052211
       -0.0103517889  -0.0411553750   0.0043170705  -0.0025659349  -0.0036131827
       -0.0245432336   0.0104496016  -0.0004335396  -0.0020261712   0.0000192654
        0.0004368951   0.0007399635  -0.0001381191   0.0007079189   0.0004106753
       -0.0000139715  -0.0000388581  -0.0000203997  -0.0000344913  -0.0005533798
       -0.0004341023   0.0002689976   0.0002366046  -0.0002168339   0.0000266471
        0.0007383782  -0.0002424961  -0.0004763844  -0.0042977411   0.0034829101
        0.0013189955   0.0535082210  -0.0034207990   0.0026734209   0.0013726073
        0.0003409488  -0.0002893262   0.0007194312   0.0001360597   0.0003276151
       -0.0042573978  -0.0032321755  -0.0010058892  -0.0000866642   0.0000498573
        0.0000248239
       -0.0008620579   0.0011537853  -0.0001094362   0.0047810239  -0.0183351913
        0.0073498635   0.0037148617  -0.2250740095   0.0928906577  -0.0049686150
       -0.0184910934   0.0071387072   0.0001212580  -0.0003745848  -0.0001265688
        0.0002995257   0.0006737756   0.0003437419  -0.0000698368  -0.0000967410
       -0.0001636939   0.0000601605  -0.0001528910   0.0000905131   0.0002959488
        0.0003342442  -0.0000659381  -0.0002474181   0.0000877960   0.0000016301
       -0.0005123770   0.0001624303   0.0001434818   0.0034253238  -0.0025359639
       -0.0012344064  -0.0034207990   0.2634741531  -0.1074228920   0.0000178522
        0.0011655048   0.0019178557   0.0004494651   0.0001143341   0.0001779660
       -0.0032588061  -0.0021330371  -0.0009585026   0.0001744901   0.0000274884
        0.0000270210
       -0.0000951224  -0.0001409255   0.0002113205   0.0002208300  -0.0059581432
        0.0039090271  -0.0019859628   0.0932397736  -0.0943658759   0.0002788025
       -0.0061208368   0.0034707163   0.0001420359   0.0015099285   0.0009202665
       -0.0003472081  -0.0009732103  -0.0004615746  -0.0000604877  -0.0003047322
       -0.0002209750  -0.0000006541   0.0001541702  -0.0003239423  -0.0002335670
       -0.0000679342   0.0002404993   0.0000210583  -0.0001342894  -0.0000771120
        0.0000519896  -0.0007283445   0.0005620292   0.0012313208  -0.0011806867
        0.0007336454   0.0026734209  -0.1074228920   0.1054167110  -0.0006370663
        0.0298475162  -0.0213052994  -0.0001142436  -0.0006439065   0.0005304467
       -0.0011092373  -0.0011455357   0.0007418857  -0.0000359086   0.0000700484
        0.0000182316
        0.0007136204   0.0004342276   0.0009945029  -0.0032828358   0.0050863829
        0.0252553010  -0.0410518521  -0.0003582157  -0.0009466919  -0.0043254640
       -0.0057441272  -0.0260417341  -0.0004924414  -0.0011828302  -0.0016898583
        0.0004419302   0.0003465477   0.0007031968   0.0007381035   0.0002524000
        0.0003372036  -0.0005513248  -0.0000451372  -0.0004833649  -0.0000371815
       -0.0000340954  -0.0000076223   0.0002287932  -0.0000951284  -0.0001950618
       -0.0042585475   0.0029863176   0.0022164764   0.0007420150  -0.0005169665
        0.0000848232   0.0013726073   0.0000178522  -0.0006370663   0.0534278901
        0.0012385455   0.0023590282  -0.0042957730  -0.0027843659  -0.0019051067
        0.0007129849   0.0003524805  -0.0000706715  -0.0000825244   0.0000461125
        0.0000266458
       -0.0005668203   0.0003996722   0.0004194871   0.0024635622  -0.0027610484
       -0.0166210293  -0.0002306793  -0.0502315643  -0.0305604930  -0.0031241617
       -0.0035083134  -0.0171343335   0.0001861893   0.0011457155   0.0004272771
       -0.0000764432  -0.0003830174  -0.0001912740  -0.0000886298  -0.0004089750
       -0.0001013156  -0.0000317136   0.0002137477   0.0000179273   0.0000412605
       -0.0001541214   0.0001541012  -0.0001150072  -0.0000897857  -0.0000104943
        0.0028893498  -0.0013981349  -0.0019671201  -0.0002647287   0.0001399222
       -0.0007127596   0.0003409488   0.0011655048   0.0298475162   0.0012385455
        0.0569211964   0.0388078704  -0.0028705042  -0.0012836902  -0.0017359769
        0.0001515689   0.0001665738  -0.0006802954   0.0000572630   0.0000663182
        0.0000409123
       -0.0006430302   0.0003945472   0.0009382970   0.0035900278  -0.0036978723
       -0.0123647123  -0.0017766574  -0.0308793949  -0.2693621323  -0.0043897751
       -0.0034749472  -0.0108198535   0.0000333563  -0.0011406406  -0.0005650541
        0.0004509862   0.0010816317   0.0005675175  -0.0000418388   0.0000422376
        0.0000775935   0.0004006744   0.0000313179   0.0003739416   0.0000383756
        0.0000905709  -0.0003237855  -0.0002194872   0.0001245292   0.0000997211
        0.0022189112  -0.0020173963  -0.0004219711  -0.0004568113   0.0001611176
        0.0005881413  -0.0002893262   0.0019178557  -0.0213052994   0.0023590282
        0.0388078704   0.3121530670  -0.0018683784  -0.0015750371  -0.0000684774
        0.0004207755   0.0001333940   0.0004555565   0.0001731693   0.0000002162
       -0.0000225499
       -0.0000282661   0.0000488722   0.0001816084   0.0009496528  -0.0004610918
       -0.0011106571  -0.0037176558  -0.0051823557  -0.0239997425  -0.0397443414
       -0.0024841156  -0.0054562208   0.0012350737   0.0032306381   0.0255922846
       -0.0035579913   0.0043367556  -0.0001571944  -0.0014860047   0.0002317003
       -0.0013862721   0.0000928550   0.0000547553   0.0001428143   0.0000604948
        0.0000292960  -0.0000366156   0.0000200192   0.0000441106   0.0000421891
       -0.0006080386   0.0000159006   0.0005178974  -0.0000388093   0.0000708595
        0.0000115717   0.0007194312   0.0004494651  -0.0001142436  -0.0042957730
       -0.0028705042  -0.0018683784   0.0479581851   0.0023139030   0.0091282223
        0.0021718997  -0.0000720039  -0.0009979798   0.0002692686   0.0002438147
       -0.0004892836
        0.0000577721  -0.0000174861   0.0000504473   0.0004334359   0.0003037879
        0.0002721344  -0.0025440291  -0.0028534133  -0.0154195639  -0.0033445266
       -0.0411466255  -0.0347076049   0.0048298218  -0.0033901442  -0.0173893010
        0.0024730365  -0.0029104065   0.0004083837  -0.0017802424  -0.0005985012
       -0.0002616992   0.0000323880  -0.0000356405   0.0000015311  -0.0000211745
       -0.0000472680  -0.0000275979   0.0000580680   0.0000145120   0.0000276886
       -0.0000313314   0.0002285248  -0.0000154801   0.0000311899  -0.0001752342
        0.0001893699   0.0001360597   0.0001143341  -0.0006439065  -0.0027843659
       -0.0012836902  -0.0015750371   0.0023139030   0.0503958712   0.0397628350
        0.0000890999   0.0015968161   0.0288059257   0.0000508953  -0.0001954364
        0.0005218749
        0.0002417770   0.0001535223   0.0001416037   0.0005181693   0.0003837203
        0.0007291787  -0.0038612976  -0.0037198159  -0.0100874404  -0.0074534186
       -0.0319067846  -0.2691592689   0.0023152318  -0.0043753851  -0.0137962398
        0.0015303215  -0.0012344619   0.0003097906   0.0003291326   0.0002300212
        0.0009681417   0.0001224910   0.0000086951   0.0000025670   0.0000349589
       -0.0000125922   0.0000017779   0.0000051303   0.0000359483   0.0000349393
       -0.0004359051  -0.0000063035   0.0003151036  -0.0000832646   0.0000745607
       -0.0003044380   0.0003276151   0.0001779660   0.0005304467  -0.0019051067
       -0.0017359769  -0.0000684774   0.0091282223   0.0397628350   0.3098247428
       -0.0002430331   0.0019708657  -0.0199272844  -0.0005710241   0.0001931855
        0.0004848567
       -0.0000363516   0.0001677006  -0.0000661358   0.0009782187  -0.0011831204
        0.0002506241  -0.0029796047  -0.0225958334   0.0096357272  -0.0394398235
        0.0005478629  -0.0020990770   0.0004229513   0.0231063010  -0.0119845604
       -0.0034166367   0.0020935287   0.0037166974  -0.0015308579  -0.0010935228
        0.0009994463   0.0000611895  -0.0000102676   0.0000429650   0.0000851705
        0.0001486474  -0.0000423047   0.0000218149   0.0000607252   0.0000102844
       -0.0000368730   0.0000561750   0.0000457911  -0.0006135763   0.0004157406
       -0.0002681732  -0.0042573978  -0.0032588061  -0.0011092373   0.0007129849
        0.0001515689   0.0004207755   0.0021718997   0.0000890999  -0.0002430331
        0.0475694639   0.0016002074   0.0001987904   0.0002874282  -0.0002960072
        0.0004914200
        0.0002368882   0.0001957186   0.0000026213   0.0006889111   0.0009104783
       -0.0000539577  -0.0042580000  -0.0171769716   0.0062906441  -0.0016580950
       -0.2253612625   0.0972456447   0.0052832534  -0.0201754945   0.0072756916
        0.0024916953  -0.0009321617  -0.0024891718  -0.0007169194   0.0004202445
       -0.0004714603   0.0000177473  -0.0000316182  -0.0000235512   0.0001188258
       -0.0000013263  -0.0000209409   0.0000371335   0.0000619101   0.0000055998
       -0.0000508053  -0.0001386280   0.0000542960  -0.0003946528   0.0002736870
       -0.0000384825  -0.0032321755  -0.0021330371  -0.0011455357   0.0003524805
        0.0001665738   0.0001333940  -0.0000720039   0.0015968161   0.0019708657
        0.0016002074   0.2617249107  -0.1083981976  -0.0004444907   0.0006001607
       -0.0003374595
       -0.0000830353  -0.0000974931  -0.0000550457   0.0000291756  -0.0001139406
        0.0001346436   0.0004354927  -0.0049826763   0.0034515020  -0.0015139477
        0.0942581391  -0.0847541129   0.0027542460  -0.0060722662   0.0037663002
        0.0012267350  -0.0008285223  -0.0016775324  -0.0015701093  -0.0009640730
       -0.0000453468  -0.0000400958  -0.0000387462  -0.0000105236  -0.0000474642
       -0.0000257418  -0.0000248243   0.0000437723  -0.0000044877  -0.0000089338
        0.0000656237   0.0001654382  -0.0003465004   0.0002433069  -0.0000585570
        0.0002690395  -0.0010058892  -0.0009585026   0.0007418857  -0.0000706715
       -0.0006802954   0.0004555565  -0.0009979798   0.0288059257  -0.0199272844
        0.0001987904  -0.1083981976   0.0983648774   0.0003320503  -0.0000060032
       -0.0003337005
       -0.0000736565   0.0000900227   0.0000494726  -0.0002339714  -0.0002043915
       -0.0001058887  -0.0010746400   0.0005788899   0.0003194532  -0.0023973416
       -0.0039146773  -0.0019445081  -0.0409254823   0.0050921093   0.0033749495
        0.0032205825   0.0029566823   0.0014199390  -0.2608956676   0.1374932552
        0.0772543638  -0.0000221338  -0.0000172771  -0.0000018922  -0.0000247616
       -0.0000064028   0.0000004967  -0.0000873953  -0.0000540900  -0.0000308441
       -0.0000403421  -0.0000231915  -0.0000884201  -0.0000365542  -0.0000897490
        0.0000118171  -0.0000866642   0.0001744901  -0.0000359086  -0.0000825244
        0.0000572630   0.0001731693   0.0002692686   0.0000508953  -0.0005710241
        0.0002874282  -0.0004444907   0.0003320503   0.3022038556  -0.1417393379
       -0.0801572257
       -0.0000382570  -0.0000383618   0.0000046273  -0.0001187878  -0.0001269735
       -0.0000575665  -0.0006124849   0.0003438361  -0.0000037799  -0.0019244038
        0.0001600568  -0.0026888759  -0.0116762435   0.0160953704   0.0073744108
        0.0016953072  -0.0010160240   0.0019893077   0.1542367228  -0.1250294364
       -0.0607498159   0.0000150117   0.0000316666   0.0000196881   0.0000071703
        0.0000260446   0.0000095593   0.0000383707   0.0000087847   0.0000037564
        0.0000270048   0.0000241109   0.0000272246   0.0000461503   0.0000210325
        0.0000082332   0.0000498573   0.0000274884   0.0000700484   0.0000461125
        0.0000663182   0.0000002162   0.0002438147  -0.0001954364   0.0001931855
       -0.0002960072   0.0006001607  -0.0000060032  -0.1417393379   0.1090013622
        0.0538057839
       -0.0000215195   0.0000010780  -0.0000434481  -0.0000632352  -0.0000620175
       -0.0000406611  -0.0003139626  -0.0000078095   0.0003716565  -0.0009042346
       -0.0026846052   0.0038226234  -0.0056641394   0.0071062769   0.0065078634
        0.0007399901   0.0019874497  -0.0037764646   0.0862601879  -0.0604553408
       -0.0493956176  -0.0000007174   0.0000021774   0.0000063947   0.0000161208
        0.0000201767   0.0000138126   0.0000197186  -0.0000000145   0.0000063720
        0.0000377604   0.0000032396  -0.0000031731  -0.0000023495   0.0000312566
        0.0000009000   0.0000248239   0.0000270210   0.0000182316   0.0000266458
        0.0000409123  -0.0000225499  -0.0004892836   0.0005218749   0.0004848567
        0.0004914200  -0.0003374595  -0.0003337005  -0.0801572257   0.0538057839
        0.0423829041
