$hessian                                                                        
        0.5021950960   0.0294851707   0.0026681741  -0.1003051078   0.0600403705
        0.0070844604  -0.0209810560   0.0227359930   0.0058899429   0.0005751800
       -0.0001841360  -0.0000076916   0.0004243968   0.0003284640   0.0000261862
       -0.0001478136  -0.0000685346  -0.0000566426  -0.0003133518  -0.0000312908
        0.0000506474  -0.0763651399  -0.0493957767  -0.0673394821  -0.2594424215
       -0.0556356519   0.0470553605  -0.0439953631  -0.0045614436   0.0049085186
       -0.0011732551   0.0039166782  -0.0007315664   0.0053205419  -0.0080088494
       -0.0007959525  -0.0055240334   0.0001391629   0.0018659506   0.0010807123
        0.0006583391  -0.0009647896  -0.0002580521   0.0000978343   0.0000556351
       -0.0010516472   0.0004784710   0.0003252916   0.0000135659   0.0000180193
       -0.0001040990   0.0000330285  -0.0000406924   0.0000758730  -0.0000852800
        0.0000278722  -0.0000058167
        0.0294851707   0.4800279654  -0.0034792550   0.0584444204  -0.1657276866
       -0.0133754456   0.0035409444   0.0024536135  -0.0007256572   0.0000799109
       -0.0001992225  -0.0000303794   0.0002700426  -0.0002169806  -0.0002403704
       -0.0000365586   0.0002485353   0.0000290316  -0.0002528164   0.0000099337
        0.0001426126  -0.0494909179  -0.1132991884  -0.0977680969  -0.0551411156
       -0.0555884587   0.0123182757  -0.0046682371  -0.1115920975   0.1073043248
        0.0105745225  -0.0182264837   0.0007282871   0.0099732787  -0.0203502802
       -0.0057281969  -0.0011755326   0.0010558191   0.0006933690  -0.0010014970
        0.0010636695  -0.0000608120  -0.0000631432   0.0000241828  -0.0000791888
       -0.0004816580   0.0002164391   0.0002745541  -0.0000006897   0.0000081297
        0.0000270801  -0.0000230752   0.0000459255  -0.0000255184  -0.0000330490
        0.0000461844  -0.0000046141
        0.0026681741  -0.0034792550   0.5227257770   0.0065365294  -0.0131707318
       -0.0699150680   0.0062204437  -0.0062543303  -0.0016724022   0.0002600792
       -0.0002481063  -0.0001187388   0.0001178742   0.0000084673   0.0000463226
       -0.0000078400  -0.0000523155   0.0000016501   0.0000366742   0.0000404837
       -0.0000034126  -0.0675042253  -0.0972747495  -0.1813935461   0.0471780138
        0.0124591448  -0.0548603701   0.0050730915   0.1072270909  -0.2139450345
       -0.0127769986   0.0227044205   0.0016978879   0.0101473914  -0.0209510841
       -0.0036717029   0.0022336478   0.0000079171   0.0000970372   0.0004709623
       -0.0010977487   0.0006502895   0.0001308895   0.0000740143   0.0000652485
       -0.0007592972  -0.0000182781   0.0002594225  -0.0000252793  -0.0000047557
        0.0000409103  -0.0000024969   0.0000174026  -0.0000299813   0.0000023661
        0.0000124139   0.0000257110
       -0.1003051078   0.0584444204   0.0065365294   0.4614377441   0.0091140854
        0.0203017197  -0.1730488296  -0.0188639524   0.0387957643  -0.0222477602
       -0.0067674637  -0.0012901648  -0.0007701927  -0.0010374170  -0.0026505602
       -0.0011475601  -0.0011454194   0.0004341496   0.0003938940   0.0000659918
        0.0003265360   0.0060847464  -0.0076732288  -0.0004140090  -0.0194190883
        0.0250858235   0.0044396446  -0.0008658899   0.0026262282  -0.0014112750
       -0.0422825340   0.0000585187  -0.0034390890  -0.0867450567  -0.0578003517
       -0.0729774304  -0.0182003784   0.0000080348   0.0064083606  -0.0040598704
       -0.0024804131   0.0038215587   0.0009019581   0.0001984589   0.0008422702
        0.0004112642   0.0003003035   0.0003946176  -0.0001518041   0.0000233649
       -0.0001508093  -0.0000995523  -0.0001370627   0.0000723979   0.0001140176
       -0.0000199214  -0.0000402108
        0.0600403705  -0.1657276866  -0.0131707318   0.0091140854   0.4889168630
       -0.0033914079  -0.0216892634  -0.0690364512   0.0091976423  -0.0149747260
       -0.0029266866   0.0006400760  -0.0007226872  -0.0009164517  -0.0022260139
       -0.0005960411  -0.0005555760   0.0006904932   0.0003236674   0.0001001107
        0.0002764477   0.0087061062  -0.0188294717  -0.0054506235  -0.0011216988
        0.0032554541  -0.0000056102   0.0105784734  -0.0189280444   0.0017030935
        0.0001353476  -0.1009911420   0.0991964201  -0.0579146908  -0.1130541086
       -0.0874036553   0.0241915895   0.0018617323  -0.0088380012  -0.0167463123
       -0.0038183695   0.0081679866   0.0009334155   0.0005300309   0.0002145032
       -0.0001510085   0.0000462434   0.0003339931  -0.0001095008  -0.0000110648
        0.0001704024  -0.0000713814   0.0000194242  -0.0001734729   0.0000742548
        0.0000651947   0.0000684585
        0.0070844604  -0.0133754456  -0.0699150680   0.0203017197  -0.0033914079
        0.5343693008   0.0360075695   0.0082640958  -0.0782223278  -0.0194243902
       -0.0030309350   0.0032257209   0.0003759024  -0.0005577688  -0.0038811143
       -0.0018093831  -0.0021444408   0.0012213318  -0.0001409411   0.0003198071
        0.0006248829   0.0115097629  -0.0209327744  -0.0039383985   0.0046895087
       -0.0058648546  -0.0007111938  -0.0131819968   0.0228308688   0.0015980365
       -0.0035450631   0.0984466453  -0.2152988136  -0.0727188372  -0.0873502415
       -0.1582394990   0.0075617595   0.0002907720  -0.0018241213   0.0244522966
        0.0066790263  -0.0106562153  -0.0009406535  -0.0003604853   0.0009479664
       -0.0000279477   0.0000378358   0.0005890142  -0.0002052577   0.0001293208
        0.0001500555   0.0000069344  -0.0000124023  -0.0000847851   0.0000045562
        0.0000223843   0.0000452276
       -0.0209810560   0.0035409444   0.0062204437  -0.1730488296  -0.0216892634
        0.0360075695   0.4494226551  -0.0296450232  -0.0064903662  -0.0905010697
       -0.0229406678  -0.0526575149  -0.0204535269  -0.0125554896  -0.0169740107
       -0.0041029462  -0.0018966690   0.0029257700   0.0009531078  -0.0004021180
        0.0020334555   0.0004223787  -0.0003912205  -0.0001676306  -0.0015935550
        0.0030088251   0.0007257911   0.0008059509  -0.0008781709   0.0001820595
       -0.0044758796  -0.0024731835   0.0037367980  -0.0195160961  -0.0056335587
        0.0033343945  -0.0787132878   0.0863074972   0.0219719240  -0.0418331279
        0.0038743372  -0.0016340132  -0.0009365355  -0.0009192627  -0.0052240363
        0.0055887239   0.0032582768   0.0064508763  -0.0011576809   0.0001161855
       -0.0001687879  -0.0000495642  -0.0002339090  -0.0001019960   0.0001703391
       -0.0004475300  -0.0001707263
        0.0227359930   0.0024536135  -0.0062543303  -0.0188639524  -0.0690364512
        0.0082640958  -0.0296450232   0.5267307829  -0.0204372636  -0.0201224657
       -0.0875954539  -0.0430240425  -0.0125642471  -0.0061338851   0.0002902365
        0.0001550065   0.0030931492   0.0004977597   0.0001347249  -0.0012561246
       -0.0005418241  -0.0000585341   0.0007168121  -0.0001105613   0.0040764180
       -0.0038888211  -0.0011390267   0.0007838901   0.0009619276  -0.0006825270
       -0.0155145861  -0.0035767920   0.0067754085  -0.0162491655  -0.0038511126
        0.0034246409   0.0864790441  -0.2262556622  -0.0449048959   0.0034273871
       -0.1244981685   0.1084208130   0.0076387107   0.0068769163   0.0104242050
       -0.0132020461  -0.0148676965  -0.0207677425   0.0001661535   0.0002586231
       -0.0004662737   0.0005781413   0.0000427673   0.0002674143   0.0000445511
       -0.0001744244  -0.0000360862
        0.0058899429  -0.0007256572  -0.0016724022   0.0387957643   0.0091976423
       -0.0782223278  -0.0064903662  -0.0204372636   0.4887185917  -0.0431255904
       -0.0402347049  -0.1276152104  -0.0063998069  -0.0017364688   0.0075162525
        0.0038605020   0.0053291258  -0.0022503176   0.0005047990  -0.0004746520
       -0.0012653946   0.0001030517   0.0001070306   0.0000329051   0.0002262318
       -0.0005844834   0.0003582175  -0.0012761657   0.0002394388   0.0007203510
        0.0254044667   0.0072515440  -0.0111064242  -0.0184140351  -0.0052167441
        0.0046148029   0.0220450812  -0.0451993858  -0.0562802139  -0.0018731567
        0.1089609550  -0.1926725166  -0.0155295007  -0.0093406999  -0.0242876323
       -0.0043014435  -0.0070091104  -0.0070102829   0.0003826881  -0.0001465880
        0.0000408297  -0.0000054029   0.0001561383   0.0002412531   0.0002029405
       -0.0001361171   0.0001395190
        0.0005751800   0.0000799109   0.0002600792  -0.0222477602  -0.0149747260
       -0.0194243902  -0.0905010697  -0.0201224657  -0.0431255904   0.4442263698
       -0.0265030278  -0.0128704403  -0.1599854260  -0.0028154832   0.0290678491
       -0.0306721783  -0.0330814565   0.0105344602  -0.0179333959   0.0048667871
        0.0103179468  -0.0008407738  -0.0004547502  -0.0003545250  -0.0002407071
       -0.0001855532  -0.0001917640  -0.0001315589  -0.0000254007  -0.0001784544
        0.0013162520   0.0005684946  -0.0007726295  -0.0067221939  -0.0018950061
        0.0008920421   0.0048595585   0.0029738220   0.0065244213  -0.0025705599
       -0.0011017671  -0.0055811504  -0.0364952557   0.0066586151   0.0002410116
       -0.0794666530   0.0839640657   0.0223572060  -0.0013715777   0.0007875910
        0.0009733921  -0.0005142142  -0.0009138559  -0.0001863034  -0.0012840359
        0.0021742059   0.0015168392
       -0.0001841360  -0.0001992225  -0.0002481063  -0.0067674637  -0.0029266866
       -0.0030309350  -0.0229406678  -0.0875954539  -0.0402347049  -0.0265030278
        0.5367166210  -0.0060885606   0.0081764885  -0.0621833619  -0.0012804624
       -0.0516649668  -0.0241301023   0.0083420992   0.0186090475   0.0018850020
       -0.0062354109   0.0008601920   0.0002881030  -0.0000303817   0.0001071105
       -0.0000452962   0.0000382839  -0.0000438521   0.0000884461   0.0000151625
        0.0000165615   0.0002782994  -0.0006022168  -0.0014359760   0.0004976589
        0.0002868229  -0.0135632679  -0.0159794808  -0.0221740683   0.0073633962
        0.0070264460   0.0104807355   0.0029093078  -0.1223823200   0.1112203371
        0.0818243821  -0.2287091654  -0.0474304134   0.0002828076  -0.0005468983
       -0.0002445804   0.0000738382   0.0008524222  -0.0003334542   0.0028802260
       -0.0029350105  -0.0024501465
       -0.0000076916  -0.0000303794  -0.0001187388  -0.0012901648   0.0006400760
        0.0032257209  -0.0526575149  -0.0430240425  -0.1276152104  -0.0128704403
       -0.0060885606   0.4530323978   0.0360930481   0.0025397641  -0.0798997043
        0.0059668431   0.0015894026   0.0200094504   0.0137208177  -0.0021986267
        0.0053295165   0.0001379461   0.0003330132   0.0001168926   0.0002074753
       -0.0000417180   0.0001012751   0.0001288159  -0.0001859549   0.0002246211
        0.0009385322   0.0000838642   0.0013177935   0.0014939883   0.0007906989
        0.0008815484  -0.0048126489  -0.0074448027  -0.0081307417  -0.0152012522
       -0.0101046223  -0.0221564456   0.0054686811   0.1123036219  -0.1890681244
        0.0220156655  -0.0476208098  -0.0577939286  -0.0014389279   0.0013227917
        0.0004699306   0.0008343258  -0.0006193470  -0.0002910351   0.0012725014
       -0.0022443686   0.0003647822
        0.0004243968   0.0002700426   0.0001178742  -0.0007701927  -0.0007226872
        0.0003759024  -0.0204535269  -0.0125642471  -0.0063998069  -0.1599854260
        0.0081764885   0.0360930481   0.4977784907   0.1576556010  -0.0617831718
       -0.1751887968  -0.2176174935  -0.0055884522  -0.1117022730   0.0498260808
        0.0191092067  -0.0004065064   0.0000607190   0.0000283671   0.0005537848
        0.0000980835  -0.0002045436  -0.0002987177  -0.0000674436   0.0001264262
       -0.0002145040   0.0001429080  -0.0006755217   0.0006792797   0.0004944210
        0.0002290214   0.0010205729   0.0008514920   0.0001836086   0.0005502002
       -0.0000176484   0.0010105912  -0.0007491386  -0.0046495706   0.0009728615
       -0.0187788687   0.0020686875   0.0075313351   0.0048092455  -0.0045511303
       -0.0020384537   0.0050472731  -0.0046819166  -0.0010773812  -0.0223152927
        0.0252276132   0.0119890888
        0.0003284640  -0.0002169806   0.0000084673  -0.0010374170  -0.0009164517
       -0.0005577688  -0.0125554896  -0.0061338851  -0.0017364688  -0.0028154832
       -0.0621833619   0.0025397641   0.1576556010   0.7757427307   0.0624578513
       -0.2160563020  -0.5499050242  -0.0265066810   0.0551504511  -0.1278320314
       -0.0202309619  -0.0002006739   0.0001153008  -0.0000499775   0.0001149028
        0.0000944207   0.0000328860   0.0000293831   0.0001129866   0.0001608336
       -0.0001222043   0.0001260940  -0.0001673793  -0.0001307142   0.0001751889
       -0.0000840249  -0.0009515705  -0.0009484162   0.0000246642   0.0006817745
        0.0008658445   0.0011218181  -0.0164138384  -0.0050388143   0.0088544990
        0.0279975187   0.0009220494  -0.0093777731   0.0009375906  -0.0066285864
       -0.0074820969   0.0064655287  -0.0234126226  -0.0069554142   0.0009224784
        0.0050615588  -0.0020522372
        0.0000261862  -0.0002403704   0.0000463226  -0.0026505602  -0.0022260139
       -0.0038811143  -0.0169740107   0.0002902365   0.0075162525   0.0290678491
       -0.0012804624  -0.0798997043  -0.0617831718   0.0624578513   0.2388596799
       -0.0063702364  -0.0276603012  -0.0619161454   0.0248524315  -0.0260439520
       -0.0788272296   0.0001827323   0.0000173181   0.0000315179  -0.0001074431
        0.0000470948   0.0000620230   0.0000180172   0.0000449075  -0.0000825361
        0.0003212761   0.0000454393   0.0000613481  -0.0017525303  -0.0006144433
        0.0001935881  -0.0002215772  -0.0003485622   0.0005580008  -0.0016976750
       -0.0001119552  -0.0007923484   0.0232449916   0.0068158532  -0.0099178573
        0.0096488445  -0.0006482290  -0.0022444466   0.0128175787  -0.0245641589
       -0.0136306223  -0.0103255564   0.0129947204   0.0041914062   0.0017028540
        0.0010250273  -0.0003281349
       -0.0001478136  -0.0000365586  -0.0000078400  -0.0011475601  -0.0005960411
       -0.0018093831  -0.0041029462   0.0001550065   0.0038605020  -0.0306721783
       -0.0516649668   0.0059668431  -0.1751887968  -0.2160563020  -0.0063702364
        0.1961389120   0.2599493088  -0.0050520562   0.0152992554   0.0080029657
        0.0008380383   0.0002257544  -0.0001293479  -0.0000861967  -0.0001474429
       -0.0000638903   0.0000560764   0.0001310006  -0.0000311504  -0.0000265857
        0.0002642539   0.0000264310   0.0000571847  -0.0008335944  -0.0003214172
       -0.0001126323   0.0000620563  -0.0001945366   0.0000884770   0.0001084663
        0.0003755369  -0.0001882478  -0.0060266860  -0.0020138149   0.0026395484
        0.0037577428  -0.0004106481  -0.0018081180  -0.0003566381   0.0019580370
        0.0014214258   0.0003937063   0.0025015241   0.0007118628   0.0022425085
       -0.0014501362  -0.0001786622
       -0.0000685346   0.0002485353  -0.0000523155  -0.0011454194  -0.0005555760
       -0.0021444408  -0.0018966690   0.0030931492   0.0053291258  -0.0330814565
       -0.0241301023   0.0015894026  -0.2176174935  -0.5499050242  -0.0276603012
        0.2599493088   0.6467919354   0.0394407608  -0.0095351557  -0.0672304812
       -0.0163305909   0.0001056610  -0.0001269215   0.0001220107  -0.0000784152
       -0.0000428528   0.0000538662   0.0000203170  -0.0000818427  -0.0001622073
        0.0003233733  -0.0001203894   0.0000800102  -0.0008797683  -0.0004380437
        0.0000711425   0.0004657760   0.0000476212   0.0000655946  -0.0002521458
       -0.0001281606  -0.0008105943  -0.0019297456   0.0005181414   0.0009324997
        0.0004153619   0.0012800414  -0.0001210046   0.0016913703  -0.0038675631
       -0.0000965545   0.0052732182  -0.0071455111  -0.0026812910  -0.0017595830
        0.0017930446   0.0023748870
       -0.0000566426   0.0000290316   0.0000016501   0.0004341496   0.0006904932
        0.0012213318   0.0029257700   0.0004977597  -0.0022503176   0.0105344602
        0.0083420992   0.0200094504  -0.0055884522  -0.0265066810  -0.0619161454
       -0.0050520562   0.0394407608   0.0290285389  -0.0027155886  -0.0209857515
        0.0158425720  -0.0000510815   0.0000077317  -0.0000079731   0.0000361934
       -0.0000279748  -0.0000106896   0.0000228464   0.0000087123   0.0000002422
       -0.0000156100  -0.0000133809  -0.0000058884   0.0005726226   0.0001489969
       -0.0000924797   0.0001668403   0.0000696056   0.0000068488   0.0003614093
        0.0001268132  -0.0001201015  -0.0018980386  -0.0009059346   0.0000325637
       -0.0013167120   0.0005586360  -0.0007784125  -0.0001151770   0.0022852335
        0.0004935266   0.0024523511  -0.0040211081  -0.0007160264  -0.0006972843
        0.0002549572  -0.0007386903
       -0.0003133518  -0.0002528164   0.0000366742   0.0003938940   0.0003236674
       -0.0001409411   0.0009531078   0.0001347249   0.0005047990  -0.0179333959
        0.0186090475   0.0137208177  -0.1117022730   0.0551504511   0.0248524315
        0.0152992554  -0.0095351557  -0.0027155886   0.5108519607   0.0402513868
        0.0015498786   0.0001327192  -0.0000224395  -0.0000748199  -0.0001884238
        0.0000398138   0.0000209193   0.0000457229   0.0000289911   0.0000043540
       -0.0000428109   0.0000816617   0.0000638526  -0.0001822725  -0.0000340638
       -0.0000684485  -0.0013321749   0.0004968495   0.0003346161  -0.0001649626
        0.0001669688   0.0000568182  -0.0010548403   0.0007069731   0.0000653283
       -0.0053158517  -0.0001822693   0.0026112650  -0.0513506807  -0.0116302170
       -0.0587251330  -0.0588392823  -0.0474098200   0.0314717697  -0.2792563396
       -0.0469237542  -0.0135685930
       -0.0000312908   0.0000099337   0.0000404837   0.0000659918   0.0001001107
        0.0003198071  -0.0004021180  -0.0012561246  -0.0004746520   0.0048667871
        0.0018850020  -0.0021986267   0.0498260808  -0.1278320314  -0.0260439520
        0.0080029657  -0.0672304812  -0.0209857515   0.0402513868   0.4920677202
       -0.0263760322  -0.0000385063   0.0000201317   0.0000356701   0.0000209977
        0.0000242741  -0.0000207841  -0.0000390715  -0.0000104485  -0.0000165153
       -0.0000101223   0.0000387145  -0.0000854935   0.0001791261   0.0000960738
        0.0000072622  -0.0001260411   0.0005838505  -0.0000513447   0.0000591623
       -0.0000139936   0.0000640670   0.0005431180  -0.0003782890  -0.0004366203
       -0.0007428450   0.0004740702   0.0001097265  -0.0091108739  -0.0411821131
       -0.0356470843  -0.0467187148  -0.2023542563   0.1110169080  -0.0465960325
       -0.0550421437   0.0007429321
        0.0000506474   0.0001426126  -0.0000034126   0.0003265360   0.0002764477
        0.0006248829   0.0020334555  -0.0005418241  -0.0012653946   0.0103179468
       -0.0062354109   0.0053295165   0.0191092067  -0.0202309619  -0.0788272296
        0.0008380383  -0.0163305909   0.0158425720   0.0015498786  -0.0263760322
        0.4700567830  -0.0001099662   0.0000320419   0.0000464217   0.0000355202
        0.0000063890  -0.0000106980  -0.0000161055  -0.0000347149   0.0000133999
       -0.0000828284  -0.0000738841   0.0000233673   0.0003157870   0.0001181594
        0.0000361705  -0.0000657164   0.0000875595   0.0001269687   0.0000611629
       -0.0000866291   0.0002537114  -0.0013797282  -0.0005093352   0.0009011719
        0.0020727399  -0.0001757884   0.0010486324  -0.0537776862  -0.0428174531
       -0.2633196259   0.0321197782   0.1127792599  -0.1091021271  -0.0133986665
       -0.0000298454  -0.0417751103
       -0.0763651399  -0.0494909179  -0.0675042253   0.0060847464   0.0087061062
        0.0115097629   0.0004223787  -0.0000585341   0.0001030517  -0.0008407738
        0.0008601920   0.0001379461  -0.0004065064  -0.0002006739   0.0001827323
        0.0002257544   0.0001056610  -0.0000510815   0.0001327192  -0.0000385063
       -0.0001099662   0.0893333442   0.0561750463   0.0792801326  -0.0167013746
       -0.0186515826  -0.0244833808   0.0005541027   0.0001971077  -0.0001268496
        0.0004279296  -0.0004599230   0.0002561477  -0.0007957641   0.0032578639
        0.0010090085  -0.0000489983  -0.0001378719  -0.0001687513  -0.0000303177
       -0.0000257151   0.0000289804  -0.0000139265   0.0001415201  -0.0001135481
       -0.0020344823  -0.0003424137   0.0000631526   0.0000152974  -0.0000113459
       -0.0000126708   0.0000034493   0.0000107472   0.0000113249   0.0000375615
       -0.0000367601  -0.0000117658
       -0.0493957767  -0.1132991884  -0.0972747495  -0.0076732288  -0.0188294717
       -0.0209327744  -0.0003912205   0.0007168121   0.0001070306  -0.0004547502
        0.0002881030   0.0003330132   0.0000607190   0.0001153008   0.0000173181
       -0.0001293479  -0.0001269215   0.0000077317  -0.0000224395   0.0000201317
        0.0000320419   0.0561750463   0.1328454222   0.1150462314  -0.0068744474
       -0.0054185981  -0.0078353461   0.0058422899   0.0085652861   0.0123574158
       -0.0006321199   0.0004759857  -0.0003952448   0.0032718214  -0.0057914005
       -0.0015390057  -0.0001941282   0.0000981887   0.0000315471  -0.0000154304
       -0.0001255874  -0.0000109539   0.0002017906  -0.0002572194   0.0001187094
        0.0002533725   0.0007918567  -0.0000486216  -0.0000175953  -0.0000236835
       -0.0000115520   0.0000014589  -0.0000493619  -0.0000077803  -0.0000060139
        0.0000043456   0.0000049889
       -0.0673394821  -0.0977680969  -0.1813935461  -0.0004140090  -0.0054506235
       -0.0039383985  -0.0001676306  -0.0001105613   0.0000329051  -0.0003545250
       -0.0000303817   0.0001168926   0.0000283671  -0.0000499775   0.0000315179
       -0.0000861967   0.0001220107  -0.0000079731  -0.0000748199   0.0000356701
        0.0000464217   0.0792801326   0.1150462314   0.2069405194   0.0007712450
        0.0021007892   0.0036650506  -0.0126238251  -0.0137838588  -0.0273771847
        0.0000299745   0.0006926099   0.0007718242   0.0007664518  -0.0013294516
        0.0008003880  -0.0001509058   0.0001501256  -0.0000612804  -0.0001115823
       -0.0000595110  -0.0003049660  -0.0000399150   0.0001566187   0.0000398366
        0.0005165250   0.0003043907   0.0006568787  -0.0000088521  -0.0000208247
       -0.0000264323  -0.0000083856  -0.0000246944   0.0000022736  -0.0000125668
        0.0000195350   0.0000052726
       -0.2594424215  -0.0551411156   0.0471780138  -0.0194190883  -0.0011216988
        0.0046895087  -0.0015935550   0.0040764180   0.0002262318  -0.0002407071
        0.0001071105   0.0002074753   0.0005537848   0.0001149028  -0.0001074431
       -0.0001474429  -0.0000784152   0.0000361934  -0.0001884238   0.0000209977
        0.0000355202  -0.0167013746  -0.0068744474   0.0007712450   0.3011448320
        0.0620438052  -0.0558673524  -0.0039262738  -0.0028081452   0.0026960835
        0.0000157793  -0.0002318718  -0.0003184289   0.0006278095  -0.0004334637
        0.0002150581  -0.0011572863   0.0000719741   0.0003518967   0.0002456381
        0.0001270001  -0.0002685990  -0.0000040999   0.0000328679   0.0000773953
        0.0001933155   0.0001231544   0.0001091740   0.0000412022  -0.0000069768
       -0.0000323157   0.0000300804  -0.0000143182   0.0000125686  -0.0000317688
       -0.0000077779  -0.0000122253
       -0.0556356519  -0.0555884587   0.0124591448   0.0250858235   0.0032554541
       -0.0058648546   0.0030088251  -0.0038888211  -0.0005844834  -0.0001855532
       -0.0000452962  -0.0000417180   0.0000980835   0.0000944207   0.0000470948
       -0.0000638903  -0.0000428528  -0.0000279748   0.0000398138   0.0000242741
        0.0000063890  -0.0186515826  -0.0054185981   0.0021007892   0.0620438052
        0.0657687410  -0.0131852226  -0.0176652669  -0.0053283270   0.0057112824
        0.0001301302   0.0004354437  -0.0001141752   0.0004823917   0.0007643557
        0.0000126781   0.0013088887  -0.0000050128  -0.0005422096  -0.0000655509
       -0.0001614071  -0.0000429559  -0.0000203033   0.0000013209  -0.0000056934
        0.0001323112   0.0001173375   0.0000556539  -0.0000093064  -0.0000142045
        0.0000263311  -0.0000245209   0.0000096878  -0.0000225455  -0.0000084466
        0.0000219428   0.0000124697
        0.0470553605   0.0123182757  -0.0548603701   0.0044396446  -0.0000056102
       -0.0007111938   0.0007257911  -0.0011390267   0.0003582175  -0.0001917640
        0.0000382839   0.0001012751  -0.0002045436   0.0000328860   0.0000620230
        0.0000560764   0.0000538662  -0.0000106896   0.0000209193  -0.0000207841
       -0.0000106980  -0.0244833808  -0.0078353461   0.0036650506  -0.0558673524
       -0.0131852226   0.0601455589   0.0279512567   0.0097548557  -0.0087474707
       -0.0004193962   0.0001335773   0.0001089250   0.0005426020  -0.0000230009
       -0.0000930050   0.0003550773  -0.0001221007  -0.0000153782  -0.0001731699
       -0.0000422469   0.0000916184  -0.0000003781  -0.0000227056   0.0000240762
        0.0002041841   0.0000604059  -0.0001184268  -0.0000105196   0.0000030007
        0.0000032879  -0.0000046222  -0.0000056161   0.0000014330   0.0000042148
        0.0000065086   0.0000057664
       -0.0439953631  -0.0046682371   0.0050730915  -0.0008658899   0.0105784734
       -0.0131819968   0.0008059509   0.0007838901  -0.0012761657  -0.0001315589
       -0.0000438521   0.0001288159  -0.0002987177   0.0000293831   0.0000180172
        0.0001310006   0.0000203170   0.0000228464   0.0000457229  -0.0000390715
       -0.0000161055   0.0005541027   0.0058422899  -0.0126238251  -0.0039262738
       -0.0176652669   0.0279512567   0.0490098570   0.0023523476  -0.0065140637
       -0.0013614604   0.0036583062   0.0000019172   0.0002113428  -0.0005989840
       -0.0000001456   0.0001067289  -0.0001804860   0.0000488615  -0.0003787949
        0.0000637202   0.0004664797   0.0000930735  -0.0000991667   0.0001120405
       -0.0000231859  -0.0000314009  -0.0002288119  -0.0000184966   0.0000238744
        0.0000090342   0.0000156261  -0.0000100024   0.0000065085   0.0000263356
       -0.0000161342   0.0000022452
       -0.0045614436  -0.1115920975   0.1072270909   0.0026262282  -0.0189280444
        0.0228308688  -0.0008781709   0.0009619276   0.0002394388  -0.0000254007
        0.0000884461  -0.0001859549  -0.0000674436   0.0001129866   0.0000449075
       -0.0000311504  -0.0000818427   0.0000087123   0.0000289911  -0.0000104485
       -0.0000347149   0.0001971077   0.0085652861  -0.0137838588  -0.0028081452
       -0.0053283270   0.0097548557   0.0023523476   0.1312353631  -0.1260602814
        0.0034046267  -0.0056745200  -0.0001593310  -0.0003476725   0.0002613240
        0.0004967006  -0.0003878249   0.0001299063   0.0000017082   0.0005311362
        0.0002811537  -0.0003416237  -0.0001066146  -0.0000854581  -0.0000556532
        0.0000809622   0.0000975249   0.0000146157   0.0000142842  -0.0000159486
       -0.0000117377  -0.0000204945  -0.0000209240   0.0000135244  -0.0000013231
        0.0000036923   0.0000007329
        0.0049085186   0.1073043248  -0.2139450345  -0.0014112750   0.0017030935
        0.0015980365   0.0001820595  -0.0006825270   0.0007203510  -0.0001784544
        0.0000151625   0.0002246211   0.0001264262   0.0001608336  -0.0000825361
       -0.0000265857  -0.0001622073   0.0000002422   0.0000043540  -0.0000165153
        0.0000133999  -0.0001268496   0.0123574158  -0.0273771847   0.0026960835
        0.0057112824  -0.0087474707  -0.0065140637  -0.1260602814   0.2461310941
        0.0003084052   0.0001379876   0.0010635405   0.0001980073  -0.0002646470
        0.0005550077   0.0001190550  -0.0001144748   0.0000177379  -0.0002690979
        0.0000095103   0.0002261852   0.0001514218  -0.0001387874  -0.0000149040
       -0.0001917350   0.0000323961  -0.0003786678   0.0000057715   0.0000119358
        0.0000222977   0.0000170067   0.0000052443  -0.0000155791   0.0000009521
       -0.0000097467  -0.0000111368
       -0.0011732551   0.0105745225  -0.0127769986  -0.0422825340   0.0001353476
       -0.0035450631  -0.0044758796  -0.0155145861   0.0254044667   0.0013162520
        0.0000165615   0.0009385322  -0.0002145040  -0.0001222043   0.0003212761
        0.0002642539   0.0003233733  -0.0000156100  -0.0000428109  -0.0000101223
       -0.0000828284   0.0004279296  -0.0006321199   0.0000299745   0.0000157793
        0.0001301302  -0.0004193962  -0.0013614604   0.0034046267   0.0003084052
        0.0531730780  -0.0025052079   0.0016399959   0.0000618491   0.0059820865
       -0.0142332709   0.0004237632  -0.0002026387   0.0001276481  -0.0056915563
       -0.0016656088   0.0029153562  -0.0004649963   0.0000124005  -0.0005354851
       -0.0000088827   0.0000657978  -0.0000347291   0.0000660857  -0.0000297684
       -0.0000378517  -0.0000651003   0.0000290828   0.0000192198   0.0000319887
        0.0000083269  -0.0000236414
        0.0039166782  -0.0182264837   0.0227044205   0.0000585187  -0.1009911420
        0.0984466453  -0.0024731835  -0.0035767920   0.0072515440   0.0005684946
        0.0002782994   0.0000838642   0.0001429080   0.0001260940   0.0000454393
        0.0000264310  -0.0001203894  -0.0000133809   0.0000816617   0.0000387145
       -0.0000738841  -0.0004599230   0.0004759857   0.0006926099  -0.0002318718
        0.0004354437   0.0001335773   0.0036583062  -0.0056745200   0.0001379876
       -0.0025052079   0.1191746893  -0.1159424112  -0.0008818091   0.0079034583
       -0.0142778845   0.0002357553   0.0002166745  -0.0003213563  -0.0016569718
        0.0001268615   0.0012113809  -0.0004943000   0.0001524146  -0.0001729447
       -0.0000285080  -0.0003416052   0.0000907534   0.0000211944  -0.0000116233
        0.0000026760   0.0000009162   0.0000401026  -0.0000060490   0.0000209109
       -0.0000261825   0.0000070121
       -0.0007315664   0.0007282871   0.0016978879  -0.0034390890   0.0991964201
       -0.2152988136   0.0037367980   0.0067754085  -0.0111064242  -0.0007726295
       -0.0006022168   0.0013177935  -0.0006755217  -0.0001673793   0.0000613481
        0.0000571847   0.0000800102  -0.0000058884   0.0000638526  -0.0000854935
        0.0000233673   0.0002561477  -0.0003952448   0.0007718242  -0.0003184289
       -0.0001141752   0.0001089250   0.0000019172  -0.0001593310   0.0010635405
        0.0016399959  -0.1159424112   0.2483714726  -0.0028395635   0.0103765946
       -0.0263414823  -0.0000683281  -0.0001383195  -0.0002560003   0.0027996326
        0.0003269024  -0.0006326123   0.0002340689   0.0000967845   0.0003383729
        0.0000538499   0.0000490194  -0.0001125058  -0.0000595720   0.0000378875
       -0.0000432139   0.0000717648  -0.0000402372   0.0000339152  -0.0000105131
       -0.0000225058   0.0000084936
        0.0053205419   0.0099732787   0.0101473914  -0.0867450567  -0.0579146908
       -0.0727188372  -0.0195160961  -0.0162491655  -0.0184140351  -0.0067221939
       -0.0014359760   0.0014939883   0.0006792797  -0.0001307142  -0.0017525303
       -0.0008335944  -0.0008797683   0.0005726226  -0.0001822725   0.0001791261
        0.0003157870  -0.0007957641   0.0032718214   0.0007664518   0.0006278095
        0.0004823917   0.0005426020   0.0002113428  -0.0003476725   0.0001980073
        0.0000618491  -0.0008818091  -0.0028395635   0.1073069395   0.0640229118
        0.0821835552  -0.0000100262  -0.0002345574  -0.0007764128   0.0004210982
       -0.0001005093  -0.0002041789   0.0001879818   0.0000871997   0.0004014178
        0.0000362649   0.0002246337   0.0001348645  -0.0000795550  -0.0000100816
        0.0000019915   0.0000171746  -0.0000709004  -0.0000589616   0.0000142769
        0.0000144820   0.0000058399
       -0.0080088494  -0.0203502802  -0.0209510841  -0.0578003517  -0.1130541086
       -0.0873502415  -0.0056335587  -0.0038511126  -0.0052167441  -0.0018950061
        0.0004976589   0.0007906989   0.0004944210   0.0001751889  -0.0006144433
       -0.0003214172  -0.0004380437   0.0001489969  -0.0000340638   0.0000960738
        0.0001181594   0.0032578639  -0.0057914005  -0.0013294516  -0.0004334637
        0.0007643557  -0.0000230009  -0.0005989840   0.0002613240  -0.0002646470
        0.0059820865   0.0079034583   0.0103765946   0.0640229118   0.1333772821
        0.1041439325   0.0007814767   0.0006784311   0.0001374166  -0.0000905365
       -0.0003391028  -0.0000574758   0.0000643623   0.0000350545   0.0000485198
        0.0002306308   0.0000262548   0.0000444877  -0.0000254021   0.0000132771
        0.0000264878  -0.0000002142  -0.0000025948  -0.0000257345   0.0000080944
       -0.0000017160  -0.0000024713
       -0.0007959525  -0.0057281969  -0.0036717029  -0.0729774304  -0.0874036553
       -0.1582394990   0.0033343945   0.0034246409   0.0046148029   0.0008920421
        0.0002868229   0.0008815484   0.0002290214  -0.0000840249   0.0001935881
       -0.0001126323   0.0000711425  -0.0000924797  -0.0000684485   0.0000072622
        0.0000361705   0.0010090085  -0.0015390057   0.0008003880   0.0002150581
        0.0000126781  -0.0000930050  -0.0000001456   0.0004967006   0.0005550077
       -0.0142332709  -0.0142778845  -0.0263414823   0.0821835552   0.1041439325
        0.1804763814  -0.0001041060   0.0004391657   0.0004453878   0.0002002263
        0.0000569814   0.0003026100   0.0001398587  -0.0001247294   0.0001299705
        0.0000991543   0.0002130032   0.0000014127  -0.0000033224  -0.0000109571
        0.0000369084   0.0000067593  -0.0000035601  -0.0000362848  -0.0000137697
        0.0000196839   0.0000002773
       -0.0055240334  -0.0011755326   0.0022336478  -0.0182003784   0.0241915895
        0.0075617595  -0.0787132878   0.0864790441   0.0220450812   0.0048595585
       -0.0135632679  -0.0048126489   0.0010205729  -0.0009515705  -0.0002215772
        0.0000620563   0.0004657760   0.0001668403  -0.0013321749  -0.0001260411
       -0.0000657164  -0.0000489983  -0.0001941282  -0.0001509058  -0.0011572863
        0.0013088887   0.0003550773   0.0001067289  -0.0003878249   0.0001190550
        0.0004237632   0.0002357553  -0.0000683281  -0.0000100262   0.0007814767
       -0.0001041060   0.1011202682  -0.0975691815  -0.0246661077   0.0003068908
        0.0023555008  -0.0002058441   0.0004882294   0.0001046250   0.0003383782
       -0.0013098854  -0.0018466279  -0.0023601586  -0.0013228697  -0.0004598846
        0.0007100330  -0.0007722085   0.0003374429  -0.0008024873   0.0000030807
        0.0000139601  -0.0000719923
        0.0001391629   0.0010558191   0.0000079171   0.0000080348   0.0018617323
        0.0002907720   0.0863074972  -0.2262556622  -0.0451993858   0.0029738220
       -0.0159794808  -0.0074448027   0.0008514920  -0.0009484162  -0.0003485622
       -0.0001945366   0.0000476212   0.0000696056   0.0004968495   0.0005838505
        0.0000875595  -0.0001378719   0.0000981887   0.0001501256   0.0000719741
       -0.0000050128  -0.0001221007  -0.0001804860   0.0001299063  -0.0001144748
       -0.0002026387   0.0002166745  -0.0001383195  -0.0002345574   0.0006784311
        0.0004391657  -0.0975691815   0.2601328795   0.0552473018   0.0097606045
       -0.0221041937  -0.0010262093   0.0002634183   0.0007802368   0.0005310797
       -0.0019486102  -0.0010115374  -0.0030213958  -0.0005492055   0.0002237802
        0.0005567723  -0.0000623124   0.0003729702  -0.0001454377   0.0002065449
        0.0001222129   0.0001803893
        0.0018659506   0.0006933690   0.0000970372   0.0064083606  -0.0088380012
       -0.0018241213   0.0219719240  -0.0449048959  -0.0562802139   0.0065244213
       -0.0221740683  -0.0081307417   0.0001836086   0.0000246642   0.0005580008
        0.0000884770   0.0000655946   0.0000068488   0.0003346161  -0.0000513447
        0.0001269687  -0.0001687513   0.0000315471  -0.0000612804   0.0003518967
       -0.0005422096  -0.0000153782   0.0000488615   0.0000017082   0.0000177379
        0.0001276481  -0.0003213563  -0.0002560003  -0.0007764128   0.0001374166
        0.0004453878  -0.0246661077   0.0552473018   0.0645892195  -0.0103746666
        0.0238167731   0.0039291693   0.0005698220  -0.0005669458   0.0003274758
       -0.0025939489  -0.0030757643  -0.0033477060   0.0006513507   0.0001095157
        0.0002088811  -0.0006329389   0.0002283343  -0.0002307163   0.0000858892
        0.0001183614  -0.0001605686
        0.0010807123  -0.0010014970   0.0004709623  -0.0040598704  -0.0167463123
        0.0244522966  -0.0418331279   0.0034273871  -0.0018731567  -0.0025705599
        0.0073633962  -0.0152012522   0.0005502002   0.0006817745  -0.0016976750
        0.0001084663  -0.0002521458   0.0003614093  -0.0001649626   0.0000591623
        0.0000611629  -0.0000303177  -0.0000154304  -0.0001115823   0.0002456381
       -0.0000655509  -0.0001731699  -0.0003787949   0.0005311362  -0.0002690979
       -0.0056915563  -0.0016569718   0.0027996326   0.0004210982  -0.0000905365
        0.0002002263   0.0003068908   0.0097606045  -0.0103746666   0.0531894430
       -0.0008165397   0.0034198334  -0.0014983934  -0.0015538631  -0.0029098155
        0.0004345040   0.0002228205   0.0005651949  -0.0002609148   0.0002884388
        0.0001285142   0.0001135375  -0.0000914097   0.0000655374   0.0000380076
       -0.0000444630   0.0000856461
        0.0006583391   0.0010636695  -0.0010977487  -0.0024804131  -0.0038183695
        0.0066790263   0.0038743372  -0.1244981685   0.1089609550  -0.0011017671
        0.0070264460  -0.0101046223  -0.0000176484   0.0008658445  -0.0001119552
        0.0003755369  -0.0001281606   0.0001268132   0.0001669688  -0.0000139936
       -0.0000866291  -0.0000257151  -0.0001255874  -0.0000595110   0.0001270001
       -0.0001614071  -0.0000422469   0.0000637202   0.0002811537   0.0000095103
       -0.0016656088   0.0001268615   0.0003269024  -0.0001005093  -0.0003391028
        0.0000569814   0.0023555008  -0.0221041937   0.0238167731  -0.0008165397
        0.1413711469  -0.1256165651  -0.0016268120  -0.0000075967  -0.0022427235
        0.0000119833   0.0006647634  -0.0004554127   0.0003720442  -0.0001949490
        0.0000240077  -0.0001565011  -0.0000224302  -0.0000709261  -0.0000139160
        0.0000140735  -0.0001126287
       -0.0009647896  -0.0000608120   0.0006502895   0.0038215587   0.0081679866
       -0.0106562153  -0.0016340132   0.1084208130  -0.1926725166  -0.0055811504
        0.0104807355  -0.0221564456   0.0010105912   0.0011218181  -0.0007923484
       -0.0001882478  -0.0008105943  -0.0001201015   0.0000568182   0.0000640670
        0.0002537114   0.0000289804  -0.0000109539  -0.0003049660  -0.0002685990
       -0.0000429559   0.0000916184   0.0004664797  -0.0003416237   0.0002261852
        0.0029153562   0.0012113809  -0.0006326123  -0.0002041789  -0.0000574758
        0.0003026100  -0.0002058441  -0.0010262093   0.0039291693   0.0034198334
       -0.1256165651   0.2256802336  -0.0030638211  -0.0020559367  -0.0041317268
        0.0003717875   0.0004741142   0.0002490296  -0.0001265521   0.0000829609
        0.0002016572   0.0000487479  -0.0000214476  -0.0000803479   0.0000970431
        0.0000206981  -0.0000372240
       -0.0002580521  -0.0000631432   0.0001308895   0.0009019581   0.0009334155
       -0.0009406535  -0.0009365355   0.0076387107  -0.0155295007  -0.0364952557
        0.0029093078   0.0054686811  -0.0007491386  -0.0164138384   0.0232449916
       -0.0060266860  -0.0019297456  -0.0018980386  -0.0010548403   0.0005431180
       -0.0013797282  -0.0000139265   0.0002017906  -0.0000399150  -0.0000040999
       -0.0000203033  -0.0000003781   0.0000930735  -0.0001066146   0.0001514218
       -0.0004649963  -0.0004943000   0.0002340689   0.0001879818   0.0000643623
        0.0001398587   0.0004882294   0.0002634183   0.0005698220  -0.0014983934
       -0.0016268120  -0.0030638211   0.0457005206  -0.0017518568   0.0028839899
        0.0006321240   0.0094749892  -0.0099507948   0.0001941849  -0.0004769046
       -0.0003005132  -0.0006232033   0.0006001873   0.0005407242  -0.0000729448
        0.0002542188  -0.0002611045
        0.0000978343   0.0000241828   0.0000740143   0.0001984589   0.0005300309
       -0.0003604853  -0.0009192627   0.0068769163  -0.0093406999   0.0066586151
       -0.1223823200   0.1123036219  -0.0046495706  -0.0050388143   0.0068158532
       -0.0020138149   0.0005181414  -0.0009059346   0.0007069731  -0.0003782890
       -0.0005093352   0.0001415201  -0.0002572194   0.0001566187   0.0000328679
        0.0000013209  -0.0000227056  -0.0000991667  -0.0000854581  -0.0001387874
        0.0000124005   0.0001524146   0.0000967845   0.0000871997   0.0000350545
       -0.0001247294   0.0001046250   0.0007802368  -0.0005669458  -0.0015538631
       -0.0000075967  -0.0020559367  -0.0017518568   0.1405551561  -0.1273389814
        0.0020504938  -0.0212226127   0.0225365071   0.0001859575   0.0000241241
       -0.0001945042   0.0007019535   0.0000712938  -0.0004203003   0.0000086352
       -0.0001965619  -0.0000040540
        0.0000556351  -0.0000791888   0.0000652485   0.0008422702   0.0002145032
        0.0009479664  -0.0052240363   0.0104242050  -0.0242876323   0.0002410116
        0.1112203371  -0.1890681244   0.0009728615   0.0088544990  -0.0099178573
        0.0026395484   0.0009324997   0.0000325637   0.0000653283  -0.0004366203
        0.0009011719  -0.0001135481   0.0001187094   0.0000398366   0.0000773953
       -0.0000056934   0.0000240762   0.0001120405  -0.0000556532  -0.0000149040
       -0.0005354851  -0.0001729447   0.0003383729   0.0004014178   0.0000485198
        0.0001299705   0.0003383782   0.0005310797   0.0003274758  -0.0029098155
       -0.0022427235  -0.0041317268   0.0028839899  -0.1273389814   0.2200970963
       -0.0001903680  -0.0014580025   0.0042982516  -0.0001337677   0.0001978122
        0.0000211638   0.0006193875  -0.0005830552   0.0000189575  -0.0001422435
       -0.0001693021   0.0001780929
       -0.0010516472  -0.0004816580  -0.0007592972   0.0004112642  -0.0001510085
       -0.0000279477   0.0055887239  -0.0132020461  -0.0043014435  -0.0794666530
        0.0818243821   0.0220156655  -0.0187788687   0.0279975187   0.0096488445
        0.0037577428   0.0004153619  -0.0013167120  -0.0053158517  -0.0007428450
        0.0020727399  -0.0020344823   0.0002533725   0.0005165250   0.0001933155
        0.0001323112   0.0002041841  -0.0000231859   0.0000809622  -0.0001917350
       -0.0000088827  -0.0000285080   0.0000538499   0.0000362649   0.0002306308
        0.0000991543  -0.0013098854  -0.0019486102  -0.0025939489   0.0004345040
        0.0000119833   0.0003717875   0.0006321240   0.0020504938  -0.0001903680
        0.0979420396  -0.0971546088  -0.0262973902  -0.0002628871   0.0001339200
       -0.0000309655   0.0001048095  -0.0005050711   0.0000262492  -0.0008484446
        0.0010834192   0.0007008082
        0.0004784710   0.0002164391  -0.0000182781   0.0003003035   0.0000462434
        0.0000378358   0.0032582768  -0.0148676965  -0.0070091104   0.0839640657
       -0.2287091654  -0.0476208098   0.0020686875   0.0009220494  -0.0006482290
       -0.0004106481   0.0012800414   0.0005586360  -0.0001822693   0.0004740702
       -0.0001757884  -0.0003424137   0.0007918567   0.0003043907   0.0001231544
        0.0001173375   0.0000604059  -0.0000314009   0.0000975249   0.0000323961
        0.0000657978  -0.0003416052   0.0000490194   0.0002246337   0.0000262548
        0.0002130032  -0.0018466279  -0.0010115374  -0.0030757643   0.0002228205
        0.0006647634   0.0004741142   0.0094749892  -0.0212226127  -0.0014580025
       -0.0971546088   0.2613127574   0.0583235054   0.0000228432  -0.0000813192
        0.0000748921  -0.0001610081   0.0002037241  -0.0000462878  -0.0000750666
        0.0000808741  -0.0000759284
        0.0003252916   0.0002745541   0.0002594225   0.0003946176   0.0003339931
        0.0005890142   0.0064508763  -0.0207677425  -0.0070102829   0.0223572060
       -0.0474304134  -0.0577939286   0.0075313351  -0.0093777731  -0.0022444466
       -0.0018081180  -0.0001210046  -0.0007784125   0.0026112650   0.0001097265
        0.0010486324   0.0000631526  -0.0000486216   0.0006568787   0.0001091740
        0.0000556539  -0.0001184268  -0.0002288119   0.0000146157  -0.0003786678
       -0.0000347291   0.0000907534  -0.0001125058   0.0001348645   0.0000444877
        0.0000014127  -0.0023601586  -0.0030213958  -0.0033477060   0.0005651949
       -0.0004554127   0.0002490296  -0.0099507948   0.0225365071   0.0042982516
       -0.0262973902   0.0583235054   0.0647896055  -0.0002583046   0.0001020633
        0.0001691729  -0.0000054654  -0.0000776996  -0.0000706126   0.0004007949
       -0.0005857969  -0.0002064302
        0.0000135659  -0.0000006897  -0.0000252793  -0.0001518041  -0.0001095008
       -0.0002052577  -0.0011576809   0.0001661535   0.0003826881  -0.0013715777
        0.0002828076  -0.0014389279   0.0048092455   0.0009375906   0.0128175787
       -0.0003566381   0.0016913703  -0.0001151770  -0.0513506807  -0.0091108739
       -0.0537776862   0.0000152974  -0.0000175953  -0.0000088521   0.0000412022
       -0.0000093064  -0.0000105196  -0.0000184966   0.0000142842   0.0000057715
        0.0000660857   0.0000211944  -0.0000595720  -0.0000795550  -0.0000254021
       -0.0000033224  -0.0013228697  -0.0005492055   0.0006513507  -0.0002609148
        0.0003720442  -0.0001265521   0.0001941849   0.0001859575  -0.0001337677
       -0.0002628871   0.0000228432  -0.0002583046   0.0596608737   0.0120106955
        0.0667167214   0.0028076817   0.0003038777   0.0063574331  -0.0112750325
       -0.0061862450  -0.0307683249
        0.0000180193   0.0000081297  -0.0000047557   0.0000233649  -0.0000110648
        0.0001293208   0.0001161855   0.0002586231  -0.0001465880   0.0007875910
       -0.0005468983   0.0013227917  -0.0045511303  -0.0066285864  -0.0245641589
        0.0019580370  -0.0038675631   0.0022852335  -0.0116302170  -0.0411821131
       -0.0428174531  -0.0000113459  -0.0000236835  -0.0000208247  -0.0000069768
       -0.0000142045   0.0000030007   0.0000238744  -0.0000159486   0.0000119358
       -0.0000297684  -0.0000116233   0.0000378875  -0.0000100816   0.0000132771
       -0.0000109571  -0.0004598846   0.0002237802   0.0001095157   0.0002884388
       -0.0001949490   0.0000829609  -0.0004769046   0.0000241241   0.0001978122
        0.0001339200  -0.0000813192   0.0001020633   0.0120106955   0.0485248644
        0.0439432247   0.0050479941   0.0033641078   0.0256243297  -0.0032318114
        0.0001610475  -0.0062853392
       -0.0001040990   0.0000270801   0.0000409103  -0.0001508093   0.0001704024
        0.0001500555  -0.0001687879  -0.0004662737   0.0000408297   0.0009733921
       -0.0002445804   0.0004699306  -0.0020384537  -0.0074820969  -0.0136306223
        0.0014214258  -0.0000965545   0.0004935266  -0.0587251330  -0.0356470843
       -0.2633196259  -0.0000126708  -0.0000115520  -0.0000264323  -0.0000323157
        0.0000263311   0.0000032879   0.0000090342  -0.0000117377   0.0000222977
       -0.0000378517   0.0000026760  -0.0000432139   0.0000019915   0.0000264878
        0.0000369084   0.0007100330   0.0005567723   0.0002088811   0.0001285142
        0.0000240077   0.0002016572  -0.0003005132  -0.0001945042   0.0000211638
       -0.0000309655   0.0000748921   0.0001691729   0.0667167214   0.0439432247
        0.3008173215  -0.0043586931   0.0004824276  -0.0213048144  -0.0040008193
       -0.0011799182  -0.0043512341
        0.0000330285  -0.0000230752  -0.0000024969  -0.0000995523  -0.0000713814
        0.0000069344  -0.0000495642   0.0005781413  -0.0000054029  -0.0005142142
        0.0000738382   0.0008343258   0.0050472731   0.0064655287  -0.0103255564
        0.0003937063   0.0052732182   0.0024523511  -0.0588392823  -0.0467187148
        0.0321197782   0.0000034493   0.0000014589  -0.0000083856   0.0000300804
       -0.0000245209  -0.0000046222   0.0000156261  -0.0000204945   0.0000170067
       -0.0000651003   0.0000009162   0.0000717648   0.0000171746  -0.0000002142
        0.0000067593  -0.0007722085  -0.0000623124  -0.0006329389   0.0001135375
       -0.0001565011   0.0000487479  -0.0006232033   0.0007019535   0.0006193875
        0.0001048095  -0.0001610081  -0.0000054654   0.0028076817   0.0050479941
       -0.0043586931   0.0621613416   0.0544263118  -0.0376042199  -0.0097645835
       -0.0253311382   0.0167707255
       -0.0000406924   0.0000459255   0.0000174026  -0.0001370627   0.0000194242
       -0.0000124023  -0.0002339090   0.0000427673   0.0001561383  -0.0009138559
        0.0008524222  -0.0006193470  -0.0046819166  -0.0234126226   0.0129947204
        0.0025015241  -0.0071455111  -0.0040211081  -0.0474098200  -0.2023542563
        0.1127792599   0.0000107472  -0.0000493619  -0.0000246944  -0.0000143182
        0.0000096878  -0.0000056161  -0.0000100024  -0.0000209240   0.0000052443
        0.0000290828   0.0000401026  -0.0000402372  -0.0000709004  -0.0000025948
       -0.0000035601   0.0003374429   0.0003729702   0.0002283343  -0.0000914097
       -0.0000224302  -0.0000214476   0.0006001873   0.0000712938  -0.0005830552
       -0.0005050711   0.0002037241  -0.0000776996   0.0003038777   0.0033641078
        0.0004824276   0.0544263118   0.2342110027  -0.1256473557  -0.0041002155
       -0.0062257273   0.0043929956
        0.0000758730  -0.0000255184  -0.0000299813   0.0000723979  -0.0001734729
       -0.0000847851  -0.0001019960   0.0002674143   0.0002412531  -0.0001863034
       -0.0003334542  -0.0002910351  -0.0010773812  -0.0069554142   0.0041914062
        0.0007118628  -0.0026812910  -0.0007160264   0.0314717697   0.1110169080
       -0.1091021271   0.0000113249  -0.0000077803   0.0000022736   0.0000125686
       -0.0000225455   0.0000014330   0.0000065085   0.0000135244  -0.0000155791
        0.0000192198  -0.0000060490   0.0000339152  -0.0000589616  -0.0000257345
       -0.0000362848  -0.0008024873  -0.0001454377  -0.0002307163   0.0000655374
       -0.0000709261  -0.0000803479   0.0005407242  -0.0004203003   0.0000189575
        0.0000262492  -0.0000462878  -0.0000706126   0.0063574331   0.0256243297
       -0.0213048144  -0.0376042199  -0.1256473557   0.1267567349   0.0004598805
       -0.0003606086   0.0007163366
       -0.0000852800  -0.0000330490   0.0000023661   0.0001140176   0.0000742548
        0.0000045562   0.0001703391   0.0000445511   0.0002029405  -0.0012840359
        0.0028802260   0.0012725014  -0.0223152927   0.0009224784   0.0017028540
        0.0022425085  -0.0017595830  -0.0006972843  -0.2792563396  -0.0465960325
       -0.0133986665   0.0000375615  -0.0000060139  -0.0000125668  -0.0000317688
       -0.0000084466   0.0000042148   0.0000263356  -0.0000013231   0.0000009521
        0.0000319887   0.0000209109  -0.0000105131   0.0000142769   0.0000080944
       -0.0000137697   0.0000030807   0.0002065449   0.0000858892   0.0000380076
       -0.0000139160   0.0000970431  -0.0000729448   0.0000086352  -0.0001422435
       -0.0008484446  -0.0000750666   0.0004007949  -0.0112750325  -0.0032318114
       -0.0040008193  -0.0097645835  -0.0041002155   0.0004598805   0.3222556060
        0.0516597618   0.0140418703
        0.0000278722   0.0000461844   0.0000124139  -0.0000199214   0.0000651947
        0.0000223843  -0.0004475300  -0.0001744244  -0.0001361171   0.0021742059
       -0.0029350105  -0.0022443686   0.0252276132   0.0050615588   0.0010250273
       -0.0014501362   0.0017930446   0.0002549572  -0.0469237542  -0.0550421437
       -0.0000298454  -0.0000367601   0.0000043456   0.0000195350  -0.0000077779
        0.0000219428   0.0000065086  -0.0000161342   0.0000036923  -0.0000097467
        0.0000083269  -0.0000261825  -0.0000225058   0.0000144820  -0.0000017160
        0.0000196839   0.0000139601   0.0001222129   0.0001183614  -0.0000444630
        0.0000140735   0.0000206981   0.0002542188  -0.0001965619  -0.0001693021
        0.0010834192   0.0000808741  -0.0005857969  -0.0061862450   0.0001610475
       -0.0011799182  -0.0253311382  -0.0062257273  -0.0003606086   0.0516597618
        0.0572275952   0.0032386395
       -0.0000058167  -0.0000046141   0.0000257110  -0.0000402108   0.0000684585
        0.0000452276  -0.0001707263  -0.0000360862   0.0001395190   0.0015168392
       -0.0024501465   0.0003647822   0.0119890888  -0.0020522372  -0.0003281349
       -0.0001786622   0.0023748870  -0.0007386903  -0.0135685930   0.0007429321
       -0.0417751103  -0.0000117658   0.0000049889   0.0000052726  -0.0000122253
        0.0000124697   0.0000057664   0.0000022452   0.0000007329  -0.0000111368
       -0.0000236414   0.0000070121   0.0000084936   0.0000058399  -0.0000024713
        0.0000002773  -0.0000719923   0.0001803893  -0.0001605686   0.0000856461
       -0.0001126287  -0.0000372240  -0.0002611045  -0.0000040540   0.0001780929
        0.0007008082  -0.0000759284  -0.0002064302  -0.0307683249  -0.0062853392
       -0.0043512341   0.0167707255   0.0043929956   0.0007163366   0.0140418703
        0.0032386395   0.0461190502
