           1           2   1.01028711428787     
           2           3   1.00803168808644     
           2           4  0.996578805391858     
           4           5   1.00500264502485     
           5           6  0.922507252172321     
           6           7   1.17145346177776     
           6           8  0.170336488476619     
           7           8   1.68050270503762     
           7           9  0.999149178814504     
           1          10  0.986074570802696     
           1          11  0.985593362746170     
           1          12  0.985966219768826     
           2          13  0.968504094184707     
           3          14  0.986367560598351     
           3          15  0.985894687919598     
           3          16  0.986236710950725     
           4          17  0.970570411146852     
           4          18  0.971109727977774     
           5          19  0.967270268809980     
           5          20  0.967367543069098     
           9          21  0.959213590289098     
           9          22  0.979610155431811     
           9          23  0.949240736823066     
