$hessian                                                                        
        0.4769897106  -0.0417945089  -0.0057340451  -0.1497876055  -0.0558902733
        0.0190705006  -0.0037490353  -0.0163757226   0.0061261803  -0.0538033027
       -0.0010206564   0.0123736231  -0.0005485608   0.0041386178   0.0009833877
       -0.0003948212  -0.0009546455   0.0002361415  -0.0013755402   0.0001398658
       -0.0001463336   0.0009439315   0.0003722999   0.0006018875  -0.0003480174
       -0.0000488878  -0.0003581959  -0.0003455825  -0.0001191281   0.0000040550
       -0.0948434751  -0.0181289609  -0.1019249467  -0.0527773575   0.0490372925
       -0.0192137545  -0.1194803429   0.0812285675   0.0876646082   0.0000116148
       -0.0000906956   0.0001284658  -0.0006226248  -0.0002174571   0.0001336471
        0.0000884457  -0.0001102577   0.0001267417   0.0000036929  -0.0001580037
       -0.0000829160   0.0000122889  -0.0000185212   0.0000236643  -0.0000046203
        0.0000221203   0.0000003189   0.0000312016  -0.0000110450  -0.0000130297
       -0.0417945089   0.5307282654  -0.0002150810  -0.0470238640  -0.0925650501
        0.0110900050  -0.0403397883  -0.0421071900   0.0099944939   0.0109653000
        0.0111530218  -0.0018096551   0.0036498337  -0.0014748051   0.0002860906
        0.0004381772   0.0002619973  -0.0001121062   0.0004843935  -0.0000360605
       -0.0000148485   0.0000385819  -0.0001666935  -0.0001809663  -0.0000796752
        0.0000909750   0.0000907547  -0.0000021610   0.0000557363   0.0000079651
       -0.0172855913  -0.0428284083  -0.0303823298   0.0499001867  -0.2376727421
        0.0938334829   0.0809958502  -0.1252376807  -0.0826580610   0.0002066591
       -0.0001033242   0.0000452569  -0.0001303977  -0.0002189872   0.0000349488
        0.0000016355   0.0000377268  -0.0000280692  -0.0000363077   0.0000744950
        0.0000200023   0.0000230380   0.0000092975   0.0000013620  -0.0000107174
        0.0000061528  -0.0000056605  -0.0000006442  -0.0000067261   0.0000024156
       -0.0057340451  -0.0002150810   0.4903283702   0.0263898565   0.0170503052
       -0.0780666993   0.0071545935   0.0040571831   0.0145849239   0.0107141220
        0.0027354656   0.0048022080   0.0019037045  -0.0005602887   0.0054350501
        0.0003031544   0.0002616418  -0.0000033669   0.0003202178  -0.0000320780
        0.0000996967  -0.0000713138  -0.0001069082  -0.0003290494  -0.0000433509
        0.0000137162   0.0002018117   0.0000234241   0.0000205220   0.0000284631
       -0.1073612176  -0.0332464981  -0.2209085996  -0.0205465667   0.0940037109
       -0.0858465478   0.0869620649  -0.0839173807  -0.1304133615   0.0009355733
        0.0001574503  -0.0002513639  -0.0009670451  -0.0002353145   0.0003037317
        0.0000804622  -0.0000538589  -0.0000101137  -0.0000598772   0.0000691750
        0.0000286406   0.0000039120   0.0000047236   0.0000004575   0.0000042032
       -0.0000042209   0.0000025123  -0.0000118720  -0.0000022647   0.0000132362
       -0.1497876055  -0.0470238640   0.0263898565   0.4739224609   0.0796607961
       -0.0643800614  -0.0850318996  -0.0920236332   0.0094298645  -0.1557942088
        0.0608498395   0.0193187209  -0.0475159562   0.0108885620   0.0097374660
       -0.0046809365  -0.0006935205   0.0010152453   0.0000944039   0.0010711050
        0.0005912469  -0.0026821354  -0.0007303241  -0.0009950498   0.0012480991
        0.0002233857   0.0008969452   0.0009160843   0.0001958074  -0.0000811300
       -0.0175436399  -0.0097041399  -0.0022591631   0.0066016356  -0.0011173051
       -0.0036202427  -0.0197203146  -0.0038070272   0.0041562302   0.0003832307
        0.0011610176   0.0006947102   0.0006997901   0.0009060895  -0.0009380046
       -0.0005837314   0.0001410677  -0.0001824196  -0.0003067160   0.0000126800
        0.0002388595  -0.0001073227   0.0000507278  -0.0000247730  -0.0000192838
       -0.0000794557   0.0000232102  -0.0000919542   0.0000181913  -0.0000115111
       -0.0558902733  -0.0925650501   0.0170503052   0.0796607961   0.8554067432
       -0.0530006154  -0.0730496169  -0.6225956746   0.0474216401   0.0709369131
       -0.1419890251  -0.0109377808   0.0046431287   0.0158310554  -0.0016764703
       -0.0010523863  -0.0046406006   0.0007748696  -0.0035507155   0.0000790034
        0.0001267725   0.0015774433   0.0015637053   0.0013274052  -0.0005737551
       -0.0006265180  -0.0010075614  -0.0006316179  -0.0005749885   0.0000171731
       -0.0089347581  -0.0025424200  -0.0018835660  -0.0199472178  -0.0177654396
        0.0058613833   0.0114329181   0.0086958548  -0.0051041881  -0.0040541434
        0.0011235242  -0.0016488832  -0.0029116646   0.0013347067   0.0030541234
        0.0011690812  -0.0002123987   0.0003400940   0.0010336137  -0.0005671159
       -0.0006949523  -0.0000351571  -0.0000810909  -0.0000096312   0.0001031384
        0.0000584828  -0.0000029990   0.0000742733   0.0000672465  -0.0000071186
        0.0190705006   0.0110900050  -0.0780666993  -0.0643800614  -0.0530006154
        0.2097356710   0.0083653714   0.0516616356  -0.0703727714   0.0187938376
       -0.0095579423  -0.0584889605   0.0103966014  -0.0030057078  -0.0016142701
        0.0007225663   0.0004211930   0.0000874224  -0.0001099775  -0.0002627637
       -0.0005190293   0.0003792583   0.0002930675   0.0011234370   0.0001700733
       -0.0001228288  -0.0006896362  -0.0000923242  -0.0000031094  -0.0000907516
       -0.0230167381  -0.0130673771   0.0046291876   0.0111038287   0.0080883985
       -0.0027010839   0.0178683209   0.0079027283  -0.0043667950  -0.0009299740
       -0.0001425512   0.0012100275   0.0016740093  -0.0003018555   0.0003432866
       -0.0002980722   0.0002020122  -0.0001152098   0.0002317331  -0.0001933727
       -0.0000935378   0.0000093716  -0.0000169416   0.0000151656  -0.0000173654
        0.0000214514  -0.0000017568   0.0000590403  -0.0000054260  -0.0000236959
       -0.0037490353  -0.0403397883   0.0071545935  -0.0850318996  -0.0730496169
        0.0083653714   0.0931353111   0.0625241557  -0.0175817999  -0.0040570673
        0.0506894621   0.0034540306   0.0016714729   0.0052277060  -0.0017786944
        0.0009980759   0.0008900338  -0.0000647328  -0.0001311286  -0.0002065927
       -0.0001890925   0.0008410487   0.0000152659   0.0002977143  -0.0003499025
        0.0000590485  -0.0002458856  -0.0002981386  -0.0000050991   0.0000202897
       -0.0003423524  -0.0004165830   0.0005540680  -0.0061464901  -0.0042766458
        0.0016398616   0.0019134749  -0.0000340081  -0.0010612398   0.0009096375
       -0.0003406050   0.0003657094   0.0008297171  -0.0006588723  -0.0010251819
       -0.0000614994  -0.0000796953   0.0001213344  -0.0002034497  -0.0000010982
       -0.0000181914   0.0000489027   0.0000025716   0.0000179211  -0.0000145606
        0.0000190113  -0.0000046768   0.0000378835  -0.0000186501  -0.0000213990
       -0.0163757226  -0.0421071900   0.0040571831  -0.0920236332  -0.6225956746
        0.0516616356   0.0625241557   0.7707553333  -0.0555700014   0.0513462056
       -0.1057683124  -0.0040867657  -0.0035715187   0.0013410570   0.0003286648
       -0.0005118459   0.0019445015  -0.0001916478   0.0014392584   0.0003454390
       -0.0000236342  -0.0010653439  -0.0009166129  -0.0006522511   0.0004533379
        0.0003872325   0.0006019849   0.0003945711   0.0003240031  -0.0000111187
        0.0006633023  -0.0013823507   0.0012121394  -0.0068093879  -0.0027200177
        0.0018325459   0.0027165352   0.0001449102   0.0008887401   0.0013511266
       -0.0000851106   0.0010775796   0.0007561621  -0.0002347446  -0.0013174521
       -0.0006800122   0.0001561783  -0.0004403657  -0.0005218362   0.0004360918
        0.0006170722   0.0000164174   0.0000437167   0.0000040707  -0.0000483852
       -0.0000264580  -0.0000083254  -0.0000533866  -0.0000419918   0.0000199458
        0.0061261803   0.0099944939   0.0145849239   0.0094298645   0.0474216401
       -0.0703727714  -0.0175817999  -0.0555700014   0.0334531612   0.0030927164
       -0.0035719852   0.0252825058  -0.0011375578  -0.0014214317  -0.0031932668
       -0.0001786255  -0.0003131670   0.0001201517   0.0000421949   0.0000407329
        0.0001937679  -0.0000807864  -0.0000626167  -0.0004137792  -0.0001343648
        0.0000986602   0.0001785341   0.0000031352  -0.0000337687   0.0000751814
        0.0021355196   0.0027397954  -0.0004872911   0.0008092411   0.0008804822
        0.0010193139  -0.0020148505  -0.0006487470   0.0003601061  -0.0001743568
       -0.0002497180  -0.0008109279  -0.0004906343   0.0006940776  -0.0000299941
        0.0001374137  -0.0000397230   0.0000305893   0.0000240940   0.0000364618
        0.0000271865  -0.0000050687   0.0000084730  -0.0000317479   0.0000154971
       -0.0000044856   0.0000011405  -0.0000178122   0.0000008272   0.0000132161
       -0.0538033027   0.0109653000   0.0107141220  -0.1557942088   0.0709369131
        0.0187938376  -0.0040570673   0.0513462056   0.0030927164   0.4369999604
       -0.0331945316  -0.0789777476  -0.1433168136  -0.0640796961   0.0225295468
       -0.0315784253  -0.0093952275   0.0078602595  -0.0083115491   0.0048882509
       -0.0000451839   0.0021704179   0.0011500596   0.0024686494  -0.0006401172
        0.0001247702  -0.0015801865  -0.0007623873  -0.0007414265   0.0000220574
       -0.0019464423  -0.0000016885   0.0005436263   0.0002675467   0.0008850539
        0.0010008736  -0.0059633655  -0.0032736553   0.0019880859  -0.0246860474
       -0.0169149783   0.0001967447  -0.0127357000  -0.0106679018   0.0119868440
        0.0019482431  -0.0009601909  -0.0002056993   0.0018916511  -0.0011043981
       -0.0003051563   0.0000340214  -0.0000672485   0.0000340640   0.0001322362
        0.0001021247  -0.0000506773   0.0001513497   0.0000022651  -0.0000667768
       -0.0010206564   0.0111530218   0.0027354656   0.0608498395  -0.1419890251
       -0.0095579423   0.0506894621  -0.1057683124  -0.0035719852  -0.0331945316
        0.3604803694  -0.0085875385  -0.0521757812  -0.1096212934   0.0142070325
        0.0166794329   0.0114577009  -0.0045317615   0.0079795227  -0.0020602413
       -0.0009195777  -0.0002563946  -0.0014535747  -0.0012976605  -0.0001474653
        0.0004653557   0.0006463878   0.0003723074   0.0005772328   0.0000411770
       -0.0001177933  -0.0005662335  -0.0004320183  -0.0004597972   0.0002065600
       -0.0011312834  -0.0025434692  -0.0000161099   0.0001971101  -0.0264824273
       -0.0146789647   0.0044732803  -0.0184640485  -0.0095910849   0.0075585741
       -0.0008479182   0.0003957273  -0.0003713087  -0.0008387317   0.0010033810
        0.0005224946   0.0000984175   0.0000913672   0.0000095560  -0.0000953106
       -0.0000308716  -0.0000007225  -0.0000246573  -0.0000550046   0.0000107206
        0.0123736231  -0.0018096551   0.0048022080   0.0193187209  -0.0109377808
       -0.0584889605   0.0034540306  -0.0040867657   0.0252825058  -0.0789777476
       -0.0085875385   0.0908370247   0.0231628889   0.0174587038  -0.0629850746
        0.0042685183   0.0005144377   0.0007826118   0.0011878486  -0.0006041166
        0.0011712734  -0.0002177307  -0.0004182113  -0.0015855333  -0.0004522128
        0.0001039265   0.0008068125   0.0000652460   0.0000655470   0.0001202772
        0.0016165570  -0.0002225749  -0.0002453324  -0.0011677938  -0.0006627867
       -0.0003212678   0.0016574410   0.0004265763   0.0001055088  -0.0171233388
       -0.0068350885   0.0075301422   0.0313051133   0.0152737884  -0.0081509357
        0.0004619558  -0.0003483961   0.0002368113  -0.0008442864   0.0006761194
        0.0000414564   0.0000008217   0.0000075050  -0.0000074170  -0.0000063621
       -0.0000231274   0.0000144768  -0.0000832931   0.0000094374   0.0000534121
       -0.0005485608   0.0036498337   0.0019037045  -0.0475159562   0.0046431287
        0.0103966014   0.0016714729  -0.0035715187  -0.0011375578  -0.1433168136
       -0.0521757812   0.0231628889   0.4183242301  -0.0120050245   0.0187154932
       -0.0963108862   0.0633006854  -0.0063862546  -0.0389365715   0.0131471130
        0.0074954596  -0.0002898465   0.0011111112   0.0001446622  -0.0009230423
        0.0005595852   0.0001057587   0.0002791950  -0.0007026336   0.0001778899
       -0.0005299514  -0.0000173210   0.0004070761  -0.0000789210   0.0004584893
       -0.0002025791  -0.0015914925  -0.0009238319  -0.0002533386  -0.0500103001
       -0.0320706221  -0.0376506311  -0.0399511828   0.0084827272  -0.0153346511
       -0.0042502762   0.0076210428  -0.0027295112   0.0040274157  -0.0014553740
        0.0012116024  -0.0001572552  -0.0000485487   0.0000546187   0.0001249745
       -0.0000092215   0.0000449525  -0.0000162319   0.0000061606  -0.0001261846
        0.0041386178  -0.0014748051  -0.0005602887   0.0108885620   0.0158310554
       -0.0030057078   0.0052277060   0.0013410570  -0.0014214317  -0.0640796961
       -0.1096212934   0.0174587038  -0.0120050245   0.4865088951   0.0078935746
        0.0615876184  -0.1466442281   0.0004120348  -0.0070864643   0.0101114046
       -0.0010344968  -0.0008837758   0.0018791170   0.0018559982   0.0004335618
       -0.0003847206  -0.0007120405  -0.0002137677  -0.0006648039  -0.0001369933
        0.0001153390   0.0001696371   0.0000789839  -0.0002601051   0.0001723768
       -0.0000817712   0.0007914930   0.0003210902  -0.0003007049  -0.0322535650
       -0.1398677426  -0.1059857402   0.0082312655  -0.0835285185   0.0852056234
        0.0111386409  -0.0129232708   0.0030614475   0.0143776589  -0.0211332342
       -0.0028245104  -0.0001080519  -0.0000658526   0.0000452371  -0.0000424760
       -0.0000085662   0.0000457039   0.0000024631  -0.0000175972   0.0000063783
        0.0009833877   0.0002860906   0.0054350501   0.0097374660  -0.0016764703
       -0.0016142701  -0.0017786944   0.0003286648  -0.0031932668   0.0225295468
        0.0142070325  -0.0629850746   0.0187154932   0.0078935746   0.5121478636
       -0.0053230051  -0.0013676847  -0.0673374430   0.0126742340  -0.0044984754
        0.0001805937  -0.0010213895   0.0000837668   0.0004643983   0.0005842631
       -0.0003240749   0.0005185269  -0.0000007326   0.0003179423  -0.0001610259
        0.0013818324   0.0003820255  -0.0004117128   0.0000898584  -0.0003485678
        0.0001763679  -0.0002773951  -0.0002174214   0.0004493820  -0.0344719565
       -0.1036566480  -0.1581902855  -0.0179879064   0.0837633490  -0.2234150303
       -0.0176607085   0.0219921221  -0.0015760866   0.0118667869  -0.0171454031
       -0.0004964099   0.0000095992   0.0000052011   0.0000085026  -0.0000562986
        0.0000037663  -0.0000067427   0.0000056190  -0.0000287901   0.0000066631
       -0.0003948212   0.0004381772   0.0003031544  -0.0046809365  -0.0010523863
        0.0007225663   0.0009980759  -0.0005118459  -0.0001786255  -0.0315784253
        0.0166794329   0.0042685183  -0.0963108862   0.0615876184  -0.0053230051
        0.4119643826   0.0110828160   0.0376800144  -0.1484667860  -0.0349954153
        0.0464526592  -0.0360953176  -0.0210113441  -0.0095543026   0.0009797460
        0.0024671735   0.0016658599   0.0014393234  -0.0028614215  -0.0021101665
       -0.0000398135   0.0000116399   0.0000745370  -0.0000066281   0.0001071635
       -0.0000558033  -0.0002943639  -0.0001411033   0.0000049341   0.0033155130
       -0.0009340951   0.0012338375  -0.0034261955   0.0058990758  -0.0023595601
       -0.0415392268   0.0087446466  -0.0252431047  -0.0537747918  -0.0448992630
       -0.0474257355  -0.0017654488   0.0000716245   0.0003507667  -0.0003607121
       -0.0005842309   0.0000863702   0.0000373124  -0.0000982628  -0.0005929148
       -0.0009546455   0.0002619973   0.0002616418  -0.0006935205  -0.0046406006
        0.0004211930   0.0008900338   0.0019445015  -0.0003131670  -0.0093952275
        0.0114577009   0.0005144377   0.0633006854  -0.1466442281  -0.0013676847
        0.0110828160   0.4778869181   0.0258357327  -0.0312955441  -0.0667690255
        0.0119626549  -0.0237349180  -0.0130140477  -0.0033505421   0.0008461596
       -0.0022642777   0.0040630857  -0.0029787949   0.0038717686  -0.0028004538
       -0.0000245549   0.0000075242  -0.0000145432   0.0000455020   0.0000250359
        0.0000402292  -0.0001877008  -0.0000591545   0.0000679747   0.0149807933
       -0.0196784088  -0.0029021958   0.0111948960  -0.0128881158   0.0025715104
        0.0107403277  -0.0734400730   0.0777784987  -0.0422823448  -0.1555872074
       -0.1125051677  -0.0000641039   0.0002761578  -0.0002304183  -0.0014886528
       -0.0008579524   0.0003622705   0.0000187937   0.0001114872  -0.0003950568
        0.0002361415  -0.0001121062  -0.0000033669   0.0010152453   0.0007748696
        0.0000874224  -0.0000647328  -0.0001916478   0.0001201517   0.0078602595
       -0.0045317615   0.0007826118  -0.0063862546   0.0004120348  -0.0673374430
        0.0376800144   0.0258357327   0.5385978640   0.0570911078   0.0161681124
       -0.1001877079  -0.0151828966  -0.0031341208   0.0152133169  -0.0038886852
       -0.0013004162   0.0009309733  -0.0025242202  -0.0034712678  -0.0012478127
        0.0000516236   0.0000425364  -0.0000395476   0.0000002156  -0.0000243543
        0.0000428749   0.0000634413   0.0000085502   0.0000067255   0.0130713566
       -0.0171615242  -0.0005140912  -0.0173647734   0.0214728354  -0.0012133245
       -0.0278681950   0.0745138638  -0.2350702251  -0.0430884044  -0.1091212206
       -0.1508430309  -0.0008293525  -0.0003945890   0.0003580905  -0.0000878310
        0.0001685176   0.0000659828   0.0002159402   0.0000459552   0.0002505360
       -0.0013755402   0.0004843935   0.0003202178   0.0000944039  -0.0035507155
       -0.0001099775  -0.0001311286   0.0014392584   0.0000421949  -0.0083115491
        0.0079795227   0.0011878486  -0.0389365715  -0.0070864643   0.0126742340
       -0.1484667860  -0.0312955441   0.0570911078   0.3811166399   0.1414918774
       -0.0009578227  -0.1213401507  -0.0451276802  -0.0499927225   0.0134961759
       -0.0140004482  -0.0242084134  -0.0429274033  -0.0275419795  -0.0141786460
        0.0000502698  -0.0000127980  -0.0000109776   0.0001719354   0.0000898604
       -0.0000743909  -0.0001862696  -0.0000199123   0.0000872972   0.0010950238
       -0.0005028905  -0.0003890513   0.0020786241  -0.0013891393  -0.0001480046
       -0.0106796483  -0.0069902625   0.0127819962  -0.0186794981  -0.0110622260
        0.0031284283  -0.0049614419  -0.0020060461   0.0023053415  -0.0024762841
       -0.0007706790   0.0008624394   0.0003691986  -0.0001281267  -0.0004110992
        0.0001398658  -0.0000360605  -0.0000320780   0.0010711050   0.0000790034
       -0.0002627637  -0.0002065927   0.0003454390   0.0000407329   0.0048882509
       -0.0020602413  -0.0006041166   0.0131471130   0.0101114046  -0.0044984754
       -0.0349954153  -0.0667690255   0.0161681124   0.1414918774   0.1638296913
        0.0778142470  -0.0442700607  -0.0888639547  -0.0497237497  -0.0130050451
        0.0033472948  -0.0496401754  -0.0241704764  -0.0039634097  -0.0059511733
        0.0000315174  -0.0000273852  -0.0000228619   0.0000576791  -0.0000422649
       -0.0000382679   0.0000582249   0.0000663141   0.0000024350  -0.0008509997
        0.0011059147   0.0001005135  -0.0006816595   0.0011877498  -0.0006428061
       -0.0174833454  -0.0064896294   0.0093614825  -0.0232106862  -0.0094697842
        0.0066585175  -0.0015898638  -0.0005542003   0.0009424622  -0.0017117746
       -0.0010395635   0.0003345315   0.0012902859  -0.0007572924  -0.0000065663
       -0.0001463336  -0.0000148485   0.0000996967   0.0005912469   0.0001267725
       -0.0005190293  -0.0001890925  -0.0000236342   0.0001937679  -0.0000451839
       -0.0009195777   0.0011712734   0.0074954596  -0.0010344968   0.0001805937
        0.0464526592   0.0119626549  -0.1001877079  -0.0009578227   0.0778142470
        0.3435522453  -0.0416893376  -0.0456297879  -0.1448642062  -0.0252142744
       -0.0497447653  -0.1004080973  -0.0030038232   0.0005653921   0.0080860048
        0.0000254493  -0.0000152946  -0.0000041492  -0.0000436213  -0.0000558448
       -0.0000331201  -0.0000093552   0.0000255181   0.0000141358  -0.0008848805
        0.0004303594  -0.0004654020   0.0001248824  -0.0002147982   0.0003368880
        0.0317260326   0.0130543029  -0.0155040503  -0.0173930210  -0.0070114626
        0.0070771749   0.0016722507   0.0007406732   0.0004556666   0.0011108542
        0.0000120589   0.0001211642   0.0003779113  -0.0000674684   0.0006971509
        0.0009439315   0.0000385819  -0.0000713138  -0.0026821354   0.0015774433
        0.0003792583   0.0008410487  -0.0010653439  -0.0000807864   0.0021704179
       -0.0002563946  -0.0002177307  -0.0002898465  -0.0008837758  -0.0010213895
       -0.0360953176  -0.0237349180  -0.0151828966  -0.1213401507  -0.0442700607
       -0.0416893376   0.4708468880   0.0803170008  -0.1667312171  -0.1225747462
        0.0237272572   0.1710796368  -0.1527904837  -0.0285886790   0.0463859582
       -0.0000360857   0.0000124357   0.0000375051  -0.0000888740  -0.0000514714
       -0.0000031538   0.0000040476  -0.0000091252  -0.0000759017  -0.0009361539
        0.0006633192   0.0006442309  -0.0004949357   0.0002641918  -0.0004026918
        0.0006601831  -0.0002525932  -0.0011624850  -0.0044039323  -0.0018125200
        0.0011058321  -0.0094216967  -0.0055859758  -0.0015582974  -0.0267861384
       -0.0035558866   0.0063808830   0.0024739799   0.0034665144   0.0021838969
        0.0003722999  -0.0001666935  -0.0001069082  -0.0007303241   0.0015637053
        0.0002930675   0.0000152659  -0.0009166129  -0.0000626167   0.0011500596
       -0.0014535747  -0.0004182113   0.0011111112   0.0018791170   0.0000837668
       -0.0210113441  -0.0130140477  -0.0031341208  -0.0451276802  -0.0888639547
       -0.0456297879   0.0803170008   0.2633740287   0.1063621111   0.0188256631
       -0.0785595197  -0.0744669414  -0.0226759545  -0.0790600379   0.0164221802
       -0.0000296292   0.0000253811   0.0000331472  -0.0000725957   0.0000138209
        0.0000342636   0.0000493351  -0.0000287569  -0.0000411016   0.0008741788
       -0.0001019833  -0.0002225993   0.0001149070  -0.0001120374   0.0003136043
       -0.0006992222   0.0012110244  -0.0010944619  -0.0038697347  -0.0011385661
       -0.0003462100  -0.0267135096  -0.0108549596   0.0108342691   0.0159719082
        0.0050704543  -0.0081148881   0.0021282646   0.0011332129  -0.0007385626
        0.0006018875  -0.0001809663  -0.0003290494  -0.0009950498   0.0013274052
        0.0011234370   0.0002977143  -0.0006522511  -0.0004137792   0.0024686494
       -0.0012976605  -0.0015855333   0.0001446622   0.0018559982   0.0004643983
       -0.0095543026  -0.0033505421   0.0152133169  -0.0499927225  -0.0497237497
       -0.1448642062  -0.1667312171   0.1063621111   0.8038910747   0.1545564763
       -0.0802370998  -0.5774584607   0.0473552153   0.0191028605  -0.0883828429
       -0.0000768621   0.0000227210   0.0000066942  -0.0000228378   0.0000662158
        0.0000829575   0.0001004775  -0.0000235360  -0.0000489378   0.0019572056
       -0.0009029600   0.0005752960  -0.0008503883   0.0000689459  -0.0005628254
        0.0023545838   0.0031448946   0.0007959834   0.0024780184   0.0013950827
       -0.0023157778  -0.0026880475  -0.0014777312   0.0048325864  -0.0055732343
       -0.0016742207   0.0061116667   0.0241697716   0.0061744826  -0.0171359984
       -0.0003480174  -0.0000796752  -0.0000433509   0.0012480991  -0.0005737551
        0.0001700733  -0.0003499025   0.0004533379  -0.0001343648  -0.0006401172
       -0.0001474653  -0.0004522128  -0.0009230423   0.0004335618   0.0005842631
        0.0009797460   0.0008461596  -0.0038886852   0.0134961759  -0.0130050451
       -0.0252142744  -0.1225747462   0.0188256631   0.1545564763   0.1245736408
       -0.0059960850  -0.1736252733  -0.0116351452   0.0006775745   0.0443124401
       -0.0000026527  -0.0000011331  -0.0000099085   0.0000465681   0.0000621102
        0.0000102657   0.0000169380  -0.0000034821   0.0000219142   0.0001867053
       -0.0008607190  -0.0002774640   0.0000955731  -0.0002749871   0.0000107758
        0.0001364094   0.0010159775  -0.0003443794   0.0005894804   0.0007827876
       -0.0008583130   0.0009494490   0.0010095054   0.0006474833   0.0015212043
       -0.0002609333   0.0001989685  -0.0073663657  -0.0029033973   0.0043355660
       -0.0000488878   0.0000909750   0.0000137162   0.0002233857  -0.0006265180
       -0.0001228288   0.0000590485   0.0003872325   0.0000986602   0.0001247702
        0.0004653557   0.0001039265   0.0005595852  -0.0003847206  -0.0003240749
        0.0024671735  -0.0022642777  -0.0013004162  -0.0140004482   0.0033472948
       -0.0497447653   0.0237272572  -0.0785595197  -0.0802370998  -0.0059960850
        0.0620107089   0.1254046854  -0.0055885734   0.0130666135   0.0045542372
        0.0000119124  -0.0000114745  -0.0000039340   0.0000363484   0.0000049359
       -0.0000260712  -0.0000201723   0.0000053955   0.0000204169  -0.0003992169
        0.0000076481   0.0002593756  -0.0000272417  -0.0000442846  -0.0000628842
        0.0007433401  -0.0005436146   0.0003191022   0.0005812496   0.0005988014
       -0.0000016717   0.0013551388   0.0012467078  -0.0011505976  -0.0022068365
       -0.0001769584   0.0015056664  -0.0016017477   0.0013796990   0.0006945572
       -0.0003581959   0.0000907547   0.0002018117   0.0008969452  -0.0010075614
       -0.0006896362  -0.0002458856   0.0006019849   0.0001785341  -0.0015801865
        0.0006463878   0.0008068125   0.0001057587  -0.0007120405   0.0005185269
        0.0016658599   0.0040630857   0.0009309733  -0.0242084134  -0.0496401754
       -0.1004080973   0.1710796368  -0.0744669414  -0.5774584607  -0.1736252733
        0.1254046854   0.7130477170   0.0238342018  -0.0055399612  -0.0331709440
        0.0000451042  -0.0000175321   0.0000115879   0.0000339554  -0.0000195251
       -0.0000584946  -0.0000570939   0.0000207133   0.0000323753  -0.0012202547
        0.0004680906  -0.0002311417   0.0005127111  -0.0003067739   0.0001631080
       -0.0005087306  -0.0011142763   0.0004506255   0.0004553785   0.0004479181
        0.0012464229  -0.0029480799  -0.0003924855  -0.0009203875  -0.0006260453
       -0.0006072527  -0.0022723562   0.0067486076   0.0020809052  -0.0023789770
       -0.0003455825  -0.0000021610   0.0000234241   0.0009160843  -0.0006316179
       -0.0000923242  -0.0002981386   0.0003945711   0.0000031352  -0.0007623873
        0.0003723074   0.0000652460   0.0002791950  -0.0002137677  -0.0000007326
        0.0014393234  -0.0029787949  -0.0025242202  -0.0429274033  -0.0241704764
       -0.0030038232  -0.1527904837  -0.0226759545   0.0473552153  -0.0116351452
       -0.0055885734   0.0238342018   0.4624614148   0.0039276472   0.0233935552
        0.0000061187  -0.0000097816  -0.0000073298   0.0000358398   0.0000268132
       -0.0000003781  -0.0000161041  -0.0000004784   0.0000345286   0.0001598788
       -0.0001909790  -0.0000224472   0.0000339200  -0.0000782014   0.0000565155
       -0.0002987046   0.0000752490   0.0000781247  -0.0012652373  -0.0004292329
        0.0005811813  -0.0465850180  -0.0503957066  -0.0109736765  -0.1663776327
        0.1058452262  -0.0624877618  -0.0420299375  -0.0032760885  -0.0163124342
       -0.0001191281   0.0000557363   0.0000205220   0.0001958074  -0.0005749885
       -0.0000031094  -0.0000050991   0.0003240031  -0.0000337687  -0.0007414265
        0.0005772328   0.0000655470  -0.0007026336  -0.0006648039   0.0003179423
       -0.0028614215   0.0038717686  -0.0034712678  -0.0275419795  -0.0039634097
        0.0005653921  -0.0285886790  -0.0790600379   0.0191028605   0.0006775745
        0.0130666135  -0.0055399612   0.0039276472   0.4974614447   0.0227090490
        0.0000039479  -0.0000026277  -0.0000009150   0.0000196326   0.0000159677
       -0.0000094096  -0.0000189487   0.0000028944   0.0000125245  -0.0000474323
       -0.0001082956   0.0000866348  -0.0000846798  -0.0000687957  -0.0000717542
        0.0005749907   0.0003724247  -0.0000837008  -0.0002299868  -0.0000365550
        0.0001083324  -0.0512370253  -0.2629671654  -0.0608194526   0.1097470650
       -0.1222342931   0.0526631836  -0.0029682253  -0.0460671132  -0.0256186488
        0.0000040550   0.0000079651   0.0000284631  -0.0000811300   0.0000171731
       -0.0000907516   0.0000202897  -0.0000111187   0.0000751814   0.0000220574
        0.0000411770   0.0001202772   0.0001778899  -0.0001369933  -0.0001610259
       -0.0021101665  -0.0028004538  -0.0012478127  -0.0141786460  -0.0059511733
        0.0080860048   0.0463859582   0.0164221802  -0.0883828429   0.0443124401
        0.0045542372  -0.0331709440   0.0233935552   0.0227090490   0.5379398111
        0.0000145984   0.0000026354   0.0000053630  -0.0000053674  -0.0000114988
       -0.0000105643  -0.0000111018  -0.0000008359   0.0000008958  -0.0001956508
        0.0001125178  -0.0001405807   0.0000674011  -0.0000124433   0.0001431574
       -0.0002117853  -0.0002777989  -0.0002274157  -0.0007616006  -0.0002915378
        0.0003285526  -0.0122501492  -0.0607493957  -0.0603072201  -0.0659828927
        0.0529084464  -0.0719433294  -0.0186097548  -0.0265321317  -0.2910452191
       -0.0948434751  -0.0172855913  -0.1073612176  -0.0175436399  -0.0089347581
       -0.0230167381  -0.0003423524   0.0006633023   0.0021355196  -0.0019464423
       -0.0001177933   0.0016165570  -0.0005299514   0.0001153390   0.0013818324
       -0.0000398135  -0.0000245549   0.0000516236   0.0000502698   0.0000315174
        0.0000254493  -0.0000360857  -0.0000296292  -0.0000768621  -0.0000026527
        0.0000119124   0.0000451042   0.0000061187   0.0000039479   0.0000145984
        0.1093340598   0.0213770678   0.1191775920  -0.0027761647   0.0009245905
       -0.0081250757   0.0086205307   0.0031780965   0.0140466001   0.0002843057
        0.0001257503   0.0000134366  -0.0002338461  -0.0000325605   0.0000453435
        0.0000581788  -0.0000369909   0.0000162992  -0.0000579731   0.0000216834
        0.0000118054   0.0000011613   0.0000076434   0.0000002018   0.0000040761
       -0.0000019649  -0.0000015511  -0.0000063039   0.0000029922  -0.0000005185
       -0.0181289609  -0.0428284083  -0.0332464981  -0.0097041399  -0.0025424200
       -0.0130673771  -0.0004165830  -0.0013823507   0.0027397954  -0.0000016885
       -0.0005662335  -0.0002225749  -0.0000173210   0.0001696371   0.0003820255
        0.0000116399   0.0000075242   0.0000425364  -0.0000127980  -0.0000273852
       -0.0000152946   0.0000124357   0.0000253811   0.0000227210  -0.0000011331
       -0.0000114745  -0.0000175321  -0.0000097816  -0.0000026277   0.0000026354
        0.0213770678   0.0474893983   0.0365107256   0.0136390650   0.0025677748
        0.0241850216  -0.0068202134  -0.0029113863  -0.0173065620   0.0000951552
       -0.0000109217  -0.0000050281  -0.0000656865   0.0000211307  -0.0000090708
        0.0000091311  -0.0000149224   0.0000059408   0.0000328720   0.0000008814
        0.0000013676  -0.0000032138   0.0000040061  -0.0000034203   0.0000023998
        0.0000079777  -0.0000003639   0.0000017531   0.0000044188   0.0000009527
       -0.1019249467  -0.0303823298  -0.2209085996  -0.0022591631  -0.0018835660
        0.0046291876   0.0005540680   0.0012121394  -0.0004872911   0.0005436263
       -0.0004320183  -0.0002453324   0.0004070761   0.0000789839  -0.0004117128
        0.0000745370  -0.0000145432  -0.0000395476  -0.0000109776  -0.0000228619
       -0.0000041492   0.0000375051   0.0000331472   0.0000066942  -0.0000099085
       -0.0000039340   0.0000115879  -0.0000073298  -0.0000009150   0.0000053630
        0.1191775920   0.0365107256   0.2526989166  -0.0085109992   0.0006751754
       -0.0144957828  -0.0081813228  -0.0058686370  -0.0207555666   0.0000338403
        0.0000408653  -0.0000256211   0.0000661565   0.0000357889   0.0000016845
        0.0000087720   0.0000017908  -0.0000212734  -0.0000047560   0.0000149397
        0.0000213627   0.0000022960  -0.0000022132   0.0000044735   0.0000009151
        0.0000041730   0.0000041618   0.0000030194   0.0000032893   0.0000114450
       -0.0527773575   0.0499001867  -0.0205465667   0.0066016356  -0.0199472178
        0.0111038287  -0.0061464901  -0.0068093879   0.0008092411   0.0002675467
       -0.0004597972  -0.0011677938  -0.0000789210  -0.0002601051   0.0000898584
       -0.0000066281   0.0000455020   0.0000002156   0.0001719354   0.0000576791
       -0.0000436213  -0.0000888740  -0.0000725957  -0.0000228378   0.0000465681
        0.0000363484   0.0000339554   0.0000358398   0.0000196326  -0.0000053674
       -0.0027761647   0.0136390650  -0.0085109992   0.0585547422  -0.0523124267
        0.0250438764  -0.0038382335   0.0161062983  -0.0067406444   0.0000917277
        0.0000367638   0.0000394885   0.0000578736   0.0000055759  -0.0000883235
       -0.0000948973   0.0000031329  -0.0000443658  -0.0000161180   0.0000128897
        0.0000498312   0.0000017510   0.0000062010   0.0000011840  -0.0000013027
       -0.0000050644   0.0000013246  -0.0000046330  -0.0000026806  -0.0000022839
        0.0490372925  -0.2376727421   0.0940037109  -0.0011173051  -0.0177654396
        0.0080883985  -0.0042766458  -0.0027200177   0.0008804822   0.0008850539
        0.0002065600  -0.0006627867   0.0004584893   0.0001723768  -0.0003485678
        0.0001071635   0.0000250359  -0.0000243543   0.0000898604  -0.0000422649
       -0.0000558448  -0.0000514714   0.0000138209   0.0000662158   0.0000621102
        0.0000049359  -0.0000195251   0.0000268132   0.0000159677  -0.0000114988
        0.0009245905   0.0025677748   0.0006751754  -0.0523124267   0.2726145570
       -0.1087948122   0.0058753156  -0.0175649495   0.0063200091   0.0000983630
        0.0000014920   0.0000313497   0.0002095425   0.0000362000  -0.0001323050
       -0.0000343475   0.0000460573  -0.0000301817   0.0000130157   0.0000397074
        0.0000110169   0.0000006069   0.0000019927  -0.0000003573   0.0000019195
        0.0000112040  -0.0000020419   0.0000020598   0.0000077314   0.0000059171
       -0.0192137545   0.0938334829  -0.0858465478  -0.0036202427   0.0058613833
       -0.0027010839   0.0016398616   0.0018325459   0.0010193139   0.0010008736
       -0.0011312834  -0.0003212678  -0.0002025791  -0.0000817712   0.0001763679
       -0.0000558033   0.0000402292   0.0000428749  -0.0000743909  -0.0000382679
       -0.0000331201  -0.0000031538   0.0000342636   0.0000829575   0.0000102657
       -0.0000260712  -0.0000584946  -0.0000003781  -0.0000094096  -0.0000105643
       -0.0081250757   0.0241850216  -0.0144957828   0.0250438764  -0.1087948122
        0.0946578745   0.0037883799  -0.0156045230   0.0075030219  -0.0001060758
       -0.0000702791  -0.0000218091  -0.0001146831   0.0000017601   0.0000254855
       -0.0000131788  -0.0000072830   0.0000318212   0.0000559879  -0.0000199863
       -0.0000641394  -0.0000059872  -0.0000066493   0.0000073611  -0.0000041460
       -0.0000047639   0.0000072064   0.0000002038   0.0000064133  -0.0000014749
       -0.1194803429   0.0809958502   0.0869620649  -0.0197203146   0.0114329181
        0.0178683209   0.0019134749   0.0027165352  -0.0020148505  -0.0059633655
       -0.0025434692   0.0016574410  -0.0015914925   0.0007914930  -0.0002773951
       -0.0002943639  -0.0001877008   0.0000634413  -0.0001862696   0.0000582249
       -0.0000093552   0.0000040476   0.0000493351   0.0001004775   0.0000169380
       -0.0000201723  -0.0000570939  -0.0000161041  -0.0000189487  -0.0000111018
        0.0086205307  -0.0068202134  -0.0081813228  -0.0038382335   0.0058753156
        0.0037883799   0.1404046406  -0.0923946806  -0.0998086973  -0.0000603998
        0.0000518791   0.0000333630   0.0001466188   0.0000794204  -0.0001052681
        0.0000046508  -0.0000129929   0.0000322911   0.0000361145  -0.0000627212
       -0.0000377892  -0.0000060615   0.0000023248   0.0000013824   0.0000029855
        0.0000033720   0.0000028934   0.0000069466   0.0000042305  -0.0000071815
        0.0812285675  -0.1252376807  -0.0839173807  -0.0038070272   0.0086958548
        0.0079027283  -0.0000340081   0.0001449102  -0.0006487470  -0.0032736553
       -0.0000161099   0.0004265763  -0.0009238319   0.0003210902  -0.0002174214
       -0.0001411033  -0.0000591545   0.0000085502  -0.0000199123   0.0000663141
        0.0000255181  -0.0000091252  -0.0000287569  -0.0000235360  -0.0000034821
        0.0000053955   0.0000207133  -0.0000004784   0.0000028944  -0.0000008359
        0.0031780965  -0.0029113863  -0.0058686370   0.0161062983  -0.0175649495
       -0.0156045230  -0.0923946806   0.1365542431   0.0978991747   0.0000440046
        0.0000379631   0.0000319151   0.0000714411   0.0000190683  -0.0000388377
        0.0000017304  -0.0000232034  -0.0000072926  -0.0000186166  -0.0000180783
        0.0000148077  -0.0000016276   0.0000064498   0.0000011414   0.0000011896
        0.0000020792  -0.0000016286  -0.0000037795   0.0000030570  -0.0000022852
        0.0876646082  -0.0826580610  -0.1304133615   0.0041562302  -0.0051041881
       -0.0043667950  -0.0010612398   0.0008887401   0.0003601061   0.0019880859
        0.0001971101   0.0001055088  -0.0002533386  -0.0003007049   0.0004493820
        0.0000049341   0.0000679747   0.0000067255   0.0000872972   0.0000024350
        0.0000141358  -0.0000759017  -0.0000411016  -0.0000489378   0.0000219142
        0.0000204169   0.0000323753   0.0000345286   0.0000125245   0.0000008958
        0.0140466001  -0.0173065620  -0.0207555666  -0.0067406444   0.0063200091
        0.0075030219  -0.0998086973   0.0978991747   0.1470945903   0.0000680931
        0.0000170924   0.0000066724  -0.0000798290  -0.0000417146  -0.0000071483
       -0.0000077826   0.0000120035  -0.0000020366  -0.0000317634   0.0000225904
        0.0000076235  -0.0000030440   0.0000021652   0.0000025899  -0.0000044281
       -0.0000042054   0.0000068056  -0.0000056228  -0.0000056988   0.0000034130
        0.0000116148   0.0002066591   0.0009355733   0.0003832307  -0.0040541434
       -0.0009299740   0.0009096375   0.0013511266  -0.0001743568  -0.0246860474
       -0.0264824273  -0.0171233388  -0.0500103001  -0.0322535650  -0.0344719565
        0.0033155130   0.0149807933   0.0130713566   0.0010950238  -0.0008509997
       -0.0008848805  -0.0009361539   0.0008741788   0.0019572056   0.0001867053
       -0.0003992169  -0.0012202547   0.0001598788  -0.0000474323  -0.0001956508
        0.0002843057   0.0000951552   0.0000338403   0.0000917277   0.0000983630
       -0.0001060758  -0.0000603998   0.0000440046   0.0000680931   0.0696044180
        0.0450650919   0.0423796284   0.0014921537  -0.0015748270  -0.0038787569
        0.0007416166  -0.0004165175   0.0004750230  -0.0026031468   0.0033636382
        0.0001640511  -0.0000804052  -0.0000512017  -0.0000229696   0.0000304791
        0.0000059765  -0.0000319535   0.0000701484   0.0000453434  -0.0000446035
       -0.0000906956  -0.0001033242   0.0001574503   0.0011610176   0.0011235242
       -0.0001425512  -0.0003406050  -0.0000851106  -0.0002497180  -0.0169149783
       -0.0146789647  -0.0068350885  -0.0320706221  -0.1398677426  -0.1036566480
       -0.0009340951  -0.0196784088  -0.0171615242  -0.0005028905   0.0011059147
        0.0004303594   0.0006633192  -0.0001019833  -0.0009029600  -0.0008607190
        0.0000076481   0.0004680906  -0.0001909790  -0.0001082956   0.0001125178
        0.0001257503  -0.0000109217   0.0000408653   0.0000367638   0.0000014920
       -0.0000702791   0.0000518791   0.0000379631   0.0000170924   0.0450650919
        0.1678507251   0.1212445502   0.0025593989   0.0075579977   0.0072578913
       -0.0007208786   0.0004541534  -0.0006704504   0.0030407974  -0.0034566845
       -0.0000804464  -0.0000565303   0.0000065749   0.0000413415  -0.0000039361
       -0.0000212851   0.0000024724  -0.0000170885  -0.0000332720  -0.0000029655
        0.0001284658   0.0000452569  -0.0002513639   0.0006947102  -0.0016488832
        0.0012100275   0.0003657094   0.0010775796  -0.0008109279   0.0001967447
        0.0044732803   0.0075301422  -0.0376506311  -0.1059857402  -0.1581902855
        0.0012338375  -0.0029021958  -0.0005140912  -0.0003890513   0.0001005135
       -0.0004654020   0.0006442309  -0.0002225993   0.0005752960  -0.0002774640
        0.0002593756  -0.0002311417  -0.0000224472   0.0000866348  -0.0001405807
        0.0000134366  -0.0000050281  -0.0000256211   0.0000394885   0.0000313497
       -0.0000218091   0.0000333630   0.0000319151   0.0000066724   0.0423796284
        0.1212445502   0.1759749016  -0.0072720709  -0.0175935051  -0.0263902429
       -0.0003759764   0.0009161700   0.0007558714   0.0002502105   0.0000842688
        0.0010392213   0.0000531859   0.0000295524   0.0000166078  -0.0000682926
        0.0000053545   0.0000019439   0.0000229222  -0.0000278498  -0.0000692183
       -0.0006226248  -0.0001303977  -0.0009670451   0.0006997901  -0.0029116646
        0.0016740093   0.0008297171   0.0007561621  -0.0004906343  -0.0127357000
       -0.0184640485   0.0313051133  -0.0399511828   0.0082312655  -0.0179879064
       -0.0034261955   0.0111948960  -0.0173647734   0.0020786241  -0.0006816595
        0.0001248824  -0.0004949357   0.0001149070  -0.0008503883   0.0000955731
       -0.0000272417   0.0005127111   0.0000339200  -0.0000846798   0.0000674011
       -0.0002338461  -0.0000656865   0.0000661565   0.0000578736   0.0002095425
       -0.0001146831   0.0001466188   0.0000714411  -0.0000798290   0.0014921537
        0.0025593989  -0.0072720709   0.0541861854  -0.0036502846   0.0113550444
       -0.0027285793   0.0035172860   0.0003149723   0.0006381669  -0.0006710660
       -0.0003178384  -0.0000296925  -0.0000047447  -0.0000329395   0.0000598461
       -0.0000083919   0.0000162062  -0.0000957121   0.0000449662   0.0000416118
       -0.0002174571  -0.0002189872  -0.0002353145   0.0009060895   0.0013347067
       -0.0003018555  -0.0006588723  -0.0002347446   0.0006940776  -0.0106679018
       -0.0095910849   0.0152737884   0.0084827272  -0.0835285185   0.0837633490
        0.0058990758  -0.0128881158   0.0214728354  -0.0013891393   0.0011877498
       -0.0002147982   0.0002641918  -0.0001120374   0.0000689459  -0.0002749871
       -0.0000442846  -0.0003067739  -0.0000782014  -0.0000687957  -0.0000124433
       -0.0000325605   0.0000211307   0.0000357889   0.0000055759   0.0000362000
        0.0000017601   0.0000794204   0.0000190683  -0.0000417146  -0.0015748270
        0.0075579977  -0.0175935051  -0.0036502846   0.0997641795  -0.1035968865
        0.0031973422  -0.0035734039   0.0001648709  -0.0002597660   0.0003557955
        0.0008475086  -0.0000384965  -0.0000038249  -0.0000107232  -0.0000147589
       -0.0000175666   0.0000053751   0.0000228296   0.0000045359  -0.0000142851
        0.0001336471   0.0000349488   0.0003037317  -0.0009380046   0.0030541234
        0.0003432866  -0.0010251819  -0.0013174521  -0.0000299941   0.0119868440
        0.0075585741  -0.0081509357  -0.0153346511   0.0852056234  -0.2234150303
       -0.0023595601   0.0025715104  -0.0012133245  -0.0001480046  -0.0006428061
        0.0003368880  -0.0004026918   0.0003136043  -0.0005628254   0.0000107758
       -0.0000628842   0.0001631080   0.0000565155  -0.0000717542   0.0001431574
        0.0000453435  -0.0000090708   0.0000016845  -0.0000883235  -0.0001323050
        0.0000254855  -0.0001052681  -0.0000388377  -0.0000071483  -0.0038787569
        0.0072578913  -0.0263902429   0.0113550444  -0.1035968865   0.2569326681
        0.0002249436   0.0003840773   0.0009468359   0.0004598226  -0.0005094066
        0.0005458969  -0.0000271830  -0.0000129563  -0.0000243356   0.0000679618
        0.0000033233  -0.0000135494  -0.0000332728   0.0000106834   0.0000646437
        0.0000884457   0.0000016355   0.0000804622  -0.0005837314   0.0011690812
       -0.0002980722  -0.0000614994  -0.0006800122   0.0001374137   0.0019482431
       -0.0008479182   0.0004619558  -0.0042502762   0.0111386409  -0.0176607085
       -0.0415392268   0.0107403277  -0.0278681950  -0.0106796483  -0.0174833454
        0.0317260326   0.0006601831  -0.0006992222   0.0023545838   0.0001364094
        0.0007433401  -0.0005087306  -0.0002987046   0.0005749907  -0.0002117853
        0.0000581788   0.0000091311   0.0000087720  -0.0000948973  -0.0000343475
       -0.0000131788   0.0000046508   0.0000017304  -0.0000077826   0.0007416166
       -0.0007208786  -0.0003759764  -0.0027285793   0.0031973422   0.0002249436
        0.0559128181  -0.0098846922   0.0205385617   0.0005247182   0.0026863598
       -0.0083302972   0.0001725379   0.0000850753  -0.0000666784  -0.0001024836
       -0.0000541695   0.0000038977   0.0000912452   0.0000569308  -0.0001952181
       -0.0001102577   0.0000377268  -0.0000538589   0.0001410677  -0.0002123987
        0.0002020122  -0.0000796953   0.0001561783  -0.0000397230  -0.0009601909
        0.0003957273  -0.0003483961   0.0076210428  -0.0129232708   0.0219921221
        0.0087446466  -0.0734400730   0.0745138638  -0.0069902625  -0.0064896294
        0.0130543029  -0.0002525932   0.0012110244   0.0031448946   0.0010159775
       -0.0005436146  -0.0011142763   0.0000752490   0.0003724247  -0.0002777989
       -0.0000369909  -0.0000149224   0.0000017908   0.0000031329   0.0000460573
       -0.0000072830  -0.0000129929  -0.0000232034   0.0000120035  -0.0004165175
        0.0004541534   0.0009161700   0.0035172860  -0.0035734039   0.0003840773
       -0.0098846922   0.0874338339  -0.0937084218  -0.0025272303   0.0070829054
       -0.0185254994   0.0000947534   0.0000051362  -0.0000183337  -0.0000166464
        0.0000023277  -0.0000207332   0.0000749137   0.0000230210  -0.0001069130
        0.0001267417  -0.0000280692  -0.0000101137  -0.0001824196   0.0003400940
       -0.0001152098   0.0001213344  -0.0004403657   0.0000305893  -0.0002056993
       -0.0003713087   0.0002368113  -0.0027295112   0.0030614475  -0.0015760866
       -0.0252431047   0.0777784987  -0.2350702251   0.0127819962   0.0093614825
       -0.0155040503  -0.0011624850  -0.0010944619   0.0007959834  -0.0003443794
        0.0003191022   0.0004506255   0.0000781247  -0.0000837008  -0.0002274157
        0.0000162992   0.0000059408  -0.0000212734  -0.0000443658  -0.0000301817
        0.0000318212   0.0000322911  -0.0000072926  -0.0000020366   0.0004750230
       -0.0006704504   0.0007558714   0.0003149723   0.0001648709   0.0009468359
        0.0205385617  -0.0937084218   0.2707719604  -0.0043320629   0.0054516345
       -0.0216046793  -0.0001184180  -0.0000499288   0.0000272551  -0.0000316387
       -0.0000028833   0.0000335138  -0.0000912598   0.0000039937   0.0000498232
        0.0000036929  -0.0000363077  -0.0000598772  -0.0003067160   0.0010336137
        0.0002317331  -0.0002034497  -0.0005218362   0.0000240940   0.0018916511
       -0.0008387317  -0.0008442864   0.0040274157   0.0143776589   0.0118667869
       -0.0537747918  -0.0422823448  -0.0430884044  -0.0186794981  -0.0232106862
       -0.0173930210  -0.0044039323  -0.0038697347   0.0024780184   0.0005894804
        0.0005812496   0.0004553785  -0.0012652373  -0.0002299868  -0.0007616006
       -0.0000579731   0.0000328720  -0.0000047560  -0.0000161180   0.0000130157
        0.0000559879   0.0000361145  -0.0000186166  -0.0000317634  -0.0026031468
        0.0030407974   0.0002502105   0.0006381669  -0.0002597660   0.0004598226
        0.0005247182  -0.0025272303  -0.0043320629   0.0738818359   0.0548542801
        0.0507321353  -0.0001699257   0.0000131522   0.0000540008  -0.0002114666
       -0.0001363394   0.0000475770   0.0000991797  -0.0000150593  -0.0001399730
       -0.0001580037   0.0000744950   0.0000691750   0.0000126800  -0.0005671159
       -0.0001933727  -0.0000010982   0.0004360918   0.0000364618  -0.0011043981
        0.0010033810   0.0006761194  -0.0014553740  -0.0211332342  -0.0171454031
       -0.0448992630  -0.1555872074  -0.1091212206  -0.0110622260  -0.0094697842
       -0.0070114626  -0.0018125200  -0.0011385661   0.0013950827   0.0007827876
        0.0005988014   0.0004479181  -0.0004292329  -0.0000365550  -0.0002915378
        0.0000216834   0.0000008814   0.0000149397   0.0000128897   0.0000397074
       -0.0000199863  -0.0000627212  -0.0000180783   0.0000225904   0.0033636382
       -0.0034566845   0.0000842688  -0.0006710660   0.0003557955  -0.0005094066
        0.0026863598   0.0070829054   0.0054516345   0.0548542801   0.1818419116
        0.1261103893  -0.0000320229   0.0000238008   0.0000125104  -0.0000758922
       -0.0000473718   0.0000341133   0.0000294994  -0.0000031741  -0.0000628138
       -0.0000829160   0.0000200023   0.0000286406   0.0002388595  -0.0006949523
       -0.0000935378  -0.0000181914   0.0006170722   0.0000271865  -0.0003051563
        0.0005224946   0.0000414564   0.0012116024  -0.0028245104  -0.0004964099
       -0.0474257355  -0.1125051677  -0.1508430309   0.0031284283   0.0066585175
        0.0070771749   0.0011058321  -0.0003462100  -0.0023157778  -0.0008583130
       -0.0000016717   0.0012464229   0.0005811813   0.0001083324   0.0003285526
        0.0000118054   0.0000013676   0.0000213627   0.0000498312   0.0000110169
       -0.0000641394  -0.0000377892   0.0000148077   0.0000076235   0.0001640511
       -0.0000804464   0.0010392213  -0.0003178384   0.0008475086   0.0005458969
       -0.0083302972  -0.0185254994  -0.0216046793   0.0507321353   0.1261103893
        0.1650446320   0.0000743191   0.0000423162  -0.0000148462   0.0001047840
        0.0000164864  -0.0000425403  -0.0000265926   0.0000081461   0.0000667913
        0.0000122889   0.0000230380   0.0000039120  -0.0001073227  -0.0000351571
        0.0000093716   0.0000489027   0.0000164174  -0.0000050687   0.0000340214
        0.0000984175   0.0000008217  -0.0001572552  -0.0001080519   0.0000095992
       -0.0017654488  -0.0000641039  -0.0008293525  -0.0049614419  -0.0015898638
        0.0016722507  -0.0094216967  -0.0267135096  -0.0026880475   0.0009494490
        0.0013551388  -0.0029480799  -0.0465850180  -0.0512370253  -0.0122501492
        0.0000011613  -0.0000032138   0.0000022960   0.0000017510   0.0000006069
       -0.0000059872  -0.0000060615  -0.0000016276  -0.0000030440  -0.0000804052
       -0.0000565303   0.0000531859  -0.0000296925  -0.0000384965  -0.0000271830
        0.0001725379   0.0000947534  -0.0001184180  -0.0001699257  -0.0000320229
        0.0000743191   0.0573901545   0.0585152011   0.0144385120   0.0044621339
        0.0221175117   0.0041268487   0.0002118674  -0.0023414821  -0.0015157869
       -0.0000185212   0.0000092975   0.0000047236   0.0000507278  -0.0000810909
       -0.0000169416   0.0000025716   0.0000437167   0.0000084730  -0.0000672485
        0.0000913672   0.0000075050  -0.0000485487  -0.0000658526   0.0000052011
        0.0000716245   0.0002761578  -0.0003945890  -0.0020060461  -0.0005542003
        0.0007406732  -0.0055859758  -0.0108549596  -0.0014777312   0.0010095054
        0.0012467078  -0.0003924855  -0.0503957066  -0.2629671654  -0.0607493957
        0.0000076434   0.0000040061  -0.0000022132   0.0000062010   0.0000019927
       -0.0000066493   0.0000023248   0.0000064498   0.0000021652  -0.0000512017
        0.0000065749   0.0000295524  -0.0000047447  -0.0000038249  -0.0000129563
        0.0000850753   0.0000051362  -0.0000499288   0.0000131522   0.0000238008
        0.0000423162   0.0585152011   0.3005140984   0.0695479467  -0.0007814084
       -0.0232951313  -0.0039965486  -0.0008046253  -0.0044070808  -0.0032891172
        0.0000236643   0.0000013620   0.0000004575  -0.0000247730  -0.0000096312
        0.0000151656   0.0000179211   0.0000040707  -0.0000317479   0.0000340640
        0.0000095560  -0.0000074170   0.0000546187   0.0000452371   0.0000085026
        0.0003507667  -0.0002304183   0.0003580905   0.0023053415   0.0009424622
        0.0004556666  -0.0015582974   0.0108342691   0.0048325864   0.0006474833
       -0.0011505976  -0.0009203875  -0.0109736765  -0.0608194526  -0.0603072201
        0.0000002018  -0.0000034203   0.0000044735   0.0000011840  -0.0000003573
        0.0000073611   0.0000013824   0.0000011414   0.0000025899  -0.0000229696
        0.0000413415   0.0000166078  -0.0000329395  -0.0000107232  -0.0000243356
       -0.0000666784  -0.0000183337   0.0000272551   0.0000540008   0.0000125104
       -0.0000148462   0.0144385120   0.0695479467   0.0617967433   0.0011325978
        0.0100296315   0.0035868856  -0.0063824041  -0.0292265942  -0.0098064313
       -0.0000046203  -0.0000107174   0.0000042032  -0.0000192838   0.0001031384
       -0.0000173654  -0.0000145606  -0.0000483852   0.0000154971   0.0001322362
       -0.0000953106  -0.0000063621   0.0001249745  -0.0000424760  -0.0000562986
       -0.0003607121  -0.0014886528  -0.0000878310  -0.0024762841  -0.0017117746
        0.0011108542  -0.0267861384   0.0159719082  -0.0055732343   0.0015212043
       -0.0022068365  -0.0006260453  -0.1663776327   0.1097470650  -0.0659828927
        0.0000040761   0.0000023998   0.0000009151  -0.0000013027   0.0000019195
       -0.0000041460   0.0000029855   0.0000011896  -0.0000044281   0.0000304791
       -0.0000039361  -0.0000682926   0.0000598461  -0.0000147589   0.0000679618
       -0.0001024836  -0.0000166464  -0.0000316387  -0.0002114666  -0.0000758922
        0.0001047840   0.0044621339  -0.0007814084   0.0011325978   0.1918051033
       -0.1218393106   0.0736648502  -0.0017885540   0.0025084852  -0.0036431287
        0.0000221203   0.0000061528  -0.0000042209  -0.0000794557   0.0000584828
        0.0000214514   0.0000190113  -0.0000264580  -0.0000044856   0.0001021247
       -0.0000308716  -0.0000231274  -0.0000092215  -0.0000085662   0.0000037663
       -0.0005842309  -0.0008579524   0.0001685176  -0.0007706790  -0.0010395635
        0.0000120589  -0.0035558866   0.0050704543  -0.0016742207  -0.0002609333
       -0.0001769584  -0.0006072527   0.1058452262  -0.1222342931   0.0529084464
       -0.0000019649   0.0000079777   0.0000041730  -0.0000050644   0.0000112040
       -0.0000047639   0.0000033720   0.0000020792  -0.0000042054   0.0000059765
       -0.0000212851   0.0000053545  -0.0000083919  -0.0000175666   0.0000033233
       -0.0000541695   0.0000023277  -0.0000028833  -0.0001363394  -0.0000473718
        0.0000164864   0.0221175117  -0.0232951313   0.0100296315  -0.1218393106
        0.1409486399  -0.0611765683  -0.0008096949   0.0016486996   0.0003285188
        0.0000003189  -0.0000056605   0.0000025123   0.0000232102  -0.0000029990
       -0.0000017568  -0.0000046768  -0.0000083254   0.0000011405  -0.0000506773
       -0.0000007225   0.0000144768   0.0000449525   0.0000457039  -0.0000067427
        0.0000863702   0.0003622705   0.0000659828   0.0008624394   0.0003345315
        0.0001211642   0.0063808830  -0.0081148881   0.0061116667   0.0001989685
        0.0015056664  -0.0022723562  -0.0624877618   0.0526631836  -0.0719433294
       -0.0000015511  -0.0000003639   0.0000041618   0.0000013246  -0.0000020419
        0.0000072064   0.0000028934  -0.0000016286   0.0000068056  -0.0000319535
        0.0000024724   0.0000019439   0.0000162062   0.0000053751  -0.0000135494
        0.0000038977  -0.0000207332   0.0000335138   0.0000475770   0.0000341133
       -0.0000425403   0.0041268487  -0.0039965486   0.0035868856   0.0736648502
       -0.0611765683   0.0786080752  -0.0228841199   0.0183771632  -0.0142852609
        0.0000312016  -0.0000006442  -0.0000118720  -0.0000919542   0.0000742733
        0.0000590403   0.0000378835  -0.0000533866  -0.0000178122   0.0001513497
       -0.0000246573  -0.0000832931  -0.0000162319   0.0000024631   0.0000056190
        0.0000373124   0.0000187937   0.0002159402   0.0003691986   0.0012902859
        0.0003779113   0.0024739799   0.0021282646   0.0241697716  -0.0073663657
       -0.0016017477   0.0067486076  -0.0420299375  -0.0029682253  -0.0186097548
       -0.0000063039   0.0000017531   0.0000030194  -0.0000046330   0.0000020598
        0.0000002038   0.0000069466  -0.0000037795  -0.0000056228   0.0000701484
       -0.0000170885   0.0000229222  -0.0000957121   0.0000228296  -0.0000332728
        0.0000912452   0.0000749137  -0.0000912598   0.0000991797   0.0000294994
       -0.0000265926   0.0002118674  -0.0008046253  -0.0063824041  -0.0017885540
       -0.0008096949  -0.0228841199   0.0478193793   0.0026387129   0.0165429687
       -0.0000110450  -0.0000067261  -0.0000022647   0.0000181913   0.0000672465
       -0.0000054260  -0.0000186501  -0.0000419918   0.0000008272   0.0000022651
       -0.0000550046   0.0000094374   0.0000061606  -0.0000175972  -0.0000287901
       -0.0000982628   0.0001114872   0.0000459552  -0.0001281267  -0.0007572924
       -0.0000674684   0.0034665144   0.0011332129   0.0061744826  -0.0029033973
        0.0013796990   0.0020809052  -0.0032760885  -0.0460671132  -0.0265321317
        0.0000029922   0.0000044188   0.0000032893  -0.0000026806   0.0000077314
        0.0000064133   0.0000042305   0.0000030570  -0.0000056988   0.0000453434
       -0.0000332720  -0.0000278498   0.0000449662   0.0000045359   0.0000106834
        0.0000569308   0.0000230210   0.0000039937  -0.0000150593  -0.0000031741
        0.0000081461  -0.0023414821  -0.0044070808  -0.0292265942   0.0025084852
        0.0016486996   0.0183771632   0.0026387129   0.0470061429   0.0291749271
       -0.0000130297   0.0000024156   0.0000132362  -0.0000115111  -0.0000071186
       -0.0000236959  -0.0000213990   0.0000199458   0.0000132161  -0.0000667768
        0.0000107206   0.0000534121  -0.0001261846   0.0000063783   0.0000066631
       -0.0005929148  -0.0003950568   0.0002505360  -0.0004110992  -0.0000065663
        0.0006971509   0.0021838969  -0.0007385626  -0.0171359984   0.0043355660
        0.0006945572  -0.0023789770  -0.0163124342  -0.0256186488  -0.2910452191
       -0.0000005185   0.0000009527   0.0000114450  -0.0000022839   0.0000059171
       -0.0000014749  -0.0000071815  -0.0000022852   0.0000034130  -0.0000446035
       -0.0000029655  -0.0000692183   0.0000416118  -0.0000142851   0.0000646437
       -0.0001952181  -0.0001069130   0.0000498232  -0.0001399730  -0.0000628138
        0.0000667913  -0.0015157869  -0.0032891172  -0.0098064313  -0.0036431287
        0.0003285188  -0.0142852609   0.0165429687   0.0291749271   0.3335159454
