$hessian                                                                        
        0.5235587039  -0.0072066590  -0.0160447852  -0.0675700438  -0.0077278053
       -0.0208303313  -0.0126301669  -0.0079746197  -0.0266820687   0.0040392136
        0.0053691511   0.0123564664  -0.0011244939  -0.0031188371   0.0006230135
       -0.0017361404   0.0019181942   0.0006946307   0.0019871437  -0.0004729457
       -0.0003977470  -0.0005266066  -0.0000011048   0.0006416524  -0.0003100526
        0.0001360064  -0.0003072141   0.0002116281  -0.0000541101  -0.0000810597
        0.0021921129   0.0015104061   0.0022570205  -0.0000484971   0.0009909752
        0.0000993124  -0.2748122379   0.0358602644  -0.0412719783  -0.1149558901
       -0.0667205354   0.0888752426  -0.0531884006   0.0488777715   0.0032349450
       -0.0058973795   0.0004467741  -0.0026586814   0.0009218155   0.0000709163
       -0.0010187394   0.0007767519  -0.0009273044  -0.0003605491  -0.0006883559
       -0.0011421445   0.0006250570  -0.0000446349   0.0000768232   0.0000270346
       -0.0000497763   0.0000494275   0.0000220235  -0.0000194507   0.0000036611
        0.0000169339  -0.0000558751  -0.0000023334  -0.0000041589   0.0000580175
       -0.0001098242  -0.0001133482   0.0000134586   0.0000714499   0.0002533051
       -0.0001008434   0.0000764025   0.0000440237
       -0.0072066590   0.5105439588  -0.0280366505  -0.0110665624  -0.0650505546
       -0.0376513405   0.0002735205   0.0011952929   0.0013991903   0.0009286524
        0.0043339266   0.0083144012   0.0006087578  -0.0025794508   0.0006343224
       -0.0006079125   0.0021611430  -0.0005350435   0.0008787376  -0.0005496480
       -0.0003206176  -0.0000713347   0.0001911932   0.0001749047  -0.0002066673
        0.0002734888  -0.0001301214  -0.0000607141  -0.0000082823  -0.0000522200
       -0.0017642267  -0.0171379845  -0.0213774716   0.0002559204  -0.0055368711
       -0.0006359624   0.0355704200  -0.0489480601   0.0073688773  -0.0671108086
       -0.1053440264   0.0841266976   0.0491881961  -0.2723182257  -0.0127924526
        0.0008853457   0.0004283872   0.0003128207  -0.0000418275   0.0000164727
       -0.0001952723   0.0003638081   0.0007680904   0.0006547584  -0.0007370887
       -0.0017525050   0.0003323710  -0.0001043762  -0.0001134643   0.0000245523
       -0.0000123508   0.0000302660  -0.0000056325   0.0000325879  -0.0000212096
       -0.0000010684   0.0000007760  -0.0000080593   0.0000034035  -0.0000682765
       -0.0000697582   0.0002857123  -0.0000474599  -0.0004703884  -0.0021479609
        0.0001195423  -0.0000337312   0.0002498025
       -0.0160447852  -0.0280366505   0.4463656301  -0.0304735253  -0.0389438782
       -0.1606495143  -0.0073931199  -0.0032346287  -0.0109491952   0.0061348465
       -0.0020098977  -0.0297768606  -0.0030148999   0.0029291148   0.0026987149
        0.0009145659  -0.0020326081  -0.0017526728  -0.0005054756   0.0004757596
       -0.0003724238   0.0001676756  -0.0000954555   0.0001287175   0.0001950249
       -0.0001616881   0.0002089882  -0.0000044711  -0.0000121386   0.0000307245
       -0.0003536179  -0.0081152724  -0.0027868213  -0.0000290090  -0.0005936429
       -0.0004608690  -0.0425310088   0.0076348322  -0.0499240826   0.0887161512
        0.0837620349  -0.1499881754   0.0032251130  -0.0121536757  -0.0418614539
       -0.0015337136   0.0000790661  -0.0001336940   0.0007203512  -0.0000525537
        0.0007418056   0.0006306314  -0.0002952346   0.0002348853   0.0010784153
        0.0010286397  -0.0013962150   0.0000501295   0.0000198842  -0.0001623830
        0.0000169384  -0.0000082453  -0.0000022745  -0.0000186935  -0.0000017803
        0.0000125826   0.0000505627  -0.0000068860   0.0000025825  -0.0001097299
       -0.0000153806   0.0001332614  -0.0000120777  -0.0000997464  -0.0004837771
        0.0001237220  -0.0000599683   0.0001425199
       -0.0675700438  -0.0110665624  -0.0304735253   0.4509967808   0.0174352623
       -0.0017050295  -0.1828579074   0.0208686926  -0.0246872039  -0.0944490888
       -0.0380396951   0.0507482239  -0.0402467729  -0.0113795597   0.0294440334
        0.0052462245  -0.0013932647  -0.0008400969  -0.0010585154  -0.0003808250
        0.0013281600   0.0003225750   0.0002044695  -0.0007260309   0.0004621096
       -0.0001065858   0.0001295556   0.0000826109  -0.0000302346   0.0000043805
       -0.0250004341   0.0164283546  -0.0022289890  -0.0004705600  -0.0014276367
        0.0003377818  -0.0094498677  -0.0095699199  -0.0276801156   0.0031822048
        0.0048189679   0.0148667562   0.0013490050   0.0016652935   0.0043243806
       -0.0103609694   0.0005832114  -0.0052844098  -0.0225757725   0.0018834357
       -0.0004122706  -0.0111449940   0.0059872046  -0.0017568493   0.0037434158
        0.0037630661  -0.0044123953  -0.0001103225   0.0001390094  -0.0002443174
        0.0000344373  -0.0000158014  -0.0000112437   0.0000017169   0.0000027417
       -0.0000119172   0.0000240748   0.0000008926   0.0000093346  -0.0001335627
        0.0004263571  -0.0003866474  -0.0001561269  -0.0002825714  -0.0006806340
        0.0001397827  -0.0005143025   0.0003490691
       -0.0077278053  -0.0650505546  -0.0389438782   0.0174352623   0.2950021971
       -0.0179123756   0.0120446500  -0.0582074103   0.0035454629  -0.0173173393
       -0.0791057573   0.0370641439  -0.0112366914   0.0154700136   0.0094382448
       -0.0003731420  -0.0056973022  -0.0056241153   0.0010830721   0.0002443175
        0.0014978447  -0.0004013550  -0.0000642457  -0.0005162500  -0.0003010742
       -0.0000084203  -0.0003086968   0.0000470106   0.0000125915   0.0000186937
        0.0113920100  -0.0869685541   0.0121410649  -0.0007820900  -0.0014011143
       -0.0043961032   0.0001416598   0.0008735823   0.0028534673   0.0027335221
        0.0042707701   0.0110323852  -0.0052477448  -0.0128713156  -0.0266710282
       -0.0093454573   0.0011267804  -0.0018330394  -0.0141213996   0.0016462047
       -0.0021869273   0.0274090367  -0.0077480160   0.0050325901  -0.0053871124
       -0.0025143578   0.0160381102   0.0000938001  -0.0000082723   0.0000742659
       -0.0000465836   0.0000373012   0.0000079479   0.0000364459   0.0000046003
        0.0000102075   0.0000160111   0.0000019823  -0.0000295101  -0.0003902593
        0.0003508450  -0.0000673264  -0.0000157488   0.0005707497  -0.0002692694
        0.0002613224   0.0000333848   0.0000040911
       -0.0208303313  -0.0376513405  -0.1606495143  -0.0017050295  -0.0179123756
        0.4354200591  -0.0257362795   0.0050394608  -0.0667932897   0.0370930139
        0.0430109478  -0.1181995470   0.0214595245   0.0138914440   0.0009282015
       -0.0001141714  -0.0080857614  -0.0004258982  -0.0019696877   0.0015860615
       -0.0000424108   0.0002779806  -0.0004948428  -0.0001024388   0.0004795750
       -0.0007387501   0.0005210249   0.0000362096   0.0000685429   0.0001176445
       -0.0036086018   0.0189643286  -0.0298207105   0.0023213419  -0.0156027730
        0.0012771808  -0.0048039273  -0.0024129848  -0.0088432121  -0.0028715910
       -0.0067508981  -0.0269857740  -0.0007110072  -0.0061211108  -0.0067089412
       -0.0272555393   0.0036391498  -0.0075481604   0.0194024705  -0.0020807407
        0.0026740520   0.0003063571   0.0003494447   0.0003442625   0.0078265416
        0.0126876838  -0.0125872823   0.0001278428   0.0001860617  -0.0000757493
        0.0000137965  -0.0000494662  -0.0000031321  -0.0000523765   0.0000260405
        0.0000201561   0.0000665476   0.0000005553  -0.0000054840   0.0002227974
       -0.0001070302   0.0010048500   0.0000541041  -0.0011869066  -0.0045713790
       -0.0000295605  -0.0002547407   0.0010554923
       -0.0126301669   0.0002735205  -0.0073931199  -0.1828579074   0.0120446500
       -0.0257362795   0.4509691575   0.0181474990  -0.0130099438  -0.0258645735
       -0.0007355052   0.0014033820  -0.0037475972  -0.0010173572   0.0027809922
        0.0010458110  -0.0006702721   0.0001529972  -0.0000485692   0.0001044976
        0.0000575357  -0.0001227872  -0.0000373755   0.0000473874  -0.0000474724
       -0.0000840980   0.0000507299   0.0000962553  -0.0000159631   0.0000035050
       -0.0067227041   0.0110232613  -0.0009814865  -0.0001125712   0.0000031230
       -0.0002718222  -0.0002336165  -0.0003722548  -0.0017657900   0.0006673260
        0.0002775344   0.0006361165   0.0002197309   0.0003922511   0.0006252300
       -0.0542511628  -0.0178669399  -0.0488524794  -0.1161563392  -0.0673871176
        0.0907317534  -0.0504324284   0.0448843316   0.0029954876   0.0000397869
        0.0012469242  -0.0013118681   0.0000847050   0.0000268736   0.0000192929
       -0.0000052973   0.0000080799   0.0000010543  -0.0000133748   0.0000088569
        0.0000016401  -0.0000199866   0.0000071683  -0.0000050590  -0.0000216129
        0.0000622944  -0.0001859152   0.0000276996  -0.0001069563  -0.0000766053
        0.0001376955  -0.0002170260   0.0000832649
       -0.0079746197   0.0011952929  -0.0032346287   0.0208686926  -0.0582074103
        0.0050394608   0.0181474990   0.5196842788   0.0000340106  -0.0106354608
        0.0014901798  -0.0009726653  -0.0022533213  -0.0009039162   0.0030030396
       -0.0008639189   0.0008932132  -0.0004075400   0.0008220852  -0.0005674162
       -0.0000266779  -0.0001668684   0.0001580303   0.0000472457  -0.0002180326
        0.0003757938  -0.0001536946  -0.0000459863   0.0000026043  -0.0000582503
        0.0235676707  -0.0204436615   0.0043490506  -0.0006945315   0.0005699213
        0.0000771561  -0.0007689767  -0.0001049640  -0.0019408013   0.0001354912
       -0.0000156209   0.0002788086  -0.0007949691   0.0008697554  -0.0002516995
       -0.0179281458  -0.0696256553  -0.0725559540  -0.0661759364  -0.1029280819
        0.0806851727   0.0456753865  -0.2724507038  -0.0135053571  -0.0011031843
        0.0003091887  -0.0005136153  -0.0000881750  -0.0001418016  -0.0000062701
       -0.0000266196   0.0000303564   0.0000024367   0.0000297993  -0.0000131280
       -0.0000058078  -0.0000084314   0.0000009755   0.0000057168   0.0001739910
       -0.0002057604   0.0001596348   0.0001567208   0.0002495712   0.0002296797
        0.0001698414  -0.0002210417  -0.0002784507
       -0.0266820687   0.0013991903  -0.0109491952  -0.0246872039   0.0035454629
       -0.0667932897  -0.0130099438   0.0000340106   0.5244463878   0.0181171368
       -0.0005296535   0.0013849685   0.0040171083   0.0022724648  -0.0039684685
        0.0005682932  -0.0004599369   0.0008874384  -0.0007313126   0.0002508852
       -0.0001941587   0.0001595326  -0.0000701503   0.0000777713   0.0002092908
       -0.0001370752   0.0002067442   0.0000175364  -0.0000289797   0.0000375041
       -0.0008551925   0.0008684250   0.0020033839  -0.0005152646   0.0004297419
       -0.0005445712  -0.0025627079  -0.0016566529  -0.0051811553  -0.0009868285
       -0.0001158985   0.0009784715  -0.0004041365   0.0008575481   0.0005683746
       -0.0487571525  -0.0721808955  -0.2457025088   0.0903266333   0.0807454109
       -0.1543591688   0.0033868414  -0.0138018161  -0.0434318203   0.0014015019
       -0.0004995644   0.0006650629   0.0000624851  -0.0000148480  -0.0000726147
        0.0000102881  -0.0000131353  -0.0000040692  -0.0000267238   0.0000077801
        0.0000040161   0.0000160032   0.0000040646   0.0000060204   0.0001013358
        0.0000225151  -0.0000262102   0.0001498868  -0.0000316118   0.0000904467
        0.0006746616  -0.0008972816  -0.0001293598
        0.0040392136   0.0009286524   0.0061348465  -0.0944490888  -0.0173173393
        0.0370930139  -0.0258645735  -0.0106354608   0.0181171368   0.8307975701
       -0.0769639074  -0.0359275938  -0.5797555284   0.0269043876   0.0726158360
       -0.0490827355   0.0179685481  -0.0127639493  -0.0030984584   0.0038050032
       -0.0055249108   0.0017044395  -0.0007059107   0.0001070866  -0.0014370581
       -0.0001107245   0.0011157144  -0.0002796053   0.0003145577  -0.0002246171
        0.0043185509  -0.0053786547  -0.0023587153   0.0000174220  -0.0009586261
        0.0008911828   0.0003997973   0.0005397985  -0.0011903831  -0.0001680542
       -0.0013805168  -0.0023062522   0.0002564977  -0.0004373126  -0.0005170920
        0.0004929475  -0.0001118912   0.0009653277  -0.0054163104   0.0002100371
       -0.0001682519   0.0000854070  -0.0007526814   0.0002946732  -0.0825330710
        0.0635212743  -0.0779374844   0.0000664130  -0.0001530510   0.0004218178
       -0.0001811024   0.0000240579   0.0000240262  -0.0000194623   0.0000186151
       -0.0000077107  -0.0001129338   0.0000488653   0.0000277752   0.0004626715
        0.0007720756   0.0008194442   0.0000081626  -0.0000844691   0.0002394120
       -0.0002511106  -0.0000653271   0.0000596672
        0.0053691511   0.0043339266  -0.0020098977  -0.0380396951  -0.0791057573
        0.0430109478  -0.0007355052   0.0014901798  -0.0005296535  -0.0769639074
        0.2865806964  -0.1827965762   0.0098909441  -0.0561565978   0.0156398205
        0.0408212176  -0.0062318982   0.0053325830  -0.0001245221  -0.0022155060
        0.0055834730  -0.0000899482   0.0003234896  -0.0008084662   0.0022784341
       -0.0008952910   0.0001828561   0.0001986034  -0.0003019113   0.0002836812
       -0.0066383260  -0.0278125906   0.0141146475   0.0000514933   0.0009750597
       -0.0002708396   0.0006016891   0.0001508760   0.0003530735  -0.0003860660
       -0.0003683481  -0.0024786133   0.0003207300   0.0001238791  -0.0011743249
        0.0002111698   0.0004284385   0.0002692876   0.0006688997   0.0004966593
        0.0003507696   0.0005931361   0.0002098010  -0.0004315516   0.0619347875
       -0.1209025740   0.1064475413   0.0001653229   0.0000060949  -0.0001682306
        0.0000825112  -0.0000670738  -0.0000192709  -0.0000512446   0.0000201382
        0.0000151550   0.0000770468   0.0000002649   0.0000002009  -0.0000138378
       -0.0011215272  -0.0012896699  -0.0000870488   0.0001631464   0.0006227306
       -0.0001350354  -0.0001235752  -0.0002296734
        0.0123564664   0.0083144012  -0.0297768606   0.0507482239   0.0370641439
       -0.1181995470   0.0014033820  -0.0009726653   0.0013849685  -0.0359275938
       -0.1827965762   0.3900444204   0.0949597900   0.0097093836  -0.0767276350
       -0.0430903488   0.0126000205  -0.0003137302   0.0026205439   0.0028364390
       -0.0045873074  -0.0005043484  -0.0005848854   0.0006308899  -0.0027587340
        0.0015442132  -0.0007695085  -0.0002547700   0.0002172266  -0.0004037409
       -0.0015894172   0.0076768161   0.0008577047   0.0000869455  -0.0005753643
       -0.0008782357  -0.0002598364   0.0005338456   0.0004312244  -0.0004422065
       -0.0011402858  -0.0050321915   0.0004087374   0.0004425527   0.0004111312
       -0.0011109324  -0.0006555225   0.0003193530  -0.0015554054   0.0005200027
        0.0000995013  -0.0004583760   0.0004528998   0.0004590091  -0.0736329918
        0.1059106004  -0.1571102750  -0.0002956712   0.0000323633   0.0001582832
       -0.0000467223   0.0000651977   0.0000260711   0.0001018761  -0.0000291672
       -0.0000178072  -0.0001380674   0.0000044945  -0.0000143265  -0.0002148464
       -0.0009423774  -0.0004332535  -0.0001974167  -0.0001269670  -0.0003889566
       -0.0002082806  -0.0001007896  -0.0001691811
       -0.0011244939   0.0006087578  -0.0030148999  -0.0402467729  -0.0112366914
        0.0214595245  -0.0037475972  -0.0022533213   0.0040171083  -0.5797555284
        0.0098909441   0.0949597900   0.7590768825  -0.0725300198  -0.0517403149
       -0.0637527270   0.0376816295  -0.0385506500  -0.0378310182   0.0221977396
       -0.0171377131   0.0031771226   0.0002714647  -0.0034888213  -0.0066384321
        0.0026786878   0.0002391717  -0.0000475397   0.0009206028  -0.0005612306
       -0.0017835810   0.0025044329   0.0006966669  -0.0002613727   0.0008139045
       -0.0003688957   0.0003969085  -0.0002345152  -0.0005988396   0.0000387077
        0.0005861960   0.0003864265  -0.0001984424   0.0004373210   0.0005180269
        0.0000811376  -0.0002430024   0.0001197562  -0.0021118750   0.0003374434
       -0.0003467170  -0.0000385521   0.0000015154   0.0001669262  -0.0249373779
        0.0078192493  -0.0057347532  -0.0003855741   0.0004388693  -0.0003838731
       -0.0002638177  -0.0000718024  -0.0000878103   0.0001354689   0.0000109144
       -0.0001184950   0.0000200474   0.0001835150   0.0000774971   0.0004683966
       -0.0008032972  -0.0004350482   0.0000198906   0.0002150376  -0.0000087027
       -0.0002898599  -0.0002255753  -0.0000641300
       -0.0031188371  -0.0025794508   0.0029291148  -0.0113795597   0.0154700136
        0.0138914440  -0.0010173572  -0.0009039162   0.0022724648   0.0269043876
       -0.0561565978   0.0097093836  -0.0725300198   0.1561390950  -0.1096667991
        0.0208435461  -0.0959182272   0.0892062076   0.0246358852  -0.0087488004
       -0.0056160583  -0.0018559835  -0.0000269702  -0.0000969575  -0.0007049492
        0.0009998497  -0.0008463946   0.0004533494   0.0016809778   0.0007025623
       -0.0005885779   0.0020749701  -0.0011729447  -0.0000178922  -0.0016332009
        0.0006734222  -0.0001301825   0.0000364033   0.0004429200   0.0003812766
        0.0004524070   0.0019396716  -0.0001007760  -0.0002127858  -0.0001669466
        0.0004514642   0.0000474881  -0.0003309568  -0.0010087356  -0.0000083405
        0.0001397275   0.0001892417   0.0000049725  -0.0000687724   0.0188980681
       -0.0107242818  -0.0039296288   0.0000066137  -0.0001734845   0.0002890107
       -0.0003731500   0.0003500191   0.0000920783   0.0000853014  -0.0001051074
        0.0000571070   0.0003272698  -0.0002590442  -0.0000967932  -0.0005223145
        0.0000975857  -0.0005689118  -0.0000434812  -0.0002117759   0.0001289277
        0.0002154124   0.0003082018   0.0000871216
        0.0006230135   0.0006343224   0.0026987149   0.0294440334   0.0094382448
        0.0009282015   0.0027809922   0.0030030396  -0.0039684685   0.0726158360
        0.0156398205  -0.0767276350  -0.0517403149  -0.1096667991   0.2197400660
       -0.0203572672   0.0889184697  -0.1530368192  -0.0210781124  -0.0053732748
        0.0117030056   0.0009946901  -0.0017685798   0.0035776680   0.0047919323
       -0.0023359613   0.0018838358   0.0007488879   0.0005806953   0.0012721468
        0.0018407481   0.0036162575  -0.0029324983  -0.0005871350  -0.0004576113
        0.0002708071  -0.0000030376   0.0002692447  -0.0012165963  -0.0004687812
       -0.0001032353  -0.0004943822   0.0000591978  -0.0002069157   0.0001092450
       -0.0003455975   0.0000450166   0.0001436200   0.0022250266  -0.0001968728
        0.0000371740  -0.0003520834  -0.0000830444   0.0000022936  -0.0218740797
       -0.0015302399  -0.0041880365   0.0003013447   0.0001125555  -0.0003761387
       -0.0001873081  -0.0001060776  -0.0000452652  -0.0002970977   0.0001187841
       -0.0000339397   0.0004915333   0.0000058184   0.0000926406   0.0004016216
       -0.0003674377   0.0005724806   0.0000284120  -0.0000512153   0.0000171603
       -0.0000564550  -0.0001350043  -0.0000292801
       -0.0017361404  -0.0006079125   0.0009145659   0.0052462245  -0.0003731420
       -0.0001141714   0.0010458110  -0.0008639189   0.0005682932  -0.0490827355
        0.0408212176  -0.0430903488  -0.0637527270   0.0208435461  -0.0203572672
        0.3620983332  -0.1010772828  -0.0178984358  -0.1258412587   0.0021933925
        0.0493572363  -0.0570478745   0.0016725022   0.0500296203  -0.0575512485
        0.0340977904  -0.0217506002  -0.0000351731   0.0042263872  -0.0048897385
       -0.0033988863  -0.0011901876   0.0003510000   0.0003529838  -0.0007504464
        0.0005083630  -0.0006565102  -0.0000291068   0.0007371087   0.0000376972
       -0.0001241197   0.0004631433  -0.0002520583   0.0004085460  -0.0003422656
        0.0002887922   0.0002601455  -0.0003781553   0.0000797825  -0.0003469108
        0.0004173878   0.0003650700   0.0002094727  -0.0003569505  -0.0070195281
        0.0012905721   0.0025854298  -0.0014434535  -0.0015725666   0.0025989385
       -0.0018611054   0.0013908623   0.0005680124   0.0019959889  -0.0010671951
        0.0004772288  -0.0017647940  -0.0001259859  -0.0001317605  -0.0001989298
        0.0002156291  -0.0001672312   0.0001272271   0.0000582005   0.0000107047
        0.0000045128   0.0004405109  -0.0001101076
        0.0019181942   0.0021611430  -0.0020326081  -0.0013932647  -0.0056973022
       -0.0080857614  -0.0006702721   0.0008932132  -0.0004599369   0.0179685481
       -0.0062318982   0.0126000205   0.0376816295  -0.0959182272   0.0889184697
       -0.1010772828   0.1490540174  -0.1183312841   0.0075827316  -0.0551857336
        0.0034526685  -0.0054118172   0.0146687672   0.0099392686   0.0400618113
       -0.0096813158   0.0078119595   0.0021759855   0.0010186151   0.0049224296
       -0.0027853085  -0.0020613760   0.0000928190  -0.0001904512   0.0008088766
       -0.0000039277   0.0000987863  -0.0003707609  -0.0002942144   0.0001174709
       -0.0003495831  -0.0012953082   0.0000812944   0.0001134507   0.0002506901
       -0.0002945862  -0.0003012876   0.0003350556   0.0003498917   0.0001184593
       -0.0003592989  -0.0002908920   0.0000913623   0.0002099082   0.0027112284
        0.0089408143   0.0039252404  -0.0000611474  -0.0011417567  -0.0021605968
        0.0000175678  -0.0002301752  -0.0000286787  -0.0008040606   0.0002581073
       -0.0000522034   0.0019213389  -0.0004594210   0.0000179357   0.0005033703
       -0.0003925919   0.0005012953   0.0000211815   0.0001781336   0.0000725225
       -0.0002319476  -0.0002835307   0.0000535353
        0.0006946307  -0.0005350435  -0.0017526728  -0.0008400969  -0.0056241153
       -0.0004258982   0.0001529972  -0.0004075400   0.0008874384  -0.0127639493
        0.0053325830  -0.0003137302  -0.0385506500   0.0892062076  -0.1530368192
       -0.0178984358  -0.1183312841   0.2590563723   0.0369809742   0.0091154439
       -0.0831148938   0.0620628858   0.0049576667  -0.0363576135  -0.0296714923
        0.0117154307   0.0080416982  -0.0008766932   0.0027454290  -0.0016079332
       -0.0001348648  -0.0027351065   0.0015525423   0.0004552474   0.0000936933
        0.0005338046   0.0010262875  -0.0005246746   0.0001808247   0.0004278472
        0.0001400949   0.0003487193   0.0000185259  -0.0001284532  -0.0001448448
        0.0002441877   0.0002289642  -0.0000128708  -0.0004159656  -0.0000818300
        0.0001276107   0.0002915768  -0.0001291946  -0.0002669307   0.0008586879
        0.0053274615   0.0073591866  -0.0005449841  -0.0012449749  -0.0000478098
       -0.0009423867   0.0003213988  -0.0001204077   0.0000859421   0.0000847177
       -0.0003180656  -0.0002446389   0.0002756921  -0.0000610412  -0.0006789396
       -0.0000369462  -0.0004520872   0.0000583549   0.0000193448  -0.0000786293
        0.0002049520   0.0002150346   0.0000240509
        0.0019871437   0.0008787376  -0.0005054756  -0.0010585154   0.0010830721
       -0.0019696877  -0.0000485692   0.0008220852  -0.0007313126  -0.0030984584
       -0.0001245221   0.0026205439  -0.0378310182   0.0246358852  -0.0210781124
       -0.1258412587   0.0075827316   0.0369809742   0.4527414184  -0.0470769836
       -0.1152912996  -0.1481323110  -0.0624792446   0.1806638096  -0.1222360079
        0.0706837168  -0.0714642660  -0.0197450226   0.0120483071  -0.0163691002
        0.0017852592  -0.0016713065   0.0003512076  -0.0003503982   0.0009228896
       -0.0001414994  -0.0005238900   0.0002237747   0.0018598222   0.0001108516
        0.0002386328  -0.0006194608  -0.0001150548  -0.0004030273   0.0002775194
       -0.0002390099   0.0000158552   0.0003150709   0.0001972957   0.0002410945
       -0.0002448793  -0.0002808330  -0.0003409449   0.0001256388   0.0003999237
        0.0003539677  -0.0001398973   0.0096949830  -0.0101758988   0.0080764501
       -0.0011525695  -0.0006803180  -0.0007333199  -0.0025042734   0.0019005335
       -0.0008883300  -0.0038047777   0.0023183051  -0.0001520504  -0.0001384613
       -0.0007988698  -0.0008595840   0.0000506710   0.0000596143  -0.0000598910
        0.0001328830  -0.0002580875  -0.0000228705
       -0.0004729457  -0.0005496480   0.0004757596  -0.0003808250   0.0002443175
        0.0015860615   0.0001044976  -0.0005674162   0.0002508852   0.0038050032
       -0.0022155060   0.0028364390   0.0221977396  -0.0087488004  -0.0053732748
        0.0021933925  -0.0551857336   0.0091154439  -0.0470769836   0.3286546655
       -0.2868398952  -0.0653121008  -0.1172118158   0.1489926073   0.0813372543
       -0.1272578723   0.1201527674   0.0092335148  -0.0118327435   0.0012877186
       -0.0004288340   0.0008890467  -0.0002800972   0.0000952029  -0.0006166745
        0.0004430117   0.0001181572   0.0004194083  -0.0007722511  -0.0003057945
       -0.0000397267   0.0002475157   0.0001468344  -0.0000724139  -0.0001545098
       -0.0000299143   0.0000369058  -0.0002107674  -0.0001783849  -0.0000718500
        0.0001241925   0.0001719463  -0.0000198193  -0.0000461491   0.0010564045
        0.0007919004   0.0008813182  -0.0033755067  -0.0077396949   0.0076929385
        0.0025616571  -0.0009006578   0.0006545003  -0.0000069081   0.0010816730
        0.0003727639  -0.0053806089   0.0004412588  -0.0010223422  -0.0000947353
        0.0005487321  -0.0002065082  -0.0001456051  -0.0001899335  -0.0001662332
        0.0001675427   0.0001123982  -0.0000418952
       -0.0003977470  -0.0003206176  -0.0003724238   0.0013281600   0.0014978447
       -0.0000424108   0.0000575357  -0.0000266779  -0.0001941587  -0.0055249108
        0.0055834730  -0.0045873074  -0.0171377131  -0.0056160583   0.0117030056
        0.0493572363   0.0034526685  -0.0831148938  -0.1152912996  -0.2868398952
        0.7990888952   0.1874687409   0.1473189797  -0.4840121445  -0.0954283523
        0.1316057128  -0.2155598330  -0.0095531109  -0.0022839781   0.0013676248
       -0.0000086828   0.0002060188   0.0012428739  -0.0001702880   0.0000389644
       -0.0010620214   0.0007423627  -0.0003283342  -0.0002303234   0.0000520267
       -0.0000587514   0.0002667669   0.0000349726   0.0001404116  -0.0000241500
        0.0000267342  -0.0000627089  -0.0000096722   0.0000536449  -0.0000417777
        0.0000352272   0.0000530417   0.0000805805   0.0000535942  -0.0021879589
        0.0001317988  -0.0001942923  -0.0035011473   0.0103232306  -0.0248554715
        0.0056084706  -0.0041284640  -0.0007392138   0.0024908243  -0.0007895448
        0.0012199246   0.0022988341   0.0002030677   0.0001301535  -0.0003900315
       -0.0000730716  -0.0000568847  -0.0000010030   0.0000182140   0.0001128150
        0.0000196606  -0.0000310852  -0.0001656793
       -0.0005266066  -0.0000713347   0.0001676756   0.0003225750  -0.0004013550
        0.0002779806  -0.0001227872  -0.0001668684   0.0001595326   0.0017044395
       -0.0000899482  -0.0005043484   0.0031771226  -0.0018559835   0.0009946901
       -0.0570478745  -0.0054118172   0.0620628858  -0.1481323110  -0.0653121008
        0.1874687409   0.1883325110   0.0661406148  -0.2423156799   0.0077296600
        0.0037558581  -0.0022882022   0.0005990020   0.0010601552  -0.0026700816
       -0.0005715758   0.0003829202   0.0002366868   0.0000678429  -0.0001554772
       -0.0001791736   0.0001180687  -0.0001479601  -0.0005799773  -0.0001110416
       -0.0000534783   0.0001204156  -0.0000032562   0.0000357484  -0.0000938931
        0.0000797028  -0.0000232552  -0.0000075988  -0.0000534294  -0.0000675188
        0.0000389195   0.0000972274   0.0000516453  -0.0000103336  -0.0000105461
        0.0000253602   0.0001766562   0.0010065594   0.0031810532  -0.0023699438
        0.0009716774  -0.0005347096  -0.0004364333   0.0009696568  -0.0005342729
       -0.0004626572   0.0013041234  -0.0000929490  -0.0000022035   0.0001221134
        0.0002605007   0.0001666636  -0.0000296375  -0.0000274091   0.0000248357
        0.0000067835   0.0000525820   0.0000248432
       -0.0000011048   0.0001911932  -0.0000954555   0.0002044695  -0.0000642457
       -0.0004948428  -0.0000373755   0.0001580303  -0.0000701503  -0.0007059107
        0.0003234896  -0.0005848854   0.0002714647  -0.0000269702  -0.0017685798
        0.0016725022   0.0146687672   0.0049576667  -0.0624792446  -0.1172118158
        0.1473189797   0.0661406148   0.1088240547  -0.2018815820  -0.0089334666
       -0.0080601129   0.0468532386  -0.0006794422  -0.0001627052   0.0012769264
        0.0000029745  -0.0004107132   0.0002041863  -0.0001081856   0.0001665454
       -0.0001125383   0.0000481526  -0.0001910575   0.0000821129   0.0000799043
       -0.0000106853  -0.0000475810  -0.0000411865   0.0000488618   0.0000067725
        0.0000237257  -0.0000401922   0.0000387910   0.0000783589   0.0000014628
       -0.0000304298  -0.0000067421   0.0000359113   0.0000156992  -0.0001404266
        0.0001364666   0.0000747010   0.0051918817   0.0023511298   0.0047019756
       -0.0002867494   0.0002872460  -0.0003679011  -0.0005960795  -0.0008447568
       -0.0003207201   0.0001121295  -0.0000167499   0.0001716703   0.0001831159
       -0.0001835800   0.0000123479   0.0000698933   0.0000402998   0.0000467465
       -0.0000632736  -0.0000098738   0.0000128517
        0.0006416524   0.0001749047   0.0001287175  -0.0007260309  -0.0005162500
       -0.0001024388   0.0000473874   0.0000472457   0.0000777713   0.0001070866
       -0.0008084662   0.0006308899  -0.0034888213  -0.0000969575   0.0035776680
        0.0500296203   0.0099392686  -0.0363576135   0.1806638096   0.1489926073
       -0.4840121445  -0.2423156799  -0.2018815820   0.5935559040   0.0210866499
        0.0375833610  -0.0767083851   0.0011813117   0.0003273281  -0.0002740295
        0.0004713061  -0.0001163918  -0.0011043770   0.0000429929  -0.0000004987
        0.0008942522  -0.0003817864   0.0002744539   0.0002671295  -0.0000048913
        0.0000494880  -0.0002330639  -0.0000221761  -0.0000907541   0.0000282139
       -0.0000793431   0.0000638914  -0.0000309836  -0.0000235429   0.0000464331
       -0.0000190277  -0.0000760377  -0.0000736465  -0.0000506607   0.0002933382
        0.0002840843   0.0001264368  -0.0062409530   0.0059864391  -0.0007678396
       -0.0006597235   0.0005967320   0.0003951937  -0.0003034145  -0.0004642051
       -0.0002632469  -0.0005344999  -0.0003255800   0.0003740784   0.0003022207
       -0.0000053816  -0.0001050722   0.0000276280   0.0000025558  -0.0000994559
       -0.0000381031   0.0000109206   0.0000720837
       -0.0003100526  -0.0002066673   0.0001950249   0.0004621096  -0.0003010742
        0.0004795750  -0.0000474724  -0.0002180326   0.0002092908  -0.0014370581
        0.0022784341  -0.0027587340  -0.0066384321  -0.0007049492   0.0047919323
       -0.0575512485   0.0400618113  -0.0296714923  -0.1222360079   0.0813372543
       -0.0954283523   0.0077296600  -0.0089334666   0.0210866499   0.6039037605
       -0.1598392329  -0.0792141747  -0.2121443209   0.0579908324   0.0177157143
       -0.0006294624   0.0005671207  -0.0003976060   0.0000973971  -0.0002442975
        0.0002744173  -0.0002000885   0.0000397810  -0.0004240343  -0.0000267859
       -0.0000742054   0.0000922085   0.0000483398   0.0000558341  -0.0000834142
        0.0000916931   0.0000301672  -0.0000409570  -0.0000262100  -0.0000719562
        0.0000556948   0.0000818045   0.0000476652  -0.0000545858  -0.0009974039
       -0.0000911873  -0.0000016353  -0.1420416799  -0.0385097308   0.1561731126
       -0.0142711317   0.0153839313   0.0020789267  -0.0218426925   0.0039098595
        0.0087281316  -0.0320429660   0.0072063368  -0.0039939660   0.0000173883
        0.0002127445   0.0001743920   0.0000127894  -0.0000232945   0.0000024807
       -0.0000019288   0.0000963221   0.0000114006
        0.0001360064   0.0002734888  -0.0001616881  -0.0001065858  -0.0000084203
       -0.0007387501  -0.0000840980   0.0003757938  -0.0001370752  -0.0001107245
       -0.0008952910   0.0015442132   0.0026786878   0.0009998497  -0.0023359613
        0.0340977904  -0.0096813158   0.0117154307   0.0706837168  -0.1272578723
        0.1316057128   0.0037558581  -0.0080601129   0.0375833610  -0.1598392329
        0.2591789504  -0.2766197995   0.0569860894  -0.0696134933   0.0094465771
        0.0002371506  -0.0006616659   0.0001464896  -0.0000657372   0.0003428116
       -0.0001760066  -0.0000681238  -0.0001841260   0.0002493905   0.0001066948
        0.0000197791  -0.0001180379  -0.0000543549   0.0000481469   0.0001093031
        0.0000197322  -0.0000319621   0.0001330937   0.0000957222   0.0000424453
       -0.0000925536  -0.0001253681   0.0000273719   0.0000342924   0.0003134135
        0.0000808188  -0.0000747973  -0.0374996632  -0.0411662808   0.0857135985
        0.0350059286  -0.0126161415  -0.0016616672  -0.0080415174   0.0038582824
       -0.0000681779   0.0018056688   0.0051551828   0.0036857423   0.0000764438
       -0.0003011009   0.0000911442   0.0000969258   0.0001347528   0.0001119285
       -0.0001004234  -0.0000598914   0.0000142369
       -0.0003072141  -0.0001301214   0.0002089882   0.0001295556  -0.0003086968
        0.0005210249   0.0000507299  -0.0001536946   0.0002067442   0.0011157144
        0.0001828561  -0.0007695085   0.0002391717  -0.0008463946   0.0018838358
       -0.0217506002   0.0078119595   0.0080416982  -0.0714642660   0.1201527674
       -0.2155598330  -0.0022882022   0.0468532386  -0.0767083851  -0.0792141747
       -0.2766197995   0.6133869251   0.0163179592   0.0103589822  -0.0715823850
       -0.0003951372   0.0002513667  -0.0004101220   0.0001089063  -0.0002166705
        0.0004357473  -0.0001103754   0.0000054882  -0.0002552350   0.0000072328
       -0.0000287753   0.0000370979  -0.0000044644   0.0000667501  -0.0000566532
        0.0000398265   0.0000341419  -0.0000635177  -0.0000235923  -0.0000502852
        0.0000453921   0.0000282236   0.0000541667  -0.0000634396   0.0001823502
       -0.0000813812   0.0000890980   0.1557038823   0.0885564051  -0.2600298206
       -0.0041417685   0.0032077993   0.0026356401   0.0298340883  -0.0083231145
       -0.0052698061  -0.0241307211   0.0089950759   0.0032386356   0.0000536093
        0.0001375701   0.0000546091   0.0000316852  -0.0000018063  -0.0000190463
       -0.0000124192   0.0000921719   0.0000023155
        0.0002116281  -0.0000607141  -0.0000044711   0.0000826109   0.0000470106
        0.0000362096   0.0000962553  -0.0000459863   0.0000175364  -0.0002796053
        0.0001986034  -0.0002547700  -0.0000475397   0.0004533494   0.0007488879
       -0.0000351731   0.0021759855  -0.0008766932  -0.0197450226   0.0092335148
       -0.0095531109   0.0005990020  -0.0006794422   0.0011813117  -0.2121443209
        0.0569860894   0.0163179592   0.4556817529   0.0137829579   0.0093340531
        0.0000745962   0.0000651279  -0.0000015703   0.0001089788   0.0000383340
        0.0000270925  -0.0000916874   0.0000289489  -0.0000117537  -0.0000441153
        0.0000369124  -0.0000035517  -0.0000545229  -0.0000109599   0.0000019178
       -0.0000417172   0.0000097488  -0.0000257220  -0.0000561463   0.0000084754
        0.0000080665  -0.0000367127   0.0000035172  -0.0000084435  -0.0001140923
       -0.0001045946  -0.0000538071  -0.0139564126   0.0026948130   0.0025510684
       -0.0378762703  -0.0057891307  -0.0013720989  -0.0725462546  -0.0325154675
        0.0775054477  -0.0996697601  -0.0465176076  -0.0955094715  -0.0000636229
        0.0000113738  -0.0000154089  -0.0000419361  -0.0000207193  -0.0000242558
       -0.0000099118  -0.0000301402  -0.0000144222
       -0.0000541101  -0.0000082823  -0.0000121386  -0.0000302346   0.0000125915
        0.0000685429  -0.0000159631   0.0000026043  -0.0000289797   0.0003145577
       -0.0003019113   0.0002172266   0.0009206028   0.0016809778   0.0005806953
        0.0042263872   0.0010186151   0.0027454290   0.0120483071  -0.0118327435
       -0.0022839781   0.0010601552  -0.0001627052   0.0003273281   0.0579908324
       -0.0696134933   0.0103589822   0.0137829579   0.5060815287  -0.0165433033
       -0.0000044326   0.0000803990   0.0000778476  -0.0000383129  -0.0000304126
       -0.0000590560   0.0000807891  -0.0000223428   0.0000531733   0.0000231543
       -0.0000019208   0.0000036760   0.0000171597  -0.0000078132   0.0000025335
        0.0000044378   0.0000012914   0.0000020266   0.0000186933   0.0000098221
       -0.0000023207   0.0000141805  -0.0000029745   0.0000099327   0.0000741743
       -0.0002543396  -0.0001956296  -0.0068114882   0.0000139473  -0.0022090745
       -0.0072410695  -0.2782176293   0.0022207602  -0.0295158472  -0.0733058900
        0.0720259196  -0.0468741151  -0.0751454664  -0.0672990060   0.0000086201
        0.0000041008  -0.0000381429  -0.0000124050  -0.0000010159  -0.0000080013
        0.0000129687   0.0000030628  -0.0000144428
       -0.0000810597  -0.0000522200   0.0000307245   0.0000043805   0.0000186937
        0.0001176445   0.0000035050  -0.0000582503   0.0000375041  -0.0002246171
        0.0002836812  -0.0004037409  -0.0005612306   0.0007025623   0.0012721468
       -0.0048897385   0.0049224296  -0.0016079332  -0.0163691002   0.0012877186
        0.0013676248  -0.0026700816   0.0012769264  -0.0002740295   0.0177157143
        0.0094465771  -0.0715823850   0.0093340531  -0.0165433033   0.5281786453
       -0.0000415643   0.0001002609  -0.0001020692   0.0000114076  -0.0000586415
        0.0000294715  -0.0000267653   0.0000763050  -0.0000433326   0.0000000421
       -0.0000072459   0.0000334750   0.0000387831  -0.0000135740  -0.0000065650
        0.0000114398   0.0000076365  -0.0000065189  -0.0000147231  -0.0000073190
        0.0000211753   0.0000241138  -0.0000039526  -0.0000000472  -0.0001354382
       -0.0001676437  -0.0001046619   0.0187844661  -0.0087579698  -0.0015596295
        0.0002398025   0.0017511198  -0.0434088442   0.0721943485   0.0740518099
       -0.2264960822  -0.0933253648  -0.0682998206  -0.1855245029  -0.0000015887
        0.0000540141   0.0000211831  -0.0000110102  -0.0000255124  -0.0000069959
       -0.0000097743   0.0000157178   0.0000177434
        0.0021921129  -0.0017642267  -0.0003536179  -0.0250004341   0.0113920100
       -0.0036086018  -0.0067227041   0.0235676707  -0.0008551925   0.0043185509
       -0.0066383260  -0.0015894172  -0.0017835810  -0.0005885779   0.0018407481
       -0.0033988863  -0.0027853085  -0.0001348648   0.0017852592  -0.0004288340
       -0.0000086828  -0.0005715758   0.0000029745   0.0004713061  -0.0006294624
        0.0002371506  -0.0003951372   0.0000745962  -0.0000044326  -0.0000415643
        0.0539916938  -0.0285358424   0.0109436439  -0.0234710976   0.0026094161
       -0.0048270234   0.0001258866  -0.0004800805  -0.0001086660  -0.0002179259
       -0.0000120134   0.0000934071  -0.0000061240  -0.0002263644  -0.0004868694
        0.0003825171  -0.0000184845  -0.0000043968   0.0005117104   0.0005285286
       -0.0000099781  -0.0047552188   0.0023319680  -0.0012590585  -0.0005649526
        0.0000633536   0.0011535428   0.0001275592   0.0000164107   0.0001356708
       -0.0000211411   0.0000367631   0.0000076992   0.0000433688  -0.0000230047
        0.0000207799  -0.0000257114  -0.0000115637  -0.0000189273   0.0025853631
        0.0039325038   0.0150862999  -0.0000022237   0.0010221153   0.0027014025
        0.0010324209  -0.0042238055  -0.0187525023
        0.0015104061  -0.0171379845  -0.0081152724   0.0164283546  -0.0869685541
        0.0189643286   0.0110232613  -0.0204436615   0.0008684250  -0.0053786547
       -0.0278125906   0.0076768161   0.0025044329   0.0020749701   0.0036162575
       -0.0011901876  -0.0020613760  -0.0027351065  -0.0016713065   0.0008890467
        0.0002060188   0.0003829202  -0.0004107132  -0.0001163918   0.0005671207
       -0.0006616659   0.0002513667   0.0000651279   0.0000803990   0.0001002609
       -0.0285358424   0.1937622813   0.0140860378   0.0019544897  -0.0360230525
       -0.0192207202  -0.0007449624   0.0004054058   0.0001266820   0.0003856227
        0.0011047458  -0.0003946988  -0.0003041211  -0.0007248516  -0.0020155423
       -0.0003220916   0.0005065104   0.0003071691  -0.0002434660   0.0008622159
       -0.0003700103   0.0040234437  -0.0014636051   0.0008760784  -0.0010455249
       -0.0008505269   0.0017551525   0.0000406951   0.0003847042  -0.0000330803
        0.0001161721  -0.0000836969   0.0000057862  -0.0000288813   0.0000161017
        0.0000026823   0.0000325432  -0.0000319062  -0.0000058155   0.0017089153
        0.0027941446   0.0055954722  -0.0001412774  -0.0096347881  -0.0242098267
       -0.0011371895   0.0014284476   0.0027779306
        0.0022570205  -0.0213774716  -0.0027868213  -0.0022289890   0.0121410649
       -0.0298207105  -0.0009814865   0.0043490506   0.0020033839  -0.0023587153
        0.0141146475   0.0008577047   0.0006966669  -0.0011729447  -0.0029324983
        0.0003510000   0.0000928190   0.0015525423   0.0003512076  -0.0002800972
        0.0012428739   0.0002366868   0.0002041863  -0.0011043770  -0.0003976060
        0.0001464896  -0.0004101220  -0.0000015703   0.0000778476  -0.0001020692
        0.0109436439   0.0140860378   0.2417086715  -0.0063338586  -0.0037027958
       -0.1424203559  -0.0007956416  -0.0008108676  -0.0001135310   0.0010780462
       -0.0007584943  -0.0011179205  -0.0007483681  -0.0025335645  -0.0041608368
       -0.0006985525   0.0003895649  -0.0013452469   0.0008814864  -0.0004855790
        0.0002323168  -0.0011788085   0.0000467048  -0.0005180868   0.0007657804
        0.0005186000  -0.0025391175  -0.0003855304   0.0000325854   0.0002164381
       -0.0000194415   0.0000044934   0.0000355425   0.0001139054   0.0000073060
       -0.0000400858  -0.0000781081  -0.0000129360  -0.0000256144   0.0049120731
       -0.0042632768  -0.0276147847   0.0001106911  -0.0058329920  -0.0062709117
       -0.0064915320  -0.0049803786  -0.0245263834
       -0.0000484971   0.0002559204  -0.0000290090  -0.0004705600  -0.0007820900
        0.0023213419  -0.0001125712  -0.0006945315  -0.0005152646   0.0000174220
        0.0000514933   0.0000869455  -0.0002613727  -0.0000178922  -0.0005871350
        0.0003529838  -0.0001904512   0.0004552474  -0.0003503982   0.0000952029
       -0.0001702880   0.0000678429  -0.0001081856   0.0000429929   0.0000973971
       -0.0000657372   0.0001089063   0.0001089788  -0.0000383129   0.0000114076
       -0.0234710976   0.0019544897  -0.0063338586   0.4889196464  -0.0040621399
        0.0001378932   0.0001232420   0.0000765420   0.0000895973  -0.0000363462
        0.0000277983   0.0000045480   0.0001679795   0.0000381618   0.0000341873
       -0.0003928721   0.0010080392   0.0006183591  -0.0000343602   0.0000469901
        0.0000443534   0.0001516938   0.0000708132   0.0002735968   0.0001910422
        0.0000257582  -0.0000849326   0.0000441394   0.0000402771  -0.0000471296
       -0.0000003440  -0.0000057647  -0.0000059779  -0.0000213687  -0.0000012891
        0.0000041916  -0.0000233974   0.0000063123  -0.0000052385  -0.1856154800
       -0.0815926362   0.0914456782  -0.0436899947   0.0262005576   0.0012015006
       -0.2357137078   0.0576606745  -0.0891019136
        0.0009909752  -0.0055368711  -0.0005936429  -0.0014276367  -0.0014011143
       -0.0156027730   0.0000031230   0.0005699213   0.0004297419  -0.0009586261
        0.0009750597  -0.0005753643   0.0008139045  -0.0016332009  -0.0004576113
       -0.0007504464   0.0008088766   0.0000936933   0.0009228896  -0.0006166745
        0.0000389644  -0.0001554772   0.0001665454  -0.0000004987  -0.0002442975
        0.0003428116  -0.0002166705   0.0000383340  -0.0000304126  -0.0000586415
        0.0026094161  -0.0360230525  -0.0037027958  -0.0040621399   0.4822137565
       -0.0514378906   0.0001249851  -0.0001272366   0.0000786906   0.0000401609
       -0.0002326059   0.0000870780  -0.0003295821  -0.0008083775  -0.0014714068
       -0.0001243693  -0.0004218924  -0.0006244850   0.0000794269  -0.0002510708
       -0.0000937934  -0.0001371525   0.0000125062  -0.0002197359   0.0000343765
        0.0000823643  -0.0005700295  -0.0000844161  -0.0001042716   0.0000074000
       -0.0000407471   0.0000360140   0.0000031965   0.0000112145  -0.0000143021
       -0.0000047086  -0.0000330700   0.0000116608   0.0000059899  -0.0833456623
       -0.0884010012   0.0555871916   0.0259438224  -0.2917509602  -0.0103840670
        0.0600809943  -0.0578664721   0.0296821685
        0.0000993124  -0.0006359624  -0.0004608690   0.0003377818  -0.0043961032
        0.0012771808  -0.0002718222   0.0000771561  -0.0005445712   0.0008911828
       -0.0002708396  -0.0008782357  -0.0003688957   0.0006734222   0.0002708071
        0.0005083630  -0.0000039277   0.0005338046  -0.0001414994   0.0004430117
       -0.0010620214  -0.0001791736  -0.0001125383   0.0008942522   0.0002744173
       -0.0001760066   0.0004357473   0.0000270925  -0.0000590560   0.0000294715
       -0.0048270234  -0.0192207202  -0.1424203559   0.0001378932  -0.0514378906
        0.3342374932   0.0007466510   0.0002006807   0.0001991038  -0.0005555928
        0.0001713269   0.0010157384  -0.0000688590   0.0001418527   0.0000694806
        0.0001809908   0.0002813113   0.0006466793  -0.0003542521  -0.0001206329
       -0.0001050909  -0.0000024668   0.0002778100   0.0003423645  -0.0000562814
       -0.0004010685   0.0001228239   0.0002454149  -0.0000407335  -0.0002459502
       -0.0000040536  -0.0000135998  -0.0000157723  -0.0000918386   0.0000106286
        0.0000093543   0.0000438438   0.0000127827   0.0000276518   0.0835539077
        0.0518014199  -0.0882732476   0.0008816726  -0.0050696591  -0.0353883012
       -0.0810067654   0.0278673358  -0.0707175380
       -0.2748122379   0.0355704200  -0.0425310088  -0.0094498677   0.0001416598
       -0.0048039273  -0.0002336165  -0.0007689767  -0.0025627079   0.0003997973
        0.0006016891  -0.0002598364   0.0003969085  -0.0001301825  -0.0000030376
       -0.0006565102   0.0000987863   0.0010262875  -0.0005238900   0.0001181572
        0.0007423627   0.0001180687   0.0000481526  -0.0003817864  -0.0002000885
       -0.0000681238  -0.0001103754  -0.0000916874   0.0000807891  -0.0000267653
        0.0001258866  -0.0007449624  -0.0007956416   0.0001232420   0.0001249851
        0.0007466510   0.3171141966  -0.0410650093   0.0503384146  -0.0222800206
        0.0014238056  -0.0005277666  -0.0097713150   0.0043218058  -0.0011009592
       -0.0005638671   0.0001108395  -0.0003080277   0.0003296753   0.0001830720
       -0.0000358722   0.0001709626  -0.0002640979   0.0001108792  -0.0001415611
       -0.0001117970   0.0001903133  -0.0000798145   0.0002670627   0.0000268634
        0.0000193370  -0.0000214201  -0.0000059455   0.0000401374  -0.0000054532
       -0.0000113618  -0.0000140347   0.0000047624  -0.0000050655   0.0000136183
        0.0000492594   0.0000941947   0.0000200395  -0.0000611693   0.0000604722
       -0.0000533586   0.0000959457   0.0001336467
        0.0358602644  -0.0489480601   0.0076348322  -0.0095699199   0.0008735823
       -0.0024129848  -0.0003722548  -0.0001049640  -0.0016566529   0.0005397985
        0.0001508760   0.0005338456  -0.0002345152   0.0000364033   0.0002692447
       -0.0000291068  -0.0003707609  -0.0005246746   0.0002237747   0.0004194083
       -0.0003283342  -0.0001479601  -0.0001910575   0.0002744539   0.0000397810
       -0.0001841260   0.0000054882   0.0000289489  -0.0000223428   0.0000763050
       -0.0004800805   0.0004054058  -0.0008108676   0.0000765420  -0.0001272366
        0.0002006807  -0.0410650093   0.0534724103  -0.0068945080  -0.0167810593
        0.0023310599  -0.0014810406   0.0322000730  -0.0079854983   0.0051922725
       -0.0005320704   0.0002756958  -0.0003049598   0.0000707419  -0.0000526645
        0.0000326915  -0.0000588597   0.0000304763  -0.0000945176   0.0000015150
       -0.0000611657   0.0000268140   0.0003309026  -0.0000147355  -0.0000053788
        0.0000018552  -0.0000249542  -0.0000083982  -0.0000421288   0.0000115692
        0.0000211821  -0.0000066608   0.0000077547  -0.0000048848  -0.0000243201
        0.0000509610   0.0001168642  -0.0000033401  -0.0000297299   0.0000057929
       -0.0000269114   0.0000516928   0.0001367345
       -0.0412719783   0.0073688773  -0.0499240826  -0.0276801156   0.0028534673
       -0.0088432121  -0.0017657900  -0.0019408013  -0.0051811553  -0.0011903831
        0.0003530735   0.0004312244  -0.0005988396   0.0004429200  -0.0012165963
        0.0007371087  -0.0002942144   0.0001808247   0.0018598222  -0.0007722511
       -0.0002303234  -0.0005799773   0.0000821129   0.0002671295  -0.0004240343
        0.0002493905  -0.0002552350  -0.0000117537   0.0000531733  -0.0000433326
       -0.0001086660   0.0001266820  -0.0001135310   0.0000895973   0.0000786906
        0.0001991038   0.0503384146  -0.0068945080   0.0601820865   0.0215294766
       -0.0021064625   0.0033728293   0.0005076409   0.0005394000   0.0012408725
       -0.0017130095   0.0001132841  -0.0005365370   0.0001248150  -0.0000265133
       -0.0000984958   0.0001780436  -0.0001073339  -0.0000619678   0.0000405513
       -0.0001286150   0.0001693193   0.0000252980  -0.0000847799   0.0003419350
       -0.0000386305   0.0000236337   0.0000075781   0.0000288851  -0.0000046494
       -0.0000222389  -0.0000590029   0.0000057090  -0.0000001985  -0.0000392239
       -0.0000106400   0.0000037811   0.0000263729   0.0000085063   0.0000607845
       -0.0000046217   0.0000718482   0.0000694376
       -0.1149558901  -0.0671108086   0.0887161512   0.0031822048   0.0027335221
       -0.0028715910   0.0006673260   0.0001354912  -0.0009868285  -0.0001680542
       -0.0003860660  -0.0004422065   0.0000387077   0.0003812766  -0.0004687812
        0.0000376972   0.0001174709   0.0004278472   0.0001108516  -0.0003057945
        0.0000520267  -0.0001110416   0.0000799043  -0.0000048913  -0.0000267859
        0.0001066948   0.0000072328  -0.0000441153   0.0000231543   0.0000000421
       -0.0002179259   0.0003856227   0.0010780462  -0.0000363462   0.0000401609
       -0.0005555928  -0.0222800206  -0.0167810593   0.0215294766   0.1307655591
        0.0782065446  -0.1025549408   0.0034560825   0.0025422217  -0.0035173493
       -0.0000870120  -0.0000294796   0.0000639005  -0.0002844129  -0.0002067089
       -0.0003822310  -0.0000867943   0.0000518475   0.0000224574   0.0000666093
        0.0001617116   0.0000585010  -0.0000353801  -0.0000831895   0.0000864754
       -0.0000076637   0.0000071896   0.0000080499   0.0000153901  -0.0000040934
       -0.0000097832  -0.0000023280  -0.0000061921   0.0000110158  -0.0000280710
       -0.0000693768  -0.0001304729  -0.0000045024   0.0000622607  -0.0000123825
        0.0000359160  -0.0000523047  -0.0001241718
       -0.0667205354  -0.1053440264   0.0837620349   0.0048189679   0.0042707701
       -0.0067508981   0.0002775344  -0.0000156209  -0.0001158985  -0.0013805168
       -0.0003683481  -0.0011402858   0.0005861960   0.0004524070  -0.0001032353
       -0.0001241197  -0.0003495831   0.0001400949   0.0002386328  -0.0000397267
       -0.0000587514  -0.0000534783  -0.0000106853   0.0000494880  -0.0000742054
        0.0000197791  -0.0000287753   0.0000369124  -0.0000019208  -0.0000072459
       -0.0000120134   0.0011047458  -0.0007584943   0.0000277983  -0.0002326059
        0.0001713269   0.0014238056   0.0023310599  -0.0021064625   0.0782065446
        0.1184974458  -0.0947904672  -0.0175883589  -0.0207177311   0.0217007824
        0.0000377296  -0.0000676524  -0.0001235287   0.0000785828   0.0003387147
        0.0000397843  -0.0000406769  -0.0002901603   0.0001676608   0.0002009519
        0.0003838379  -0.0002283825   0.0000209977   0.0000127931   0.0000051914
        0.0000007857   0.0000085996  -0.0000034635   0.0000062232  -0.0000040240
        0.0000046352  -0.0000095876  -0.0000059861  -0.0000050980   0.0000223370
        0.0000185032   0.0001075655   0.0000103967  -0.0000223298  -0.0000341258
        0.0000090957   0.0000317446   0.0001065485
        0.0888752426   0.0841266976  -0.1499881754   0.0148667562   0.0110323852
       -0.0269857740   0.0006361165   0.0002788086   0.0009784715  -0.0023062522
       -0.0024786133  -0.0050321915   0.0003864265   0.0019396716  -0.0004943822
        0.0004631433  -0.0012953082   0.0003487193  -0.0006194608   0.0002475157
        0.0002667669   0.0001204156  -0.0000475810  -0.0002330639   0.0000922085
       -0.0001180379   0.0000370979  -0.0000035517   0.0000036760   0.0000334750
        0.0000934071  -0.0003946988  -0.0011179205   0.0000045480   0.0000870780
        0.0010157384  -0.0005277666  -0.0014810406   0.0033728293  -0.1025549408
       -0.0947904672   0.1770358349   0.0004906147   0.0021057998   0.0006317440
        0.0001731251   0.0000145792   0.0003530044  -0.0007581147  -0.0002428962
       -0.0001987969  -0.0000573099   0.0000732420  -0.0001530744   0.0005580605
        0.0007387893  -0.0003364845   0.0000338716   0.0000245301   0.0000279924
       -0.0000010473  -0.0000137804  -0.0000034447  -0.0000145847   0.0000113736
       -0.0000018437  -0.0000029702   0.0000078789   0.0000018317   0.0000177428
        0.0001619700   0.0001940661   0.0000086082  -0.0001020862   0.0000994539
        0.0000257118   0.0001105142   0.0001481261
       -0.0531884006   0.0491881961   0.0032251130   0.0013490050  -0.0052477448
       -0.0007110072   0.0002197309  -0.0007949691  -0.0004041365   0.0002564977
        0.0003207300   0.0004087374  -0.0001984424  -0.0001007760   0.0000591978
       -0.0002520583   0.0000812944   0.0000185259  -0.0001150548   0.0001468344
        0.0000349726  -0.0000032562  -0.0000411865  -0.0000221761   0.0000483398
       -0.0000543549  -0.0000044644  -0.0000545229   0.0000171597   0.0000387831
       -0.0000061240  -0.0003041211  -0.0007483681   0.0001679795  -0.0003295821
       -0.0000688590  -0.0097713150   0.0322000730   0.0005076409   0.0034560825
       -0.0175883589   0.0004906147   0.0585310093  -0.0573642333  -0.0023476472
       -0.0000621843   0.0000948892   0.0000927302  -0.0001036742  -0.0001423768
        0.0000541254  -0.0003406518   0.0000703299  -0.0006372430   0.0000092437
       -0.0001026903  -0.0000221574   0.0000525435  -0.0000293380   0.0000449972
        0.0000053681  -0.0000209974  -0.0000030193  -0.0000013075   0.0000106232
       -0.0000006666   0.0000070139   0.0000110191   0.0000075978  -0.0000258093
        0.0000091970   0.0000116896   0.0000045946  -0.0000355819  -0.0000918065
        0.0000153928   0.0000059651   0.0000668257
        0.0488777715  -0.2723182257  -0.0121536757   0.0016652935  -0.0128713156
       -0.0061211108   0.0003922511   0.0008697554   0.0008575481  -0.0004373126
        0.0001238791   0.0004425527   0.0004373210  -0.0002127858  -0.0002069157
        0.0004085460   0.0001134507  -0.0001284532  -0.0004030273  -0.0000724139
        0.0001404116   0.0000357484   0.0000488618  -0.0000907541   0.0000558341
        0.0000481469   0.0000667501  -0.0000109599  -0.0000078132  -0.0000135740
       -0.0002263644  -0.0007248516  -0.0025335645   0.0000381618  -0.0008083775
        0.0001418527   0.0043218058  -0.0079854983   0.0005394000   0.0025422217
       -0.0207177311   0.0021057998  -0.0573642333   0.3144343731   0.0172588682
        0.0001475657   0.0001122513   0.0002774930  -0.0000753369  -0.0003223785
        0.0000006446  -0.0003122663   0.0004278982  -0.0002779961  -0.0000208496
       -0.0000588321   0.0000256553  -0.0000518084  -0.0000187648  -0.0000292119
       -0.0000060614  -0.0000021392  -0.0000037961  -0.0000166361   0.0000061553
       -0.0000088263  -0.0000088199  -0.0000005824   0.0000081366   0.0000082589
       -0.0000030820   0.0000347981  -0.0000073297  -0.0000574877  -0.0003317110
        0.0000102263  -0.0000024923  -0.0000003215
        0.0032349450  -0.0127924526  -0.0418614539   0.0043243806  -0.0266710282
       -0.0067089412   0.0006252300  -0.0002516995   0.0005683746  -0.0005170920
       -0.0011743249   0.0004111312   0.0005180269  -0.0001669466   0.0001092450
       -0.0003422656   0.0002506901  -0.0001448448   0.0002775194  -0.0001545098
       -0.0000241500  -0.0000938931   0.0000067725   0.0000282139  -0.0000834142
        0.0001093031  -0.0000566532   0.0000019178   0.0000025335  -0.0000065650
       -0.0004868694  -0.0020155423  -0.0041608368   0.0000341873  -0.0014714068
        0.0000694806  -0.0011009592   0.0051922725   0.0012408725  -0.0035173493
        0.0217007824   0.0006317440  -0.0023476472   0.0172588682   0.0502100188
        0.0001835168   0.0000874995   0.0001072792  -0.0000605488   0.0001123095
       -0.0000788900  -0.0005747327   0.0000818527  -0.0002773739  -0.0000822283
       -0.0000452402   0.0000063784   0.0000163017  -0.0000211452   0.0000144714
       -0.0000077578   0.0000050922  -0.0000002291  -0.0000022340  -0.0000053811
       -0.0000006892  -0.0000172213   0.0000048972   0.0000011456  -0.0000250330
        0.0000363242   0.0001955567  -0.0000041025  -0.0001094064  -0.0004382068
        0.0000473230   0.0000298858   0.0001649220
       -0.0058973795   0.0008853457  -0.0015337136  -0.0103609694  -0.0093454573
       -0.0272555393  -0.0542511628  -0.0179281458  -0.0487571525   0.0004929475
        0.0002111698  -0.0011109324   0.0000811376   0.0004514642  -0.0003455975
        0.0002887922  -0.0002945862   0.0002441877  -0.0002390099  -0.0000299143
        0.0000267342   0.0000797028   0.0000237257  -0.0000793431   0.0000916931
        0.0000197322   0.0000398265  -0.0000417172   0.0000044378   0.0000114398
        0.0003825171  -0.0003220916  -0.0006985525  -0.0003928721  -0.0001243693
        0.0001809908  -0.0005638671  -0.0005320704  -0.0017130095  -0.0000870120
        0.0000377296   0.0001731251  -0.0000621843   0.0001475657   0.0001835168
        0.0645259741   0.0198532476   0.0583056950   0.0038245207   0.0050385330
        0.0164661401   0.0021413899   0.0015597749   0.0047291766  -0.0002212058
       -0.0004166494   0.0003098667  -0.0000344085  -0.0000426373   0.0000171403
        0.0000021390  -0.0000162732  -0.0000069101   0.0000024004   0.0000004553
       -0.0000137153   0.0000142109   0.0000047399   0.0000093772  -0.0002219479
        0.0000194000   0.0001405781   0.0001451296  -0.0001726263   0.0000217295
        0.0003011815   0.0009674996   0.0006549415
        0.0004467741   0.0004283872   0.0000790661   0.0005832114   0.0011267804
        0.0036391498  -0.0178669399  -0.0696256553  -0.0721808955  -0.0001118912
        0.0004284385  -0.0006555225  -0.0002430024   0.0000474881   0.0000450166
        0.0002601455  -0.0003012876   0.0002289642   0.0000158552   0.0000369058
       -0.0000627089  -0.0000232552  -0.0000401922   0.0000638914   0.0000301672
       -0.0000319621   0.0000341419   0.0000097488   0.0000012914   0.0000076365
       -0.0000184845   0.0005065104   0.0003895649   0.0010080392  -0.0004218924
        0.0002813113   0.0001108395   0.0002756958   0.0001132841  -0.0000294796
       -0.0000676524   0.0000145792   0.0000948892   0.0001122513   0.0000874995
        0.0198532476   0.0781818385   0.0852082714   0.0023554842   0.0051607535
        0.0147545146  -0.0058364605  -0.0149201067  -0.0313234874  -0.0006546785
       -0.0003005370   0.0002557605   0.0000201073   0.0000057516  -0.0000115337
        0.0000058881   0.0000031309   0.0000005678  -0.0000050547   0.0000028070
        0.0000041008   0.0000026543   0.0000006552  -0.0000043431  -0.0001740737
        0.0000626853  -0.0000708220  -0.0001828316   0.0000121462  -0.0000161330
        0.0003491001  -0.0006842315  -0.0008818747
       -0.0026586814   0.0003128207  -0.0001336940  -0.0052844098  -0.0018330394
       -0.0075481604  -0.0488524794  -0.0725559540  -0.2457025088   0.0009653277
        0.0002692876   0.0003193530   0.0001197562  -0.0003309568   0.0001436200
       -0.0003781553   0.0003350556  -0.0000128708   0.0003150709  -0.0002107674
       -0.0000096722  -0.0000075988   0.0000387910  -0.0000309836  -0.0000409570
        0.0001330937  -0.0000635177  -0.0000257220   0.0000020266  -0.0000065189
       -0.0000043968   0.0003071691  -0.0013452469   0.0006183591  -0.0006244850
        0.0006466793  -0.0003080277  -0.0003049598  -0.0005365370   0.0000639005
       -0.0001235287   0.0003530044   0.0000927302   0.0002774930   0.0001072792
        0.0583056950   0.0852082714   0.2836243053  -0.0025091639  -0.0067232185
       -0.0259153228  -0.0003081067  -0.0039760208  -0.0046891032  -0.0000566166
       -0.0000757880   0.0002325649  -0.0000415364  -0.0000470212  -0.0000042366
       -0.0000010496   0.0000080136  -0.0000016813   0.0000135795  -0.0000114464
        0.0000049609  -0.0000022492  -0.0000053942   0.0000000976   0.0000696910
        0.0000516225   0.0000892955  -0.0000602086  -0.0000396225  -0.0000519686
       -0.0000247507  -0.0000814423   0.0005308628
        0.0009218155  -0.0000418275   0.0007203512  -0.0225757725  -0.0141213996
        0.0194024705  -0.1161563392  -0.0661759364   0.0903266333  -0.0054163104
        0.0006688997  -0.0015554054  -0.0021118750  -0.0010087356   0.0022250266
        0.0000797825   0.0003498917  -0.0004159656   0.0001972957  -0.0001783849
        0.0000536449  -0.0000534294   0.0000783589  -0.0000235429  -0.0000262100
        0.0000957222  -0.0000235923  -0.0000561463   0.0000186933  -0.0000147231
        0.0005117104  -0.0002434660   0.0008814864  -0.0000343602   0.0000794269
       -0.0003542521   0.0003296753   0.0000707419   0.0001248150  -0.0002844129
        0.0000785828  -0.0007581147  -0.0001036742  -0.0000753369  -0.0000605488
        0.0038245207   0.0023554842  -0.0025091639   0.1378141479   0.0767839160
       -0.1049883887   0.0034541358   0.0011871483  -0.0025306043  -0.0002396006
        0.0002290890  -0.0002883300  -0.0000590049  -0.0000416980   0.0000142079
       -0.0000042534  -0.0000034656   0.0000023254   0.0000120991  -0.0000032034
       -0.0000113754   0.0000050269  -0.0000039086   0.0000078225  -0.0000068983
       -0.0001022298  -0.0001582364   0.0000403374  -0.0000012678  -0.0000599377
       -0.0000622601   0.0000049051  -0.0000066021
        0.0000709163   0.0000164727  -0.0000525537   0.0018834357   0.0016462047
       -0.0020807407  -0.0673871176  -0.1029280819   0.0807454109   0.0002100371
        0.0004966593   0.0005200027   0.0003374434  -0.0000083405  -0.0001968728
       -0.0003469108   0.0001184593  -0.0000818300   0.0002410945  -0.0000718500
       -0.0000417777  -0.0000675188   0.0000014628   0.0000464331  -0.0000719562
        0.0000424453  -0.0000502852   0.0000084754   0.0000098221  -0.0000073190
        0.0005285286   0.0008622159  -0.0004855790   0.0000469901  -0.0002510708
       -0.0001206329   0.0001830720  -0.0000526645  -0.0000265133  -0.0002067089
        0.0003387147  -0.0002428962  -0.0001423768  -0.0003223785   0.0001123095
        0.0050385330   0.0051607535  -0.0067232185   0.0767839160   0.1152553867
       -0.0938658124  -0.0171803341  -0.0204289677   0.0225946473   0.0000706072
        0.0000702930  -0.0001353257   0.0000063051   0.0000012173   0.0000098475
        0.0000003915   0.0000108725   0.0000007690   0.0000034695   0.0000002708
        0.0000046448  -0.0000071373  -0.0000024644  -0.0000060021  -0.0000418924
       -0.0000190967   0.0000857911   0.0000413122  -0.0000204672  -0.0000138498
       -0.0000025745   0.0000741316   0.0000113530
       -0.0010187394  -0.0001952723   0.0007418056  -0.0004122706  -0.0021869273
        0.0026740520   0.0907317534   0.0806851727  -0.1543591688  -0.0001682519
        0.0003507696   0.0000995013  -0.0003467170   0.0001397275   0.0000371740
        0.0004173878  -0.0003592989   0.0001276107  -0.0002448793   0.0001241925
        0.0000352272   0.0000389195  -0.0000304298  -0.0000190277   0.0000556948
       -0.0000925536   0.0000453921   0.0000080665  -0.0000023207   0.0000211753
       -0.0000099781  -0.0003700103   0.0002323168   0.0000443534  -0.0000937934
       -0.0001050909  -0.0000358722   0.0000326915  -0.0000984958  -0.0003822310
        0.0000397843  -0.0001987969   0.0000541254   0.0000006446  -0.0000788900
        0.0164661401   0.0147545146  -0.0259153228  -0.1049883887  -0.0938658124
        0.1763343003  -0.0002367697   0.0011204413   0.0005219290  -0.0000971750
       -0.0001384191   0.0001679078   0.0000299286   0.0000221952   0.0000104568
        0.0000034175  -0.0000089461   0.0000000695  -0.0000066691   0.0000050294
        0.0000016107  -0.0000009324   0.0000026634   0.0000044272  -0.0001399776
        0.0000373758  -0.0000244442   0.0000289487  -0.0000485584   0.0000345882
        0.0002101163   0.0000771397  -0.0002903073
        0.0007767519   0.0003638081   0.0006306314  -0.0111449940   0.0274090367
        0.0003063571  -0.0504324284   0.0456753865   0.0033868414   0.0000854070
        0.0005931361  -0.0004583760  -0.0000385521   0.0001892417  -0.0003520834
        0.0003650700  -0.0002908920   0.0002915768  -0.0002808330   0.0001719463
        0.0000530417   0.0000972274  -0.0000067421  -0.0000760377   0.0000818045
       -0.0001253681   0.0000282236  -0.0000367127   0.0000141805   0.0000241138
       -0.0047552188   0.0040234437  -0.0011788085   0.0001516938  -0.0001371525
       -0.0000024668   0.0001709626  -0.0000588597   0.0001780436  -0.0000867943
       -0.0000406769  -0.0000573099  -0.0003406518  -0.0003122663  -0.0005747327
        0.0021413899  -0.0058364605  -0.0003081067   0.0034541358  -0.0171803341
       -0.0002367697   0.0599479266  -0.0542084866  -0.0022636000  -0.0002712953
       -0.0001219516   0.0005401375  -0.0000069888   0.0000246969   0.0000283371
        0.0000092055  -0.0000179518  -0.0000023397   0.0000027756   0.0000096382
       -0.0000073583   0.0000178482   0.0000050223   0.0000026832  -0.0000011028
        0.0000064775  -0.0000656669   0.0000449837  -0.0001011880  -0.0000315118
        0.0000483894  -0.0000476842   0.0001451811
       -0.0009273044   0.0007680904  -0.0002952346   0.0059872046  -0.0077480160
        0.0003494447   0.0448843316  -0.2724507038  -0.0138018161  -0.0007526814
        0.0002098010   0.0004528998   0.0000015154   0.0000049725  -0.0000830444
        0.0002094727   0.0000913623  -0.0001291946  -0.0003409449  -0.0000198193
        0.0000805805   0.0000516453   0.0000359113  -0.0000736465   0.0000476652
        0.0000273719   0.0000541667   0.0000035172  -0.0000029745  -0.0000039526
        0.0023319680  -0.0014636051   0.0000467048   0.0000708132   0.0000125062
        0.0002778100  -0.0002640979   0.0000304763  -0.0001073339   0.0000518475
       -0.0002901603   0.0000732420   0.0000703299   0.0004278982   0.0000818527
        0.0015597749  -0.0149201067  -0.0039760208   0.0011871483  -0.0204289677
        0.0011204413  -0.0542084866   0.3153188699   0.0160483456   0.0001869481
        0.0002252683  -0.0003048718  -0.0000241322  -0.0000166468  -0.0000260484
       -0.0000028167  -0.0000030532  -0.0000021514  -0.0000068816   0.0000062445
       -0.0000092253  -0.0000013991   0.0000076484   0.0000085175   0.0000290310
       -0.0000232258   0.0000533216  -0.0000265471   0.0000835761   0.0000340668
       -0.0001179209   0.0001172818   0.0001311461
       -0.0003605491   0.0006547584   0.0002348853  -0.0017568493   0.0050325901
        0.0003442625   0.0029954876  -0.0135053571  -0.0434318203   0.0002946732
       -0.0004315516   0.0004590091   0.0001669262  -0.0000687724   0.0000022936
       -0.0003569505   0.0002099082  -0.0002669307   0.0001256388  -0.0000461491
        0.0000535942  -0.0000103336   0.0000156992  -0.0000506607  -0.0000545858
        0.0000342924  -0.0000634396  -0.0000084435   0.0000099327  -0.0000000472
       -0.0012590585   0.0008760784  -0.0005180868   0.0002735968  -0.0002197359
        0.0003423645   0.0001108792  -0.0000945176  -0.0000619678   0.0000224574
        0.0001676608  -0.0001530744  -0.0006372430  -0.0002779961  -0.0002773739
        0.0047291766  -0.0313234874  -0.0046891032  -0.0025306043   0.0225946473
        0.0005219290  -0.0022636000   0.0160483456   0.0476454790   0.0006574749
        0.0000364196  -0.0003378672  -0.0000138822   0.0000053030   0.0000277875
       -0.0000020548   0.0000003120   0.0000043980   0.0000079568  -0.0000028635
        0.0000000293  -0.0000050444   0.0000010530   0.0000021999   0.0000394354
       -0.0000328626   0.0000290430   0.0000339556  -0.0000005516   0.0000281235
       -0.0001984596   0.0003168443   0.0001549735
       -0.0006883559  -0.0007370887   0.0010784153   0.0037434158  -0.0053871124
        0.0078265416   0.0000397869  -0.0011031843   0.0014015019  -0.0825330710
        0.0619347875  -0.0736329918  -0.0249373779   0.0188980681  -0.0218740797
       -0.0070195281   0.0027112284   0.0008586879   0.0003999237   0.0010564045
       -0.0021879589  -0.0000105461  -0.0001404266   0.0002933382  -0.0009974039
        0.0003134135   0.0001823502  -0.0001140923   0.0000741743  -0.0001354382
       -0.0005649526  -0.0010455249   0.0007657804   0.0001910422   0.0000343765
       -0.0000562814  -0.0001415611   0.0000015150   0.0000405513   0.0000666093
        0.0002009519   0.0005580605   0.0000092437  -0.0000208496  -0.0000822283
       -0.0002212058  -0.0006546785  -0.0000566166  -0.0002396006   0.0000706072
       -0.0000971750  -0.0002712953   0.0001869481   0.0006574749   0.1134758030
       -0.0763781986   0.0843069765  -0.0000234012  -0.0000896724   0.0001505599
       -0.0000186978   0.0000075875  -0.0000026511   0.0000339883  -0.0000043333
       -0.0000158314  -0.0000314720   0.0000136586  -0.0000006839  -0.0001416302
        0.0001388027  -0.0000688011  -0.0000634093  -0.0000133924   0.0000578640
        0.0000577881  -0.0000680622   0.0000326349
       -0.0011421445  -0.0017525050   0.0010286397   0.0037630661  -0.0025143578
        0.0126876838   0.0012469242   0.0003091887  -0.0004995644   0.0635212743
       -0.1209025740   0.1059106004   0.0078192493  -0.0107242818  -0.0015302399
        0.0012905721   0.0089408143   0.0053274615   0.0003539677   0.0007919004
        0.0001317988   0.0000253602   0.0001364666   0.0002840843  -0.0000911873
        0.0000808188  -0.0000813812  -0.0001045946  -0.0002543396  -0.0001676437
        0.0000633536  -0.0008505269   0.0005186000   0.0000257582   0.0000823643
       -0.0004010685  -0.0001117970  -0.0000611657  -0.0001286150   0.0001617116
        0.0003838379   0.0007387893  -0.0001026903  -0.0000588321  -0.0000452402
       -0.0004166494  -0.0003005370  -0.0000757880   0.0002290890   0.0000702930
       -0.0001384191  -0.0001219516   0.0002252683   0.0000364196  -0.0763781986
        0.1266231134  -0.1238171772  -0.0000301471   0.0000011012  -0.0000227498
        0.0000519512  -0.0000082059   0.0000006155  -0.0000053334  -0.0000027114
       -0.0000012548  -0.0000755143   0.0000207208   0.0000057207   0.0001709625
       -0.0001436023   0.0001356853  -0.0000557156   0.0001105656   0.0000640716
       -0.0000873163  -0.0002028140   0.0000389712
        0.0006250570   0.0003323710  -0.0013962150  -0.0044123953   0.0160381102
       -0.0125872823  -0.0013118681  -0.0005136153   0.0006650629  -0.0779374844
        0.1064475413  -0.1571102750  -0.0057347532  -0.0039296288  -0.0041880365
        0.0025854298   0.0039252404   0.0073591866  -0.0001398973   0.0008813182
       -0.0001942923   0.0001766562   0.0000747010   0.0001264368  -0.0000016353
       -0.0000747973   0.0000890980  -0.0000538071  -0.0001956296  -0.0001046619
        0.0011535428   0.0017551525  -0.0025391175  -0.0000849326  -0.0005700295
        0.0001228239   0.0001903133   0.0000268140   0.0001693193   0.0000585010
       -0.0002283825  -0.0003364845  -0.0000221574   0.0000256553   0.0000063784
        0.0003098667   0.0002557605   0.0002325649  -0.0002883300  -0.0001353257
        0.0001679078   0.0005401375  -0.0003048718  -0.0003378672   0.0843069765
       -0.1238171772   0.1694594409   0.0000304713  -0.0000126089   0.0000129439
        0.0000502125  -0.0000224131  -0.0000076873   0.0000013829  -0.0000043235
        0.0000031762  -0.0000354825   0.0000168537   0.0000061862  -0.0000559990
        0.0001425098   0.0002771425  -0.0000237208  -0.0001623914  -0.0000253085
        0.0000739157   0.0000491668   0.0001295594
       -0.0000446349  -0.0001043762   0.0000501295  -0.0001103225   0.0000938001
        0.0001278428   0.0000847050  -0.0000881750   0.0000624851   0.0000664130
        0.0001653229  -0.0002956712  -0.0003855741   0.0000066137   0.0003013447
       -0.0014434535  -0.0000611474  -0.0005449841   0.0096949830  -0.0033755067
       -0.0035011473   0.0010065594   0.0051918817  -0.0062409530  -0.1420416799
       -0.0374996632   0.1557038823  -0.0139564126  -0.0068114882   0.0187844661
        0.0001275592   0.0000406951  -0.0003855304   0.0000441394  -0.0000844161
        0.0002454149  -0.0000798145   0.0003309026   0.0000252980  -0.0000353801
        0.0000209977   0.0000338716   0.0000525435  -0.0000518084   0.0000163017
       -0.0000344085   0.0000201073  -0.0000415364  -0.0000590049   0.0000063051
        0.0000299286  -0.0000069888  -0.0000241322  -0.0000138822  -0.0000234012
       -0.0000301471   0.0000304713   0.1520146786   0.0404603323  -0.1654491695
        0.0005492632  -0.0001898851   0.0001912460  -0.0052995842   0.0021505154
        0.0002557109  -0.0000811153  -0.0001908521   0.0005449033  -0.0000130285
        0.0000329749   0.0000341613  -0.0000048878  -0.0000279419  -0.0000153613
       -0.0000211530   0.0000190907   0.0000507774
        0.0000768232  -0.0001134643   0.0000198842   0.0001390094  -0.0000082723
        0.0001860617   0.0000268736  -0.0001418016  -0.0000148480  -0.0001530510
        0.0000060949   0.0000323633   0.0004388693  -0.0001734845   0.0001125555
       -0.0015725666  -0.0011417567  -0.0012449749  -0.0101758988  -0.0077396949
        0.0103232306   0.0031810532   0.0023511298   0.0059864391  -0.0385097308
       -0.0411662808   0.0885564051   0.0026948130   0.0000139473  -0.0087579698
        0.0000164107   0.0003847042   0.0000325854   0.0000402771  -0.0001042716
       -0.0000407335   0.0002670627  -0.0000147355  -0.0000847799  -0.0000831895
        0.0000127931   0.0000245301  -0.0000293380  -0.0000187648  -0.0000211452
       -0.0000426373   0.0000057516  -0.0000470212  -0.0000416980   0.0000012173
        0.0000221952   0.0000246969  -0.0000166468   0.0000053030  -0.0000896724
        0.0000011012  -0.0000126089   0.0404603323   0.0476043509  -0.0944454977
        0.0011387232   0.0001127190  -0.0006609965   0.0025790004  -0.0001857361
       -0.0002418079  -0.0003253217   0.0002983404   0.0003557301  -0.0000280637
        0.0000653057  -0.0000092895  -0.0000545424  -0.0000276970  -0.0000611096
        0.0000217651  -0.0000048486  -0.0000145008
        0.0000270346   0.0000245523  -0.0001623830  -0.0002443174   0.0000742659
       -0.0000757493   0.0000192929  -0.0000062701  -0.0000726147   0.0004218178
       -0.0001682306   0.0001582832  -0.0003838731   0.0002890107  -0.0003761387
        0.0025989385  -0.0021605968  -0.0000478098   0.0080764501   0.0076929385
       -0.0248554715  -0.0023699438   0.0047019756  -0.0007678396   0.1561731126
        0.0857135985  -0.2600298206   0.0025510684  -0.0022090745  -0.0015596295
        0.0001356708  -0.0000330803   0.0002164381  -0.0000471296   0.0000074000
       -0.0002459502   0.0000268634  -0.0000053788   0.0003419350   0.0000864754
        0.0000051914   0.0000279924   0.0000449972  -0.0000292119   0.0000144714
        0.0000171403  -0.0000115337  -0.0000042366   0.0000142079   0.0000098475
        0.0000104568   0.0000283371  -0.0000260484   0.0000277875   0.0001505599
       -0.0000227498   0.0000129439  -0.1654491695  -0.0944454977   0.2862078942
       -0.0002773042   0.0004153922   0.0000952217  -0.0003966122   0.0000631786
        0.0008229872  -0.0011822636   0.0001695815   0.0003907234  -0.0000294606
        0.0000081761  -0.0001217484  -0.0000324016  -0.0000264011  -0.0000068972
        0.0000405089  -0.0000310352  -0.0000008457
       -0.0000497763  -0.0000123508   0.0000169384   0.0000344373  -0.0000465836
        0.0000137965  -0.0000052973  -0.0000266196   0.0000102881  -0.0001811024
        0.0000825112  -0.0000467223  -0.0002638177  -0.0003731500  -0.0001873081
       -0.0018611054   0.0000175678  -0.0009423867  -0.0011525695   0.0025616571
        0.0056084706   0.0009716774  -0.0002867494  -0.0006597235  -0.0142711317
        0.0350059286  -0.0041417685  -0.0378762703  -0.0072410695   0.0002398025
       -0.0000211411   0.0001161721  -0.0000194415  -0.0000003440  -0.0000407471
       -0.0000040536   0.0000193370   0.0000018552  -0.0000386305  -0.0000076637
        0.0000007857  -0.0000010473   0.0000053681  -0.0000060614  -0.0000077578
        0.0000021390   0.0000058881  -0.0000010496  -0.0000042534   0.0000003915
        0.0000034175   0.0000092055  -0.0000028167  -0.0000020548  -0.0000186978
        0.0000519512   0.0000502125   0.0005492632   0.0011387232  -0.0002773042
        0.0533048117  -0.0036696357   0.0009227916   0.0005786727  -0.0113371398
        0.0003250103   0.0002523515  -0.0159722901  -0.0008666061  -0.0000028600
        0.0000308760   0.0000108829  -0.0000224118  -0.0000027043  -0.0000090536
        0.0000111791   0.0000036104   0.0000032974
        0.0000494275   0.0000302660  -0.0000082453  -0.0000158014   0.0000373012
       -0.0000494662   0.0000080799   0.0000303564  -0.0000131353   0.0000240579
       -0.0000670738   0.0000651977  -0.0000718024   0.0003500191  -0.0001060776
        0.0013908623  -0.0002301752   0.0003213988  -0.0006803180  -0.0009006578
       -0.0041284640  -0.0005347096   0.0002872460   0.0005967320   0.0153839313
       -0.0126161415   0.0032077993  -0.0057891307  -0.2782176293   0.0017511198
        0.0000367631  -0.0000836969   0.0000044934  -0.0000057647   0.0000360140
       -0.0000135998  -0.0000214201  -0.0000249542   0.0000236337   0.0000071896
        0.0000085996  -0.0000137804  -0.0000209974  -0.0000021392   0.0000050922
       -0.0000162732   0.0000031309   0.0000080136  -0.0000034656   0.0000108725
       -0.0000089461  -0.0000179518  -0.0000030532   0.0000003120   0.0000075875
       -0.0000082059  -0.0000224131  -0.0001898851   0.0001127190   0.0004153922
       -0.0036696357   0.3220137247  -0.0023688707  -0.0020788046  -0.0142744552
        0.0025773458  -0.0037825040  -0.0164602331  -0.0022555079   0.0000051218
       -0.0000346250   0.0000054820   0.0000002249   0.0000114014   0.0000040445
       -0.0000147812  -0.0000086104   0.0000024496
        0.0000220235  -0.0000056325  -0.0000022745  -0.0000112437   0.0000079479
       -0.0000031321   0.0000010543   0.0000024367  -0.0000040692   0.0000240262
       -0.0000192709   0.0000260711  -0.0000878103   0.0000920783  -0.0000452652
        0.0005680124  -0.0000286787  -0.0001204077  -0.0007333199   0.0006545003
       -0.0007392138  -0.0004364333  -0.0003679011   0.0003951937   0.0020789267
       -0.0016616672   0.0026356401  -0.0013720989   0.0022207602  -0.0434088442
        0.0000076992   0.0000057862   0.0000355425  -0.0000059779   0.0000031965
       -0.0000157723  -0.0000059455  -0.0000083982   0.0000075781   0.0000080499
       -0.0000034635  -0.0000034447  -0.0000030193  -0.0000037961  -0.0000002291
       -0.0000069101   0.0000005678  -0.0000016813   0.0000023254   0.0000007690
        0.0000000695  -0.0000023397  -0.0000021514   0.0000043980  -0.0000026511
        0.0000006155  -0.0000076873   0.0001912460  -0.0006609965   0.0000952217
        0.0009227916  -0.0023688707   0.0443601305   0.0020943514   0.0280726157
       -0.0015821118  -0.0032353372  -0.0259420789  -0.0015818286  -0.0000078907
        0.0000188134  -0.0000234588  -0.0000164791  -0.0000046497  -0.0000030925
        0.0000069502  -0.0000025322  -0.0000173320
       -0.0000194507   0.0000325879  -0.0000186935   0.0000017169   0.0000364459
       -0.0000523765  -0.0000133748   0.0000297993  -0.0000267238  -0.0000194623
       -0.0000512446   0.0001018761   0.0001354689   0.0000853014  -0.0002970977
        0.0019959889  -0.0008040606   0.0000859421  -0.0025042734  -0.0000069081
        0.0024908243   0.0009696568  -0.0005960795  -0.0003034145  -0.0218426925
       -0.0080415174   0.0298340883  -0.0725462546  -0.0295158472   0.0721943485
        0.0000433688  -0.0000288813   0.0001139054  -0.0000213687   0.0000112145
       -0.0000918386   0.0000401374  -0.0000421288   0.0000288851   0.0000153901
        0.0000062232  -0.0000145847  -0.0000013075  -0.0000166361  -0.0000022340
        0.0000024004  -0.0000050547   0.0000135795   0.0000120991   0.0000034695
       -0.0000066691   0.0000027756  -0.0000068816   0.0000079568   0.0000339883
       -0.0000053334   0.0000013829  -0.0052995842   0.0025790004  -0.0003966122
        0.0005786727  -0.0020788046   0.0020943514   0.0923310142   0.0339002465
       -0.0926335181   0.0061251242   0.0045229660  -0.0131247599  -0.0000267670
       -0.0000079163  -0.0000037725  -0.0000083428   0.0000071060   0.0000090174
        0.0000150763  -0.0000070663  -0.0000038628
        0.0000036611  -0.0000212096  -0.0000017803   0.0000027417   0.0000046003
        0.0000260405   0.0000088569  -0.0000131280   0.0000077801   0.0000186151
        0.0000201382  -0.0000291672   0.0000109144  -0.0001051074   0.0001187841
       -0.0010671951   0.0002581073   0.0000847177   0.0019005335   0.0010816730
       -0.0007895448  -0.0005342729  -0.0008447568  -0.0004642051   0.0039098595
        0.0038582824  -0.0083231145  -0.0325154675  -0.0733058900   0.0740518099
       -0.0000230047   0.0000161017   0.0000073060  -0.0000012891  -0.0000143021
        0.0000106286  -0.0000054532   0.0000115692  -0.0000046494  -0.0000040934
       -0.0000040240   0.0000113736   0.0000106232   0.0000061553  -0.0000053811
        0.0000004553   0.0000028070  -0.0000114464  -0.0000032034   0.0000002708
        0.0000050294   0.0000096382   0.0000062445  -0.0000028635  -0.0000043333
       -0.0000027114  -0.0000043235   0.0021505154  -0.0001857361   0.0000631786
       -0.0113371398  -0.0142744552   0.0280726157   0.0339002465   0.0792187944
       -0.0826312669   0.0035829562   0.0042749044  -0.0101718353  -0.0000114829
        0.0000192431  -0.0000115824  -0.0000117881  -0.0000100981   0.0000004186
        0.0000091064   0.0000025274  -0.0000085225
        0.0000169339  -0.0000010684   0.0000125826  -0.0000119172   0.0000102075
        0.0000201561   0.0000016401  -0.0000058078   0.0000040161  -0.0000077107
        0.0000151550  -0.0000178072  -0.0001184950   0.0000571070  -0.0000339397
        0.0004772288  -0.0000522034  -0.0003180656  -0.0008883300   0.0003727639
        0.0012199246  -0.0004626572  -0.0003207201  -0.0002632469   0.0087281316
       -0.0000681779  -0.0052698061   0.0775054477   0.0720259196  -0.2264960822
        0.0000207799   0.0000026823  -0.0000400858   0.0000041916  -0.0000047086
        0.0000093543  -0.0000113618   0.0000211821  -0.0000222389  -0.0000097832
        0.0000046352  -0.0000018437  -0.0000006666  -0.0000088263  -0.0000006892
       -0.0000137153   0.0000041008   0.0000049609  -0.0000113754   0.0000046448
        0.0000016107  -0.0000073583  -0.0000092253   0.0000000293  -0.0000158314
       -0.0000012548   0.0000031762   0.0002557109  -0.0002418079   0.0008229872
        0.0003250103   0.0025773458  -0.0015821118  -0.0926335181  -0.0826312669
        0.2575230924   0.0068798529   0.0082500440  -0.0255990541  -0.0000057920
       -0.0000007051   0.0000161022  -0.0000063904   0.0000010914  -0.0000011081
       -0.0000100250  -0.0000011068   0.0000080865
       -0.0000558751   0.0000007760   0.0000505627   0.0000240748   0.0000160111
        0.0000665476  -0.0000199866  -0.0000084314   0.0000160032  -0.0001129338
        0.0000770468  -0.0001380674   0.0000200474   0.0003272698   0.0004915333
       -0.0017647940   0.0019213389  -0.0002446389  -0.0038047777  -0.0053806089
        0.0022988341   0.0013041234   0.0001121295  -0.0005344999  -0.0320429660
        0.0018056688  -0.0241307211  -0.0996697601  -0.0468741151  -0.0933253648
       -0.0000257114   0.0000325432  -0.0000781081  -0.0000233974  -0.0000330700
        0.0000438438  -0.0000140347  -0.0000066608  -0.0000590029  -0.0000023280
       -0.0000095876  -0.0000029702   0.0000070139  -0.0000088199  -0.0000172213
        0.0000142109   0.0000026543  -0.0000022492   0.0000050269  -0.0000071373
       -0.0000009324   0.0000178482  -0.0000013991  -0.0000050444  -0.0000314720
       -0.0000755143  -0.0000354825  -0.0000811153  -0.0003253217  -0.0011822636
        0.0002523515  -0.0037825040  -0.0032353372   0.0061251242   0.0035829562
        0.0068798529   0.1298568949   0.0485952860   0.1131129229   0.0000157324
        0.0000205859   0.0000256261  -0.0000011293   0.0000056931  -0.0000056322
        0.0000078329   0.0000132103   0.0000118097
       -0.0000023334  -0.0000080593  -0.0000068860   0.0000008926   0.0000019823
        0.0000005553   0.0000071683   0.0000009755   0.0000040646   0.0000488653
        0.0000002649   0.0000044945   0.0001835150  -0.0002590442   0.0000058184
       -0.0001259859  -0.0004594210   0.0002756921   0.0023183051   0.0004412588
        0.0002030677  -0.0000929490  -0.0000167499  -0.0003255800   0.0072063368
        0.0051551828   0.0089950759  -0.0465176076  -0.0751454664  -0.0682998206
       -0.0000115637  -0.0000319062  -0.0000129360   0.0000063123   0.0000116608
        0.0000127827   0.0000047624   0.0000077547   0.0000057090  -0.0000061921
       -0.0000059861   0.0000078789   0.0000110191  -0.0000005824   0.0000048972
        0.0000047399   0.0000006552  -0.0000053942  -0.0000039086  -0.0000024644
        0.0000026634   0.0000050223   0.0000076484   0.0000010530   0.0000136586
        0.0000207208   0.0000168537  -0.0001908521   0.0002983404   0.0001695815
       -0.0159722901  -0.0164602331  -0.0259420789   0.0045229660   0.0042749044
        0.0082500440   0.0485952860   0.0821736840   0.0766348147  -0.0000027550
       -0.0000120356   0.0000024397   0.0000075386  -0.0000009186  -0.0000063911
       -0.0000099509   0.0000078342   0.0000016004
       -0.0000041589   0.0000034035   0.0000025825   0.0000093346  -0.0000295101
       -0.0000054840  -0.0000050590   0.0000057168   0.0000060204   0.0000277752
        0.0000002009  -0.0000143265   0.0000774971  -0.0000967932   0.0000926406
       -0.0001317605   0.0000179357  -0.0000610412  -0.0001520504  -0.0010223422
        0.0001301535  -0.0000022035   0.0001716703   0.0003740784  -0.0039939660
        0.0036857423   0.0032386356  -0.0955094715  -0.0672990060  -0.1855245029
       -0.0000189273  -0.0000058155  -0.0000256144  -0.0000052385   0.0000059899
        0.0000276518  -0.0000050655  -0.0000048848  -0.0000001985   0.0000110158
       -0.0000050980   0.0000018317   0.0000075978   0.0000081366   0.0000011456
        0.0000093772  -0.0000043431   0.0000000976   0.0000078225  -0.0000060021
        0.0000044272   0.0000026832   0.0000085175   0.0000021999  -0.0000006839
        0.0000057207   0.0000061862   0.0005449033   0.0003557301   0.0003907234
       -0.0008666061  -0.0022555079  -0.0015818286  -0.0131247599  -0.0101718353
       -0.0255990541   0.1131129229   0.0766348147   0.2085287300   0.0000094273
       -0.0000113317   0.0000016019   0.0000106795   0.0000048950  -0.0000010093
       -0.0000110854   0.0000039961   0.0000043533
        0.0000580175  -0.0000682765  -0.0001097299  -0.0001335627  -0.0003902593
        0.0002227974  -0.0000216129   0.0001739910   0.0001013358   0.0004626715
       -0.0000138378  -0.0002148464   0.0004683966  -0.0005223145   0.0004016216
       -0.0001989298   0.0005033703  -0.0006789396  -0.0001384613  -0.0000947353
       -0.0003900315   0.0001221134   0.0001831159   0.0003022207   0.0000173883
        0.0000764438   0.0000536093  -0.0000636229   0.0000086201  -0.0000015887
        0.0025853631   0.0017089153   0.0049120731  -0.1856154800  -0.0833456623
        0.0835539077   0.0000136183  -0.0000243201  -0.0000392239  -0.0000280710
        0.0000223370   0.0000177428  -0.0000258093   0.0000082589  -0.0000250330
       -0.0002219479  -0.0001740737   0.0000696910  -0.0000068983  -0.0000418924
       -0.0001399776  -0.0000011028   0.0000290310   0.0000394354  -0.0001416302
        0.0001709625  -0.0000559990  -0.0000130285  -0.0000280637  -0.0000294606
       -0.0000028600   0.0000051218  -0.0000078907  -0.0000267670  -0.0000114829
       -0.0000057920   0.0000157324  -0.0000027550   0.0000094273   0.2079410157
        0.0956426470  -0.0983419569   0.0011921726  -0.0005849938  -0.0008675252
       -0.0262367048  -0.0132301474   0.0112241328
       -0.0001098242  -0.0000697582  -0.0000153806   0.0004263571   0.0003508450
       -0.0001070302   0.0000622944  -0.0002057604   0.0000225151   0.0007720756
       -0.0011215272  -0.0009423774  -0.0008032972   0.0000975857  -0.0003674377
        0.0002156291  -0.0003925919  -0.0000369462  -0.0007988698   0.0005487321
       -0.0000730716   0.0002605007  -0.0001835800  -0.0000053816   0.0002127445
       -0.0003011009   0.0001375701   0.0000113738   0.0000041008   0.0000540141
        0.0039325038   0.0027941446  -0.0042632768  -0.0815926362  -0.0884010012
        0.0518014199   0.0000492594   0.0000509610  -0.0000106400  -0.0000693768
        0.0000185032   0.0001619700   0.0000091970  -0.0000030820   0.0000363242
        0.0000194000   0.0000626853   0.0000516225  -0.0001022298  -0.0000190967
        0.0000373758   0.0000064775  -0.0000232258  -0.0000328626   0.0001388027
       -0.0001436023   0.0001425098   0.0000329749   0.0000653057   0.0000081761
        0.0000308760  -0.0000346250   0.0000188134  -0.0000079163   0.0000192431
       -0.0000007051   0.0000205859  -0.0000120356  -0.0000113317   0.0956426470
        0.1011922664  -0.0582023428  -0.0247687963  -0.0179325471   0.0148533333
        0.0064092475   0.0036391617  -0.0032568602
       -0.0001133482   0.0002857123   0.0001332614  -0.0003866474  -0.0000673264
        0.0010048500  -0.0001859152   0.0001596348  -0.0000262102   0.0008194442
       -0.0012896699  -0.0004332535  -0.0004350482  -0.0005689118   0.0005724806
       -0.0001672312   0.0005012953  -0.0004520872  -0.0008595840  -0.0002065082
       -0.0000568847   0.0001666636   0.0000123479  -0.0001050722   0.0001743920
        0.0000911442   0.0000546091  -0.0000154089  -0.0000381429   0.0000211831
        0.0150862999   0.0055954722  -0.0276147847   0.0914456782   0.0555871916
       -0.0882732476   0.0000941947   0.0001168642   0.0000037811  -0.0001304729
        0.0001075655   0.0001940661   0.0000116896   0.0000347981   0.0001955567
        0.0001405781  -0.0000708220   0.0000892955  -0.0001582364   0.0000857911
       -0.0000244442  -0.0000656669   0.0000533216   0.0000290430  -0.0000688011
        0.0001356853   0.0002771425   0.0000341613  -0.0000092895  -0.0001217484
        0.0000108829   0.0000054820  -0.0000234588  -0.0000037725  -0.0000115824
        0.0000161022   0.0000256261   0.0000024397   0.0000016019  -0.0983419569
       -0.0582023428   0.1065308800   0.0000340440   0.0018886908   0.0015035878
       -0.0071115648  -0.0041988409   0.0065037506
        0.0000134586  -0.0000474599  -0.0000120777  -0.0001561269  -0.0000157488
        0.0000541041   0.0000276996   0.0001567208   0.0001498868   0.0000081626
       -0.0000870488  -0.0001974167   0.0000198906  -0.0000434812   0.0000284120
        0.0001272271   0.0000211815   0.0000583549   0.0000506710  -0.0001456051
       -0.0000010030  -0.0000296375   0.0000698933   0.0000276280   0.0000127894
        0.0000969258   0.0000316852  -0.0000419361  -0.0000124050  -0.0000110102
       -0.0000022237  -0.0001412774   0.0001106911  -0.0436899947   0.0259438224
        0.0008816726   0.0000200395  -0.0000033401   0.0000263729  -0.0000045024
        0.0000103967   0.0000086082   0.0000045946  -0.0000073297  -0.0000041025
        0.0001451296  -0.0001828316  -0.0000602086   0.0000403374   0.0000413122
        0.0000289487   0.0000449837  -0.0000265471   0.0000339556  -0.0000634093
       -0.0000557156  -0.0000237208  -0.0000048878  -0.0000545424  -0.0000324016
       -0.0000224118   0.0000002249  -0.0000164791  -0.0000083428  -0.0000117881
       -0.0000063904  -0.0000011293   0.0000075386   0.0000106795   0.0011921726
       -0.0247687963   0.0000340440   0.0472798016  -0.0295707014  -0.0010284698
       -0.0049623556   0.0288266024  -0.0000917631
        0.0000714499  -0.0004703884  -0.0000997464  -0.0002825714   0.0005707497
       -0.0011869066  -0.0001069563   0.0002495712  -0.0000316118  -0.0000844691
        0.0001631464  -0.0001269670   0.0002150376  -0.0002117759  -0.0000512153
        0.0000582005   0.0001781336   0.0000193448   0.0000596143  -0.0001899335
        0.0000182140  -0.0000274091   0.0000402998   0.0000025558  -0.0000232945
        0.0001347528  -0.0000018063  -0.0000207193  -0.0000010159  -0.0000255124
        0.0010221153  -0.0096347881  -0.0058329920   0.0262005576  -0.2917509602
       -0.0050696591  -0.0000611693  -0.0000297299   0.0000085063   0.0000622607
       -0.0000223298  -0.0001020862  -0.0000355819  -0.0000574877  -0.0001094064
       -0.0001726263   0.0000121462  -0.0000396225  -0.0000012678  -0.0000204672
       -0.0000485584  -0.0001011880   0.0000835761  -0.0000005516  -0.0000133924
        0.0001105656  -0.0001623914  -0.0000279419  -0.0000276970  -0.0000264011
       -0.0000027043   0.0000114014  -0.0000046497   0.0000071060  -0.0000100981
        0.0000010914   0.0000056931  -0.0000009186   0.0000048950  -0.0005849938
       -0.0179325471   0.0018886908  -0.0295707014   0.3304708481   0.0093594414
        0.0034149521  -0.0116650535   0.0016173446
        0.0002533051  -0.0021479609  -0.0004837771  -0.0006806340  -0.0002692694
       -0.0045713790  -0.0000766053   0.0002296797   0.0000904467   0.0002394120
        0.0006227306  -0.0003889566  -0.0000087027   0.0001289277   0.0000171603
        0.0000107047   0.0000725225  -0.0000786293  -0.0000598910  -0.0001662332
        0.0001128150   0.0000248357   0.0000467465  -0.0000994559   0.0000024807
        0.0001119285  -0.0000190463  -0.0000242558  -0.0000080013  -0.0000069959
        0.0027014025  -0.0242098267  -0.0062709117   0.0012015006  -0.0103840670
       -0.0353883012   0.0000604722   0.0000057929   0.0000607845  -0.0000123825
       -0.0000341258   0.0000994539  -0.0000918065  -0.0003317110  -0.0004382068
        0.0000217295  -0.0000161330  -0.0000519686  -0.0000599377  -0.0000138498
        0.0000345882  -0.0000315118   0.0000340668   0.0000281235   0.0000578640
        0.0000640716  -0.0000253085  -0.0000153613  -0.0000611096  -0.0000068972
       -0.0000090536   0.0000040445  -0.0000030925   0.0000090174   0.0000004186
       -0.0000011081  -0.0000056322  -0.0000063911  -0.0000010093  -0.0008675252
        0.0148533333   0.0015035878  -0.0010284698   0.0093594414   0.0444492345
       -0.0016109548   0.0121149743   0.0014388498
       -0.0001008434   0.0001195423   0.0001237220   0.0001397827   0.0002613224
       -0.0000295605   0.0001376955   0.0001698414   0.0006746616  -0.0002511106
       -0.0001350354  -0.0002082806  -0.0002898599   0.0002154124  -0.0000564550
        0.0000045128  -0.0002319476   0.0002049520   0.0001328830   0.0001675427
        0.0000196606   0.0000067835  -0.0000632736  -0.0000381031  -0.0000019288
       -0.0001004234  -0.0000124192  -0.0000099118   0.0000129687  -0.0000097743
        0.0010324209  -0.0011371895  -0.0064915320  -0.2357137078   0.0600809943
       -0.0810067654  -0.0000533586  -0.0000269114  -0.0000046217   0.0000359160
        0.0000090957   0.0000257118   0.0000153928   0.0000102263   0.0000473230
        0.0003011815   0.0003491001  -0.0000247507  -0.0000622601  -0.0000025745
        0.0002101163   0.0000483894  -0.0001179209  -0.0001984596   0.0000577881
       -0.0000873163   0.0000739157  -0.0000211530   0.0000217651   0.0000405089
        0.0000111791  -0.0000147812   0.0000069502   0.0000150763   0.0000091064
       -0.0000100250   0.0000078329  -0.0000099509  -0.0000110854  -0.0262367048
        0.0064092475  -0.0071115648  -0.0049623556   0.0034149521  -0.0016109548
        0.2657563599  -0.0693237926   0.0953968304
        0.0000764025  -0.0000337312  -0.0000599683  -0.0005143025   0.0000333848
       -0.0002547407  -0.0002170260  -0.0002210417  -0.0008972816  -0.0000653271
       -0.0001235752  -0.0001007896  -0.0002255753   0.0003082018  -0.0001350043
        0.0004405109  -0.0002835307   0.0002150346  -0.0002580875   0.0001123982
       -0.0000310852   0.0000525820  -0.0000098738   0.0000109206   0.0000963221
       -0.0000598914   0.0000921719  -0.0000301402   0.0000030628   0.0000157178
       -0.0042238055   0.0014284476  -0.0049803786   0.0576606745  -0.0578664721
        0.0278673358   0.0000959457   0.0000516928   0.0000718482  -0.0000523047
        0.0000317446   0.0001105142   0.0000059651  -0.0000024923   0.0000298858
        0.0009674996  -0.0006842315  -0.0000814423   0.0000049051   0.0000741316
        0.0000771397  -0.0000476842   0.0001172818   0.0003168443  -0.0000680622
       -0.0002028140   0.0000491668   0.0000190907  -0.0000048486  -0.0000310352
        0.0000036104  -0.0000086104  -0.0000025322  -0.0000070663   0.0000025274
       -0.0000011068   0.0000132103   0.0000078342   0.0000039961  -0.0132301474
        0.0036391617  -0.0041988409   0.0288266024  -0.0116650535   0.0121149743
       -0.0693237926   0.0653562971  -0.0302013445
        0.0000440237   0.0002498025   0.0001425199   0.0003490691   0.0000040911
        0.0010554923   0.0000832649  -0.0002784507  -0.0001293598   0.0000596672
       -0.0002296734  -0.0001691811  -0.0000641300   0.0000871216  -0.0000292801
       -0.0001101076   0.0000535353   0.0000240509  -0.0000228705  -0.0000418952
       -0.0001656793   0.0000248432   0.0000128517   0.0000720837   0.0000114006
        0.0000142369   0.0000023155  -0.0000144222  -0.0000144428   0.0000177434
       -0.0187525023   0.0027779306  -0.0245263834  -0.0891019136   0.0296821685
       -0.0707175380   0.0001336467   0.0001367345   0.0000694376  -0.0001241718
        0.0001065485   0.0001481261   0.0000668257  -0.0000003215   0.0001649220
        0.0006549415  -0.0008818747   0.0005308628  -0.0000066021   0.0000113530
       -0.0002903073   0.0001451811   0.0001311461   0.0001549735   0.0000326349
        0.0000389712   0.0001295594   0.0000507774  -0.0000145008  -0.0000008457
        0.0000032974   0.0000024496  -0.0000173320  -0.0000038628  -0.0000085225
        0.0000080865   0.0000118097   0.0000016004   0.0000043533   0.0112241328
       -0.0032568602   0.0065037506  -0.0000917631   0.0016173446   0.0014388498
        0.0953968304  -0.0302013445   0.0855787795
