           1           2  0.978849908667871     
           2           3   1.00501748821038     
           2           4   1.00854325326000     
           4           5   1.85718352339349     
           5           6  0.979962774003691     
           6           7  0.998529478688546     
           6           8  0.110854808341792     
           7           8   1.60209658584744     
           7           9   1.28513898186500     
           8           9  0.184457576464019     
           9          10  0.991784668985794     
           2          11  0.914682559673978     
          11          12   1.01402897127937     
           1          13  0.982729569405889     
           1          14  0.978606265589560     
           1          15  0.978697086500246     
           3          16  0.982132569012706     
           3          17  0.983213127333919     
           3          18  0.976770396379302     
           4          19  0.940332372025310     
           9          20  0.915342842049321     
          10          21  0.972243814182242     
          10          22  0.977991600374008     
          10          23  0.972369912264823     
          12          24  0.984877070829634     
          12          25  0.975938292134760     
          12          26  0.979957047530172     
