           1           2   1.00512361567080     
           2           3  0.982135203247167     
           2           4   1.01439862572220     
           4           5   1.84390137056603     
           5           6  0.974615375204479     
           6           7   1.00321057474724     
           7           8   1.56782870300172     
           7           9   1.31196760998119     
           8           9  0.183267793243860     
           9          10  0.993929031896456     
           2          11  0.906337775887467     
          11          12   1.01219021943594     
           1          13  0.983406022191577     
           1          14  0.976227761694748     
           1          15  0.981007326733609     
           3          16  0.981760560190573     
           3          17  0.980167093114022     
           3          18  0.978812538083073     
           4          19  0.937547734475299     
           9          20  0.898612276365907     
          10          21  0.972233676231315     
          10          22  0.972475911793161     
          10          23  0.978530558736007     
          12          24  0.983181136027236     
          12          25  0.978321375695494     
          12          26  0.975238120015976     
