*************************************************
******************* ORCA 6.0.1 ******************
*************************************************
$Calculation_Status
   &GeometryIndex 1
   &ListStatus       OUT
   &VERSION [&Type "String"] "6.0.1"
   &PROGNAME [&Type "String"] "LeanSCF"
   &STATUS [&Type "String"] "NORMAL TERMINATION"
$End
$Geometry
   &GeometryIndex 1
   &ListStatus       OUT
   &NATOMS [&Type "Integer"] 23
   &NCORELESSECP [&Type "Integer"] 0
   &NGHOSTATOMS [&Type "Integer"] 0
   &CartesianCoordinates [&Type "Coordinates", &Dim(23,4), &Units "Bohr"] 
              C      2.847016794884    1.069176612155   -2.797346532281
              C      3.972543747969   -0.375532224712   -0.568199138557
              C      6.353454028568    0.958348325940    0.376912992985
              C      2.084058716253   -0.646120597103    1.612863581827
              C     -0.160354107035   -2.371747260869    1.047915023176
              O     -1.948660787778   -1.258255702733   -0.656509047916
              C     -3.675674493330    0.304112496298    0.279050435249
              O     -3.865909306775    0.794253543251    2.512474725567
              C     -5.327021743540    1.368636031069   -1.762812781746
              H      1.208650441607    0.090180772058   -3.552294863641
              H      4.240238211900    1.260327255292   -4.295697584752
              H      2.270215496354    2.953029930787   -2.205575130020
              H      4.494969632463   -2.273521918990   -1.208891349185
              H      7.721902664756    1.144062137606   -1.143668916589
              H      7.223307775820   -0.099736120854    1.908175796618
              H      5.891812807502    2.838821380698    1.067341102453
              H      1.367802267269    1.212140112120    2.158606555013
              H      3.060444204698   -1.443891397467    3.244302193617
              H      0.449810501410   -4.103691215418    0.112000181925
              H     -1.148038155407   -2.821449659929    2.809257692854
              H     -7.154621455567    1.872054965637   -0.980769331633
              H     -5.516002165659    0.012272008692   -3.288406521117
              H     -4.431632028019    3.068003742670   -2.497197022043
$End
$SCF_Energy
   &GeometryIndex 1
   &ListStatus       OUT
   &SCF_ENERGY [&Type "Double"]      -4.2475503212468766e+02
$End
$DFT_Energy
   &GeometryIndex 1
   &ListStatus       OUT
   &NALPHAEL [&Type "Integer"] 36
   &NBETAEL [&Type "Integer"] 36
   &NTOTALEL [&Type "Integer"] 72
   &EEXCHANGE [&Type "Double"]      -5.7459557350826543e+01
   &ECORR [&Type "Double"]      -2.3888278456766989e+00
   &ECNL [&Type "Double"]       0.0000000000000000e+00
   &EXC [&Type "Double"]      -5.9848385196503244e+01
   &EEMBED [&Type "Double"]       0.0000000000000000e+00
   &FINALEN [&Type "Double"]      -4.2475503212468766e+02  "No Van der Waals correction"
$End
$Mulliken_Population_Analysis
   &GeometryIndex 1
   &ListStatus       OUT
   &NATOMS [&Type "Integer"] 23
   &ATNO [&Type "ArrayOfIntegers", &Dim (23,1)] 
                                                         0

0                                                        6
1                                                        6
2                                                        6
3                                                        6
4                                                        6
5                                                        8
6                                                        6
7                                                        8
8                                                        6
9                                                        1
10                                                       1
11                                                       1
12                                                       1
13                                                       1
14                                                       1
15                                                       1
16                                                       1
17                                                       1
18                                                       1
19                                                       1
20                                                       1
21                                                       1
22                                                       1
   &ATOMICCHARGES [&Type "ArrayOfDoubles", &Dim (23,1)] 
                                                         0

0                                     -2.5343561718721208e-01
1                                     -1.9776175278653696e-01
2                                     -2.2692050132629227e-01
3                                     -1.7549185448008142e-01
4                                      4.8002644262075123e-02
5                                     -2.4034654000499778e-01
6                                      8.2471685399418959e-02
7                                     -2.1264432731863891e-01
8                                     -2.4698002204081693e-01
9                                      1.1456881665063134e-01
10                                     9.5880287620295990e-02
11                                     8.9162008146985050e-02
12                                     6.8524198499518629e-02
13                                     9.8994520998969993e-02
14                                     9.6138255170299614e-02
15                                     9.3931216250840333e-02
16                                     1.0111118214494175e-01
17                                     8.9616578529658319e-02
18                                     8.9939046013016055e-02
19                                     1.0276239658792474e-01
20                                     1.2663863902178485e-01
21                                     1.2089616299890182e-01
22                                     1.3494297684928525e-01
$End
$Loewdin_Population_Analysis
   &GeometryIndex 1
   &ListStatus       OUT
   &NATOMS [&Type "Integer"] 23
   &ATNO [&Type "ArrayOfIntegers", &Dim (23,1)] 
                                                         0

0                                                        6
1                                                        6
2                                                        6
3                                                        6
4                                                        6
5                                                        8
6                                                        6
7                                                        8
8                                                        6
9                                                        1
10                                                       1
11                                                       1
12                                                       1
13                                                       1
14                                                       1
15                                                       1
16                                                       1
17                                                       1
18                                                       1
19                                                       1
20                                                       1
21                                                       1
22                                                       1
   &ATOMICCHARGES [&Type "ArrayOfDoubles", &Dim (23,1)] 
                                                         0

0                                      3.6564754296427772e-05
1                                      2.3682192627054777e-05
2                                      1.2897765628266610e-05
3                                      2.4179312321258978e-04
4                                      1.0658058362000266e-02
5                                      1.3627127657845364e-01
6                                      2.3262526980787318e-01
7                                      6.1380130784568254e-01
8                                      5.9948039535080684e-03
9                                      1.1347967072076392e-05
10                                     5.6837323703113750e-07
11                                     5.7779694197747697e-06
12                                     8.6209684874387691e-07
13                                     9.7794608775427578e-08
14                                     1.1061715618441524e-06
15                                     7.9162087899849440e-07
16                                     3.2547959658401697e-06
17                                     4.9860105276159666e-06
18                                     6.9911856998742928e-05
19                                     1.0277299042136195e-04
20                                     6.7108436195313087e-05
21                                     1.6796575305088609e-05
22                                     4.8962957675921315e-05
$End
$Mayer_Population_Analysis
   &GeometryIndex 1
   &ListStatus       OUT
   &NATOMS [&Type "Integer"] 23 "Total number of atoms"
   &BONDTHRESH [&Type "Double"]       1.0000000000000001e-01  "The threshold for printing"
   &NBONDORDERSPRINT [&Type "Integer"] 22 "The number of bond orders larger than threshold"
   &BONDORDERS [&Type "ArrayOfDoubles", &Dim (22,1)] "The bond orders"
                                                         0

0                                      1.1136896130074960e+00
1                                      9.3915664096214913e-01
2                                      9.4870688963778038e-01
3                                      9.4891785861513156e-01
4                                      1.1135847125860616e+00
5                                      1.0819315726898204e+00
6                                      9.0330545172777144e-01
7                                      9.5119926146849521e-01
8                                      9.4904314037451276e-01
9                                      9.4914266923048851e-01
10                                     1.1298981304984772e+00
11                                     9.0846836499975603e-01
12                                     9.1271939700428750e-01
13                                     9.2319920471442929e-01
14                                     9.2689481853386768e-01
15                                     9.0641824837063945e-01
16                                     1.1882975378157854e+00
17                                     2.0438452845304220e+00
18                                     1.0834560632913712e+00
19                                     9.3892731069489499e-01
20                                     9.3414397197334720e-01
21                                     9.2458801228398169e-01
   &COMPONENTS [&Type "ArrayOfIntegers", &Dim (22,4)] "The indices and atomic numbers of the bonding atoms"
                                                         0                           1                           2                           3

0                                                        0                           6                           1                           6
1                                                        0                           6                           9                           1
2                                                        0                           6                          10                           1
3                                                        0                           6                          11                           1
4                                                        1                           6                           2                           6
5                                                        1                           6                           3                           6
6                                                        1                           6                          12                           1
7                                                        2                           6                          13                           1
8                                                        2                           6                          14                           1
9                                                        2                           6                          15                           1
10                                                       3                           6                           4                           6
11                                                       3                           6                          16                           1
12                                                       3                           6                          17                           1
13                                                       4                           6                           5                           8
14                                                       4                           6                          18                           1
15                                                       4                           6                          19                           1
16                                                       5                           8                           6                           6
17                                                       6                           6                           7                           8
18                                                       6                           6                           8                           6
19                                                       8                           6                          20                           1
20                                                       8                           6                          21                           1
21                                                       8                           6                          22                           1
   &ATNO [&Type "ArrayOfIntegers", &Dim (23,1)] "Atomic number of the elements"
                                                         0

0                                                        6
1                                                        6
2                                                        6
3                                                        6
4                                                        6
5                                                        8
6                                                        6
7                                                        8
8                                                        6
9                                                        1
10                                                       1
11                                                       1
12                                                       1
13                                                       1
14                                                       1
15                                                       1
16                                                       1
17                                                       1
18                                                       1
19                                                       1
20                                                       1
21                                                       1
22                                                       1
   &NA [&Type "ArrayOfDoubles", &Dim (23,1)] "Mulliken gross atomic population"
                                                         0

0                                      6.2534356171872112e+00
1                                      6.1977617527865352e+00
2                                      6.2269205013262958e+00
3                                      6.1754918544800859e+00
4                                      5.9519973557379142e+00
5                                      8.2403465400050138e+00
6                                      5.9175283146005793e+00
7                                      8.2126443273186531e+00
8                                      6.2469800220408285e+00
9                                      8.8543118334936854e-01
10                                     9.0411971237970379e-01
11                                     9.1083799185301462e-01
12                                     9.3147580150048048e-01
13                                     9.0100547900102990e-01
14                                     9.0386174482970072e-01
15                                     9.0606878374916000e-01
16                                     8.9888881785505848e-01
17                                     9.1038342147034257e-01
18                                     9.1006095398698394e-01
19                                     8.9723760341207537e-01
20                                     8.7336136097821493e-01
21                                     8.7910383700109795e-01
22                                     8.6505702315071453e-01
   &ZA [&Type "ArrayOfDoubles", &Dim (23,1)] "Total nuclear charge"
                                                         0

0                                      6.0000000000000000e+00
1                                      6.0000000000000000e+00
2                                      6.0000000000000000e+00
3                                      6.0000000000000000e+00
4                                      6.0000000000000000e+00
5                                      8.0000000000000000e+00
6                                      6.0000000000000000e+00
7                                      8.0000000000000000e+00
8                                      6.0000000000000000e+00
9                                      1.0000000000000000e+00
10                                     1.0000000000000000e+00
11                                     1.0000000000000000e+00
12                                     1.0000000000000000e+00
13                                     1.0000000000000000e+00
14                                     1.0000000000000000e+00
15                                     1.0000000000000000e+00
16                                     1.0000000000000000e+00
17                                     1.0000000000000000e+00
18                                     1.0000000000000000e+00
19                                     1.0000000000000000e+00
20                                     1.0000000000000000e+00
21                                     1.0000000000000000e+00
22                                     1.0000000000000000e+00
   &QA [&Type "ArrayOfDoubles", &Dim (23,1)] "Mulliken gross atomic charge"
                                                         0

0                                     -2.5343561718721119e-01
1                                     -1.9776175278653518e-01
2                                     -2.2692050132629582e-01
3                                     -1.7549185448008586e-01
4                                      4.8002644262085781e-02
5                                     -2.4034654000501376e-01
6                                      8.2471685399420736e-02
7                                     -2.1264432731865313e-01
8                                     -2.4698002204082847e-01
9                                      1.1456881665063146e-01
10                                     9.5880287620296212e-02
11                                     8.9162008146985383e-02
12                                     6.8524198499519517e-02
13                                     9.8994520998970104e-02
14                                     9.6138255170299280e-02
15                                     9.3931216250839999e-02
16                                     1.0111118214494152e-01
17                                     8.9616578529657431e-02
18                                     8.9939046013016055e-02
19                                     1.0276239658792463e-01
20                                     1.2663863902178507e-01
21                                     1.2089616299890205e-01
22                                     1.3494297684928547e-01
   &VA [&Type "ArrayOfDoubles", &Dim (23,1)] "Mayer's total valence"
                                                         0

0                                      3.9451132980173127e+00
1                                      4.2686645402081860e+00
2                                      3.9554109386453016e+00
3                                      4.0411875274720277e+00
4                                      4.0000101635211571e+00
5                                      2.2624559103048352e+00
6                                      4.4385666032511821e+00
7                                      2.2758956314848766e+00
8                                      3.8793761327461271e+00
9                                      9.7685033716075065e-01
10                                     9.5650551872728329e-01
11                                     9.6635247832295068e-01
12                                     9.4221543217996073e-01
13                                     9.5682023893172174e-01
14                                     9.5763465703036910e-01
15                                     9.6416759866581880e-01
16                                     9.7721101913520025e-01
17                                     9.5530084621639832e-01
18                                     9.6130597857193201e-01
19                                     9.7956793534203312e-01
20                                     9.7346714010952229e-01
21                                     9.7000068155012942e-01
22                                     9.5927352534990329e-01
   &BVA [&Type "ArrayOfDoubles", &Dim (23,1)] "Mayer's bonded valence"
                                                         0

0                                      3.9451132980173194e+00
1                                      4.2686645402082100e+00
2                                      3.9554109386453091e+00
3                                      4.0411875274720161e+00
4                                      4.0000101635211811e+00
5                                      2.2624559103047686e+00
6                                      4.4385666032511706e+00
7                                      2.2758956314848215e+00
8                                      3.8793761327461262e+00
9                                      9.7685033716074721e-01
10                                     9.5650551872728862e-01
11                                     9.6635247832295501e-01
12                                     9.4221543217996906e-01
13                                     9.5682023893172219e-01
14                                     9.5763465703037276e-01
15                                     9.6416759866582202e-01
16                                     9.7721101913520425e-01
17                                     9.5530084621639477e-01
18                                     9.6130597857193867e-01
19                                     9.7956793534204045e-01
20                                     9.7346714010953106e-01
21                                     9.7000068155013341e-01
22                                     9.5927352534990462e-01
   &FA [&Type "ArrayOfDoubles", &Dim (23,1)] "Mayer's free valence"
                                                         0

0                                      0.0000000000000000e+00
1                                      0.0000000000000000e+00
2                                      0.0000000000000000e+00
3                                      0.0000000000000000e+00
4                                      0.0000000000000000e+00
5                                      0.0000000000000000e+00
6                                      0.0000000000000000e+00
7                                      0.0000000000000000e+00
8                                      0.0000000000000000e+00
9                                      0.0000000000000000e+00
10                                     0.0000000000000000e+00
11                                     0.0000000000000000e+00
12                                     0.0000000000000000e+00
13                                     0.0000000000000000e+00
14                                     0.0000000000000000e+00
15                                     0.0000000000000000e+00
16                                     0.0000000000000000e+00
17                                     0.0000000000000000e+00
18                                     0.0000000000000000e+00
19                                     0.0000000000000000e+00
20                                     0.0000000000000000e+00
21                                     0.0000000000000000e+00
22                                     0.0000000000000000e+00
$End
$VdW_Correction
   &GeometryIndex 1
   &ListStatus       OUT
   &VDW [&Type "Double"]      -1.9156979303127881e-02
$End
$Calculation_Info
   &GeometryIndex 1
   &ListStatus       OUT
   &MULT [&Type "Integer"] 1
   &CHARGE [&Type "Integer"] 0
   &NUMOFATOMS [&Type "Integer"] 23
   &NUMOFELECTRONS [&Type "Integer"] 72
   &NUMOFFCELECTRONS [&Type "Integer"] 1
   &NUMOFCORRELECTRONS [&Type "Integer"] 0
   &NUMOFBASISFUNCTS [&Type "Integer"] 154
   &NUMOFAUXCBASISFUNCTS [&Type "Integer"] 0
   &NUMOFAUXJBASISFUNCTS [&Type "Integer"] 595
   &NUMOFAUXJKBASISFUNCTS [&Type "Integer"] 0
   &NUMOFCABSBASISFUNCTS [&Type "Integer"] 0
   &TOTALENERGY [&Type "Double"]      -4.2466976162959082e+02  "Hartrees"
$End
$SCF_Dipole_Moment
   &GeometryIndex 1
   &ListStatus       OUT
   &METHOD [&Type "String"] "SCF"
   &LEVEL [&Type "String"] "Relaxed density"
   &MULT [&Type "Integer"] 1
   &STATE [&Type "Integer"] -1
   &IRREP [&Type "Integer"] 0
   &NATOMS [&Type "Integer"] 23
   &DODIPOLEATOM [&Type "Boolean"] false
   &DIPOLEELECCONTRIB [&Type "ArrayOfDoubles", &Dim (3,1)] "Electronic contribution"
                                                         0

0                                     -9.3738418304115640e+00
1                                     -2.0902386902289805e+00
2                                      3.3212787068355940e+00
   &DIPOLENUCCONTRIB [&Type "ArrayOfDoubles", &Dim (3,1)] "Nuclear contribution"
                                                         0

0                                      9.7240624632898616e+00
1                                      1.8375172632601895e+00
2                                     -3.8939443063842005e+00
   &DIPOLETOTAL [&Type "ArrayOfDoubles", &Dim (3,1)] "Total"
                                                         0

0                                      3.5022063287829752e-01
1                                     -2.5272142696879096e-01
2                                     -5.7266559954860652e-01
   &DIPOLEMAGNITUDE [&Type "Double", &Units "a.u."]       7.1726459570313528e-01
$End
