           1           2   1.01980625573759     
           2           3   1.00847440864317     
           3           4  0.983024323535190     
           4           5  0.979521476188205     
           5           6   1.69824826690477     
           5           7   1.16042666954991     
           6           7  0.169905649756441     
           7           8  0.940029654259864     
           1           9  0.986862367942284     
           1          10  0.986653191885254     
           1          11  0.985827423973772     
           2          12  0.977236425577223     
           2          13  0.977722767034607     
           3          14  0.977231903516943     
           3          15  0.973858666845479     
           4          16  0.951197316937144     
           4          17  0.970652944151791     
           8          18  0.976456587575169     
           8          19  0.976969825202185     
           8          20  0.976625355246333     
