*************************************************
******************* ORCA 6.0.1 ******************
*************************************************
$Calculation_Status
   &GeometryIndex 1
   &ListStatus       OUT
   &VERSION [&Type "String"] "6.0.1"
   &PROGNAME [&Type "String"] "LeanSCF"
   &STATUS [&Type "String"] "NORMAL TERMINATION"
$End
$Geometry
   &GeometryIndex 1
   &ListStatus       OUT
   &NATOMS [&Type "Integer"] 23
   &NCORELESSECP [&Type "Integer"] 0
   &NGHOSTATOMS [&Type "Integer"] 0
   &CartesianCoordinates [&Type "Coordinates", &Dim(23,4), &Units "Bohr"] 
              C      5.504867647377    2.634800405103   -0.571301179375
              C      4.860821987711   -0.179175250205   -0.565544377963
              C      5.288353310019   -1.308971896060    2.056243103129
              C      2.176863661042   -0.686097069952   -1.542895248310
              C      0.088591631243    0.530372794402    0.022123359465
              O     -2.284447820955   -0.062134058656   -1.155587632477
              C     -4.334792027550   -0.227854943691    0.275783633556
              O     -4.323701529494    0.112833054719    2.546707049855
              C     -6.627114929356   -0.887511050993   -1.252975013474
              H      4.434369015511    3.634797092413    0.868465920474
              H      5.092198511642    3.471130588751   -2.401393211893
              H      7.503010590640    2.898761745102   -0.174364737658
              H      6.144283808340   -1.129123722504   -1.884024274974
              H      4.163315564133   -0.331691552370    3.470179452738
              H      7.266117991273   -1.134732514896    2.583975158327
              H      4.785303638331   -3.300806142070    2.080824771039
              H      1.845862349284   -2.721965529709   -1.587133462906
              H      2.010810264143    0.018656357162   -3.473931346563
              H      0.047556163616   -0.177504205069    1.963819043792
              H      0.269216984340    2.588250018741    0.061718207224
              H     -6.119549253837   -1.067598270558   -3.229956217107
              H     -8.043029245672    0.578825725666   -1.000978730928
              H     -7.414352926885   -2.648897175869   -0.548282136587
$End
$SCF_Energy
   &GeometryIndex 1
   &ListStatus       OUT
   &SCF_ENERGY [&Type "Double"]      -4.2475335978906401e+02
$End
$DFT_Energy
   &GeometryIndex 1
   &ListStatus       OUT
   &NALPHAEL [&Type "Integer"] 36
   &NBETAEL [&Type "Integer"] 36
   &NTOTALEL [&Type "Integer"] 72
   &EEXCHANGE [&Type "Double"]      -5.7461618178764773e+01
   &ECORR [&Type "Double"]      -2.3882498727151185e+00
   &ECNL [&Type "Double"]       0.0000000000000000e+00
   &EXC [&Type "Double"]      -5.9849868051479895e+01
   &EEMBED [&Type "Double"]       0.0000000000000000e+00
   &FINALEN [&Type "Double"]      -4.2475335978906401e+02  "No Van der Waals correction"
$End
$Mulliken_Population_Analysis
   &GeometryIndex 1
   &ListStatus       OUT
   &NATOMS [&Type "Integer"] 23
   &ATNO [&Type "ArrayOfIntegers", &Dim (23,1)] 
                                                         0

0                                                        6
1                                                        6
2                                                        6
3                                                        6
4                                                        6
5                                                        8
6                                                        6
7                                                        8
8                                                        6
9                                                        1
10                                                       1
11                                                       1
12                                                       1
13                                                       1
14                                                       1
15                                                       1
16                                                       1
17                                                       1
18                                                       1
19                                                       1
20                                                       1
21                                                       1
22                                                       1
   &ATOMICCHARGES [&Type "ArrayOfDoubles", &Dim (23,1)] 
                                                         0

0                                     -2.6080438638124992e-01
1                                     -1.7391215400979476e-01
2                                     -2.5956483223767801e-01
3                                     -1.3565614763030975e-01
4                                     -1.9522762357484957e-02
5                                     -2.3629633519367665e-01
6                                      8.1840429419004934e-02
7                                     -2.1612361399578006e-01
8                                     -2.5257769206355540e-01
9                                      1.0715398749466098e-01
10                                     1.0079323150386443e-01
11                                     1.0206868756127829e-01
12                                     7.6991475298245349e-02
13                                     1.0854084832073463e-01
14                                     1.0126631174299894e-01
15                                     1.0132063413453696e-01
16                                     8.8398379020124263e-02
17                                     8.9256376974157003e-02
18                                     1.1204068886977359e-01
19                                     1.0179505610120332e-01
20                                     1.1599026196184847e-01
21                                     1.3357752989079463e-01
22                                     1.3342402557629629e-01
$End
$Loewdin_Population_Analysis
   &GeometryIndex 1
   &ListStatus       OUT
   &NATOMS [&Type "Integer"] 23
   &ATNO [&Type "ArrayOfIntegers", &Dim (23,1)] 
                                                         0

0                                                        6
1                                                        6
2                                                        6
3                                                        6
4                                                        6
5                                                        8
6                                                        6
7                                                        8
8                                                        6
9                                                        1
10                                                       1
11                                                       1
12                                                       1
13                                                       1
14                                                       1
15                                                       1
16                                                       1
17                                                       1
18                                                       1
19                                                       1
20                                                       1
21                                                       1
22                                                       1
   &ATOMICCHARGES [&Type "ArrayOfDoubles", &Dim (23,1)] 
                                                         0

0                                      3.2250713073961631e-05
1                                      1.5945848497845124e-04
2                                      4.9919649159039004e-05
3                                      1.0906402322661806e-03
4                                      1.4747808521588215e-02
5                                      1.6054928545676728e-01
6                                      2.3308406733124495e-01
7                                      5.8355890165982516e-01
8                                      6.2548557236175853e-03
9                                      5.4261812496708440e-06
10                                     1.2211004828882821e-06
11                                     3.1951614818449991e-06
12                                     2.7112416683336615e-06
13                                     1.3755674404880355e-05
14                                     7.7537949600244188e-06
15                                     3.0245529639324325e-06
16                                     1.9183322871922272e-06
17                                     1.4356515020813993e-05
18                                     2.0450530100582970e-04
19                                     1.1498395641496009e-04
20                                     7.1006121711512102e-05
21                                     1.3687902289070868e-05
22                                     1.5266391540476486e-05
$End
$Mayer_Population_Analysis
   &GeometryIndex 1
   &ListStatus       OUT
   &NATOMS [&Type "Integer"] 23 "Total number of atoms"
   &BONDTHRESH [&Type "Double"]       1.0000000000000001e-01  "The threshold for printing"
   &NBONDORDERSPRINT [&Type "Integer"] 22 "The number of bond orders larger than threshold"
   &BONDORDERS [&Type "ArrayOfDoubles", &Dim (22,1)] "The bond orders"
                                                         0

0                                      1.1059001605367036e+00
1                                      9.4473282420746019e-01
2                                      9.5152231233667151e-01
3                                      9.4964534785025967e-01
4                                      1.1054630410686075e+00
5                                      1.0750506862432796e+00
6                                      9.0129184695379472e-01
7                                      9.4461947139650071e-01
8                                      9.5001438469388988e-01
9                                      9.5146737995957686e-01
10                                     1.1135437968157225e+00
11                                     9.1747813905164477e-01
12                                     9.1316021736624087e-01
13                                     9.1306088214804715e-01
14                                     9.0500645457029882e-01
15                                     9.2580090845909446e-01
16                                     1.2122430905005557e+00
17                                     2.0495372970698935e+00
18                                     1.0817436468045862e+00
19                                     9.3891873189291031e-01
20                                     9.3143197105801756e-01
21                                     9.2970013429709863e-01
   &COMPONENTS [&Type "ArrayOfIntegers", &Dim (22,4)] "The indices and atomic numbers of the bonding atoms"
                                                         0                           1                           2                           3

0                                                        0                           6                           1                           6
1                                                        0                           6                           9                           1
2                                                        0                           6                          10                           1
3                                                        0                           6                          11                           1
4                                                        1                           6                           2                           6
5                                                        1                           6                           3                           6
6                                                        1                           6                          12                           1
7                                                        2                           6                          13                           1
8                                                        2                           6                          14                           1
9                                                        2                           6                          15                           1
10                                                       3                           6                           4                           6
11                                                       3                           6                          16                           1
12                                                       3                           6                          17                           1
13                                                       4                           6                           5                           8
14                                                       4                           6                          18                           1
15                                                       4                           6                          19                           1
16                                                       5                           8                           6                           6
17                                                       6                           6                           7                           8
18                                                       6                           6                           8                           6
19                                                       8                           6                          20                           1
20                                                       8                           6                          21                           1
21                                                       8                           6                          22                           1
   &ATNO [&Type "ArrayOfIntegers", &Dim (23,1)] "Atomic number of the elements"
                                                         0

0                                                        6
1                                                        6
2                                                        6
3                                                        6
4                                                        6
5                                                        8
6                                                        6
7                                                        8
8                                                        6
9                                                        1
10                                                       1
11                                                       1
12                                                       1
13                                                       1
14                                                       1
15                                                       1
16                                                       1
17                                                       1
18                                                       1
19                                                       1
20                                                       1
21                                                       1
22                                                       1
   &NA [&Type "ArrayOfDoubles", &Dim (23,1)] "Mulliken gross atomic population"
                                                         0

0                                      6.2608043863812401e+00
1                                      6.1739121540097903e+00
2                                      6.2595648322376851e+00
3                                      6.1356561476303275e+00
4                                      6.0195227623574876e+00
5                                      8.2362963351936784e+00
6                                      5.9181595705809800e+00
7                                      8.2161236139957925e+00
8                                      6.2525776920635838e+00
9                                      8.9284601250533868e-01
10                                     8.9920676849613501e-01
11                                     8.9793131243872193e-01
12                                     9.2300852470175443e-01
13                                     8.9145915167926582e-01
14                                     8.9873368825700062e-01
15                                     8.9867936586546249e-01
16                                     9.1160162097987596e-01
17                                     9.1074362302584255e-01
18                                     8.8795931113022619e-01
19                                     8.9820494389879635e-01
20                                     8.8400973803815164e-01
21                                     8.6642247010920492e-01
22                                     8.6657597442370371e-01
   &ZA [&Type "ArrayOfDoubles", &Dim (23,1)] "Total nuclear charge"
                                                         0

0                                      6.0000000000000000e+00
1                                      6.0000000000000000e+00
2                                      6.0000000000000000e+00
3                                      6.0000000000000000e+00
4                                      6.0000000000000000e+00
5                                      8.0000000000000000e+00
6                                      6.0000000000000000e+00
7                                      8.0000000000000000e+00
8                                      6.0000000000000000e+00
9                                      1.0000000000000000e+00
10                                     1.0000000000000000e+00
11                                     1.0000000000000000e+00
12                                     1.0000000000000000e+00
13                                     1.0000000000000000e+00
14                                     1.0000000000000000e+00
15                                     1.0000000000000000e+00
16                                     1.0000000000000000e+00
17                                     1.0000000000000000e+00
18                                     1.0000000000000000e+00
19                                     1.0000000000000000e+00
20                                     1.0000000000000000e+00
21                                     1.0000000000000000e+00
22                                     1.0000000000000000e+00
   &QA [&Type "ArrayOfDoubles", &Dim (23,1)] "Mulliken gross atomic charge"
                                                         0

0                                     -2.6080438638124015e-01
1                                     -1.7391215400979032e-01
2                                     -2.5956483223768512e-01
3                                     -1.3565614763032752e-01
4                                     -1.9522762357487622e-02
5                                     -2.3629633519367843e-01
6                                      8.1840429419020033e-02
7                                     -2.1612361399579250e-01
8                                     -2.5257769206358383e-01
9                                      1.0715398749466132e-01
10                                     1.0079323150386499e-01
11                                     1.0206868756127807e-01
12                                     7.6991475298245571e-02
13                                     1.0854084832073418e-01
14                                     1.0126631174299938e-01
15                                     1.0132063413453751e-01
16                                     8.8398379020124040e-02
17                                     8.9256376974157448e-02
18                                     1.1204068886977381e-01
19                                     1.0179505610120365e-01
20                                     1.1599026196184836e-01
21                                     1.3357752989079508e-01
22                                     1.3342402557629629e-01
   &VA [&Type "ArrayOfDoubles", &Dim (23,1)] "Mayer's total valence"
                                                         0

0                                      3.9550459789353343e+00
1                                      4.2479556103780620e+00
2                                      3.9535144241606215e+00
3                                      4.0258162108269397e+00
4                                      3.9445297662036771e+00
5                                      2.2623210643614753e+00
6                                      4.4512210135282979e+00
7                                      2.2717438716636948e+00
8                                      3.8807424114249875e+00
9                                      9.6269832296556312e-01
10                                     9.5708367068531774e-01
11                                     9.5534442381776086e-01
12                                     9.3538109267470260e-01
13                                     9.6516646318413957e-01
14                                     9.5539206612543992e-01
15                                     9.5708305324102394e-01
16                                     9.5846176340161959e-01
17                                     9.5616017277714482e-01
18                                     1.0002895383674699e+00
19                                     9.6426780377233079e-01
20                                     9.7644184856563110e-01
21                                     9.6336650543391056e-01
22                                     9.6307283586586867e-01
   &BVA [&Type "ArrayOfDoubles", &Dim (23,1)] "Mayer's bonded valence"
                                                         0

0                                      3.9550459789353840e+00
1                                      4.2479556103780807e+00
2                                      3.9535144241606033e+00
3                                      4.0258162108268927e+00
4                                      3.9445297662036798e+00
5                                      2.2623210643614518e+00
6                                      4.4512210135283334e+00
7                                      2.2717438716636735e+00
8                                      3.8807424114249267e+00
9                                      9.6269832296556224e-01
10                                     9.5708367068532663e-01
11                                     9.5534442381777096e-01
12                                     9.3538109267469915e-01
13                                     9.6516646318414323e-01
14                                     9.5539206612544270e-01
15                                     9.5708305324103016e-01
16                                     9.5846176340160860e-01
17                                     9.5616017277714371e-01
18                                     1.0002895383674719e+00
19                                     9.6426780377233490e-01
20                                     9.7644184856562510e-01
21                                     9.6336650543391056e-01
22                                     9.6307283586587378e-01
   &FA [&Type "ArrayOfDoubles", &Dim (23,1)] "Mayer's free valence"
                                                         0

0                                      0.0000000000000000e+00
1                                      0.0000000000000000e+00
2                                      0.0000000000000000e+00
3                                      0.0000000000000000e+00
4                                      0.0000000000000000e+00
5                                      0.0000000000000000e+00
6                                      0.0000000000000000e+00
7                                      0.0000000000000000e+00
8                                      0.0000000000000000e+00
9                                      0.0000000000000000e+00
10                                     0.0000000000000000e+00
11                                     0.0000000000000000e+00
12                                     0.0000000000000000e+00
13                                     0.0000000000000000e+00
14                                     0.0000000000000000e+00
15                                     0.0000000000000000e+00
16                                     0.0000000000000000e+00
17                                     0.0000000000000000e+00
18                                     0.0000000000000000e+00
19                                     0.0000000000000000e+00
20                                     0.0000000000000000e+00
21                                     0.0000000000000000e+00
22                                     0.0000000000000000e+00
$End
$VdW_Correction
   &GeometryIndex 1
   &ListStatus       OUT
   &VDW [&Type "Double"]      -1.8160528985586660e-02
$End
$Calculation_Info
   &GeometryIndex 1
   &ListStatus       OUT
   &MULT [&Type "Integer"] 1
   &CHARGE [&Type "Integer"] 0
   &NUMOFATOMS [&Type "Integer"] 23
   &NUMOFELECTRONS [&Type "Integer"] 72
   &NUMOFFCELECTRONS [&Type "Integer"] 1
   &NUMOFCORRELECTRONS [&Type "Integer"] 0
   &NUMOFBASISFUNCTS [&Type "Integer"] 154
   &NUMOFAUXCBASISFUNCTS [&Type "Integer"] 0
   &NUMOFAUXJBASISFUNCTS [&Type "Integer"] 595
   &NUMOFAUXJKBASISFUNCTS [&Type "Integer"] 0
   &NUMOFCABSBASISFUNCTS [&Type "Integer"] 0
   &TOTALENERGY [&Type "Double"]      -4.2466840585644957e+02  "Hartrees"
$End
$SCF_Dipole_Moment
   &GeometryIndex 1
   &ListStatus       OUT
   &METHOD [&Type "String"] "SCF"
   &LEVEL [&Type "String"] "Relaxed density"
   &MULT [&Type "Integer"] 1
   &STATE [&Type "Integer"] -1
   &IRREP [&Type "Integer"] 0
   &NATOMS [&Type "Integer"] 23
   &DODIPOLEATOM [&Type "Boolean"] false
   &DIPOLEELECCONTRIB [&Type "ArrayOfDoubles", &Dim (3,1)] "Electronic contribution"
                                                         0

0                                     -1.0441933574777536e+01
1                                     -4.2147691368183082e-01
2                                      9.2956903788951184e-01
   &DIPOLENUCCONTRIB [&Type "ArrayOfDoubles", &Dim (3,1)] "Nuclear contribution"
                                                         0

0                                      1.0862788587787094e+01
1                                      3.3704602939469286e-01
2                                     -1.6130319117987155e+00
   &DIPOLETOTAL [&Type "ArrayOfDoubles", &Dim (3,1)] "Total"
                                                         0

0                                      4.2085501300955741e-01
1                                     -8.4430884287137964e-02
2                                     -6.8346287390920368e-01
   &DIPOLEMAGNITUDE [&Type "Double", &Units "a.u."]       8.0707435605959554e-01
$End
