$hessian                                                                        
        0.5212057560  -0.0018360499  -0.0058442977  -0.0701360773  -0.0116535425
       -0.0201908152   0.0022467541   0.0111482751   0.0182579249   0.0005865512
       -0.0000113402  -0.0002611494  -0.0014463864   0.0000476502   0.0001202630
        0.0004497119   0.0008145959  -0.0001090754   0.0002571125  -0.0002327460
        0.0003041371  -0.0487571140   0.0211874436  -0.0221256801  -0.1965814920
        0.1069726239   0.0427463265  -0.1997017843  -0.1149456790   0.0103926977
       -0.0065455742  -0.0133872087  -0.0230534953   0.0002491740  -0.0012091764
       -0.0036531327   0.0006156904  -0.0005868807   0.0007950539  -0.0022335792
        0.0036952293   0.0021866452  -0.0000501372   0.0000993005   0.0001448782
        0.0000046652  -0.0000723523   0.0000447210  -0.0001149630  -0.0001576536
        0.0000826268  -0.0000157817   0.0000938920   0.0001867445  -0.0000325260
        0.0000336188  -0.0000243730
       -0.0018360499   0.5122446604  -0.0254024839  -0.0123573030  -0.0934491632
       -0.0521135498   0.0007658376  -0.0123695055  -0.0174064303  -0.0001680896
        0.0003721015   0.0003090572  -0.0019439775  -0.0004682806   0.0007600142
        0.0011690934   0.0012945720  -0.0006600231   0.0001635184  -0.0003838590
        0.0001342436   0.0211153186  -0.1557358354   0.1175451956   0.1075085345
       -0.1189508338  -0.0281431796  -0.1145570068  -0.1293434489   0.0091871720
       -0.0061567733  -0.0097782130  -0.0173289483   0.0034379362   0.0080574372
        0.0165289758  -0.0005859484   0.0007826829  -0.0011180983   0.0030561518
       -0.0023798047  -0.0019542285   0.0002215033   0.0000074409  -0.0000749376
       -0.0000622675   0.0000794212   0.0000223688   0.0001589626   0.0000495402
       -0.0001222869   0.0000071294   0.0000007683  -0.0001332485   0.0000634302
       -0.0000296806  -0.0000296124
       -0.0058442977  -0.0254024839   0.4732727233  -0.0213656157  -0.0522036487
       -0.1731049915   0.0026411179  -0.0086826123  -0.0103976487  -0.0002187904
        0.0004346649   0.0003202532  -0.0008245431   0.0001259213  -0.0004168239
        0.0008186762   0.0002060320   0.0000314897   0.0003689426  -0.0001417939
       -0.0001916179  -0.0221186072   0.1176600675  -0.1647392267   0.0430319265
       -0.0282431832  -0.0540931602   0.0101065274   0.0086923334  -0.0438302496
       -0.0021746772  -0.0034765067  -0.0027240955  -0.0049512297  -0.0090454577
       -0.0261029516  -0.0006272277   0.0010015559   0.0013392239   0.0011945697
       -0.0007591108   0.0000911952   0.0000462602  -0.0001016762   0.0001004336
       -0.0001099352  -0.0000040529   0.0000812643  -0.0000955438   0.0000453347
        0.0001497601   0.0000656153  -0.0000717750   0.0001305280   0.0000568319
       -0.0000336081   0.0000838944
       -0.0701360773  -0.0123573030  -0.0213656157   0.4917461695   0.0248166315
        0.0003719668  -0.1322522402   0.0618392885   0.0218035887  -0.0256998303
        0.0114510913   0.0080369564   0.0002131275   0.0008908389   0.0008698966
       -0.0001698444  -0.0006313496   0.0002220037   0.0001544857   0.0001819303
       -0.0001124920  -0.0005512372  -0.0012134170  -0.0043470470   0.0022044110
        0.0116272863   0.0210137362  -0.0056870415  -0.0128509263  -0.0224764617
       -0.2064320021  -0.1024750132   0.0115322318  -0.0465741209   0.0140269644
       -0.0156001742  -0.0067656084   0.0082869389  -0.0000220677   0.0030665540
       -0.0027172314  -0.0003585424   0.0010243156   0.0005726580  -0.0007690783
       -0.0040268702  -0.0016621369   0.0014557261  -0.0001718995   0.0002257310
       -0.0001878132   0.0000025351  -0.0000405841  -0.0000284155   0.0000551735
        0.0000286023  -0.0000383985
       -0.0116535425  -0.0934491632  -0.0522036487   0.0248166315   0.5048389083
       -0.0315609908   0.0588669540  -0.1188071888  -0.0173446613  -0.0058565481
        0.0073130680   0.0020322424   0.0002974078   0.0010446649   0.0006364770
       -0.0002310291  -0.0001412682   0.0001875767  -0.0002289381   0.0000216886
       -0.0002182587   0.0033948045   0.0085622357   0.0170581599  -0.0009782815
       -0.0097198010  -0.0173142660  -0.0055400340  -0.0101788896  -0.0173860651
       -0.1021470753  -0.1064978827   0.0102957974   0.0134701130  -0.1543099760
        0.1138588057   0.0166976598  -0.0159410236  -0.0020789124   0.0131494923
       -0.0134705403  -0.0070623358  -0.0011339882   0.0009438559   0.0001548101
       -0.0028994502  -0.0002363290   0.0010493609  -0.0000446258  -0.0000758170
       -0.0000533507   0.0000830517   0.0000592949   0.0000141485  -0.0000626019
        0.0000441632  -0.0000648888
       -0.0201908152  -0.0521135498  -0.1731049915   0.0003719668  -0.0315609908
        0.4903711015   0.0201082174  -0.0176357526  -0.0732128971   0.0075839574
       -0.0031637131  -0.0021012865  -0.0005997978  -0.0004953266  -0.0003679437
        0.0000355152   0.0002684157   0.0001900309   0.0002220680  -0.0002314443
       -0.0002394347  -0.0046819106  -0.0080210408  -0.0263411409   0.0000531457
       -0.0060720178  -0.0093715938  -0.0029341449  -0.0025952465  -0.0012236197
        0.0115384462   0.0104521176  -0.0436878968  -0.0152010775   0.1145093101
       -0.1575369087  -0.0155147919   0.0150338897   0.0040928168   0.0167694049
       -0.0184861108  -0.0080148305   0.0007353152  -0.0007065371   0.0003123585
        0.0018011729   0.0007334197   0.0001173146  -0.0000332176   0.0001879110
        0.0000976317  -0.0000862242  -0.0000698660  -0.0000012853   0.0000227702
       -0.0000334674   0.0000225752
        0.0022467541   0.0007658376   0.0026411179  -0.1322522402   0.0588669540
        0.0201082174   0.4462409338  -0.0027174992   0.0260408298  -0.1406609062
       -0.0436438710   0.0343030468  -0.0157237895  -0.0125148197  -0.0038244424
       -0.0004631316   0.0016247789  -0.0009747650   0.0013105440  -0.0003022736
       -0.0001689588   0.0005608805  -0.0004715017  -0.0003985836   0.0009893000
       -0.0007483795  -0.0010686145   0.0006790372  -0.0004035073  -0.0001826147
       -0.0249389617   0.0157950022   0.0068675544  -0.0055504868   0.0064050398
        0.0000411012  -0.0489168977   0.0265492805  -0.0348806831  -0.0622156146
       -0.0393293979  -0.0586281424   0.0019370161  -0.0007619024   0.0007699196
       -0.0224411903  -0.0082686819   0.0094267281  -0.0008213677  -0.0004512753
       -0.0003786175  -0.0000150711   0.0000533061   0.0000117754   0.0000351916
       -0.0004470898   0.0002951314
        0.0111482751  -0.0123695055  -0.0086826123   0.0618392885  -0.1188071888
       -0.0176357526  -0.0027174992   0.4837729306  -0.0085877499  -0.0491088466
       -0.0842346516   0.0259221283  -0.0169117914  -0.0134227495  -0.0028245960
        0.0003547613   0.0004223819  -0.0030846607   0.0005681331  -0.0013479379
        0.0005687091  -0.0004545045   0.0009954973   0.0011154260  -0.0002591897
       -0.0011452594  -0.0027157323   0.0003367889   0.0001244728   0.0001766892
       -0.0095429771   0.0069937020   0.0020897597   0.0186502206  -0.0175496454
       -0.0022679380   0.0265160223  -0.1272321683   0.1081947628  -0.0397997261
       -0.1126001843  -0.0971314551  -0.0162600043  -0.0110608644   0.0090839288
        0.0145680397   0.0072554325  -0.0053793539   0.0010208885   0.0003458770
        0.0007306539  -0.0000126992   0.0000488364   0.0000175972   0.0000648199
       -0.0001889754   0.0004101959
        0.0182579249  -0.0174064303  -0.0103976487   0.0218035887  -0.0173446613
       -0.0732128971   0.0260408298  -0.0085877499   0.5308381670   0.0219159559
        0.0185281763  -0.0744291783  -0.0137322986  -0.0031572607   0.0109581402
       -0.0003734710  -0.0063118991  -0.0034998427   0.0017316064   0.0005210635
       -0.0019360049   0.0009392624  -0.0009489647   0.0007739966  -0.0001448914
       -0.0034807441  -0.0048762853   0.0002641613   0.0001732202   0.0006860460
        0.0043501462  -0.0024035101  -0.0006746869  -0.0150689037   0.0141132809
        0.0038944227  -0.0349836611   0.1082255787  -0.1825523252  -0.0585294208
       -0.0977453766  -0.1828421588   0.0185445074   0.0129795851  -0.0089286567
        0.0109550800   0.0040207812  -0.0027544854  -0.0019056404  -0.0007013763
       -0.0010977262  -0.0001379460  -0.0000526734  -0.0003060938   0.0000731698
       -0.0004210393   0.0003572175
        0.0005865512  -0.0001680896  -0.0002187904  -0.0256998303  -0.0058565481
        0.0075839574  -0.1406609062  -0.0491088466   0.0219159559   0.4432108784
       -0.0338666489   0.0182142808  -0.0919450458  -0.0166843957  -0.0336837729
        0.0085388793  -0.0245634265  -0.0148054783   0.0014455051  -0.0049911177
       -0.0162705736  -0.0001507881   0.0000518318   0.0000255458   0.0000433818
       -0.0000293573  -0.0000156718   0.0000775105   0.0000421158   0.0001411803
       -0.0038986701   0.0029380304   0.0019103757   0.0008750939  -0.0010665280
        0.0003717827   0.0016328421  -0.0005829717   0.0012368261  -0.0163174371
       -0.0115712159   0.0029473385  -0.0542603811   0.0346995951  -0.0377375123
       -0.1233500126   0.1098002348   0.0500895113  -0.0003541196  -0.0000588928
       -0.0007090829  -0.0005315636   0.0013661028  -0.0024365398   0.0007581122
       -0.0003498721   0.0014406674
       -0.0000113402   0.0003721015   0.0004346649   0.0114510913   0.0073130680
       -0.0031637131  -0.0436438710  -0.0842346516   0.0185281763  -0.0338666489
        0.5130039989  -0.0313381075  -0.0141132573  -0.0760031065  -0.0259359571
       -0.0330957051  -0.0524354159  -0.0292960642   0.0018001711   0.0074015901
        0.0077947692   0.0000164831  -0.0000421269  -0.0001365727  -0.0000855125
        0.0000163777   0.0000399085   0.0001955069   0.0000377854  -0.0000542514
        0.0033269141  -0.0008383604  -0.0007874901   0.0008271571   0.0011270756
       -0.0009852356  -0.0157197716  -0.0111225989   0.0080159707  -0.0165569854
       -0.0103461000   0.0034262318   0.0333172558  -0.1389998752   0.1069718231
        0.1044784545  -0.1543095913  -0.0557554494   0.0001165783   0.0001827829
        0.0000295138   0.0016409518  -0.0009165722   0.0026403362  -0.0000774719
       -0.0002063812  -0.0004285532
       -0.0002611494   0.0003090572   0.0003202532   0.0080369564   0.0020322424
       -0.0021012865   0.0343030468   0.0259221283  -0.0744291783   0.0182142808
       -0.0313381075   0.4704602415  -0.0427094651  -0.0375243416  -0.1354923779
       -0.0086148752  -0.0115643520   0.0095141361  -0.0172217867  -0.0049229559
       -0.0186126568   0.0001304508   0.0000762440  -0.0000452749  -0.0001901728
        0.0000634459   0.0001399379   0.0002012244  -0.0002871885  -0.0001254368
        0.0005254277  -0.0003192427   0.0002520878  -0.0011776275   0.0000524572
        0.0005137529   0.0192516953   0.0131872648  -0.0086277410  -0.0168377513
       -0.0110918756   0.0047120161  -0.0367820887   0.1085800155  -0.1705949352
        0.0462029530  -0.0545193763  -0.0705964971   0.0003243739  -0.0009365548
        0.0003448859  -0.0024154176   0.0016422681  -0.0028670796  -0.0009800748
        0.0006388714  -0.0027648473
       -0.0014463864  -0.0019439775  -0.0008245431   0.0002131275   0.0002974078
       -0.0005997978  -0.0157237895  -0.0169117914  -0.0137322986  -0.0919450458
       -0.0141132573  -0.0427094651   0.2816757763   0.1044122199   0.0971576094
       -0.0805066729  -0.1043970931   0.0002265350  -0.0828377412   0.0183843194
       -0.0370436504   0.0002334966  -0.0000363543   0.0003801404   0.0004441550
        0.0004092668  -0.0000480541   0.0006277283   0.0007391978   0.0008826037
        0.0006088821   0.0001317740   0.0000295394  -0.0004525015   0.0001297859
       -0.0001727448   0.0009598179   0.0008102589  -0.0004556013  -0.0031701085
       -0.0019673613   0.0009813883  -0.0044392645  -0.0030727086  -0.0099378703
        0.0070623357   0.0083321748   0.0155022970   0.0054367282  -0.0079162171
        0.0145444140  -0.0019474755  -0.0005014695  -0.0035166943  -0.0147930618
        0.0172138248  -0.0206638074
        0.0000476502  -0.0004682806   0.0001259213   0.0008908389   0.0010446649
       -0.0004953266  -0.0125148197  -0.0134227495  -0.0031572607  -0.0166843957
       -0.0760031065  -0.0375243416   0.1044122199   0.8165950690  -0.0602345234
       -0.1048588686  -0.6186029774   0.0518519250   0.0135622227  -0.0887391153
        0.0426340339  -0.0004920124  -0.0002173731   0.0004010765   0.0002857731
        0.0000080541  -0.0001123878   0.0016382779   0.0001360276  -0.0016901878
        0.0005771441  -0.0005631627  -0.0002821821   0.0002590091   0.0000454339
        0.0005588128  -0.0001745765  -0.0001318659   0.0003015099  -0.0008051322
        0.0005400969   0.0003744476   0.0080964787   0.0087392705   0.0150155797
       -0.0066102321  -0.0162156016  -0.0173504527   0.0061408558  -0.0169890296
        0.0151125242  -0.0026208970   0.0102121861  -0.0130355607   0.0088504638
       -0.0059675406   0.0075063925
        0.0001202630   0.0007600142  -0.0004168239   0.0008698966   0.0006364770
       -0.0003679437  -0.0038244424  -0.0028245960   0.0109581402  -0.0336837729
       -0.0259359571  -0.1354923779   0.0971576094  -0.0602345234   0.4019219397
        0.0002632123   0.0498210631  -0.0771909094  -0.0312416966   0.0401840646
       -0.1448565856   0.0004533241   0.0005515911  -0.0003811246  -0.0001550464
       -0.0002333152  -0.0000391530   0.0004130514  -0.0008145540   0.0007746847
        0.0008778499  -0.0003529396  -0.0003982864  -0.0003996483   0.0000566026
       -0.0000737415   0.0002449827   0.0012092748   0.0001302485   0.0031369704
        0.0026316625  -0.0000223991  -0.0145041002  -0.0097238966  -0.0240785155
       -0.0043135216  -0.0103222446  -0.0079349814  -0.0003473249   0.0053990426
       -0.0010646504  -0.0138203313   0.0107670674  -0.0252441958  -0.0012472753
       -0.0015748333   0.0037766752
        0.0004497119   0.0011690934   0.0008186762  -0.0001698444  -0.0002310291
        0.0000355152  -0.0004631316   0.0003547613  -0.0003734710   0.0085388793
       -0.0330957051  -0.0086148752  -0.0805066729  -0.1048588686   0.0002632123
        0.0620214985   0.1293980414   0.0151860995   0.0172529741   0.0117241904
       -0.0046598815  -0.0002122670  -0.0001662204   0.0000509412  -0.0003232602
       -0.0002658127   0.0000721695  -0.0034480216  -0.0005154012   0.0010462525
       -0.0003221318  -0.0001171416  -0.0000981615   0.0002523212   0.0000186426
        0.0001155261   0.0000905216  -0.0001154918   0.0000840469  -0.0004159268
       -0.0002064704  -0.0000875376  -0.0000133096   0.0006600490   0.0023239299
       -0.0023277742  -0.0039781604  -0.0044332983  -0.0001487638   0.0019042631
       -0.0031293213  -0.0007086327   0.0004903601   0.0004927927   0.0004538300
       -0.0021690997   0.0009073843
        0.0008145959   0.0012945720   0.0002060320  -0.0006313496  -0.0001412682
        0.0002684157   0.0016247789   0.0004223819  -0.0063118991  -0.0245634265
       -0.0524354159  -0.0115643520  -0.1043970931  -0.6186029774   0.0498210631
        0.1293980414   0.7288052430  -0.0646753116   0.0031185119  -0.0527958937
        0.0261519925   0.0001202636  -0.0000976889  -0.0000924502  -0.0001742933
       -0.0001860758   0.0000997390  -0.0021158642   0.0004383092   0.0014394631
       -0.0003100215   0.0003164080   0.0000741385  -0.0000891873  -0.0000370480
       -0.0003901524   0.0003157436  -0.0002391815  -0.0001753204  -0.0026137514
       -0.0019148336   0.0004368532   0.0009921416   0.0015211656   0.0008190591
       -0.0012564051  -0.0015820743  -0.0041018008   0.0033797118  -0.0038246408
        0.0081013639  -0.0023671049   0.0001665528  -0.0006222347  -0.0012452917
       -0.0011075344   0.0005154010
       -0.0001090754  -0.0006600231   0.0000314897   0.0002220037   0.0001875767
        0.0001900309  -0.0009747650  -0.0030846607  -0.0034998427  -0.0148054783
       -0.0292960642   0.0095141361   0.0002265350   0.0518519250  -0.0771909094
        0.0151860995  -0.0646753116   0.0748901401  -0.0002191525   0.0411510224
       -0.0018649371  -0.0000118585  -0.0000480809  -0.0000111391   0.0001015478
        0.0001326132  -0.0000715240   0.0016266076   0.0003654388  -0.0008261684
       -0.0000110225   0.0000716773   0.0000901538   0.0001550785  -0.0000340810
       -0.0000138200  -0.0000887026  -0.0001466900   0.0000035931  -0.0013003910
       -0.0007984969   0.0003496459   0.0019587792   0.0002175761   0.0026529559
       -0.0001716030  -0.0015506433  -0.0014998947  -0.0026576626   0.0047584121
       -0.0043732902   0.0013852063  -0.0007406388   0.0029731864  -0.0005121463
        0.0022984488  -0.0013438064
        0.0002571125   0.0001635184   0.0003689426   0.0001544857  -0.0002289381
        0.0002220680   0.0013105440   0.0005681331   0.0017316064   0.0014455051
        0.0018001711  -0.0172217867  -0.0828377412   0.0135622227  -0.0312416966
        0.0172529741   0.0031185119  -0.0002191525   0.4714868348   0.0410775490
       -0.0116222149  -0.0001301658   0.0002104968  -0.0002781104  -0.0002845299
        0.0000540974  -0.0000683081  -0.0007677605   0.0000299052  -0.0001325967
       -0.0002192196   0.0000036170  -0.0001088612  -0.0000380142   0.0000704001
       -0.0001557000  -0.0014947786   0.0003433108  -0.0010911435  -0.0000018610
        0.0003213306  -0.0003943293   0.0000972259  -0.0017166006  -0.0030371849
       -0.0010125191  -0.0002781141  -0.0023232119  -0.1139605253  -0.1160943135
        0.0226849968  -0.0389483770  -0.0074567635  -0.0051013307  -0.2523091901
        0.0644514658   0.0479880134
       -0.0002327460  -0.0003838590  -0.0001417939   0.0001819303   0.0000216886
       -0.0002314443  -0.0003022736  -0.0013479379   0.0005210635  -0.0049911177
        0.0074015901  -0.0049229559   0.0183843194  -0.0887391153   0.0401840646
        0.0117241904  -0.0527958937   0.0411510224   0.0410775490   0.5274427906
        0.0233114921  -0.0000173561   0.0001322948   0.0000476092   0.0001010255
       -0.0000007298   0.0000775937   0.0005235582  -0.0001921846   0.0001829639
        0.0001199661   0.0000502510   0.0000521968  -0.0000736916   0.0000077233
        0.0000260981  -0.0010309214   0.0001915311  -0.0011154669  -0.0000926956
        0.0001339283   0.0000513526  -0.0018733165  -0.0006284392  -0.0024083728
        0.0000365346   0.0007411384   0.0009583528  -0.1154334214  -0.2095617843
        0.0317968404  -0.0086140485  -0.1269040420  -0.1154431411   0.0605125149
       -0.0555689505  -0.0140974753
        0.0003041371   0.0001342436  -0.0001916179  -0.0001124920  -0.0002182587
       -0.0002394347  -0.0001689588   0.0005687091  -0.0019360049  -0.0162705736
        0.0077947692  -0.0186126568  -0.0370436504   0.0426340339  -0.1448565856
       -0.0046598815   0.0261519925  -0.0018649371  -0.0116222149   0.0233114921
        0.4757041426  -0.0001430382  -0.0002048085   0.0002707325   0.0000661048
        0.0000155585   0.0000841594  -0.0001200196   0.0003668026  -0.0000092719
       -0.0002676313   0.0000448457   0.0000583116   0.0000378787  -0.0000048656
        0.0000980204   0.0002307677  -0.0000408486  -0.0001152579  -0.0006289105
       -0.0003905184   0.0001517204  -0.0029155669  -0.0016575982  -0.0032011816
       -0.0002886504   0.0011556788   0.0007299146   0.0229007562   0.0320749898
       -0.0513159229  -0.0049156290  -0.1147568967  -0.2075220418   0.0556175725
       -0.0169793210  -0.0472320883
       -0.0487571140   0.0211153186  -0.0221186072  -0.0005512372   0.0033948045
       -0.0046819106   0.0005608805  -0.0004545045   0.0009392624  -0.0001507881
        0.0000164831   0.0001304508   0.0002334966  -0.0004920124   0.0004533241
       -0.0002122670   0.0001202636  -0.0000118585  -0.0001301658  -0.0000173561
       -0.0001430382   0.0531383250  -0.0252862284   0.0270104241  -0.0058290000
        0.0213663484  -0.0186537165   0.0018022267  -0.0203033457   0.0188625832
       -0.0001050290   0.0003668729  -0.0004548766   0.0004580516  -0.0004538888
       -0.0012850004   0.0001375690   0.0002500302   0.0001484943  -0.0001321412
        0.0000843325  -0.0000377996  -0.0000715813   0.0000155265  -0.0001213054
       -0.0000369604   0.0000136127   0.0000170003  -0.0002160907   0.0003778752
        0.0001128142  -0.0001931286  -0.0001514663  -0.0001119573   0.0000549539
        0.0000373341  -0.0000542831
        0.0211874436  -0.1557358354   0.1176600675  -0.0012134170   0.0085622357
       -0.0080210408  -0.0004715017   0.0009954973  -0.0009489647   0.0000518318
       -0.0000421269   0.0000762440  -0.0000363543  -0.0002173731   0.0005515911
       -0.0001662204  -0.0000976889  -0.0000480809   0.0002104968   0.0001322948
       -0.0002048085  -0.0252862284   0.1794906390  -0.1355900543   0.0052777662
       -0.0163280747   0.0142194673   0.0004222393  -0.0170622416   0.0155564522
        0.0002013783   0.0005061416  -0.0002058079  -0.0001831459  -0.0000594529
       -0.0027550227   0.0000105587  -0.0000279155  -0.0000108041   0.0000021903
       -0.0000093476  -0.0000369356   0.0000007925  -0.0000876032  -0.0000591694
       -0.0000205340   0.0000102756  -0.0000395002   0.0001376199   0.0001536824
       -0.0000488837  -0.0001966048  -0.0001103456  -0.0000624845   0.0000716892
       -0.0000727609  -0.0000322648
       -0.0221256801   0.1175451956  -0.1647392267  -0.0043470470   0.0170581599
       -0.0263411409  -0.0003985836   0.0011154260   0.0007739966   0.0000255458
       -0.0001365727  -0.0000452749   0.0003801404   0.0004010765  -0.0003811246
        0.0000509412  -0.0000924502  -0.0000111391  -0.0002781104   0.0000476092
        0.0002707325   0.0270104241  -0.1355900543   0.1945123014  -0.0000473375
       -0.0021865901   0.0039732680   0.0008585170   0.0050799562  -0.0028801811
        0.0000947346   0.0004574456   0.0006424049  -0.0015970395  -0.0027705426
       -0.0063574511   0.0005653599  -0.0007777104  -0.0000061680  -0.0001553855
        0.0001658665   0.0003546841  -0.0001559951  -0.0000711249   0.0000849600
       -0.0000071767  -0.0000170193   0.0000265353   0.0002098676  -0.0002595520
        0.0000660361   0.0000391984   0.0000151710   0.0000629505  -0.0001223735
        0.0000157101  -0.0000061630
       -0.1965814920   0.1075085345   0.0430319265   0.0022044110  -0.0009782815
        0.0000531457   0.0009893000  -0.0002591897  -0.0001448914   0.0000433818
       -0.0000855125  -0.0001901728   0.0004441550   0.0002857731  -0.0001550464
       -0.0003232602  -0.0001742933   0.0001015478  -0.0002845299   0.0001010255
        0.0000661048  -0.0058290000   0.0052777662  -0.0000473375   0.2265988089
       -0.1249043780  -0.0492217800  -0.0281715526   0.0140415425   0.0064115631
        0.0007350794  -0.0002053533  -0.0003753691   0.0000146183  -0.0002504567
        0.0002041070   0.0000376714  -0.0002511816   0.0000357483  -0.0000121936
        0.0000054134   0.0000832667  -0.0000304002   0.0000012418  -0.0000263638
        0.0000965562   0.0000054978  -0.0000517542   0.0000220458  -0.0001845472
        0.0000505252   0.0000663580   0.0000554960   0.0001510828  -0.0000199571
        0.0000109029   0.0000236972
        0.1069726239  -0.1189508338  -0.0282431832   0.0116272863  -0.0097198010
       -0.0060720178  -0.0007483795  -0.0011452594  -0.0034807441  -0.0000293573
        0.0000163777   0.0000634459   0.0004092668   0.0000080541  -0.0002333152
       -0.0002658127  -0.0001860758   0.0001326132   0.0000540974  -0.0000007298
        0.0000155585   0.0213663484  -0.0163280747  -0.0021865901  -0.1249043780
        0.1367040566   0.0361241044  -0.0149820539   0.0097444570   0.0039734187
        0.0003140975  -0.0002721042   0.0001452061  -0.0000579505   0.0004202280
        0.0003511478  -0.0002169322   0.0002613097  -0.0000585150   0.0005887284
       -0.0006794920  -0.0005516716  -0.0000423583   0.0000003988  -0.0000192099
        0.0000332743   0.0000628084   0.0000417099  -0.0000826492   0.0000489085
        0.0000016840  -0.0000182609  -0.0000355533   0.0000217088  -0.0000175904
        0.0000513252  -0.0000253503
        0.0427463265  -0.0281431796  -0.0540931602   0.0210137362  -0.0173142660
       -0.0093715938  -0.0010686145  -0.0027157323  -0.0048762853  -0.0000156718
        0.0000399085   0.0001399379  -0.0000480541  -0.0001123878  -0.0000391530
        0.0000721695   0.0000997390  -0.0000715240  -0.0000683081   0.0000775937
        0.0000841594  -0.0186537165   0.0142194673   0.0039732680  -0.0492217800
        0.0361241044   0.0639402365   0.0036670161  -0.0011571879   0.0001758697
        0.0003457248   0.0001318160   0.0006641364   0.0004944292  -0.0000318159
        0.0001898328  -0.0001818855   0.0001193794  -0.0001138825   0.0009688009
       -0.0012863509  -0.0005993406  -0.0000181257  -0.0000693289  -0.0000151901
        0.0000061292   0.0000395786   0.0000418789   0.0000160087  -0.0000712314
       -0.0000605435   0.0000064248   0.0000668523   0.0000165008  -0.0000606098
       -0.0000169583   0.0000148527
       -0.1997017843  -0.1145570068   0.0101065274  -0.0056870415  -0.0055400340
       -0.0029341449   0.0006790372   0.0003367889   0.0002641613   0.0000775105
        0.0001955069   0.0002012244   0.0006277283   0.0016382779   0.0004130514
       -0.0034480216  -0.0021158642   0.0016266076  -0.0007677605   0.0005235582
       -0.0001200196   0.0018022267   0.0004222393   0.0008585170  -0.0281715526
       -0.0149820539   0.0036670161   0.2347050980   0.1346587569  -0.0120148609
        0.0003768672  -0.0007976103  -0.0018315475   0.0000395950   0.0001940325
        0.0000893848  -0.0000980389  -0.0000593640  -0.0000422811  -0.0001366676
        0.0000424450   0.0001392585   0.0000087606  -0.0000507871  -0.0000794959
       -0.0000540273   0.0000197625  -0.0000800480   0.0000858754  -0.0000717861
       -0.0000498275  -0.0002324424   0.0001553344  -0.0003111785  -0.0001053621
       -0.0000121964   0.0000976555
       -0.1149456790  -0.1293434489   0.0086923334  -0.0128509263  -0.0101788896
       -0.0025952465  -0.0004035073   0.0001244728   0.0001732202   0.0000421158
        0.0000377854  -0.0002871885   0.0007391978   0.0001360276  -0.0008145540
       -0.0005154012   0.0004383092   0.0003654388   0.0000299052  -0.0001921846
        0.0003668026  -0.0203033457  -0.0170622416   0.0050799562   0.0140415425
        0.0097444570  -0.0011571879   0.1346587569   0.1470770503  -0.0078173580
       -0.0009292327  -0.0010768157  -0.0034002104   0.0004809815   0.0006743045
        0.0006108728  -0.0001622120  -0.0002561407   0.0000915750   0.0000236158
        0.0001203796   0.0002474502   0.0000169933   0.0000442407  -0.0000301346
       -0.0000659673   0.0000341453   0.0000480290  -0.0000131347  -0.0004274679
        0.0001127094   0.0002732708   0.0000953969   0.0002658228  -0.0001169733
        0.0000106196   0.0000476694
        0.0103926977   0.0091871720  -0.0438302496  -0.0224764617  -0.0173860651
       -0.0012236197  -0.0001826147   0.0001766892   0.0006860460   0.0001411803
       -0.0000542514  -0.0001254368   0.0008826037  -0.0016901878   0.0007746847
        0.0010462525   0.0014394631  -0.0008261684  -0.0001325967   0.0001829639
       -0.0000092719   0.0188625832   0.0155564522  -0.0028801811   0.0064115631
        0.0039734187   0.0001758697  -0.0120148609  -0.0078173580   0.0521940551
       -0.0020397043  -0.0037920878  -0.0050321216  -0.0004873971  -0.0003047723
        0.0008308418   0.0000194239   0.0000725027  -0.0000952230   0.0000449705
        0.0001894591   0.0000651994  -0.0000703547  -0.0000112502  -0.0003566796
       -0.0001304724   0.0000729065   0.0000162378   0.0000388442   0.0000746846
       -0.0000440267  -0.0003040041   0.0000830222  -0.0001792206  -0.0000016523
        0.0000472383  -0.0001407355
       -0.0065455742  -0.0061567733  -0.0021746772  -0.2064320021  -0.1021470753
        0.0115384462  -0.0249389617  -0.0095429771   0.0043501462  -0.0038986701
        0.0033269141   0.0005254277   0.0006088821   0.0005771441   0.0008778499
       -0.0003221318  -0.0003100215  -0.0000110225  -0.0002192196   0.0001199661
       -0.0002676313  -0.0001050290   0.0002013783   0.0000947346   0.0007350794
        0.0003140975   0.0003457248   0.0003768672  -0.0009292327  -0.0020397043
        0.2412602289   0.1173329508  -0.0147077651   0.0002641413  -0.0018582787
        0.0012298109  -0.0000657440  -0.0001715188  -0.0002586174   0.0004445725
       -0.0004967383   0.0002629647   0.0001658119   0.0002307384  -0.0002220753
       -0.0013418340  -0.0004327070   0.0004341834  -0.0000694300  -0.0000513296
        0.0000081740   0.0000533486  -0.0000016444   0.0000049842   0.0000296646
       -0.0000048926   0.0000090465
       -0.0133872087  -0.0097782130  -0.0034765067  -0.1024750132  -0.1064978827
        0.0104521176   0.0157950022   0.0069937020  -0.0024035101   0.0029380304
       -0.0008383604  -0.0003192427   0.0001317740  -0.0005631627  -0.0003529396
       -0.0001171416   0.0003164080   0.0000716773   0.0000036170   0.0000502510
        0.0000448457   0.0003668729   0.0005061416   0.0004574456  -0.0002053533
       -0.0002721042   0.0001318160  -0.0007976103  -0.0010768157  -0.0037920878
        0.1173329508   0.1257071964  -0.0055890725  -0.0210688243  -0.0156806282
        0.0051856848   0.0000799487   0.0001641083  -0.0000767431   0.0007594146
        0.0007851305   0.0000786029   0.0000188791  -0.0001011864  -0.0001290407
        0.0005684373   0.0002520071  -0.0002955174   0.0000206199   0.0000090694
       -0.0000252109   0.0000355849  -0.0000031429   0.0000114691   0.0000000197
        0.0000274819   0.0000262127
       -0.0230534953  -0.0173289483  -0.0027240955   0.0115322318   0.0102957974
       -0.0436878968   0.0068675544   0.0020897597  -0.0006746869   0.0019103757
       -0.0007874901   0.0002520878   0.0000295394  -0.0002821821  -0.0003982864
       -0.0000981615   0.0000741385   0.0000901538  -0.0001088612   0.0000521968
        0.0000583116  -0.0004548766  -0.0002058079   0.0006424049  -0.0003753691
        0.0001452061   0.0006641364  -0.0018315475  -0.0034002104  -0.0050321216
       -0.0147077651  -0.0055890725   0.0538542840   0.0193179450   0.0149406070
       -0.0030130237  -0.0003302092   0.0000872454  -0.0000429759   0.0010066435
        0.0000618457  -0.0001073691  -0.0000914176  -0.0001398675   0.0001365875
        0.0003890647   0.0000279334  -0.0000737835  -0.0000153407  -0.0000271725
       -0.0000083182   0.0000292760  -0.0000081795   0.0000379150  -0.0000155865
       -0.0000057991   0.0000266767
        0.0002491740   0.0034379362  -0.0049512297  -0.0465741209   0.0134701130
       -0.0152010775  -0.0055504868   0.0186502206  -0.0150689037   0.0008750939
        0.0008271571  -0.0011776275  -0.0004525015   0.0002590091  -0.0003996483
        0.0002523212  -0.0000891873   0.0001550785  -0.0000380142  -0.0000736916
        0.0000378787   0.0004580516  -0.0001831459  -0.0015970395   0.0000146183
       -0.0000579505   0.0004944292   0.0000395950   0.0004809815  -0.0004873971
        0.0002641413  -0.0210688243   0.0193179450   0.0539889904  -0.0192619370
        0.0176518442  -0.0034184625   0.0041652121   0.0006015409   0.0001866670
       -0.0002507393  -0.0001248374  -0.0005318570  -0.0001007549   0.0006074879
        0.0001877399  -0.0001546813   0.0000156835   0.0000231154  -0.0000164230
        0.0000740928   0.0000040005  -0.0000210226   0.0000348933   0.0000219345
       -0.0000122720   0.0000168867
       -0.0012091764   0.0080574372  -0.0090454577   0.0140269644  -0.1543099760
        0.1145093101   0.0064050398  -0.0175496454   0.0141132809  -0.0010665280
        0.0011270756   0.0000524572   0.0001297859   0.0000454339   0.0000566026
        0.0000186426  -0.0000370480  -0.0000340810   0.0000704001   0.0000077233
       -0.0000048656  -0.0004538888  -0.0000594529  -0.0027705426  -0.0002504567
        0.0004202280  -0.0000318159   0.0001940325   0.0006743045  -0.0003047723
       -0.0018582787  -0.0156806282   0.0149406070  -0.0192619370   0.1802124637
       -0.1301976718   0.0034744069  -0.0031102256  -0.0011036982  -0.0001865230
       -0.0002882869   0.0001492383   0.0004207266   0.0004498529  -0.0002909801
       -0.0003727567   0.0000095524   0.0000623142  -0.0000722246  -0.0000211203
       -0.0000723774  -0.0000010460   0.0000478663  -0.0000179904  -0.0000071829
        0.0000044454  -0.0000095570
       -0.0036531327   0.0165289758  -0.0261029516  -0.0156001742   0.1138588057
       -0.1575369087   0.0000411012  -0.0022679380   0.0038944227   0.0003717827
       -0.0009852356   0.0005137529  -0.0001727448   0.0005588128  -0.0000737415
        0.0001155261  -0.0003901524  -0.0000138200  -0.0001557000   0.0000260981
        0.0000980204  -0.0012850004  -0.0027550227  -0.0063574511   0.0002041070
        0.0003511478   0.0001898328   0.0000893848   0.0006108728   0.0008308418
        0.0012298109   0.0051856848  -0.0030130237   0.0176518442  -0.1301976718
        0.1871076574   0.0009156578  -0.0003686054   0.0003512201   0.0001072446
       -0.0000755877   0.0001951576  -0.0000462813   0.0000063501   0.0000644321
        0.0000751317  -0.0000900314  -0.0000840552   0.0000576279  -0.0000450236
       -0.0000546978   0.0000637821   0.0000443816  -0.0000346960  -0.0000099677
        0.0000041391   0.0000260080
        0.0006156904  -0.0005859484  -0.0006272277  -0.0067656084   0.0166976598
       -0.0155147919  -0.0489168977   0.0265160223  -0.0349836611   0.0016328421
       -0.0157197716   0.0192516953   0.0009598179  -0.0001745765   0.0002449827
        0.0000905216   0.0003157436  -0.0000887026  -0.0014947786  -0.0010309214
        0.0002307677   0.0001375690   0.0000105587   0.0005653599   0.0000376714
       -0.0002169322  -0.0001818855  -0.0000980389  -0.0001622120   0.0000194239
       -0.0000657440   0.0000799487  -0.0003302092  -0.0034184625   0.0034744069
        0.0009156578   0.0633099900  -0.0318605009   0.0401355757  -0.0015110023
        0.0056321418  -0.0102129083  -0.0039488568  -0.0030900286   0.0019739923
        0.0004722636  -0.0001094561   0.0001529599  -0.0011634736  -0.0000837459
       -0.0015658534   0.0002193015   0.0001904991   0.0000355135  -0.0000928048
        0.0001171129  -0.0000206892
       -0.0005868807   0.0007826829   0.0010015559   0.0082869389  -0.0159410236
        0.0150338897   0.0265492805  -0.1272321683   0.1082255787  -0.0005829717
       -0.0111225989   0.0131872648   0.0008102589  -0.0001318659   0.0012092748
       -0.0001154918  -0.0002391815  -0.0001466900   0.0003433108   0.0001915311
       -0.0000408486   0.0002500302  -0.0000279155  -0.0007777104  -0.0002511816
        0.0002613097   0.0001193794  -0.0000593640  -0.0002561407   0.0000725027
       -0.0001715188   0.0001641083   0.0000872454   0.0041652121  -0.0031102256
       -0.0003686054  -0.0318605009   0.1477532956  -0.1259815538  -0.0032498493
        0.0091718245  -0.0121819637  -0.0029834857  -0.0014258924   0.0017566292
        0.0003170173   0.0003915274  -0.0003187044  -0.0009693157   0.0007476658
       -0.0008018112  -0.0000477667  -0.0000467555  -0.0000595985   0.0001562781
        0.0000698227  -0.0000158347
        0.0007950539  -0.0011180983   0.0013392239  -0.0000220677  -0.0020789124
        0.0040928168  -0.0348806831   0.1081947628  -0.1825523252   0.0012368261
        0.0080159707  -0.0086277410  -0.0004556013   0.0003015099   0.0001302485
        0.0000840469  -0.0001753204   0.0000035931  -0.0010911435  -0.0011154669
       -0.0001152579   0.0001484943  -0.0000108041  -0.0000061680   0.0000357483
       -0.0000585150  -0.0001138825  -0.0000422811   0.0000915750  -0.0000952230
       -0.0002586174  -0.0000767431  -0.0000429759   0.0006015409  -0.0011036982
        0.0003512201   0.0401355757  -0.1259815538   0.2117772036  -0.0077227911
        0.0141144177  -0.0256994868   0.0021617226   0.0010587011  -0.0003583491
        0.0000196697   0.0000735538  -0.0002164188  -0.0008747049  -0.0001110065
        0.0001950821   0.0000514440  -0.0000799361  -0.0000881798   0.0000777678
        0.0000595637   0.0000266200
       -0.0022335792   0.0030561518   0.0011945697   0.0030665540   0.0131494923
        0.0167694049  -0.0622156146  -0.0397997261  -0.0585294208  -0.0163174371
       -0.0165569854  -0.0168377513  -0.0031701085  -0.0008051322   0.0031369704
       -0.0004159268  -0.0026137514  -0.0013003910  -0.0000018610  -0.0000926956
       -0.0006289105  -0.0001321412   0.0000021903  -0.0001553855  -0.0000121936
        0.0005887284   0.0009688009  -0.0001366676   0.0000236158   0.0000449705
        0.0004445725   0.0007594146   0.0010066435   0.0001866670  -0.0001865230
        0.0001072446  -0.0015110023  -0.0032498493  -0.0077227911   0.0818883411
        0.0460297606   0.0628509227   0.0004704043   0.0001407530  -0.0002124264
       -0.0000323768  -0.0003212125  -0.0007464413   0.0000186089  -0.0000993764
       -0.0000205927   0.0000542246   0.0001100427  -0.0000265473   0.0000495365
       -0.0001348979   0.0001011309
        0.0036952293  -0.0023798047  -0.0007591108  -0.0027172314  -0.0134705403
       -0.0184861108  -0.0393293979  -0.1126001843  -0.0977453766  -0.0115712159
       -0.0103461000  -0.0110918756  -0.0019673613   0.0005400969   0.0026316625
       -0.0002064704  -0.0019148336  -0.0007984969   0.0003213306   0.0001339283
       -0.0003905184   0.0000843325  -0.0000093476   0.0001658665   0.0000054134
       -0.0006794920  -0.0012863509   0.0000424450   0.0001203796   0.0001894591
       -0.0004967383   0.0007851305   0.0000618457  -0.0002507393  -0.0002882869
       -0.0000755877   0.0056321418   0.0091718245   0.0141144177   0.0460297606
        0.1303475352   0.1139268527   0.0000232031  -0.0003026427  -0.0003771924
        0.0007506695   0.0008288073   0.0000699405  -0.0002106554  -0.0000272809
       -0.0001657428   0.0000571694   0.0000719901  -0.0000735052   0.0001081145
        0.0000188204   0.0000898231
        0.0021866452  -0.0019542285   0.0000911952  -0.0003585424  -0.0070623358
       -0.0080148305  -0.0586281424  -0.0971314551  -0.1828421588   0.0029473385
        0.0034262318   0.0047120161   0.0009813883   0.0003744476  -0.0000223991
       -0.0000875376   0.0004368532   0.0003496459  -0.0003943293   0.0000513526
        0.0001517204  -0.0000377996  -0.0000369356   0.0003546841   0.0000832667
       -0.0005516716  -0.0005993406   0.0001392585   0.0002474502   0.0000651994
        0.0002629647   0.0000786029  -0.0001073691  -0.0001248374   0.0001492383
        0.0001951576  -0.0102129083  -0.0121819637  -0.0256994868   0.0628509227
        0.1139268527   0.2102755689   0.0002569340   0.0001317182   0.0004373498
       -0.0000735044   0.0003698844   0.0004662920   0.0001866718  -0.0002226569
        0.0000392243   0.0000856560   0.0000409646   0.0001418466  -0.0000634450
       -0.0000923493   0.0000056848
       -0.0000501372   0.0002215033   0.0000462602   0.0010243156  -0.0011339882
        0.0007353152   0.0019370161  -0.0162600043   0.0185445074  -0.0542603811
        0.0333172558  -0.0367820887  -0.0044392645   0.0080964787  -0.0145041002
       -0.0000133096   0.0009921416   0.0019587792   0.0000972259  -0.0018733165
       -0.0029155669  -0.0000715813   0.0000007925  -0.0001559951  -0.0000304002
       -0.0000423583  -0.0000181257   0.0000087606   0.0000169933  -0.0000703547
        0.0001658119   0.0000188791  -0.0000914176  -0.0005318570   0.0004207266
       -0.0000462813  -0.0039488568  -0.0029834857   0.0021617226   0.0004704043
        0.0000232031   0.0002569340   0.0651716432  -0.0355288579   0.0452274058
       -0.0051700831   0.0147069661  -0.0138825438  -0.0001565361  -0.0002683069
        0.0002250965  -0.0004093022   0.0003546731  -0.0008132766   0.0002065313
       -0.0000792952   0.0001237297
        0.0000993005   0.0000074409  -0.0001016762   0.0005726580   0.0009438559
       -0.0007065371  -0.0007619024  -0.0110608644   0.0129795851   0.0346995951
       -0.1389998752   0.1085800155  -0.0030727086   0.0087392705  -0.0097238966
        0.0006600490   0.0015211656   0.0002175761  -0.0017166006  -0.0006284392
       -0.0016575982   0.0000155265  -0.0000876032  -0.0000711249   0.0000012418
        0.0000003988  -0.0000693289  -0.0000507871   0.0000442407  -0.0000112502
        0.0002307384  -0.0001011864  -0.0001398675  -0.0001007549   0.0004498529
        0.0000063501  -0.0030900286  -0.0014258924   0.0010587011   0.0001407530
       -0.0003026427   0.0001317182  -0.0355288579   0.1580573287  -0.1265386657
        0.0082599571  -0.0174037163   0.0167692063   0.0000967103  -0.0000591295
       -0.0000225954  -0.0002345403   0.0002535757  -0.0004268989  -0.0002203494
        0.0000522196  -0.0002737127
        0.0001448782  -0.0000749376   0.0001004336  -0.0007690783   0.0001548101
        0.0003123585   0.0007699196   0.0090839288  -0.0089286567  -0.0377375123
        0.1069718231  -0.1705949352  -0.0099378703   0.0150155797  -0.0240785155
        0.0023239299   0.0008190591   0.0026529559  -0.0030371849  -0.0024083728
       -0.0032011816  -0.0001213054  -0.0000591694   0.0000849600  -0.0000263638
       -0.0000192099  -0.0000151901  -0.0000794959  -0.0000301346  -0.0003566796
       -0.0002220753  -0.0001290407   0.0001365875   0.0006074879  -0.0002909801
        0.0000644321   0.0019739923   0.0017566292  -0.0003583491  -0.0002124264
       -0.0003771924   0.0004373498   0.0452274058  -0.1265386657   0.1982425355
        0.0015655011  -0.0043785456   0.0065076264   0.0001971890  -0.0003137629
        0.0003253247  -0.0005723563   0.0006109465  -0.0009352992  -0.0000946351
        0.0002072354  -0.0003957569
        0.0000046652  -0.0000622675  -0.0001099352  -0.0040268702  -0.0028994502
        0.0018011729  -0.0224411903   0.0145680397   0.0109550800  -0.1233500126
        0.1044784545   0.0462029530   0.0070623357  -0.0066102321  -0.0043135216
       -0.0023277742  -0.0012564051  -0.0001716030  -0.0010125191   0.0000365346
       -0.0002886504  -0.0000369604  -0.0000205340  -0.0000071767   0.0000965562
        0.0000332743   0.0000061292  -0.0000540273  -0.0000659673  -0.0001304724
       -0.0013418340   0.0005684373   0.0003890647   0.0001877399  -0.0003727567
        0.0000751317   0.0004722636   0.0003170173   0.0000196697  -0.0000323768
        0.0007506695  -0.0000735044  -0.0051700831   0.0082599571   0.0015655011
        0.1520354889  -0.1174025920  -0.0556720053   0.0000718501  -0.0000971002
        0.0003520046   0.0000091219  -0.0001239270   0.0000960435  -0.0001463738
       -0.0001011521  -0.0006958814
       -0.0000723523   0.0000794212  -0.0000040529  -0.0016621369  -0.0002363290
        0.0007334197  -0.0082686819   0.0072554325   0.0040207812   0.1098002348
       -0.1543095913  -0.0545193763   0.0083321748  -0.0162156016  -0.0103222446
       -0.0039781604  -0.0015820743  -0.0015506433  -0.0002781141   0.0007411384
        0.0011556788   0.0000136127   0.0000102756  -0.0000170193   0.0000054978
        0.0000628084   0.0000395786   0.0000197625   0.0000341453   0.0000729065
       -0.0004327070   0.0002520071   0.0000279334  -0.0001546813   0.0000095524
       -0.0000900314  -0.0001094561   0.0003915274   0.0000735538  -0.0003212125
        0.0008288073   0.0003698844   0.0147069661  -0.0174037163  -0.0043785456
       -0.1174025920   0.1800293615   0.0641554746   0.0000590658   0.0000042009
        0.0000627839   0.0000130195  -0.0000157331   0.0003549177  -0.0002702395
        0.0000643676  -0.0001849992
        0.0000447210   0.0000223688   0.0000812643   0.0014557261   0.0010493609
        0.0001173146   0.0094267281  -0.0053793539  -0.0027544854   0.0500895113
       -0.0557554494  -0.0705964971   0.0155022970  -0.0173504527  -0.0079349814
       -0.0044332983  -0.0041018008  -0.0014998947  -0.0023232119   0.0009583528
        0.0007299146   0.0000170003  -0.0000395002   0.0000265353  -0.0000517542
        0.0000417099   0.0000418789  -0.0000800480   0.0000480290   0.0000162378
        0.0004341834  -0.0002955174  -0.0000737835   0.0000156835   0.0000623142
       -0.0000840552   0.0001529599  -0.0003187044  -0.0002164188  -0.0007464413
        0.0000699405   0.0004662920  -0.0138825438   0.0167692063   0.0065076264
       -0.0556720053   0.0641554746   0.0759773639   0.0004171576   0.0000356710
       -0.0004353852   0.0002338151   0.0000804001   0.0004668524  -0.0006004804
       -0.0000520493  -0.0008357787
       -0.0001149630   0.0001589626  -0.0000955438  -0.0001718995  -0.0000446258
       -0.0000332176  -0.0008213677   0.0010208885  -0.0019056404  -0.0003541196
        0.0001165783   0.0003243739   0.0054367282   0.0061408558  -0.0003473249
       -0.0001487638   0.0033797118  -0.0026576626  -0.1139605253  -0.1154334214
        0.0229007562  -0.0002160907   0.0001376199   0.0002098676   0.0000220458
       -0.0000826492   0.0000160087   0.0000858754  -0.0000131347   0.0000388442
       -0.0000694300   0.0000206199  -0.0000153407   0.0000231154  -0.0000722246
        0.0000576279  -0.0011634736  -0.0009693157  -0.0008747049   0.0000186089
       -0.0002106554   0.0001866718  -0.0001565361   0.0000967103   0.0001971890
        0.0000718501   0.0000590658   0.0004171576   0.1334818450   0.1325025126
       -0.0242209983  -0.0008970152  -0.0021496093  -0.0003521381  -0.0210658843
       -0.0246578895   0.0061540743
       -0.0001576536   0.0000495402   0.0000453347   0.0002257310  -0.0000758170
        0.0001879110  -0.0004512753   0.0003458770  -0.0007013763  -0.0000588928
        0.0001827829  -0.0009365548  -0.0079162171  -0.0169890296   0.0053990426
        0.0019042631  -0.0038246408   0.0047584121  -0.1160943135  -0.2095617843
        0.0320749898   0.0003778752   0.0001536824  -0.0002595520  -0.0001845472
        0.0000489085  -0.0000712314  -0.0000717861  -0.0004274679   0.0000746846
       -0.0000513296   0.0000090694  -0.0000271725  -0.0000164230  -0.0000211203
       -0.0000450236  -0.0000837459   0.0007476658  -0.0001110065  -0.0000993764
       -0.0000272809  -0.0002226569  -0.0002683069  -0.0000591295  -0.0003137629
       -0.0000971002   0.0000042009   0.0000356710   0.1325025126   0.2413084086
       -0.0393258648  -0.0114770261  -0.0175402173   0.0004591594   0.0020176118
        0.0056763520  -0.0010210033
        0.0000826268  -0.0001222869   0.0001497601  -0.0001878132  -0.0000533507
        0.0000976317  -0.0003786175   0.0007306539  -0.0010977262  -0.0007090829
        0.0000295138   0.0003448859   0.0145444140   0.0151125242  -0.0010646504
       -0.0031293213   0.0081013639  -0.0043732902   0.0226849968   0.0317968404
       -0.0513159229   0.0001128142  -0.0000488837   0.0000660361   0.0000505252
        0.0000016840  -0.0000605435  -0.0000498275   0.0001127094  -0.0000440267
        0.0000081740  -0.0000252109  -0.0000083182   0.0000740928  -0.0000723774
       -0.0000546978  -0.0015658534  -0.0008018112   0.0001950821  -0.0000205927
       -0.0001657428   0.0000392243   0.0002250965  -0.0000225954   0.0003253247
        0.0003520046   0.0000627839  -0.0004353852  -0.0242209983  -0.0393258648
        0.0544064259  -0.0139886441  -0.0211968744   0.0029628148   0.0061160061
        0.0058869247  -0.0001326247
       -0.0000157817   0.0000071294   0.0000656153   0.0000025351   0.0000830517
       -0.0000862242  -0.0000150711  -0.0000126992  -0.0001379460  -0.0005315636
        0.0016409518  -0.0024154176  -0.0019474755  -0.0026208970  -0.0138203313
       -0.0007086327  -0.0023671049   0.0013852063  -0.0389483770  -0.0086140485
       -0.0049156290  -0.0001931286  -0.0001966048   0.0000391984   0.0000663580
       -0.0000182609   0.0000064248  -0.0002324424   0.0002732708  -0.0003040041
        0.0000533486   0.0000355849   0.0000292760   0.0000040005  -0.0000010460
        0.0000637821   0.0002193015  -0.0000477667   0.0000514440   0.0000542246
        0.0000571694   0.0000856560  -0.0004093022  -0.0002345403  -0.0005723563
        0.0000091219   0.0000130195   0.0002338151  -0.0008970152  -0.0114770261
       -0.0139886441   0.0450234235   0.0055700843   0.0089032674  -0.0015335238
        0.0179097326   0.0253768674
        0.0000938920   0.0000007683  -0.0000717750  -0.0000405841   0.0000592949
       -0.0000698660   0.0000533061   0.0000488364  -0.0000526734   0.0013661028
       -0.0009165722   0.0016422681  -0.0005014695   0.0102121861   0.0107670674
        0.0004903601   0.0001665528  -0.0007406388  -0.0074567635  -0.1269040420
       -0.1147568967  -0.0001514663  -0.0001103456   0.0000151710   0.0000554960
       -0.0000355533   0.0000668523   0.0001553344   0.0000953969   0.0000830222
       -0.0000016444  -0.0000031429  -0.0000081795  -0.0000210226   0.0000478663
        0.0000443816   0.0001904991  -0.0000467555  -0.0000799361   0.0001100427
        0.0000719901   0.0000409646   0.0003546731   0.0002535757   0.0006109465
       -0.0001239270  -0.0000157331   0.0000804001  -0.0021496093  -0.0175402173
       -0.0211968744   0.0055700843   0.1404487541   0.1337281293   0.0020066960
       -0.0058328598  -0.0101023631
        0.0001867445  -0.0001332485   0.0001305280  -0.0000284155   0.0000141485
       -0.0000012853   0.0000117754   0.0000175972  -0.0003060938  -0.0024365398
        0.0026403362  -0.0028670796  -0.0035166943  -0.0130355607  -0.0252441958
        0.0004927927  -0.0006222347   0.0029731864  -0.0051013307  -0.1154431411
       -0.2075220418  -0.0001119573  -0.0000624845   0.0000629505   0.0001510828
        0.0000217088   0.0000165008  -0.0003111785   0.0002658228  -0.0001792206
        0.0000049842   0.0000114691   0.0000379150   0.0000348933  -0.0000179904
       -0.0000346960   0.0000355135  -0.0000595985  -0.0000881798  -0.0000265473
       -0.0000735052   0.0001418466  -0.0008132766  -0.0004268989  -0.0009352992
        0.0000960435   0.0003549177   0.0004668524  -0.0003521381   0.0004591594
        0.0029628148   0.0089032674   0.1337281293   0.2385523946   0.0027809807
       -0.0076386266  -0.0081668973
       -0.0000325260   0.0000634302   0.0000568319   0.0000551735  -0.0000626019
        0.0000227702   0.0000351916   0.0000648199   0.0000731698   0.0007581122
       -0.0000774719  -0.0009800748  -0.0147930618   0.0088504638  -0.0012472753
        0.0004538300  -0.0012452917  -0.0005121463  -0.2523091901   0.0605125149
        0.0556175725   0.0000549539   0.0000716892  -0.0001223735  -0.0000199571
       -0.0000175904  -0.0000606098  -0.0001053621  -0.0001169733  -0.0000016523
        0.0000296646   0.0000000197  -0.0000155865   0.0000219345  -0.0000071829
       -0.0000099677  -0.0000928048   0.0001562781   0.0000777678   0.0000495365
        0.0001081145  -0.0000634450   0.0002065313  -0.0002203494  -0.0000946351
       -0.0001463738  -0.0002702395  -0.0006004804  -0.0210658843   0.0020176118
        0.0061160061  -0.0015335238   0.0020066960   0.0027809807   0.2884337557
       -0.0718339370  -0.0610368523
        0.0000336188  -0.0000296806  -0.0000336081   0.0000286023   0.0000441632
       -0.0000334674  -0.0004470898  -0.0001889754  -0.0004210393  -0.0003498721
       -0.0002063812   0.0006388714   0.0172138248  -0.0059675406  -0.0015748333
       -0.0021690997  -0.0011075344   0.0022984488   0.0644514658  -0.0555689505
       -0.0169793210   0.0000373341  -0.0000727609   0.0000157101   0.0000109029
        0.0000513252  -0.0000169583  -0.0000121964   0.0000106196   0.0000472383
       -0.0000048926   0.0000274819  -0.0000057991  -0.0000122720   0.0000044454
        0.0000041391   0.0001171129   0.0000698227   0.0000595637  -0.0001348979
        0.0000188204  -0.0000923493  -0.0000792952   0.0000522196   0.0002072354
       -0.0001011521   0.0000643676  -0.0000520493  -0.0246578895   0.0056763520
        0.0058869247   0.0179097326  -0.0058328598  -0.0076386266  -0.0718339370
        0.0629550659   0.0176899202
       -0.0000243730  -0.0000296124   0.0000838944  -0.0000383985  -0.0000648888
        0.0000225752   0.0002951314   0.0004101959   0.0003572175   0.0014406674
       -0.0004285532  -0.0027648473  -0.0206638074   0.0075063925   0.0037766752
        0.0009073843   0.0005154010  -0.0013438064   0.0479880134  -0.0140974753
       -0.0472320883  -0.0000542831  -0.0000322648  -0.0000061630   0.0000236972
       -0.0000253503   0.0000148527   0.0000976555   0.0000476694  -0.0001407355
        0.0000090465   0.0000262127   0.0000266767   0.0000168867  -0.0000095570
        0.0000260080  -0.0000206892  -0.0000158347   0.0000266200   0.0001011309
        0.0000898231   0.0000056848   0.0001237297  -0.0002737127  -0.0003957569
       -0.0006958814  -0.0001849992  -0.0008357787   0.0061540743  -0.0010210033
       -0.0001326247   0.0253768674  -0.0101023631  -0.0081668973  -0.0610368523
        0.0176899202   0.0566784935
