           1           2   1.02059372602125     
           2           3  0.984490054135417     
           3           4   1.05028453241450     
           4           5   1.77345187665402     
           5           6   1.12297588061989     
           6           7   1.78257509639767     
           1           8  0.986234271193362     
           1           9  0.986981653159016     
           1          10  0.986853962594643     
           2          11  0.975999570622834     
           2          12  0.976861519271834     
           3          13  0.934638555089484     
           3          14  0.974189070732658     
           4          15  0.961354975062918     
           5          16  0.962427672213382     
           6          17  0.937673259243457     
