           1           2  0.993649869068321     
           2           3   1.01690922378955     
           3           4  0.922466409934791     
           1           5   1.01690920879583     
           5           6  0.922466358236513     
           1           7  0.973430076065419     
           1           8  0.971472732968252     
           2           9  0.973429910835989     
           2          10  0.971472927155885     
           3          11  0.975934628531264     
           3          12  0.975499085907352     
           5          13  0.975934759069728     
           5          14  0.975498909885240     
