           1           2   1.02000666351213     
           2           3   1.00826925671997     
           3           4  0.987616027786843     
           4           5   1.02790664900678     
           5           6   1.97811447380601     
           1           7  0.985751170509957     
           1           8  0.987445180160989     
           1           9  0.987311417279282     
           2          10  0.977964397735777     
           2          11  0.977006042417129     
           3          12  0.976628067865387     
           3          13  0.978777789796954     
           4          14  0.963413333721173     
           4          15  0.974817567409238     
           5          16  0.965589534070754     
           6          17  0.977396055894238     
           6          18  0.975382923981947     
