           1           2   1.02009322109029     
           2           3   1.00656645304380     
           3           4   1.00760230596100     
           4           5  0.984772105466505     
           5           6   1.05465374392820     
           6           7   2.89225717794628     
           1           8  0.987317135421558     
           1           9  0.986256785269128     
           1          10  0.987459097567759     
           2          11  0.978314871129579     
           2          12  0.978208117894432     
           3          13  0.977075130971307     
           3          14  0.977030478802072     
           4          15  0.976645366878835     
           4          16  0.978132030221810     
           5          17  0.954087400496162     
           5          18  0.954084102662814     
           7          19  0.969544475662558     
