           1           2   1.02118613848698     
           2           3  0.996684433080201     
           3           4   1.01397427300752     
           4           5   1.42293313778393     
           5           6   1.42484859844307     
           6           7   1.40108797895666     
           7           8   1.29163122111082     
           4           9   1.38668732784983     
           8           9   1.41059783799258     
           8          10   1.02803372149431     
          10          11  0.972981923739857     
           7          12   1.06663930020112     
           1          13  0.987419941329513     
           1          14  0.983951864179754     
           1          15  0.986918469774487     
           2          16  0.977631702074257     
           2          17  0.980141083092064     
           3          18  0.975251895494749     
           3          19  0.957501258770523     
           5          20  0.964260026751640     
           6          21  0.967584723771745     
           9          22  0.962309709551049     
          11          23  0.977042002873684     
          11          24  0.977468483305566     
          11          25  0.977013493164509     
          12          26  0.841327197900696     
