           1           2   1.00077670713508     
           2           3   1.02053208838557     
           3           4  0.919080070069916     
           1           5   1.01684943502758     
           5           6  0.920564517845503     
           1           7  0.972478981552435     
           1           8  0.972982044037121     
           2           9  0.961877033214248     
           2          10  0.971257933707927     
           3          11  0.975157156512799     
           3          12  0.974496039056717     
           5          13  0.975664908136914     
           5          14  0.975402491741913     
