           1           2   1.00541224594354     
           2           3  0.983804870088136     
           2           4  0.997821000565185     
           4           5   1.86976089819701     
           5           6  0.980772165630753     
           6           7  0.995131292098017     
           6           8  0.110232134149960     
           7           8   1.60583004083883     
           7           9   1.28407369083710     
           8           9  0.185020398358523     
           9          10  0.991358781126545     
           2          11  0.917525074104921     
          11          12   1.00994370065505     
           1          13  0.980882434335714     
           1          14  0.976175176116936     
           1          15  0.984526168292095     
           3          16  0.984084508469724     
           3          17  0.977424214929259     
           3          18  0.978175393207885     
           4          19  0.940430536254284     
           9          20  0.915729537535200     
          10          21  0.977866968569430     
          10          22  0.972120388971230     
          10          23  0.972448533523534     
          12          24  0.973665310067593     
          12          25  0.981403609060261     
          12          26  0.978566660077930     
