$hessian                                                                        
        0.4841437833  -0.0067889036  -0.0312768301  -0.1503231436  -0.0145367712
       -0.0666654588  -0.0287612594  -0.0025848769  -0.0117233283  -0.0045813180
        0.0004323563   0.0025868878  -0.0003918956  -0.0002484017  -0.0011721219
       -0.0000078583   0.0000305816   0.0001771784  -0.0007767983   0.0000723137
        0.0001320577  -0.0000721116   0.0000289893  -0.0001059926  -0.2089761315
        0.0236389856   0.1102277403  -0.0429261466  -0.0017961272   0.0035423439
       -0.0429634106   0.0035974876   0.0026740533  -0.0027494062  -0.0023950392
       -0.0031616001  -0.0028857358   0.0008444354  -0.0040046362   0.0007040734
        0.0001478944  -0.0008371543   0.0007185606  -0.0005128615  -0.0007448385
       -0.0000698193  -0.0001454125   0.0001714892  -0.0000260325   0.0002162864
        0.0001507766  -0.0000528618   0.0000025009   0.0000212785  -0.0000010231
       -0.0000056620   0.0000035449  -0.0000014653   0.0000022246   0.0000046102
       -0.0067889036   0.5203155694  -0.0043388244  -0.0143924210  -0.0704777351
       -0.0104061424   0.0016763637   0.0003721969   0.0013211901   0.0005675500
        0.0002744204  -0.0002604444   0.0000758189   0.0002454553   0.0000808988
        0.0000158568   0.0000001686   0.0000081697   0.0000530275   0.0000091161
        0.0000013516   0.0000339840  -0.0000418270  -0.0000019185   0.0235403838
       -0.0476433642  -0.0148885478  -0.0021453588  -0.1538161467   0.1185190371
        0.0039099369  -0.2465334817  -0.0852524257  -0.0225796869  -0.0059386019
       -0.0182357107   0.0156454294   0.0021211902   0.0132566995  -0.0004716898
        0.0003079748  -0.0003646001   0.0008359792   0.0007193929   0.0005153148
       -0.0001153437  -0.0000115285  -0.0000446868   0.0001401449   0.0000844748
        0.0000896787   0.0000025570   0.0000014515   0.0000019907   0.0000036184
        0.0000044629  -0.0000049013  -0.0000072466   0.0000068113   0.0000038712
       -0.0312768301  -0.0043388244   0.5013562325  -0.0659194322  -0.0104260254
       -0.1156886157   0.0083582324   0.0014388378   0.0067133484   0.0026243156
       -0.0001786058  -0.0009064349   0.0003519991   0.0001075253   0.0001481473
       -0.0000369743   0.0000201882   0.0003696158   0.0003786571  -0.0000513056
        0.0000970842   0.0001793732  -0.0000337854  -0.0000255221   0.1097492089
       -0.0148817410  -0.1138847318   0.0035777267   0.1187067760  -0.1734793058
        0.0025454511  -0.0854756007  -0.0806884903  -0.0120842128  -0.0044060673
       -0.0089861883  -0.0202966847  -0.0006712984  -0.0169171677   0.0009354573
       -0.0003281572   0.0010068755   0.0006876531   0.0004763753   0.0006496976
        0.0001652732  -0.0001483289   0.0001830403   0.0000733902   0.0001911990
        0.0000399738   0.0000281002  -0.0000023837  -0.0000031343  -0.0000199875
        0.0000031818   0.0000077598  -0.0000207167  -0.0000019595   0.0000078156
       -0.1503231436  -0.0143924210  -0.0659194322   0.4535149218   0.0000447199
        0.0018929910  -0.1512491829   0.0127917108   0.0623183977  -0.0286818213
        0.0014709516   0.0090341971  -0.0023741466  -0.0005774893  -0.0026099913
        0.0003916637   0.0000828220  -0.0001194657  -0.0019058114   0.0001385827
        0.0002027936  -0.0002507895   0.0000645921  -0.0002091253  -0.0255071962
       -0.0032325585  -0.0146539036  -0.0023925289   0.0015391314  -0.0040996483
       -0.0022941778  -0.0030589866  -0.0030213689  -0.0409372208   0.0060398858
        0.0030504822  -0.0408013394  -0.0031190483   0.0041405323  -0.0045223808
       -0.0011940900   0.0048172157  -0.0044866124   0.0030422321   0.0039019073
        0.0008989194  -0.0000997940   0.0005855571   0.0010349570   0.0004539245
        0.0006579371  -0.0001273138   0.0000053788   0.0000669119   0.0000060509
        0.0000163483  -0.0000152570   0.0000071527  -0.0000158924  -0.0000207306
       -0.0145367712  -0.0704777351  -0.0104260254   0.0000447199   0.5384108020
       -0.0083067634   0.0129027444  -0.0704563580  -0.0073708158  -0.0024979972
        0.0001623210   0.0015062476  -0.0002818964   0.0001833404  -0.0006594745
       -0.0000342253   0.0000455591   0.0002354362  -0.0004990644   0.0000542397
        0.0000023770  -0.0000579172   0.0000207327  -0.0000608988   0.0024289219
        0.0006841639   0.0016934498   0.0162272045   0.0022197231   0.0132462052
       -0.0229897128  -0.0061472379  -0.0185776241   0.0061018085  -0.2387730635
       -0.0798144987  -0.0030475313  -0.1523714123   0.1126751488  -0.0169149028
        0.0015508390   0.0124104383   0.0236700003  -0.0058927075  -0.0167416707
        0.0005262767   0.0002002883  -0.0001821273  -0.0010240964   0.0005708739
        0.0003521825  -0.0000207105   0.0000104858   0.0000089947   0.0000211824
       -0.0000023948   0.0000044520  -0.0000180331   0.0000075403   0.0000049665
       -0.0666654588  -0.0104061424  -0.1156886157   0.0018929910  -0.0083067634
        0.5003176394   0.0621295286  -0.0072961789  -0.1038342291  -0.0128634181
        0.0013268714   0.0072371729  -0.0005948658  -0.0007150871  -0.0034710692
       -0.0000095700   0.0001284383   0.0014190447  -0.0021578403   0.0002130361
        0.0002005283  -0.0002937329   0.0000638042  -0.0002969435   0.0114244201
        0.0017189899   0.0082583920  -0.0198893942  -0.0003502975  -0.0178017069
       -0.0113656927  -0.0050174102  -0.0095505106   0.0034454633  -0.0804001831
       -0.0790801071   0.0044806005   0.1131984848  -0.1655849462   0.0203925036
        0.0000766994  -0.0153598317   0.0119356185  -0.0043647160  -0.0081322888
       -0.0010399500  -0.0003311379   0.0006991695  -0.0007434335   0.0004476294
        0.0005763538  -0.0000848718   0.0000104550   0.0000424281   0.0000065482
       -0.0000221382   0.0000216170   0.0000005541   0.0000256461   0.0000279031
       -0.0287612594   0.0016763637   0.0083582324  -0.1512491829   0.0129027444
        0.0621295286   0.4551538589   0.0005767928  -0.0052777371  -0.1398759477
       -0.0139806009  -0.0641994498  -0.0281942624  -0.0027750662  -0.0068558866
        0.0003206404   0.0003615815  -0.0050801904  -0.0060222236   0.0001089484
        0.0018160681  -0.0010962887   0.0002548587  -0.0007085109  -0.0043641602
       -0.0005636235  -0.0025620349   0.0009083057  -0.0001427341   0.0008870053
        0.0009015851   0.0004972647   0.0007415294  -0.0049943097   0.0031345935
        0.0041171937  -0.0048536355  -0.0012999607   0.0049843309  -0.0411138751
       -0.0050667156   0.0054341514  -0.0413114563   0.0057775305   0.0028801335
       -0.0028355935   0.0013860826  -0.0036376735  -0.0022871038  -0.0028902851
       -0.0030851583  -0.0003451548   0.0000246343   0.0001792016   0.0000363878
        0.0000713607  -0.0000572718  -0.0000163241  -0.0000537694  -0.0000634618
       -0.0025848769   0.0003721969   0.0014388378   0.0127917108  -0.0704563580
       -0.0072961789   0.0005767928   0.5346045624  -0.0074770505  -0.0141567592
       -0.0693896120  -0.0085814828   0.0010501103   0.0001819834   0.0000279296
        0.0005745692  -0.0002993956   0.0004774995   0.0007457042   0.0009783086
       -0.0003762938   0.0002998234   0.0003253515   0.0001006814  -0.0008978002
        0.0005058005  -0.0003570380   0.0006273013   0.0002699531  -0.0002512055
       -0.0010343146   0.0005700030   0.0004258759   0.0238670909  -0.0058335627
       -0.0169053028  -0.0169859749   0.0015737399   0.0125655470  -0.0058245204
       -0.1530003042   0.1135847135   0.0065184363  -0.2371093885  -0.0827034158
        0.0153339099   0.0020601479   0.0123057147  -0.0209417111  -0.0053682549
       -0.0169561769   0.0000506597  -0.0000018700  -0.0000112326   0.0000763648
       -0.0000045994  -0.0000388816  -0.0000865162   0.0000212981   0.0000274598
       -0.0117233283   0.0013211901   0.0067133484   0.0623183977  -0.0073708158
       -0.1038342291  -0.0052777371  -0.0074770505   0.5009107465  -0.0637935967
       -0.0085569368  -0.1154979550   0.0034090770   0.0022441509   0.0076407255
        0.0024130930   0.0000789860   0.0007556145   0.0060959761  -0.0007708261
        0.0003223379   0.0007787916  -0.0003215306   0.0005771629  -0.0041417860
       -0.0003622451  -0.0010340371  -0.0010985459  -0.0003202071   0.0009824652
       -0.0007815371   0.0004744928   0.0006279714   0.0119789051  -0.0044016097
       -0.0083197344   0.0207163551   0.0001065087  -0.0157936598   0.0059240413
        0.1138139098  -0.1668354493   0.0029472840  -0.0832646992  -0.0820640247
       -0.0180945288  -0.0001882279  -0.0155592672  -0.0118155534  -0.0049929643
       -0.0095221244   0.0003172245  -0.0000262520  -0.0001161337  -0.0000956344
        0.0000484479   0.0000274629  -0.0000768978  -0.0000343211   0.0000187794
       -0.0045813180   0.0005675500   0.0026243156  -0.0286818213  -0.0024979972
       -0.0128634181  -0.1398759477  -0.0141567592  -0.0637935967   0.4575455948
       -0.0011642305   0.0150784507  -0.1391903842   0.0054051521   0.0566539535
       -0.0048951067   0.0010254305   0.0137100350  -0.0532459557   0.0046428513
        0.0045965880  -0.0011755172   0.0005214654  -0.0036336774  -0.0015488613
       -0.0001656098  -0.0007444444  -0.0000514960  -0.0000631510   0.0001860048
       -0.0000452555   0.0001410267   0.0001416567   0.0009150963  -0.0004207739
       -0.0006423495   0.0009384542   0.0001248886  -0.0007987333  -0.0028783248
        0.0016565447  -0.0045517687  -0.0033186975  -0.0031170906  -0.0036026899
       -0.0403826525   0.0011836492  -0.0047011317  -0.0377732236   0.0062454843
        0.0014193237  -0.0012501509   0.0000672967   0.0007653381  -0.0002654432
        0.0000725946   0.0000968898  -0.0002389890  -0.0000683219   0.0000592537
        0.0004323563   0.0002744204  -0.0001786058   0.0014709516   0.0001623210
        0.0013268714  -0.0139806009  -0.0693896120  -0.0085569368  -0.0011642305
        0.4967512226  -0.0139467792   0.0023132561  -0.0719395321  -0.0015677257
        0.0006007282   0.0183760557  -0.0018262179   0.0052559059   0.0051152072
        0.0013159586   0.0001274467   0.0052966155   0.0001701191   0.0001210219
        0.0002333076   0.0000250593  -0.0001046805   0.0000087687  -0.0000928952
        0.0001527702   0.0001815156   0.0001362481   0.0007661815   0.0007459802
        0.0004983474  -0.0005085240   0.0003168783  -0.0003995766   0.0161971817
        0.0019621495   0.0134415902  -0.0226483794  -0.0053108402  -0.0183002519
        0.0011140717  -0.1533121212   0.1202960630   0.0097692360  -0.2296443172
       -0.0922312176  -0.0000895397   0.0001559306   0.0000280108   0.0010748792
       -0.0000441051  -0.0001984309  -0.0009000322   0.0000601549   0.0000603695
        0.0025868878  -0.0002604444  -0.0009064349   0.0090341971   0.0015062476
        0.0072371729  -0.0641994498  -0.0085814828  -0.1154979550   0.0150784507
       -0.0139467792   0.4975058876   0.0435201753  -0.0021486002  -0.0881817317
        0.0369191744  -0.0036878561  -0.0456731402  -0.0080982454   0.0008593681
        0.0131668421  -0.0034171199   0.0007864208  -0.0019848247   0.0008316286
        0.0000421711   0.0004317278   0.0001013488  -0.0002110185   0.0002310472
        0.0000494295   0.0002529524   0.0000841431   0.0006264923   0.0005121131
        0.0005383235   0.0008935674  -0.0003958524   0.0008981550  -0.0202872704
       -0.0006946033  -0.0178025895  -0.0122743679  -0.0041008054  -0.0098478739
       -0.0037930633   0.1186157840  -0.1606995773   0.0033023628  -0.0886418696
       -0.0795616293  -0.0009755747   0.0000381682   0.0004183185   0.0001296496
        0.0000486146  -0.0002085100  -0.0000282729   0.0000074721  -0.0001473512
       -0.0003918956   0.0000758189   0.0003519991  -0.0023741466  -0.0002818964
       -0.0005948658  -0.0281942624   0.0010501103   0.0034090770  -0.1391903842
        0.0023132561   0.0435201753   0.4788360103  -0.0191475046  -0.0627305921
       -0.0820924256   0.0006228297   0.0818183943  -0.1694861514   0.0073712933
       -0.0626523796  -0.0495405623   0.0039365991  -0.0130555823   0.0001233125
       -0.0000845384  -0.0003663616  -0.0001935693  -0.0000716430   0.0000656715
       -0.0001836109   0.0001015706   0.0000404748  -0.0003198241  -0.0003350425
       -0.0003435370  -0.0002794248   0.0001946529  -0.0004760992  -0.0005988571
        0.0001014461   0.0000323519  -0.0002120095   0.0001223592   0.0002220781
        0.0008115511   0.0013933818   0.0053224757  -0.0013405606   0.0021866734
        0.0059113288  -0.0065482223   0.0002903117   0.0018577136   0.0005178633
        0.0010713861  -0.0011685017   0.0006571695  -0.0009110642  -0.0011638210
       -0.0002484017   0.0002454553   0.0001075253  -0.0005774893   0.0001833404
       -0.0007150871  -0.0027750662   0.0001819834   0.0022441509   0.0054051521
       -0.0719395321  -0.0021486002  -0.0191475046   0.1953384713   0.0021224016
        0.0011285387  -0.0655228759  -0.0027975245   0.0071183871  -0.0559440381
        0.0040952168   0.0033787415  -0.0000231665   0.0008654623  -0.0000961714
        0.0000014882  -0.0000320336   0.0000112860   0.0000052080   0.0000100766
        0.0000176851  -0.0000254644   0.0000138111  -0.0000028667   0.0000082487
       -0.0000037849   0.0001141436  -0.0000296195   0.0000328203   0.0007998186
        0.0002244580   0.0002480210  -0.0011091398  -0.0000682095  -0.0000213888
       -0.0184965077   0.0001009592   0.0131632325   0.0237903502  -0.0047919176
       -0.0172794441   0.0009729804   0.0004732644  -0.0000944280  -0.0016926470
        0.0006457997  -0.0001824752   0.0014087112   0.0009361469   0.0003720482
       -0.0011721219   0.0000808988   0.0001481473  -0.0026099913  -0.0006594745
       -0.0034710692  -0.0068558866   0.0000279296   0.0076407255   0.0566539535
       -0.0015677257  -0.0881817317  -0.0627305921   0.0021224016   0.8703107898
        0.0611507618  -0.0019318201  -0.6326321383  -0.0769173335   0.0056439701
       -0.1421068178  -0.0035298496   0.0006274019   0.0131679947  -0.0003925310
       -0.0000413949  -0.0001625886  -0.0001090542   0.0002159546   0.0000365220
       -0.0000679549  -0.0001777240   0.0001463082   0.0004057592   0.0000177253
        0.0002019011   0.0003841746   0.0001138645   0.0001285577  -0.0019956649
        0.0017066640   0.0000503625  -0.0017939996  -0.0014720637   0.0006864107
        0.0179968252   0.0014328324  -0.0164024182   0.0125681902  -0.0053154006
       -0.0095209651   0.0027534422  -0.0002000404  -0.0028960633   0.0033254405
        0.0021310361   0.0013578467   0.0029364322  -0.0027550349   0.0014982259
       -0.0000078583   0.0000158568  -0.0000369743   0.0003916637  -0.0000342253
       -0.0000095700   0.0003206404   0.0005745692   0.0024130930  -0.0048951067
        0.0006007282   0.0369191744  -0.0820924256   0.0011285387   0.0611507618
        0.0948890744  -0.0048596184  -0.0480734975  -0.0075505891   0.0026316079
       -0.0538875249   0.0020300399  -0.0001022718  -0.0048570174  -0.0001005259
        0.0000127950   0.0000744650   0.0000795073  -0.0000184633  -0.0000178879
        0.0000663075  -0.0000017231  -0.0000209728   0.0000308482  -0.0000297658
        0.0000362227  -0.0000063281   0.0000266784   0.0000690975   0.0001814520
       -0.0003783193   0.0004093367   0.0005206631   0.0003221466  -0.0000461924
       -0.0042475903   0.0002566010   0.0032884676  -0.0028506456   0.0001870651
        0.0021810505   0.0013861803  -0.0002281907  -0.0008844110   0.0010939267
        0.0005701050   0.0008377678   0.0007607663  -0.0006741143   0.0004546111
        0.0000305816   0.0000001686   0.0000201882   0.0000828220   0.0000455591
        0.0001284383   0.0003615815  -0.0002993956   0.0000789860   0.0010254305
        0.0183760557  -0.0036878561   0.0006228297  -0.0655228759  -0.0019318201
       -0.0048596184   0.0262085501   0.0001121007   0.0031988344   0.0256215559
        0.0045633762  -0.0002570787  -0.0035548251   0.0003237597   0.0000001662
        0.0000020113   0.0000110205  -0.0000189020  -0.0000221644  -0.0000154105
        0.0000333963   0.0000176738  -0.0000001170  -0.0000505431   0.0000325346
        0.0000208678  -0.0000038489   0.0000174358  -0.0000282323  -0.0004058879
       -0.0002249271  -0.0001374289   0.0004975631   0.0002089752  -0.0001929089
        0.0021182546   0.0000375984  -0.0014564357  -0.0020463419  -0.0000321062
        0.0020282335  -0.0000801038   0.0000390511   0.0000172454   0.0000648918
       -0.0003843066   0.0005626797  -0.0003140268  -0.0005665686  -0.0004166864
        0.0001771784   0.0000081697   0.0003696158  -0.0001194657   0.0002354362
        0.0014190447  -0.0050801904   0.0004774995   0.0007556145   0.0137100350
       -0.0018262179  -0.0456731402   0.0818183943  -0.0027975245  -0.6326321383
       -0.0480734975   0.0001121007   0.7789978936  -0.0517835060   0.0042227715
       -0.1041262942   0.0026945097  -0.0005603119   0.0043309410   0.0000040141
        0.0000024324  -0.0000215217   0.0000850542  -0.0001679918   0.0000103949
        0.0000468073   0.0001543730  -0.0000788098  -0.0003476122   0.0000142116
       -0.0002377000  -0.0003859649  -0.0001313743  -0.0001814230   0.0007391830
       -0.0012547856   0.0005277208   0.0006076121   0.0012198282  -0.0000357478
        0.0044785578  -0.0005544886  -0.0027499571   0.0021249553   0.0005988220
       -0.0019333804   0.0009103046  -0.0001362850   0.0014633089  -0.0008772649
       -0.0011622212  -0.0001306860  -0.0007291041   0.0015455561  -0.0000737357
       -0.0007767983   0.0000530275   0.0003786571  -0.0019058114  -0.0004990644
       -0.0021578403  -0.0060222236   0.0007457042   0.0060959761  -0.0532459557
        0.0052559059  -0.0080982454  -0.1694861514   0.0071183871  -0.0769173335
       -0.0075505891   0.0031988344  -0.0517835060   0.4569140484  -0.0240614719
        0.0286670929  -0.1480267332   0.0050346886   0.0671710440  -0.0002648600
        0.0000139244   0.0000536814   0.0001864335   0.0000267907  -0.0000042477
        0.0001705018  -0.0000302561  -0.0000038758   0.0002506357   0.0001727411
        0.0000957533   0.0002011007  -0.0001349241   0.0001734373   0.0009519479
       -0.0000226977  -0.0000035334   0.0004721824  -0.0001917923  -0.0001295123
       -0.0007667035  -0.0011965936  -0.0011950110  -0.0015853375   0.0009480068
       -0.0009003152  -0.0310459166   0.0023558377   0.0088471491  -0.0224157790
       -0.0069924224   0.0153589088  -0.0160539911   0.0082053742   0.0143517204
        0.0000723137   0.0000091161  -0.0000513056   0.0001385827   0.0000542397
        0.0002130361   0.0001089484   0.0009783086  -0.0007708261   0.0046428513
        0.0051152072   0.0008593681   0.0073712933  -0.0559440381   0.0056439701
        0.0026316079   0.0256215559   0.0042227715  -0.0240614719   0.0723891464
       -0.0040652907   0.0049780916  -0.0532868010  -0.0034054551   0.0000280843
       -0.0000110206   0.0000057326  -0.0000174899   0.0000046421  -0.0000132710
       -0.0000014920   0.0000051698   0.0000016591  -0.0000519775   0.0000104678
       -0.0000022913   0.0000219075   0.0000013619  -0.0000324297  -0.0001824219
        0.0000057767  -0.0000859802   0.0001770999   0.0000147378   0.0001424159
        0.0014060317   0.0004099991  -0.0002205413  -0.0011020608   0.0006993361
        0.0000762248   0.0042093473   0.0002433394  -0.0017312156  -0.0256675691
        0.0038965444   0.0107211077   0.0252983234  -0.0002170894  -0.0115076795
        0.0001320577   0.0000013516   0.0000970842   0.0002027936   0.0000023770
        0.0002005283   0.0018160681  -0.0003762938   0.0003223379   0.0045965880
        0.0013159586   0.0131668421  -0.0626523796   0.0040952168  -0.1421068178
       -0.0538875249   0.0045633762  -0.1041262942   0.0286670929  -0.0040652907
        0.3588499918   0.0531406328  -0.0031490669  -0.1090107877   0.0000064480
        0.0000230589   0.0000809087   0.0000786447  -0.0000294498  -0.0000447190
        0.0000636077   0.0000075552  -0.0000597665   0.0000180430   0.0001066004
        0.0000042282  -0.0000223116  -0.0001152701   0.0000663709   0.0006075412
       -0.0003312985  -0.0002025119   0.0002550450   0.0001003494  -0.0003762438
       -0.0004748122  -0.0011914176  -0.0000832005  -0.0007275654   0.0004760667
       -0.0005695840  -0.0194990148   0.0009076641   0.0100466893   0.0217943020
        0.0014149676  -0.0114148753   0.0258847439  -0.0037564551  -0.0148401805
       -0.0000721116   0.0000339840   0.0001793732  -0.0002507895  -0.0000579172
       -0.0002937329  -0.0010962887   0.0002998234   0.0007787916  -0.0011755172
        0.0001274467  -0.0034171199  -0.0495405623   0.0033787415  -0.0035298496
        0.0020300399  -0.0002570787   0.0026945097  -0.1480267332   0.0049780916
        0.0531406328   0.4168757502   0.0036973640   0.0616752444  -0.0001330294
       -0.0000114238  -0.0000611522  -0.0000330004  -0.0000108577  -0.0000022005
       -0.0000373252   0.0000103100  -0.0000081062  -0.0000609105  -0.0000595361
       -0.0000601990  -0.0000689049   0.0000298257  -0.0000759790  -0.0000999696
       -0.0001472396   0.0001491165  -0.0000549850   0.0002076754   0.0001072508
       -0.0001856048   0.0002713651  -0.0003315446  -0.0005719926  -0.0002074719
        0.0000484966  -0.1333251790   0.0201001384  -0.1258333926  -0.0449913964
       -0.0341088567   0.0158699684  -0.0391814899   0.0017256158  -0.0010301076
        0.0000289893  -0.0000418270  -0.0000337854   0.0000645921   0.0000207327
        0.0000638042   0.0002548587   0.0003253515  -0.0003215306   0.0005214654
        0.0052966155   0.0007864208   0.0039365991  -0.0000231665   0.0006274019
       -0.0001022718  -0.0035548251  -0.0005603119   0.0050346886  -0.0532868010
       -0.0031490669   0.0036973640   0.4963668678  -0.0061301349   0.0000215918
        0.0000008079   0.0000075626   0.0000062993   0.0000033279   0.0000093214
       -0.0000146170  -0.0000074819  -0.0000071818   0.0000347684  -0.0000200645
       -0.0000104524  -0.0000081734  -0.0000021434   0.0000242475  -0.0000018236
        0.0000033335   0.0000022823  -0.0000183217  -0.0000578894  -0.0000089034
        0.0002091666  -0.0000185664  -0.0004816056  -0.0007924815   0.0001220294
        0.0005786513   0.0194208456  -0.0463510671   0.0254883261  -0.0302460773
       -0.2157280366   0.0970703895  -0.0020474624  -0.1830471972  -0.1139554348
       -0.0001059926  -0.0000019185  -0.0000255221  -0.0002091253  -0.0000608988
       -0.0002969435  -0.0007085109   0.0001006814   0.0005771629  -0.0036336774
        0.0001701191  -0.0019848247  -0.0130555823   0.0008654623   0.0131679947
       -0.0048570174   0.0003237597   0.0043309410   0.0671710440  -0.0034054551
       -0.1090107877   0.0616752444  -0.0061301349   0.5137995882   0.0000037866
        0.0000009368   0.0000199848   0.0000270601   0.0000102306   0.0000212583
        0.0000234324  -0.0000088357   0.0000220162   0.0000458759   0.0000420301
        0.0000500418   0.0000413278  -0.0000232921   0.0000779827   0.0000917260
        0.0000838931   0.0000150687   0.0000458064  -0.0000982750   0.0000258642
        0.0002535454  -0.0002057201   0.0002250213   0.0002396301   0.0001950324
        0.0001611782  -0.1185060142   0.0249246862  -0.1902841872   0.0146516858
        0.0975657960  -0.0960919828  -0.0031942449  -0.1143480977  -0.1347998552
       -0.2089761315   0.0235403838   0.1097492089  -0.0255071962   0.0024289219
        0.0114244201  -0.0043641602  -0.0008978002  -0.0041417860  -0.0015488613
        0.0001210219   0.0008316286   0.0001233125  -0.0000961714  -0.0003925310
       -0.0001005259   0.0000001662   0.0000040141  -0.0002648600   0.0000280843
        0.0000064480  -0.0001330294   0.0000215918   0.0000037866   0.2445153657
       -0.0268893860  -0.1255230444  -0.0024984899  -0.0006822786   0.0040297988
       -0.0025762201   0.0023012743   0.0034457510   0.0004014923  -0.0001445788
        0.0004719090   0.0003939449   0.0003234375   0.0003641845   0.0002499412
        0.0001064685  -0.0002245870   0.0002421577  -0.0001814707  -0.0001626826
        0.0000042837   0.0000261984   0.0000356340   0.0000247430  -0.0000074424
        0.0000687004  -0.0000075025   0.0000034173  -0.0000059979   0.0000114905
       -0.0000017131   0.0000076674   0.0000102454  -0.0000001248   0.0000074774
        0.0236389856  -0.0476433642  -0.0148817410  -0.0032325585   0.0006841639
        0.0017189899  -0.0005636235   0.0005058005  -0.0003622451  -0.0001656098
        0.0002333076   0.0000421711  -0.0000845384   0.0000014882  -0.0000413949
        0.0000127950   0.0000020113   0.0000024324   0.0000139244  -0.0000110206
        0.0000230589  -0.0000114238   0.0000008079   0.0000009368  -0.0268893860
        0.0514330175   0.0179121632  -0.0185350599   0.0014910626   0.0144694791
        0.0259328592  -0.0067885665  -0.0191154873  -0.0005239027   0.0000910945
        0.0001967249   0.0004533367  -0.0000387434   0.0000276143   0.0000933383
       -0.0000243509  -0.0000339619  -0.0001579760   0.0000472917   0.0000222430
       -0.0000079481  -0.0000038145  -0.0000126452   0.0000282921   0.0000225699
        0.0000315534  -0.0000002704  -0.0000001684   0.0000016766  -0.0000014807
       -0.0000000794  -0.0000000593   0.0000002464  -0.0000025076  -0.0000015090
        0.1102277403  -0.0148885478  -0.1138847318  -0.0146539036   0.0016934498
        0.0082583920  -0.0025620349  -0.0003570380  -0.0010340371  -0.0007444444
        0.0000250593   0.0004317278  -0.0003663616  -0.0000320336  -0.0001625886
        0.0000744650   0.0000110205  -0.0000215217   0.0000536814   0.0000057326
        0.0000809087  -0.0000611522   0.0000075626   0.0000199848  -0.1255230444
        0.0179121632   0.1310115752   0.0218479614  -0.0007620036  -0.0170433527
        0.0122287037  -0.0038464842  -0.0087217445  -0.0000519632   0.0003055221
        0.0004516814  -0.0002496714  -0.0000874463   0.0005605285  -0.0001899969
       -0.0001660409   0.0000219875  -0.0001392842   0.0001574808  -0.0000564206
        0.0000561827  -0.0000212504   0.0000576057   0.0000550425   0.0000422650
        0.0000423407   0.0000004381   0.0000001413   0.0000010886   0.0000001431
        0.0000023119  -0.0000072546  -0.0000025015  -0.0000018644  -0.0000061693
       -0.0429261466  -0.0021453588   0.0035777267  -0.0023925289   0.0162272045
       -0.0198893942   0.0009083057   0.0006273013  -0.0010985459  -0.0000514960
       -0.0001046805   0.0001013488  -0.0001935693   0.0000112860  -0.0001090542
        0.0000795073  -0.0000189020   0.0000850542   0.0001864335  -0.0000174899
        0.0000786447  -0.0000330004   0.0000062993   0.0000270601  -0.0024984899
       -0.0185350599   0.0218479614   0.0499740470   0.0027454873  -0.0007710151
        0.0007462601   0.0012313719  -0.0005330691   0.0006434043   0.0004047217
        0.0004073692  -0.0040234091  -0.0001176672  -0.0040462962  -0.0005427214
       -0.0003242414   0.0001812000  -0.0000393965   0.0000405414   0.0000489877
        0.0000909651  -0.0000755442   0.0001052282   0.0000617917   0.0000465460
       -0.0000061377   0.0000136380  -0.0000025760   0.0000078280  -0.0000005929
        0.0000010564  -0.0000074822  -0.0000030017  -0.0000002958  -0.0000074142
       -0.0017961272  -0.1538161467   0.1187067760   0.0015391314   0.0022197231
       -0.0003502975  -0.0001427341   0.0002699531  -0.0003202071  -0.0000631510
        0.0000087687  -0.0002110185  -0.0000716430   0.0000052080   0.0002159546
       -0.0000184633  -0.0000221644  -0.0001679918   0.0000267907   0.0000046421
       -0.0000294498  -0.0000108577   0.0000033279   0.0000102306  -0.0006822786
        0.0014910626  -0.0007620036   0.0027454873   0.1752607288  -0.1389432162
       -0.0012406659  -0.0271314884   0.0226514611  -0.0001612145   0.0006934873
       -0.0005639738  -0.0003631382   0.0011227625  -0.0002360683   0.0003451871
        0.0002794687  -0.0000563445   0.0000146750  -0.0003824252   0.0000934579
       -0.0000775315  -0.0000121952  -0.0000183161  -0.0000397744   0.0000107265
       -0.0000148906  -0.0000019837  -0.0000036335  -0.0000030113  -0.0000027754
        0.0000073594   0.0000011478   0.0000010670  -0.0000091655  -0.0000022387
        0.0035423439   0.1185190371  -0.1734793058  -0.0040996483   0.0132462052
       -0.0178017069   0.0008870053  -0.0002512055   0.0009824652   0.0001860048
       -0.0000928952   0.0002310472   0.0000656715   0.0000100766   0.0000365220
       -0.0000178879  -0.0000154105   0.0000103949  -0.0000042477  -0.0000132710
       -0.0000447190  -0.0000022005   0.0000093214   0.0000212583   0.0040297988
        0.0144694791  -0.0170433527  -0.0007710151  -0.1389432162   0.2018638027
        0.0000488501  -0.0066748358   0.0080307257   0.0004931073   0.0002484183
        0.0000310635  -0.0041092825  -0.0004219673  -0.0029679484  -0.0003811257
       -0.0001043303   0.0002867136  -0.0000379554   0.0000357387  -0.0000978155
        0.0001406689  -0.0000335983  -0.0000080894   0.0000210411   0.0000102676
       -0.0000563668   0.0000034211   0.0000028403  -0.0000030176   0.0000035005
       -0.0000088066   0.0000058055   0.0000019495   0.0000081525   0.0000025235
       -0.0429634106   0.0039099369   0.0025454511  -0.0022941778  -0.0229897128
       -0.0113656927   0.0009015851  -0.0010343146  -0.0007815371  -0.0000452555
        0.0001527702   0.0000494295  -0.0001836109   0.0000176851  -0.0000679549
        0.0000663075   0.0000333963   0.0000468073   0.0001705018  -0.0000014920
        0.0000636077  -0.0000373252  -0.0000146170   0.0000234324  -0.0025762201
        0.0259328592   0.0122287037   0.0007462601  -0.0012406659   0.0000488501
        0.0500241425  -0.0034172420   0.0001853731  -0.0040099532  -0.0015806919
       -0.0037036990   0.0006574244  -0.0002123320   0.0005367112  -0.0000393561
       -0.0000025943   0.0000565908  -0.0005590519   0.0003684387   0.0000570187
        0.0000598666  -0.0000365103   0.0000127337   0.0000718605   0.0001132584
        0.0000708833   0.0000129949  -0.0000015933   0.0000045248   0.0000002412
        0.0000053909  -0.0000070584  -0.0000028231  -0.0000019697  -0.0000041757
        0.0035974876  -0.2465334817  -0.0854756007  -0.0030589866  -0.0061472379
       -0.0050174102   0.0004972647   0.0005700030   0.0004744928   0.0001410267
        0.0001815156   0.0002529524   0.0001015706  -0.0000254644  -0.0001777240
       -0.0000017231   0.0000176738   0.0001543730  -0.0000302561   0.0000051698
        0.0000075552   0.0000103100  -0.0000074819  -0.0000088357   0.0023012743
       -0.0067885665  -0.0038464842   0.0012313719  -0.0271314884  -0.0066748358
       -0.0034172420   0.2844858824   0.1013671909  -0.0013926651   0.0006612567
       -0.0014169874   0.0003496575   0.0007144521   0.0002717945  -0.0000106120
       -0.0003638823   0.0000231739  -0.0004894300   0.0003505898   0.0000472032
        0.0000437856   0.0000104419  -0.0000120244   0.0001210230   0.0000030712
        0.0000210749   0.0000020028  -0.0000020086  -0.0000006565  -0.0000017161
       -0.0000091976   0.0000048242   0.0000058563   0.0000087527   0.0000059239
        0.0026740533  -0.0852524257  -0.0806884903  -0.0030213689  -0.0185776241
       -0.0095505106   0.0007415294   0.0004258759   0.0006279714   0.0001416567
        0.0001362481   0.0000841431   0.0000404748   0.0000138111   0.0001463082
       -0.0000209728  -0.0000001170  -0.0000788098  -0.0000038758   0.0000016591
       -0.0000597665  -0.0000081062  -0.0000071818   0.0000220162   0.0034457510
       -0.0191154873  -0.0087217445  -0.0005330691   0.0226514611   0.0080307257
        0.0001853731   0.1013671909   0.0925988249  -0.0039025940  -0.0012554811
       -0.0025069144   0.0003845070  -0.0005575138   0.0000282506  -0.0000262037
        0.0000938181  -0.0001009474  -0.0001945023   0.0000798489   0.0002389009
        0.0000011322  -0.0000275256  -0.0000476766   0.0000899446   0.0000225154
       -0.0000223567   0.0000011920  -0.0000013081  -0.0000061360  -0.0000008004
       -0.0000013223  -0.0000000507   0.0000058789   0.0000035580   0.0000062624
       -0.0027494062  -0.0225796869  -0.0120842128  -0.0409372208   0.0061018085
        0.0034454633  -0.0049943097   0.0238670909   0.0119789051   0.0009150963
        0.0007661815   0.0006264923  -0.0003198241  -0.0000028667   0.0004057592
        0.0000308482  -0.0000505431  -0.0003476122   0.0002506357  -0.0000519775
        0.0000180430  -0.0000609105   0.0000347684   0.0000458759   0.0004014923
       -0.0005239027  -0.0000519632   0.0006434043  -0.0001612145   0.0004931073
       -0.0040099532  -0.0013926651  -0.0039025940   0.0540230782  -0.0066837632
       -0.0030058715   0.0012411222  -0.0004810430  -0.0002177063   0.0007852906
        0.0002236085  -0.0004644727  -0.0046130252   0.0013248411   0.0033372328
       -0.0000316166   0.0000489079  -0.0000217074  -0.0006181915  -0.0004331093
       -0.0002320584   0.0000158067   0.0000006030  -0.0000138721   0.0000096257
        0.0000058021   0.0000004495   0.0000180576  -0.0000128399  -0.0000092580
       -0.0023950392  -0.0059386019  -0.0044060673   0.0060398858  -0.2387730635
       -0.0804001831   0.0031345935  -0.0058335627  -0.0044016097  -0.0004207739
        0.0007459802   0.0005121131  -0.0003350425   0.0000082487   0.0000177253
       -0.0000297658   0.0000325346   0.0000142116   0.0001727411   0.0000104678
        0.0001066004  -0.0000595361  -0.0000200645   0.0000420301  -0.0001445788
        0.0000910945   0.0003055221   0.0004047217   0.0006934873   0.0002484183
       -0.0015806919   0.0006612567  -0.0012554811  -0.0066837632   0.2745928461
        0.0963775003   0.0005577155  -0.0275113932  -0.0061391693  -0.0004119383
        0.0006976180   0.0002697925   0.0012666351   0.0005895539  -0.0012942198
        0.0000239954  -0.0003581503  -0.0000231805   0.0004931170   0.0003153507
        0.0000362906  -0.0000038928  -0.0000064741   0.0000047768  -0.0000199058
        0.0000099038  -0.0000092925  -0.0000084768  -0.0000070319  -0.0000057776
       -0.0031616001  -0.0182357107  -0.0089861883   0.0030504822  -0.0798144987
       -0.0790801071   0.0041171937  -0.0169053028  -0.0083197344  -0.0006423495
        0.0004983474   0.0005383235  -0.0003435370  -0.0000037849   0.0002019011
        0.0000362227   0.0000208678  -0.0002377000   0.0000957533  -0.0000022913
        0.0000042282  -0.0000601990  -0.0000104524   0.0000500418   0.0004719090
        0.0001967249   0.0004516814   0.0004073692  -0.0005639738   0.0000310635
       -0.0037036990  -0.0014169874  -0.0025069144  -0.0030058715   0.0963775003
        0.0923998547  -0.0005420060   0.0217437135   0.0074177473  -0.0003195256
       -0.0006030688   0.0000212298   0.0034566392  -0.0013842846  -0.0021142330
        0.0000560212   0.0000983892  -0.0001008112   0.0000997411   0.0000061262
        0.0002441917  -0.0000072625  -0.0000000824   0.0000031979  -0.0000044631
        0.0000029912  -0.0000062035  -0.0000008183  -0.0000042227  -0.0000115691
       -0.0028857358   0.0156454294  -0.0202966847  -0.0408013394  -0.0030475313
        0.0044806005  -0.0048536355  -0.0169859749   0.0207163551   0.0009384542
       -0.0005085240   0.0008935674  -0.0002794248   0.0001141436   0.0003841746
       -0.0000063281  -0.0000038489  -0.0003859649   0.0002011007   0.0000219075
       -0.0000223116  -0.0000689049  -0.0000081734   0.0000413278   0.0003939449
        0.0004533367  -0.0002496714  -0.0040234091  -0.0003631382  -0.0041092825
        0.0006574244   0.0003496575   0.0003845070   0.0012411222   0.0005577155
       -0.0005420060   0.0538721417   0.0037307709  -0.0041925200  -0.0045496617
        0.0001747809   0.0035454867   0.0007625446  -0.0003781551  -0.0003343480
       -0.0005964765   0.0003435888  -0.0002902648  -0.0000501423  -0.0000965900
        0.0000040721   0.0000119068  -0.0000011336  -0.0000192380   0.0000233006
        0.0000150953  -0.0000069750   0.0000131183  -0.0000133564  -0.0000008244
        0.0008444354   0.0021211902  -0.0006712984  -0.0031190483  -0.1523714123
        0.1131984848  -0.0012999607   0.0015737399   0.0001065087   0.0001248886
        0.0003168783  -0.0003958524   0.0001946529  -0.0000296195   0.0001138645
        0.0000266784   0.0000174358  -0.0001313743  -0.0001349241   0.0000013619
       -0.0001152701   0.0000298257  -0.0000021434  -0.0000232921   0.0003234375
       -0.0000387434  -0.0000874463  -0.0001176672   0.0011227625  -0.0004219673
       -0.0002123320   0.0007144521  -0.0005575138  -0.0004810430  -0.0275113932
        0.0217437135   0.0037307709   0.1723703101  -0.1321855101   0.0002088021
        0.0011351579  -0.0001121848   0.0002366722   0.0006823654  -0.0005474645
       -0.0003656622   0.0002854102  -0.0000538159  -0.0000131535  -0.0003888805
        0.0001365468   0.0000004595   0.0000021071  -0.0000036719   0.0000070577
       -0.0000028917   0.0000039578   0.0000161100   0.0000019126   0.0000035858
       -0.0040046362   0.0132566995  -0.0169171677   0.0041405323   0.1126751488
       -0.1655849462   0.0049843309   0.0125655470  -0.0157936598  -0.0007987333
       -0.0003995766   0.0008981550  -0.0004760992   0.0000328203   0.0001285577
        0.0000690975  -0.0000282323  -0.0001814230   0.0001734373  -0.0000324297
        0.0000663709  -0.0000759790   0.0000242475   0.0000779827   0.0003641845
        0.0000276143   0.0005605285  -0.0040462962  -0.0002360683  -0.0029679484
        0.0005367112   0.0002717945   0.0000282506  -0.0002177063  -0.0061391693
        0.0074177473  -0.0041925200  -0.1321855101   0.1947607002   0.0036054099
       -0.0001064514  -0.0025986676  -0.0004443720   0.0002832834  -0.0000092353
        0.0003205578  -0.0000449840   0.0002429490   0.0000861251   0.0000341733
       -0.0001027700  -0.0000082055   0.0000015067   0.0000121421  -0.0000047647
       -0.0000020723  -0.0000185443  -0.0000110742   0.0000016586  -0.0000190215
        0.0007040734  -0.0004716898   0.0009354573  -0.0045223808  -0.0169149028
        0.0203925036  -0.0411138751  -0.0058245204   0.0059240413  -0.0028783248
        0.0161971817  -0.0202872704  -0.0005988571   0.0007998186  -0.0019956649
        0.0001814520  -0.0004058879   0.0007391830   0.0009519479  -0.0001824219
        0.0006075412  -0.0000999696  -0.0000018236   0.0000917260   0.0002499412
        0.0000933383  -0.0001899969  -0.0005427214   0.0003451871  -0.0003811257
       -0.0000393561  -0.0000106120  -0.0000262037   0.0007852906  -0.0004119383
       -0.0003195256  -0.0045496617   0.0002088021   0.0036054099   0.0534532165
        0.0060263465  -0.0053367345   0.0014063229   0.0006085649  -0.0005451625
       -0.0040666243  -0.0002784721  -0.0034574981   0.0006674420   0.0002399141
        0.0002509935   0.0000488560  -0.0000102590   0.0000140359  -0.0000342915
       -0.0000191240  -0.0000097297  -0.0000024801   0.0000124986  -0.0000119798
        0.0001478944   0.0003079748  -0.0003281572  -0.0011940900   0.0015508390
        0.0000766994  -0.0050667156  -0.1530003042   0.1138139098   0.0016565447
        0.0019621495  -0.0006946033   0.0001014461   0.0002244580   0.0017066640
       -0.0003783193  -0.0002249271  -0.0012547856  -0.0000226977   0.0000057767
       -0.0003312985  -0.0001472396   0.0000033335   0.0000838931   0.0001064685
       -0.0000243509  -0.0001660409  -0.0003242414   0.0002794687  -0.0001043303
       -0.0000025943  -0.0003638823   0.0000938181   0.0002236085   0.0006976180
       -0.0006030688   0.0001747809   0.0011351579  -0.0001064514   0.0060263465
        0.1736859485  -0.1329425724  -0.0007403934  -0.0279004138   0.0215339487
       -0.0003370246   0.0010780884  -0.0002630867  -0.0002092024   0.0005935164
       -0.0004979150  -0.0000123209  -0.0000082418  -0.0000239255  -0.0000073058
        0.0000332432   0.0000034107   0.0000050553  -0.0000354526   0.0000038919
       -0.0008371543  -0.0003646001   0.0010068755   0.0048172157   0.0124104383
       -0.0153598317   0.0054341514   0.1135847135  -0.1668354493  -0.0045517687
        0.0134415902  -0.0178025895   0.0000323519   0.0002480210   0.0000503625
        0.0004093367  -0.0001374289   0.0005277208  -0.0000035334  -0.0000859802
       -0.0002025119   0.0001491165   0.0000022823   0.0000150687  -0.0002245870
       -0.0000339619   0.0000219875   0.0001812000  -0.0000563445   0.0002867136
        0.0000565908   0.0000231739  -0.0001009474  -0.0004644727   0.0002697925
        0.0000212298   0.0035454867  -0.0001121848  -0.0025986676  -0.0053367345
       -0.1329425724   0.1958406878  -0.0002422607  -0.0063498151   0.0078228579
       -0.0033952309  -0.0002232883  -0.0027452055   0.0003815201   0.0003341211
        0.0000241667   0.0000308573   0.0000026591   0.0000124379   0.0000069383
       -0.0000307792   0.0000128248   0.0000109767   0.0000201637   0.0000022696
        0.0007185606   0.0008359792   0.0006876531  -0.0044866124   0.0236700003
        0.0119356185  -0.0413114563   0.0065184363   0.0029472840  -0.0033186975
       -0.0226483794  -0.0122743679  -0.0002120095  -0.0011091398  -0.0017939996
        0.0005206631   0.0004975631   0.0006076121   0.0004721824   0.0001770999
        0.0002550450  -0.0000549850  -0.0000183217   0.0000458064   0.0002421577
       -0.0001579760  -0.0001392842  -0.0000393965   0.0000146750  -0.0000379554
       -0.0005590519  -0.0004894300  -0.0001945023  -0.0046130252   0.0012666351
        0.0034566392   0.0007625446   0.0002366722  -0.0004443720   0.0014063229
       -0.0007403934  -0.0002422607   0.0536560420  -0.0066904559  -0.0019512995
        0.0007332720  -0.0001662173   0.0003758178  -0.0039346956  -0.0012248906
       -0.0032436481   0.0000415032   0.0000028913   0.0000048971   0.0000216442
        0.0000081742  -0.0000106465  -0.0000449627   0.0000170775   0.0000159628
       -0.0005128615   0.0007193929   0.0004763753   0.0030422321  -0.0058927075
       -0.0043647160   0.0057775305  -0.2371093885  -0.0832646992  -0.0031170906
       -0.0053108402  -0.0041008054   0.0001223592  -0.0000682095  -0.0014720637
        0.0003221466   0.0002089752   0.0012198282  -0.0001917923   0.0000147378
        0.0001003494   0.0002076754  -0.0000578894  -0.0000982750  -0.0001814707
        0.0000472917   0.0001574808   0.0000405414  -0.0003824252   0.0000357387
        0.0003684387   0.0003505898   0.0000798489   0.0013248411   0.0005895539
       -0.0013842846  -0.0003781551   0.0006823654   0.0002832834   0.0006085649
       -0.0279004138  -0.0063498151  -0.0066904559   0.2728331397   0.0994321408
        0.0003647547   0.0006446051   0.0002929266  -0.0011424629   0.0006289731
       -0.0010741250   0.0000200325  -0.0000049346   0.0000183258   0.0000013368
       -0.0000304856   0.0000007408   0.0000138351   0.0000376697   0.0000117453
       -0.0007448385   0.0005153148   0.0006496976   0.0039019073  -0.0167416707
       -0.0081322888   0.0028801335  -0.0827034158  -0.0820640247  -0.0036026899
       -0.0183002519  -0.0098478739   0.0002220781  -0.0000213888   0.0006864107
       -0.0000461924  -0.0001929089  -0.0000357478  -0.0001295123   0.0001424159
       -0.0003762438   0.0001072508  -0.0000089034   0.0000258642  -0.0001626826
        0.0000222430  -0.0000564206   0.0000489877   0.0000934579  -0.0000978155
        0.0000570187   0.0000472032   0.0002389009   0.0033372328  -0.0012942198
       -0.0021142330  -0.0003343480  -0.0005474645  -0.0000092353  -0.0005451625
        0.0215339487   0.0078228579  -0.0019512995   0.0994321408   0.0955070753
        0.0003298286  -0.0005949674   0.0000926123  -0.0034137646  -0.0013798350
       -0.0023018268   0.0000182752  -0.0000104792  -0.0000049379   0.0000100892
       -0.0000019816  -0.0000080320   0.0000176883   0.0000107629   0.0000252613
       -0.0000698193  -0.0001153437   0.0001652732   0.0008989194   0.0005262767
       -0.0010399500  -0.0028355935   0.0153339099  -0.0180945288  -0.0403826525
        0.0011140717  -0.0037930633   0.0008115511  -0.0184965077   0.0179968252
       -0.0042475903   0.0021182546   0.0044785578  -0.0007667035   0.0014060317
       -0.0004748122  -0.0001856048   0.0002091666   0.0002535454   0.0000042837
       -0.0000079481   0.0000561827   0.0000909651  -0.0000775315   0.0001406689
        0.0000598666   0.0000437856   0.0000011322  -0.0000316166   0.0000239954
        0.0000560212  -0.0005964765  -0.0003656622   0.0003205578  -0.0040666243
       -0.0003370246  -0.0033952309   0.0007332720   0.0003647547   0.0003298286
        0.0482709726  -0.0031327939   0.0042347649   0.0020909310   0.0013808273
       -0.0010988705   0.0000655530  -0.0000048001  -0.0000561151   0.0001287133
        0.0000490265  -0.0000437075   0.0000276533  -0.0000324890  -0.0000370796
       -0.0001454125  -0.0000115285  -0.0001483289  -0.0000997940   0.0002002883
       -0.0003311379   0.0013860826   0.0020601479  -0.0001882279   0.0011836492
       -0.1533121212   0.1186157840   0.0013933818   0.0001009592   0.0014328324
        0.0002566010   0.0000375984  -0.0005544886  -0.0011965936   0.0004099991
       -0.0011914176   0.0002713651  -0.0000185664  -0.0002057201   0.0000261984
       -0.0000038145  -0.0000212504  -0.0000755442  -0.0000121952  -0.0000335983
       -0.0000365103   0.0000104419  -0.0000275256   0.0000489079  -0.0003581503
        0.0000983892   0.0003435888   0.0002854102  -0.0000449840  -0.0002784721
        0.0010780884  -0.0002232883  -0.0001662173   0.0006446051  -0.0005949674
       -0.0031327939   0.1755491144  -0.1364465127  -0.0000352752  -0.0266553597
        0.0199889942   0.0000259318   0.0000155216  -0.0000145404   0.0001256023
       -0.0000032932  -0.0000449511   0.0001053041  -0.0000171454  -0.0000650605
        0.0001714892  -0.0000446868   0.0001830403   0.0005855571  -0.0001821273
        0.0006991695  -0.0036376735   0.0123057147  -0.0155592672  -0.0047011317
        0.1202960630  -0.1606995773   0.0053224757   0.0131632325  -0.0164024182
        0.0032884676  -0.0014564357  -0.0027499571  -0.0011950110  -0.0002205413
       -0.0000832005  -0.0003315446  -0.0004816056   0.0002250213   0.0000356340
       -0.0000126452   0.0000576057   0.0001052282  -0.0000183161  -0.0000080894
        0.0000127337  -0.0000120244  -0.0000476766  -0.0000217074  -0.0000231805
       -0.0001008112  -0.0002902648  -0.0000538159   0.0002429490  -0.0034574981
       -0.0002630867  -0.0027452055   0.0003758178   0.0002929266   0.0000926123
        0.0042347649  -0.1364465127   0.1884734995  -0.0002011310  -0.0068132805
        0.0083223630  -0.0000893751  -0.0000017330   0.0000592934  -0.0002121479
       -0.0000623600   0.0000564488   0.0000053169   0.0000344149  -0.0000157998
       -0.0000260325   0.0001401449   0.0000733902   0.0010349570  -0.0010240964
       -0.0007434335  -0.0022871038  -0.0209417111  -0.0118155534  -0.0377732236
        0.0097692360   0.0033023628  -0.0013405606   0.0237903502   0.0125681902
       -0.0028506456  -0.0020463419   0.0021249553  -0.0015853375  -0.0011020608
       -0.0007275654  -0.0005719926  -0.0007924815   0.0002396301   0.0000247430
        0.0000282921   0.0000550425   0.0000617917  -0.0000397744   0.0000210411
        0.0000718605   0.0001210230   0.0000899446  -0.0006181915   0.0004931170
        0.0000997411  -0.0000501423  -0.0000131535   0.0000861251   0.0006674420
       -0.0002092024   0.0003815201  -0.0039346956  -0.0011424629  -0.0034137646
        0.0020909310  -0.0000352752  -0.0002011310   0.0469853501  -0.0069151949
       -0.0020760116   0.0000820605  -0.0000060674  -0.0000286168  -0.0001600905
        0.0000005345   0.0000482977   0.0001788804  -0.0000748753  -0.0000841644
        0.0002162864   0.0000844748   0.0001911990   0.0004539245   0.0005708739
        0.0004476294  -0.0028902851  -0.0053682549  -0.0049929643   0.0062454843
       -0.2296443172  -0.0886418696   0.0021866734  -0.0047919176  -0.0053154006
        0.0001870651  -0.0000321062   0.0005988220   0.0009480068   0.0006993361
        0.0004760667  -0.0002074719   0.0001220294   0.0001950324  -0.0000074424
        0.0000225699   0.0000422650   0.0000465460   0.0000107265   0.0000102676
        0.0001132584   0.0000030712   0.0000225154  -0.0004331093   0.0003153507
        0.0000061262  -0.0000965900  -0.0003888805   0.0000341733   0.0002399141
        0.0005935164   0.0003341211  -0.0012248906   0.0006289731  -0.0013798350
        0.0013808273  -0.0266553597  -0.0068132805  -0.0069151949   0.2638007332
        0.1046604456  -0.0000450203  -0.0000025875   0.0000080968  -0.0000497512
        0.0000081702   0.0000245077  -0.0001482305   0.0000235983   0.0000920818
        0.0001507766   0.0000896787   0.0000399738   0.0006579371   0.0003521825
        0.0005763538  -0.0030851583  -0.0169561769  -0.0095221244   0.0014193237
       -0.0922312176  -0.0795616293   0.0059113288  -0.0172794441  -0.0095209651
        0.0021810505   0.0020282335  -0.0019333804  -0.0009003152   0.0000762248
       -0.0005695840   0.0000484966   0.0005786513   0.0001611782   0.0000687004
        0.0000315534   0.0000423407  -0.0000061377  -0.0000148906  -0.0000563668
        0.0000708833   0.0000210749  -0.0000223567  -0.0002320584   0.0000362906
        0.0002441917   0.0000040721   0.0001365468  -0.0001027700   0.0002509935
       -0.0004979150   0.0000241667  -0.0032436481  -0.0010741250  -0.0023018268
       -0.0010988705   0.0199889942   0.0083223630  -0.0020760116   0.1046604456
        0.0941399574  -0.0000569196   0.0000313265   0.0000176486   0.0000822509
       -0.0000276073  -0.0000034385  -0.0001466940   0.0000501736   0.0000262682
       -0.0000528618   0.0000025570   0.0000281002  -0.0001273138  -0.0000207105
       -0.0000848718  -0.0003451548   0.0000506597   0.0003172245  -0.0012501509
       -0.0000895397  -0.0009755747  -0.0065482223   0.0009729804   0.0027534422
        0.0013861803  -0.0000801038   0.0009103046  -0.0310459166   0.0042093473
       -0.0194990148  -0.1333251790   0.0194208456  -0.1185060142  -0.0000075025
       -0.0000002704   0.0000004381   0.0000136380  -0.0000019837   0.0000034211
        0.0000129949   0.0000020028   0.0000011920   0.0000158067  -0.0000038928
       -0.0000072625   0.0000119068   0.0000004595  -0.0000082055   0.0000488560
       -0.0000123209   0.0000308573   0.0000415032   0.0000200325   0.0000182752
        0.0000655530   0.0000259318  -0.0000893751   0.0000820605  -0.0000450203
       -0.0000569196   0.1670613043  -0.0240103332   0.1370876649   0.0035437099
        0.0003718999   0.0010829160   0.0004187881  -0.0008125415  -0.0030065977
        0.0000025009   0.0000014515  -0.0000023837   0.0000053788   0.0000104858
        0.0000104550   0.0000246343  -0.0000018700  -0.0000262520   0.0000672967
        0.0001559306   0.0000381682   0.0002903117   0.0004732644  -0.0002000404
       -0.0002281907   0.0000390511  -0.0001362850   0.0023558377   0.0002433394
        0.0009076641   0.0201001384  -0.0463510671   0.0249246862   0.0000034173
       -0.0000001684   0.0000001413  -0.0000025760  -0.0000036335   0.0000028403
       -0.0000015933  -0.0000020086  -0.0000013081   0.0000006030  -0.0000064741
       -0.0000000824  -0.0000011336   0.0000021071   0.0000015067  -0.0000102590
       -0.0000082418   0.0000026591   0.0000028913  -0.0000049346  -0.0000104792
       -0.0000048001   0.0000155216  -0.0000017330  -0.0000060674  -0.0000025875
        0.0000313265  -0.0240103332   0.0483215209  -0.0284804867   0.0160221145
       -0.0051132225   0.0223377448  -0.0146101713   0.0022315357  -0.0193981418
        0.0000212785   0.0000019907  -0.0000031343   0.0000669119   0.0000089947
        0.0000424281   0.0001792016  -0.0000112326  -0.0001161337   0.0007653381
        0.0000280108   0.0004183185   0.0018577136  -0.0000944280  -0.0028960633
       -0.0008844110   0.0000172454   0.0014633089   0.0088471491  -0.0017312156
        0.0100466893  -0.1258333926   0.0254883261  -0.1902841872  -0.0000059979
        0.0000016766   0.0000010886   0.0000078280  -0.0000030113  -0.0000030176
        0.0000045248  -0.0000006565  -0.0000061360  -0.0000138721   0.0000047768
        0.0000031979  -0.0000192380  -0.0000036719   0.0000121421   0.0000140359
       -0.0000239255   0.0000124379   0.0000048971   0.0000183258  -0.0000049379
       -0.0000561151  -0.0000145404   0.0000592934  -0.0000286168   0.0000080968
        0.0000176486   0.1370876649  -0.0284804867   0.2114752376  -0.0094965828
        0.0036038831  -0.0131899797  -0.0125183171   0.0011818418  -0.0170482011
       -0.0000010231   0.0000036184  -0.0000199875   0.0000060509   0.0000211824
        0.0000065482   0.0000363878   0.0000763648  -0.0000956344  -0.0002654432
        0.0010748792   0.0001296496   0.0005178633  -0.0016926470   0.0033254405
        0.0010939267   0.0000648918  -0.0008772649  -0.0224157790  -0.0256675691
        0.0217943020  -0.0449913964  -0.0302460773   0.0146516858   0.0000114905
       -0.0000014807   0.0000001431  -0.0000005929  -0.0000027754   0.0000035005
        0.0000002412  -0.0000017161  -0.0000008004   0.0000096257  -0.0000199058
       -0.0000044631   0.0000233006   0.0000070577  -0.0000047647  -0.0000342915
       -0.0000073058   0.0000069383   0.0000216442   0.0000013368   0.0000100892
        0.0001287133   0.0001256023  -0.0002121479  -0.0001600905  -0.0000497512
        0.0000822509   0.0035437099   0.0160221145  -0.0094965828   0.0608494302
        0.0422957031  -0.0288566239   0.0016262323  -0.0020035226  -0.0004422785
       -0.0000056620   0.0000044629   0.0000031818   0.0000163483  -0.0000023948
       -0.0000221382   0.0000713607  -0.0000045994   0.0000484479   0.0000725946
       -0.0000441051   0.0000486146   0.0010713861   0.0006457997   0.0021310361
        0.0005701050  -0.0003843066  -0.0011622212  -0.0069924224   0.0038965444
        0.0014149676  -0.0341088567  -0.2157280366   0.0975657960  -0.0000017131
       -0.0000000794   0.0000023119   0.0000010564   0.0000073594  -0.0000088066
        0.0000053909  -0.0000091976  -0.0000013223   0.0000058021   0.0000099038
        0.0000029912   0.0000150953  -0.0000028917  -0.0000020723  -0.0000191240
        0.0000332432  -0.0000307792   0.0000081742  -0.0000304856  -0.0000019816
        0.0000490265  -0.0000032932  -0.0000623600   0.0000005345   0.0000081702
       -0.0000276073   0.0003718999  -0.0051132225   0.0036038831   0.0422957031
        0.2441201148  -0.1137754831  -0.0034266993  -0.0274029860   0.0102735418
        0.0000035449  -0.0000049013   0.0000077598  -0.0000152570   0.0000044520
        0.0000216170  -0.0000572718  -0.0000388816   0.0000274629   0.0000968898
       -0.0001984309  -0.0002085100  -0.0011685017  -0.0001824752   0.0013578467
        0.0008377678   0.0005626797  -0.0001306860   0.0153589088   0.0107211077
       -0.0114148753   0.0158699684   0.0970703895  -0.0960919828   0.0000076674
       -0.0000000593  -0.0000072546  -0.0000074822   0.0000011478   0.0000058055
       -0.0000070584   0.0000048242  -0.0000000507   0.0000004495  -0.0000092925
       -0.0000062035  -0.0000069750   0.0000039578  -0.0000185443  -0.0000097297
        0.0000034107   0.0000128248  -0.0000106465   0.0000007408  -0.0000080320
       -0.0000437075  -0.0000449511   0.0000564488   0.0000482977   0.0000245077
       -0.0000034385   0.0010829160   0.0223377448  -0.0131899797  -0.0288566239
       -0.1137754831   0.1111401192  -0.0031231567  -0.0164804876   0.0084496727
       -0.0000014653  -0.0000072466  -0.0000207167   0.0000071527  -0.0000180331
        0.0000005541  -0.0000163241  -0.0000865162  -0.0000768978  -0.0002389890
       -0.0009000322  -0.0000282729   0.0006571695   0.0014087112   0.0029364322
        0.0007607663  -0.0003140268  -0.0007291041  -0.0160539911   0.0252983234
        0.0258847439  -0.0391814899  -0.0020474624  -0.0031942449   0.0000102454
        0.0000002464  -0.0000025015  -0.0000030017   0.0000010670   0.0000019495
       -0.0000028231   0.0000058563   0.0000058789   0.0000180576  -0.0000084768
       -0.0000008183   0.0000131183   0.0000161100  -0.0000110742  -0.0000024801
        0.0000050553   0.0000109767  -0.0000449627   0.0000138351   0.0000176883
        0.0000276533   0.0001053041   0.0000053169   0.0001788804  -0.0001482305
       -0.0001466940   0.0004187881  -0.0146101713  -0.0125183171   0.0016262323
       -0.0034266993  -0.0031231567   0.0518274630  -0.0052876136  -0.0090117423
        0.0000022246   0.0000068113  -0.0000019595  -0.0000158924   0.0000075403
        0.0000256461  -0.0000537694   0.0000212981  -0.0000343211  -0.0000683219
        0.0000601549   0.0000074721  -0.0009110642   0.0009361469  -0.0027550349
       -0.0006741143  -0.0005665686   0.0015455561   0.0082053742  -0.0002170894
       -0.0037564551   0.0017256158  -0.1830471972  -0.1143480977  -0.0000001248
       -0.0000025076  -0.0000018644  -0.0000002958  -0.0000091655   0.0000081525
       -0.0000019697   0.0000087527   0.0000035580  -0.0000128399  -0.0000070319
       -0.0000042227  -0.0000133564   0.0000019126   0.0000016586   0.0000124986
       -0.0000354526   0.0000201637   0.0000170775   0.0000376697   0.0000107629
       -0.0000324890  -0.0000171454   0.0000344149  -0.0000748753   0.0000235983
        0.0000501736  -0.0008125415   0.0022315357   0.0011818418  -0.0020035226
       -0.0274029860  -0.0164804876  -0.0052876136   0.2079697235   0.1344930427
        0.0000046102   0.0000038712   0.0000078156  -0.0000207306   0.0000049665
        0.0000279031  -0.0000634618   0.0000274598   0.0000187794   0.0000592537
        0.0000603695  -0.0001473512  -0.0011638210   0.0003720482   0.0014982259
        0.0004546111  -0.0004166864  -0.0000737357   0.0143517204  -0.0115076795
       -0.0148401805  -0.0010301076  -0.1139554348  -0.1347998552   0.0000074774
       -0.0000015090  -0.0000061693  -0.0000074142  -0.0000022387   0.0000025235
       -0.0000041757   0.0000059239   0.0000062624  -0.0000092580  -0.0000057776
       -0.0000115691  -0.0000008244   0.0000035858  -0.0000190215  -0.0000119798
        0.0000038919   0.0000022696   0.0000159628   0.0000117453   0.0000252613
       -0.0000370796  -0.0000650605  -0.0000157998  -0.0000841644   0.0000920818
        0.0000262682  -0.0030065977  -0.0193981418  -0.0170482011  -0.0004422785
        0.0102735418   0.0084496727  -0.0090117423   0.1344930427   0.1568969016
