*************************************************
******************* ORCA 6.0.0 ******************
*************************************************
$Calculation_Status
   &GeometryIndex 1
   &ListStatus       OUT
   &VERSION [&Type "String"] "6.0.0"
   &PROGNAME [&Type "String"] "LeanSCF"
   &STATUS [&Type "String"] "NORMAL TERMINATION"
$End
$Geometry
   &GeometryIndex 1
   &ListStatus       OUT
   &NATOMS [&Type "Integer"] 26
   &NCORELESSECP [&Type "Integer"] 0
   &NGHOSTATOMS [&Type "Integer"] 0
   &CartesianCoordinates [&Type "Coordinates", &Dim(26,4), &Units "Bohr"] 
              C      2.117844301723    0.413365835809   -2.987605277973
              C      3.308007931452   -0.625876996789   -0.584666819446
              C      5.569408896252   -2.313206498504   -1.172885640132
              C      1.551631512698   -2.044067943468    1.128641683981
              N     -0.810134867254   -2.048569471808    1.428886856124
              O     -2.280114587656   -0.455360155578   -0.107740790808
              C     -4.842785490767   -0.750888901615    0.247937268919
              O     -5.779081437246   -2.290810024669    1.658098383940
              N     -6.068136699265    0.893142396700   -1.217739900156
              C     -8.795176068432    1.052077423532   -1.303537258560
              S      4.281172650043    2.059449238188    1.517067302235
              C      7.102738468413    3.247172812148   -0.055207015990
              H      0.756170741528    1.884539632770   -2.546321424781
              H      3.570647441847    1.197681643047   -4.211181051729
              H      1.156402603139   -1.097446358216   -3.998725354022
              H      6.874883485983   -1.365392599241   -2.442350356418
              H      4.906476814338   -4.029683245525   -2.091805496038
              H      6.561467382268   -2.831056064211    0.550800960299
              H      2.468388501455   -3.303080400827    2.456884120873
              H     -5.050877427217    2.089404832933   -2.297048707190
              H     -9.417014051510    2.919795991524   -0.703292273671
              H     -9.549063948414   -0.367030022937   -0.021281017254
              H     -9.465640972882    0.679812445543   -3.213359806184
              H      7.571041520043    4.975505612115    0.942491851647
              H      6.684232026287    3.663960023767   -2.017061907917
              H      8.632488111639    1.896293315851    0.126466371095
$End
$SCF_Energy
   &GeometryIndex 1
   &ListStatus       OUT
   &SCF_ENERGY [&Type "Double"]      -9.3189282272031789e+02
$End
$DFT_Energy
   &GeometryIndex 1
   &ListStatus       OUT
   &NALPHAEL [&Type "Integer"] 50
   &NBETAEL [&Type "Integer"] 50
   &NTOTALEL [&Type "Integer"] 101
   &EEXCHANGE [&Type "Double"]      -9.5536821022809804e+01
   &ECORR [&Type "Double"]      -3.5028034073584164e+00
   &ECNL [&Type "Double"]       0.0000000000000000e+00
   &EXC [&Type "Double"]      -9.9039624430168217e+01
   &EEMBED [&Type "Double"]       0.0000000000000000e+00
   &FINALEN [&Type "Double"]      -9.3189282272031789e+02  "No Van der Waals correction"
$End
$Mulliken_Population_Analysis
   &GeometryIndex 1
   &ListStatus       OUT
   &NATOMS [&Type "Integer"] 26
   &ATNO [&Type "ArrayOfIntegers", &Dim (26,1)] 
                                                         0

0                                                        6
1                                                        6
2                                                        6
3                                                        6
4                                                        7
5                                                        8
6                                                        6
7                                                        8
8                                                        7
9                                                        6
10                                                      16
11                                                       6
12                                                       1
13                                                       1
14                                                       1
15                                                       1
16                                                       1
17                                                       1
18                                                       1
19                                                       1
20                                                       1
21                                                       1
22                                                       1
23                                                       1
24                                                       1
25                                                       1
   &ATOMICCHARGES [&Type "ArrayOfDoubles", &Dim (26,1)] 
                                                         0

0                                     -1.5397803341393335e-01
1                                     -3.4516286130419438e-01
2                                     -2.1479241515314396e-01
3                                     -8.0251926415352060e-02
4                                      9.5004553038336326e-02
5                                     -2.5085969676417896e-01
6                                      2.0848224420171402e-01
7                                     -2.0827888430308583e-01
8                                     -2.9385011762444613e-01
9                                     -1.7448174857000787e-01
10                                    -3.9030613953539017e-02
11                                    -3.7026605013551173e-01
12                                     1.1711494354048202e-01
13                                     9.8058293504046823e-02
14                                     1.0390413279126010e-01
15                                     1.1335334502850924e-01
16                                     1.1709586471368783e-01
17                                     1.1994200508935882e-01
18                                     1.0848823110568673e-01
19                                     2.3282271703137236e-01
20                                     1.1629215085113442e-01
21                                     1.4253001093314910e-01
22                                     1.1476684040188256e-01
23                                     1.5167042355945992e-01
24                                     1.4311706916336076e-01
25                                     1.4830952268393682e-01
$End
$Loewdin_Population_Analysis
   &GeometryIndex 1
   &ListStatus       OUT
   &NATOMS [&Type "Integer"] 26
   &ATNO [&Type "ArrayOfIntegers", &Dim (26,1)] 
                                                         0

0                                                        6
1                                                        6
2                                                        6
3                                                        6
4                                                        7
5                                                        8
6                                                        6
7                                                        8
8                                                        7
9                                                        6
10                                                      16
11                                                       6
12                                                       1
13                                                       1
14                                                       1
15                                                       1
16                                                       1
17                                                       1
18                                                       1
19                                                       1
20                                                       1
21                                                       1
22                                                       1
23                                                       1
24                                                       1
25                                                       1
   &ATOMICCHARGES [&Type "ArrayOfDoubles", &Dim (26,1)] 
                                                         0

0                                      2.8252242081809457e-04
1                                      4.7088951571223978e-03
2                                      3.4381467169655489e-04
3                                      1.8337593720233712e-02
4                                      1.5072717645301353e-01
5                                      3.7795244831140717e-01
6                                      1.7218776431221453e-01
7                                      2.0890364335348327e-01
8                                      6.0099937330580458e-02
9                                      5.2450198699448558e-03
10                                     4.1711366941154160e-05
11                                     2.6247505425575976e-05
12                                     3.5169367122653825e-05
13                                     6.8196406687360907e-06
14                                     1.3900819941102476e-05
15                                     3.7342872349707358e-06
16                                     3.9181409047054975e-07
17                                     2.8505082083028238e-07
18                                     2.5683663448450757e-05
19                                     9.0428652717511359e-04
20                                     5.0539331788354934e-05
21                                     5.1553730952099737e-05
22                                     4.8403453390107519e-05
23                                     8.2902770550466619e-08
24                                     2.3160121087227739e-06
25                                     5.8925604585469061e-08
$End
$Mayer_Population_Analysis
   &GeometryIndex 1
   &ListStatus       OUT
   &NATOMS [&Type "Integer"] 26 "Total number of atoms"
   &BONDTHRESH [&Type "Double"]       1.0000000000000001e-01  "The threshold for printing"
   &NBONDORDERSPRINT [&Type "Integer"] 25 "The number of bond orders larger than threshold"
   &BONDORDERS [&Type "ArrayOfDoubles", &Dim (25,1)] "The bond orders"
                                                         0

0                                      1.0576799971288737e+00
1                                      9.3045850114337481e-01
2                                      9.3294382476359783e-01
3                                      9.3659538439894463e-01
4                                      1.0367589966181452e+00
5                                      9.1189397500317693e-01
6                                      1.0031435612723580e+00
7                                      9.3445135731198969e-01
8                                      9.3977584126517866e-01
9                                      9.4087954101705162e-01
10                                     2.0194540754208279e+00
11                                     9.2447492147621024e-01
12                                     9.3390577858840418e-01
13                                     1.0009061287837713e+00
14                                     2.0806091965782909e+00
15                                     1.2340511847731961e+00
16                                     1.0207070637187137e+00
17                                     8.5527486258794372e-01
18                                     9.5916069602698184e-01
19                                     9.3691834300973864e-01
20                                     9.5923720342560392e-01
21                                     1.0439872740762526e+00
22                                     9.4434691558176631e-01
23                                     9.3772084365594943e-01
24                                     9.3640313068204251e-01
   &COMPONENTS [&Type "ArrayOfIntegers", &Dim (25,4)] "The indices and atomic numbers of the bonding atoms"
                                                         0                           1                           2                           3

0                                                        0                           6                           1                           6
1                                                        0                           6                          12                           1
2                                                        0                           6                          13                           1
3                                                        0                           6                          14                           1
4                                                        1                           6                           2                           6
5                                                        1                           6                           3                           6
6                                                        1                           6                          10                          16
7                                                        2                           6                          15                           1
8                                                        2                           6                          16                           1
9                                                        2                           6                          17                           1
10                                                       3                           6                           4                           7
11                                                       3                           6                          18                           1
12                                                       4                           7                           5                           8
13                                                       5                           8                           6                           6
14                                                       6                           6                           7                           8
15                                                       6                           6                           8                           7
16                                                       8                           7                           9                           6
17                                                       8                           7                          19                           1
18                                                       9                           6                          20                           1
19                                                       9                           6                          21                           1
20                                                       9                           6                          22                           1
21                                                      10                          16                          11                           6
22                                                      11                           6                          23                           1
23                                                      11                           6                          24                           1
24                                                      11                           6                          25                           1
   &ATNO [&Type "ArrayOfIntegers", &Dim (26,1)] "Atomic number of the elements"
                                                         0

0                                                        6
1                                                        6
2                                                        6
3                                                        6
4                                                        7
5                                                        8
6                                                        6
7                                                        8
8                                                        7
9                                                        6
10                                                      16
11                                                       6
12                                                       1
13                                                       1
14                                                       1
15                                                       1
16                                                       1
17                                                       1
18                                                       1
19                                                       1
20                                                       1
21                                                       1
22                                                       1
23                                                       1
24                                                       1
25                                                       1
   &NA [&Type "ArrayOfDoubles", &Dim (26,1)] "Mulliken gross atomic population"
                                                         0

0                                      6.1539780334139085e+00
1                                      6.3451628613041811e+00
2                                      6.2147924151531404e+00
3                                      6.0802519264153458e+00
4                                      6.9049954469616548e+00
5                                      8.2508596967641825e+00
6                                      5.7915177557982851e+00
7                                      8.2082788843030841e+00
8                                      7.2938501176244319e+00
9                                      6.1744817485700008e+00
10                                     1.6039030613953575e+01
11                                     6.3702660501355082e+00
12                                     8.8288505645951754e-01
13                                     9.0194170649595318e-01
14                                     8.9609586720874035e-01
15                                     8.8664665497149142e-01
16                                     8.8290413528631251e-01
17                                     8.8005799491064096e-01
18                                     8.9151176889431338e-01
19                                     7.6717728296862719e-01
20                                     8.8370784914886646e-01
21                                     8.5746998906685035e-01
22                                     8.8523315959811744e-01
23                                     8.4832957644053963e-01
24                                     8.5688293083663891e-01
25                                     8.5169047731606284e-01
   &ZA [&Type "ArrayOfDoubles", &Dim (26,1)] "Total nuclear charge"
                                                         0

0                                      6.0000000000000000e+00
1                                      6.0000000000000000e+00
2                                      6.0000000000000000e+00
3                                      6.0000000000000000e+00
4                                      7.0000000000000000e+00
5                                      8.0000000000000000e+00
6                                      6.0000000000000000e+00
7                                      8.0000000000000000e+00
8                                      7.0000000000000000e+00
9                                      6.0000000000000000e+00
10                                     1.6000000000000000e+01
11                                     6.0000000000000000e+00
12                                     1.0000000000000000e+00
13                                     1.0000000000000000e+00
14                                     1.0000000000000000e+00
15                                     1.0000000000000000e+00
16                                     1.0000000000000000e+00
17                                     1.0000000000000000e+00
18                                     1.0000000000000000e+00
19                                     1.0000000000000000e+00
20                                     1.0000000000000000e+00
21                                     1.0000000000000000e+00
22                                     1.0000000000000000e+00
23                                     1.0000000000000000e+00
24                                     1.0000000000000000e+00
25                                     1.0000000000000000e+00
   &QA [&Type "ArrayOfDoubles", &Dim (26,1)] "Mulliken gross atomic charge"
                                                         0

0                                     -1.5397803341390848e-01
1                                     -3.4516286130418106e-01
2                                     -2.1479241515314040e-01
3                                     -8.0251926415345842e-02
4                                      9.5004553038345207e-02
5                                     -2.5085969676418252e-01
6                                      2.0848224420171491e-01
7                                     -2.0827888430308406e-01
8                                     -2.9385011762443192e-01
9                                     -1.7448174857000076e-01
10                                    -3.9030613953574544e-02
11                                    -3.7026605013550817e-01
12                                     1.1711494354048246e-01
13                                     9.8058293504046823e-02
14                                     1.0390413279125965e-01
15                                     1.1335334502850858e-01
16                                     1.1709586471368749e-01
17                                     1.1994200508935904e-01
18                                     1.0848823110568662e-01
19                                     2.3282271703137281e-01
20                                     1.1629215085113354e-01
21                                     1.4253001093314965e-01
22                                     1.1476684040188256e-01
23                                     1.5167042355946037e-01
24                                     1.4311706916336109e-01
25                                     1.4830952268393716e-01
   &VA [&Type "ArrayOfDoubles", &Dim (26,1)] "Mayer's total valence"
                                                         0

0                                      3.8325826475699345e+00
1                                      4.0905014381145479e+00
2                                      3.8595795528725456e+00
3                                      3.9800874964870552e+00
4                                      3.0982715428727809e+00
5                                      2.1664522925936129e+00
6                                      4.4086101679366072e+00
7                                      2.3239788983660650e+00
8                                      3.2281076462242857e+00
9                                      3.8998289941343125e+00
10                                     2.1405524109951335e+00
11                                     3.9066087596468333e+00
12                                     9.9493329400000952e-01
13                                     9.6713681876162760e-01
14                                     9.6457310973584343e-01
15                                     9.6544061093482236e-01
16                                     9.5570694788105104e-01
17                                     9.6983044110682015e-01
18                                     9.6458162502985167e-01
19                                     9.2470400133049391e-01
20                                     9.5332389880452595e-01
21                                     9.9697940200139101e-01
22                                     9.5347993584221558e-01
23                                     9.4742494387844345e-01
24                                     9.4805673543712210e-01
25                                     9.4230314299059736e-01
   &BVA [&Type "ArrayOfDoubles", &Dim (26,1)] "Mayer's bonded valence"
                                                         0

0                                      3.8325826475699940e+00
1                                      4.0905014381145826e+00
2                                      3.8595795528725727e+00
3                                      3.9800874964870685e+00
4                                      3.0982715428727983e+00
5                                      2.1664522925935548e+00
6                                      4.4086101679365983e+00
7                                      2.3239788983661089e+00
8                                      3.2281076462243181e+00
9                                      3.8998289941343085e+00
10                                     2.1405524109951153e+00
11                                     3.9066087596468351e+00
12                                     9.9493329400001085e-01
13                                     9.6713681876162871e-01
14                                     9.6457310973584554e-01
15                                     9.6544061093482791e-01
16                                     9.5570694788105637e-01
17                                     9.6983044110681671e-01
18                                     9.6458162502985101e-01
19                                     9.2470400133049591e-01
20                                     9.5332389880452262e-01
21                                     9.9697940200139201e-01
22                                     9.5347993584220847e-01
23                                     9.4742494387844745e-01
24                                     9.4805673543712488e-01
25                                     9.4230314299060669e-01
   &FA [&Type "ArrayOfDoubles", &Dim (26,1)] "Mayer's free valence"
                                                         0

0                                      0.0000000000000000e+00
1                                      0.0000000000000000e+00
2                                      0.0000000000000000e+00
3                                      0.0000000000000000e+00
4                                      0.0000000000000000e+00
5                                      0.0000000000000000e+00
6                                      0.0000000000000000e+00
7                                      0.0000000000000000e+00
8                                      0.0000000000000000e+00
9                                      0.0000000000000000e+00
10                                     0.0000000000000000e+00
11                                     0.0000000000000000e+00
12                                     0.0000000000000000e+00
13                                     0.0000000000000000e+00
14                                     0.0000000000000000e+00
15                                     0.0000000000000000e+00
16                                     0.0000000000000000e+00
17                                     0.0000000000000000e+00
18                                     0.0000000000000000e+00
19                                     0.0000000000000000e+00
20                                     0.0000000000000000e+00
21                                     0.0000000000000000e+00
22                                     0.0000000000000000e+00
23                                     0.0000000000000000e+00
24                                     0.0000000000000000e+00
25                                     0.0000000000000000e+00
$End
$VdW_Correction
   &GeometryIndex 1
   &ListStatus       OUT
   &VDW [&Type "Double"]      -2.6538020854103211e-02
$End
$Calculation_Info
   &GeometryIndex 1
   &ListStatus       OUT
   &MULT [&Type "Integer"] 1
   &CHARGE [&Type "Integer"] 0
   &NUMOFATOMS [&Type "Integer"] 26
   &NUMOFELECTRONS [&Type "Integer"] 102
   &NUMOFFCELECTRONS [&Type "Integer"] 1
   &NUMOFCORRELECTRONS [&Type "Integer"] 0
   &NUMOFBASISFUNCTS [&Type "Integer"] 200
   &NUMOFAUXCBASISFUNCTS [&Type "Integer"] 0
   &NUMOFAUXJBASISFUNCTS [&Type "Integer"] 744
   &NUMOFAUXJKBASISFUNCTS [&Type "Integer"] 0
   &NUMOFCABSBASISFUNCTS [&Type "Integer"] 0
   &TOTALENERGY [&Type "Double"]      -9.3180293832727205e+02  "Hartrees"
$End
$SCF_Dipole_Moment
   &GeometryIndex 1
   &ListStatus       OUT
   &METHOD [&Type "String"] "SCF"
   &LEVEL [&Type "String"] "Relaxed density"
   &MULT [&Type "Integer"] 1
   &STATE [&Type "Integer"] -1
   &IRREP [&Type "Integer"] 0
   &NATOMS [&Type "Integer"] 26
   &DODIPOLEATOM [&Type "Boolean"] false
   &DIPOLEELECCONTRIB [&Type "ArrayOfDoubles", &Dim (3,1)] "Electronic contribution"
                                                         0

0                                     -6.8773651341464896e+00
1                                     -2.1060334397607048e+00
2                                      8.1116890863994566e+00
   &DIPOLENUCCONTRIB [&Type "ArrayOfDoubles", &Dim (3,1)] "Nuclear contribution"
                                                         0

0                                      7.6454491217764717e+00
1                                      3.0778545096975831e+00
2                                     -9.6744141010986446e+00
   &DIPOLETOTAL [&Type "ArrayOfDoubles", &Dim (3,1)] "Total"
                                                         0

0                                      7.6808398762998209e-01
1                                      9.7182106993687833e-01
2                                     -1.5627250146991880e+00
   &DIPOLEMAGNITUDE [&Type "Double", &Units "a.u."]       1.9941160135742881e+00
$End
