           1           2   1.02087959137563     
           2           3   1.00375365289563     
           3           4   1.00980511650300     
           4           5  0.985976578420879     
           5           6   1.05483191649061     
           6           7   2.89108389923299     
           1           8  0.987329674092712     
           1           9  0.988192202026117     
           1          10  0.984730740458791     
           2          11  0.977019012160042     
           2          12  0.981197346450637     
           3          13  0.975756991549602     
           3          14  0.979436427305209     
           4          15  0.978398832710864     
           4          16  0.976316148614590     
           5          17  0.953609146953958     
           5          18  0.951228738572354     
           7          19  0.970220613044667     
