           1           2   1.01994875003751     
           2           3   1.00760700033978     
           3           4   1.00861859525616     
           4           5  0.985918125549614     
           5           6   1.05511781111987     
           6           7   2.89151251845018     
           1           8  0.985807235786122     
           1           9  0.987356517030271     
           1          10  0.987533094090538     
           2          11  0.975919678197292     
           2          12  0.978398650678340     
           3          13  0.976933045898168     
           3          14  0.976150330539055     
           4          15  0.974235328671917     
           4          16  0.978372235784533     
           5          17  0.951523530969778     
           5          18  0.953648107095688     
           7          19  0.970139895823752     
