           1           2   1.01962409012910     
           2           3   1.00797668803084     
           3           4  0.999095592635570     
           4           5  0.925430989636045     
           5           6   1.16148613363007     
           5           7  0.168003203480192     
           6           7   1.69112632520267     
           6           8  0.999157357026987     
           1           9  0.986576770331167     
           1          10  0.987286905198573     
           1          11  0.987700230033456     
           2          12  0.977467985376513     
           2          13  0.977792833547154     
           3          14  0.975170549072045     
           3          15  0.971928605303251     
           4          16  0.969264624406492     
           4          17  0.967892138401188     
           8          18  0.967306154514372     
           8          19  0.945350566072718     
           8          20  0.976792466797197     
