*************************************************
******************* ORCA 6.0.1 ******************
*************************************************
$Calculation_Status
   &GeometryIndex 1
   &ListStatus       OUT
   &VERSION [&Type "String"] "6.0.1"
   &PROGNAME [&Type "String"] "LeanSCF"
   &STATUS [&Type "String"] "NORMAL TERMINATION"
$End
$Geometry
   &GeometryIndex 1
   &ListStatus       OUT
   &NATOMS [&Type "Integer"] 23
   &NCORELESSECP [&Type "Integer"] 0
   &NGHOSTATOMS [&Type "Integer"] 0
   &CartesianCoordinates [&Type "Coordinates", &Dim(23,4), &Units "Bohr"] 
              C      3.338571613421    1.971955282527   -2.198387211795
              C      4.217075432763   -0.360749442353   -0.747745126006
              C      6.937186706308   -0.001677093204    0.153134911385
              C      2.504265011445   -0.920623508078    1.522252606812
              C     -0.145998301681   -1.797289683271    0.816869072817
              O     -1.671963863187    0.335487891987    0.125564473220
              C     -4.163232043340    0.076402919222    0.180976659232
              O     -5.212747132783   -1.876351398031    0.780961581712
              C     -5.485546658983    2.457725552803   -0.598066166562
              H      3.378440095603    3.624376530050   -0.976985383518
              H      1.422470004742    1.725836689630   -2.889607728595
              H      4.573415589978    2.319205447156   -3.803891289208
              H      4.159437666016   -1.993219568334   -2.020802823567
              H      7.613732228649   -1.682609105106    1.121689807289
              H      7.056056419352    1.589182773577    1.448612131771
              H      8.175636227982    0.368964061259   -1.443146915479
              H      2.346049680197    0.763456012019    2.700964956128
              H      3.363856544424   -2.417048196405    2.649299275575
              H     -0.103803121598   -3.112760821827   -0.780183547826
              H     -1.067124693851   -2.747750053278    2.408466709657
              H     -6.142079316760    2.234125208072   -2.533421262051
              H     -4.192854521131    4.044429579791   -0.492563623701
              H     -7.124399139017    2.753084251456    0.600547472596
$End
$SCF_Energy
   &GeometryIndex 1
   &ListStatus       OUT
   &SCF_ENERGY [&Type "Double"]      -4.2475409817417034e+02
$End
$DFT_Energy
   &GeometryIndex 1
   &ListStatus       OUT
   &NALPHAEL [&Type "Integer"] 36
   &NBETAEL [&Type "Integer"] 36
   &NTOTALEL [&Type "Integer"] 72
   &EEXCHANGE [&Type "Double"]      -5.7462035675548890e+01
   &ECORR [&Type "Double"]      -2.3884494896881412e+00
   &ECNL [&Type "Double"]       0.0000000000000000e+00
   &EXC [&Type "Double"]      -5.9850485165237032e+01
   &EEMBED [&Type "Double"]       0.0000000000000000e+00
   &FINALEN [&Type "Double"]      -4.2475409817417034e+02  "No Van der Waals correction"
$End
$Mulliken_Population_Analysis
   &GeometryIndex 1
   &ListStatus       OUT
   &NATOMS [&Type "Integer"] 23
   &ATNO [&Type "ArrayOfIntegers", &Dim (23,1)] 
                                                         0

0                                                        6
1                                                        6
2                                                        6
3                                                        6
4                                                        6
5                                                        8
6                                                        6
7                                                        8
8                                                        6
9                                                        1
10                                                       1
11                                                       1
12                                                       1
13                                                       1
14                                                       1
15                                                       1
16                                                       1
17                                                       1
18                                                       1
19                                                       1
20                                                       1
21                                                       1
22                                                       1
   &ATOMICCHARGES [&Type "ArrayOfDoubles", &Dim (23,1)] 
                                                         0

0                                     -2.4123105336990136e-01
1                                     -2.0892182075861321e-01
2                                     -2.2877349242975953e-01
3                                     -1.3588521106717799e-01
4                                      1.7209163661907390e-02
5                                     -2.3861830143349394e-01
6                                      8.3778461082592237e-02
7                                     -2.1790527705844376e-01
8                                     -2.5003285815902743e-01
9                                      9.0213438615823316e-02
10                                     1.0982125014934030e-01
11                                     9.5274247437961757e-02
12                                     7.1255584336864297e-02
13                                     9.6314905180497568e-02
14                                     9.3147811932953850e-02
15                                     9.9911844102849923e-02
16                                     8.8370616972494931e-02
17                                     8.7597144165362573e-02
18                                     9.4765060296720272e-02
19                                     1.0826912958210899e-01
20                                     1.3642512788584438e-01
21                                     1.1886479974559028e-01
22                                     1.3014942912747807e-01
$End
$Loewdin_Population_Analysis
   &GeometryIndex 1
   &ListStatus       OUT
   &NATOMS [&Type "Integer"] 23
   &ATNO [&Type "ArrayOfIntegers", &Dim (23,1)] 
                                                         0

0                                                        6
1                                                        6
2                                                        6
3                                                        6
4                                                        6
5                                                        8
6                                                        6
7                                                        8
8                                                        6
9                                                        1
10                                                       1
11                                                       1
12                                                       1
13                                                       1
14                                                       1
15                                                       1
16                                                       1
17                                                       1
18                                                       1
19                                                       1
20                                                       1
21                                                       1
22                                                       1
   &ATOMICCHARGES [&Type "ArrayOfDoubles", &Dim (23,1)] 
                                                         0

0                                      1.8486667345373137e-05
1                                      2.2021746354352722e-05
2                                      5.2544880463166788e-06
3                                      9.7759965702259172e-04
4                                      1.2544791332992643e-02
5                                      1.5437805933325610e-01
6                                      2.3527989061753346e-01
7                                      5.8993644558688585e-01
8                                      6.5223894004926572e-03
9                                      1.2408138820437882e-06
10                                     1.9900019444551318e-06
11                                     1.6594366048579387e-06
12                                     1.0301811759915015e-06
13                                     2.8514075188882412e-07
14                                     1.2680237901427548e-08
15                                     1.0190102215880462e-07
16                                     3.6028056591502864e-06
17                                     2.8707503361966781e-05
18                                     5.9681761019669482e-05
19                                     1.0172074779116254e-04
20                                     3.9708576254653336e-05
21                                     4.8709350077361899e-05
22                                     2.6610270287492177e-05
$End
$Mayer_Population_Analysis
   &GeometryIndex 1
   &ListStatus       OUT
   &NATOMS [&Type "Integer"] 23 "Total number of atoms"
   &BONDTHRESH [&Type "Double"]       1.0000000000000001e-01  "The threshold for printing"
   &NBONDORDERSPRINT [&Type "Integer"] 22 "The number of bond orders larger than threshold"
   &BONDORDERS [&Type "ArrayOfDoubles", &Dim (22,1)] "The bond orders"
                                                         0

0                                      1.1154100403020770e+00
1                                      9.4928010604585111e-01
2                                      9.4013293326037251e-01
3                                      9.4909419487999069e-01
4                                      1.1120272889702152e+00
5                                      1.0899964349287670e+00
6                                      9.0364878286017647e-01
7                                      9.4902961190600965e-01
8                                      9.4952410303846346e-01
9                                      9.5150040599084362e-01
10                                     1.1073958051101942e+00
11                                     9.0985269695697191e-01
12                                     9.1319847109163388e-01
13                                     9.1034554896911690e-01
14                                     9.2607633552758617e-01
15                                     9.1724309257229097e-01
16                                     1.1990506634103830e+00
17                                     2.0457380661179476e+00
18                                     1.0865382937478312e+00
19                                     9.2652552821839129e-01
20                                     9.3732213713171486e-01
21                                     9.3497886913171657e-01
   &COMPONENTS [&Type "ArrayOfIntegers", &Dim (22,4)] "The indices and atomic numbers of the bonding atoms"
                                                         0                           1                           2                           3

0                                                        0                           6                           1                           6
1                                                        0                           6                           9                           1
2                                                        0                           6                          10                           1
3                                                        0                           6                          11                           1
4                                                        1                           6                           2                           6
5                                                        1                           6                           3                           6
6                                                        1                           6                          12                           1
7                                                        2                           6                          13                           1
8                                                        2                           6                          14                           1
9                                                        2                           6                          15                           1
10                                                       3                           6                           4                           6
11                                                       3                           6                          16                           1
12                                                       3                           6                          17                           1
13                                                       4                           6                           5                           8
14                                                       4                           6                          18                           1
15                                                       4                           6                          19                           1
16                                                       5                           8                           6                           6
17                                                       6                           6                           7                           8
18                                                       6                           6                           8                           6
19                                                       8                           6                          20                           1
20                                                       8                           6                          21                           1
21                                                       8                           6                          22                           1
   &ATNO [&Type "ArrayOfIntegers", &Dim (23,1)] "Atomic number of the elements"
                                                         0

0                                                        6
1                                                        6
2                                                        6
3                                                        6
4                                                        6
5                                                        8
6                                                        6
7                                                        8
8                                                        6
9                                                        1
10                                                       1
11                                                       1
12                                                       1
13                                                       1
14                                                       1
15                                                       1
16                                                       1
17                                                       1
18                                                       1
19                                                       1
20                                                       1
21                                                       1
22                                                       1
   &NA [&Type "ArrayOfDoubles", &Dim (23,1)] "Mulliken gross atomic population"
                                                         0

0                                      6.2412310533699014e+00
1                                      6.2089218207586203e+00
2                                      6.2287734924297560e+00
3                                      6.1358852110671780e+00
4                                      5.9827908363380944e+00
5                                      8.2386183014334691e+00
6                                      5.9162215389173998e+00
7                                      8.2179052770584420e+00
8                                      6.2500328581590390e+00
9                                      9.0978656138417613e-01
10                                     8.9017874985065992e-01
11                                     9.0472575256203835e-01
12                                     9.2874441566313548e-01
13                                     9.0368509481950243e-01
14                                     9.0685218806704693e-01
15                                     9.0008815589715030e-01
16                                     9.1162938302750596e-01
17                                     9.1240285583463721e-01
18                                     9.0523493970327951e-01
19                                     8.9173087041789156e-01
20                                     8.6357487211415518e-01
21                                     8.8113520025440961e-01
22                                     8.6985057087252216e-01
   &ZA [&Type "ArrayOfDoubles", &Dim (23,1)] "Total nuclear charge"
                                                         0

0                                      6.0000000000000000e+00
1                                      6.0000000000000000e+00
2                                      6.0000000000000000e+00
3                                      6.0000000000000000e+00
4                                      6.0000000000000000e+00
5                                      8.0000000000000000e+00
6                                      6.0000000000000000e+00
7                                      8.0000000000000000e+00
8                                      6.0000000000000000e+00
9                                      1.0000000000000000e+00
10                                     1.0000000000000000e+00
11                                     1.0000000000000000e+00
12                                     1.0000000000000000e+00
13                                     1.0000000000000000e+00
14                                     1.0000000000000000e+00
15                                     1.0000000000000000e+00
16                                     1.0000000000000000e+00
17                                     1.0000000000000000e+00
18                                     1.0000000000000000e+00
19                                     1.0000000000000000e+00
20                                     1.0000000000000000e+00
21                                     1.0000000000000000e+00
22                                     1.0000000000000000e+00
   &QA [&Type "ArrayOfDoubles", &Dim (23,1)] "Mulliken gross atomic charge"
                                                         0

0                                     -2.4123105336990136e-01
1                                     -2.0892182075862031e-01
2                                     -2.2877349242975598e-01
3                                     -1.3588521106717799e-01
4                                      1.7209163661905613e-02
5                                     -2.3861830143346907e-01
6                                      8.3778461082600231e-02
7                                     -2.1790527705844198e-01
8                                     -2.5003285815903897e-01
9                                      9.0213438615823871e-02
10                                     1.0982125014934008e-01
11                                     9.5274247437961646e-02
12                                     7.1255584336864519e-02
13                                     9.6314905180497568e-02
14                                     9.3147811932953073e-02
15                                     9.9911844102849701e-02
16                                     8.8370616972494043e-02
17                                     8.7597144165362795e-02
18                                     9.4765060296720494e-02
19                                     1.0826912958210844e-01
20                                     1.3642512788584482e-01
21                                     1.1886479974559039e-01
22                                     1.3014942912747784e-01
   &VA [&Type "ArrayOfDoubles", &Dim (23,1)] "Mayer's total valence"
                                                         0

0                                      3.9451336551057752e+00
1                                      4.2861106231603046e+00
2                                      3.9541504314467977e+00
3                                      4.0219170719323882e+00
4                                      3.9631511619067950e+00
5                                      2.2677574212728144e+00
6                                      4.4417736452541332e+00
7                                      2.2682537917016998e+00
8                                      3.8868360163018409e+00
9                                      9.6679978542690470e-01
10                                     9.7679833831134977e-01
11                                     9.5555594707263736e-01
12                                     9.4241103781968971e-01
13                                     9.5747819770220388e-01
14                                     9.6364966718933753e-01
15                                     9.5689037735759441e-01
16                                     9.6989323077639689e-01
17                                     9.5587292038323091e-01
18                                     9.6364362981966378e-01
19                                     9.7750767311758491e-01
20                                     9.5889800549613069e-01
21                                     9.7284599561053797e-01
22                                     9.6904606765132884e-01
   &BVA [&Type "ArrayOfDoubles", &Dim (23,1)] "Mayer's bonded valence"
                                                         0

0                                      3.9451336551057890e+00
1                                      4.2861106231602859e+00
2                                      3.9541504314467799e+00
3                                      4.0219170719323714e+00
4                                      3.9631511619067967e+00
5                                      2.2677574212728713e+00
6                                      4.4417736452542034e+00
7                                      2.2682537917017389e+00
8                                      3.8868360163018494e+00
9                                      9.6679978542690692e-01
10                                     9.7679833831135010e-01
11                                     9.5555594707263802e-01
12                                     9.4241103781969338e-01
13                                     9.5747819770219966e-01
14                                     9.6364966718933120e-01
15                                     9.5689037735758664e-01
16                                     9.6989323077638856e-01
17                                     9.5587292038322513e-01
18                                     9.6364362981966434e-01
19                                     9.7750767311758102e-01
20                                     9.5889800549613335e-01
21                                     9.7284599561054774e-01
22                                     9.6904606765132983e-01
   &FA [&Type "ArrayOfDoubles", &Dim (23,1)] "Mayer's free valence"
                                                         0

0                                      0.0000000000000000e+00
1                                      0.0000000000000000e+00
2                                      0.0000000000000000e+00
3                                      0.0000000000000000e+00
4                                      0.0000000000000000e+00
5                                      0.0000000000000000e+00
6                                      0.0000000000000000e+00
7                                      0.0000000000000000e+00
8                                      0.0000000000000000e+00
9                                      0.0000000000000000e+00
10                                     0.0000000000000000e+00
11                                     0.0000000000000000e+00
12                                     0.0000000000000000e+00
13                                     0.0000000000000000e+00
14                                     0.0000000000000000e+00
15                                     0.0000000000000000e+00
16                                     0.0000000000000000e+00
17                                     0.0000000000000000e+00
18                                     0.0000000000000000e+00
19                                     0.0000000000000000e+00
20                                     0.0000000000000000e+00
21                                     0.0000000000000000e+00
22                                     0.0000000000000000e+00
$End
$VdW_Correction
   &GeometryIndex 1
   &ListStatus       OUT
   &VDW [&Type "Double"]      -1.8433955421060667e-02
$End
$Calculation_Info
   &GeometryIndex 1
   &ListStatus       OUT
   &MULT [&Type "Integer"] 1
   &CHARGE [&Type "Integer"] 0
   &NUMOFATOMS [&Type "Integer"] 23
   &NUMOFELECTRONS [&Type "Integer"] 72
   &NUMOFFCELECTRONS [&Type "Integer"] 1
   &NUMOFCORRELECTRONS [&Type "Integer"] 0
   &NUMOFBASISFUNCTS [&Type "Integer"] 154
   &NUMOFAUXCBASISFUNCTS [&Type "Integer"] 0
   &NUMOFAUXJBASISFUNCTS [&Type "Integer"] 595
   &NUMOFAUXJKBASISFUNCTS [&Type "Integer"] 0
   &NUMOFCABSBASISFUNCTS [&Type "Integer"] 0
   &TOTALENERGY [&Type "Double"]      -4.2466863400189141e+02  "Hartrees"
$End
$SCF_Dipole_Moment
   &GeometryIndex 1
   &ListStatus       OUT
   &METHOD [&Type "String"] "SCF"
   &LEVEL [&Type "String"] "Relaxed density"
   &MULT [&Type "Integer"] 1
   &STATE [&Type "Integer"] -1
   &IRREP [&Type "Integer"] 0
   &NATOMS [&Type "Integer"] 23
   &DODIPOLEATOM [&Type "Boolean"] false
   &DIPOLEELECCONTRIB [&Type "ArrayOfDoubles", &Dim (3,1)] "Electronic contribution"
                                                         0

0                                     -1.1005934337029695e+01
1                                     -3.2597201818491444e+00
2                                      1.8281577557723696e+00
   &DIPOLENUCCONTRIB [&Type "ArrayOfDoubles", &Dim (3,1)] "Nuclear contribution"
                                                         0

0                                      1.1592255826648440e+01
1                                      3.6960749664056611e+00
2                                     -1.9841829342111896e+00
   &DIPOLETOTAL [&Type "ArrayOfDoubles", &Dim (3,1)] "Total"
                                                         0

0                                      5.8632148961874542e-01
1                                      4.3635478455651677e-01
2                                     -1.5602517843882002e-01
   &DIPOLEMAGNITUDE [&Type "Double", &Units "a.u."]       7.4734345752202480e-01
$End
