           1           2   1.00939698069729     
           2           3  0.983016758252555     
           2           4   1.01314421820394     
           4           5   1.85352399582101     
           5           6  0.942648521230883     
           6           7   1.02232183631207     
           6           8  0.114637115723966     
           7           8   1.56833539353269     
           7           9   1.28425458871971     
           8           9  0.175388863402210     
           9          10  0.991852034541942     
           2          11  0.894594533854847     
          11          12   1.01270056137482     
           1          13  0.974875488034940     
           1          14  0.982669071812332     
           1          15  0.981685748225585     
           3          16  0.977320321619433     
           3          17  0.981316100405347     
           3          18  0.978935828737245     
           4          19  0.936041150234297     
           9          20  0.912806986824177     
          10          21  0.972230253066753     
          10          22  0.972588211543371     
          10          23  0.978229625466184     
          12          24  0.974909304930355     
          12          25  0.983425139009431     
          12          26  0.975622568350642     
