           1           2   1.01813497168394     
           2           3   1.00984532112349     
           3           4  0.974558314954205     
           4           5  0.998840559091669     
           5           6   1.80425807645042     
           5           7   1.02278258792083     
           1           8  0.987656470077109     
           1           9  0.986551588391136     
           1          10  0.987563280346326     
           2          11  0.973899681022602     
           2          12  0.977275865462095     
           3          13  0.975052504721041     
           3          14  0.977258572049403     
           4          15  0.975746109778450     
           4          16  0.954176527829766     
           7          17  0.980027055010144     
           7          18  0.962622418450083     
           7          19  0.939846384015273     
