           1           2   1.01938870988763     
           2           3   1.00781139514270     
           3           4   1.00680217011853     
           4           5   1.00273762213952     
           5           6   1.80706598270615     
           5           7   1.01671752171586     
           1           8  0.987815712936797     
           1           9  0.986906773637849     
           1          10  0.987757183166340     
           2          11  0.978092052411760     
           2          12  0.978035261197730     
           3          13  0.977013632016523     
           3          14  0.976341631743541     
           4          15  0.951283729083550     
           4          16  0.938428172464494     
           7          17  0.966576735246213     
           7          18  0.979526776346088     
           7          19  0.944137176942185     
