           1           2   1.01821418133570     
           2           3   1.00860420016369     
           3           4   1.00703669113113     
           4           5  0.993333085709410     
           5           6   1.00954383577747     
           5           7   1.00979975233258     
           1           8  0.987635666793675     
           1           9  0.988062739942825     
           1          10  0.987458259602475     
           2          11  0.973541054526634     
           2          12  0.978154418626770     
           3          13  0.975792852115372     
           3          14  0.975974241666852     
           4          15  0.978226434899463     
           4          16  0.975937955600786     
           5          17  0.969964534505576     
           6          18  0.986771621569118     
           6          19  0.986443985920372     
           6          20  0.981267004216449     
           7          21  0.986587965183358     
           7          22  0.986439513999874     
           7          23  0.984649564681436     
