           1           2  0.981598304814428     
           2           3  0.988091103233868     
           3           4  0.990965384884635     
           4           5  0.978360515201758     
           5           6  0.983731918605538     
           1           7  0.978132873189970     
           1           8  0.977620721713325     
           1           9  0.979409121414968     
           3          10  0.967332836932773     
           3          11  0.965156549000307     
           4          12  0.966935614816152     
           4          13  0.966826243851060     
           6          14  0.978091794988173     
           6          15  0.978342596037386     
           6          16  0.977213968091271     
