$hessian                                                                        
        0.4362737097   0.0000002211  -0.0060367334  -0.1526736631   0.0000160197
        0.0567555698  -0.0298867614   0.0000017403   0.0055101375  -0.0034209021
       -0.0000004884  -0.0022202390  -0.1188716468  -0.0000177780  -0.0728303690
       -0.0333935920  -0.0000007220  -0.0048452972  -0.0414433800  -0.0141699884
        0.0099225011  -0.0414427139   0.0141701024   0.0099119778  -0.0063169044
        0.0024391720   0.0050210186  -0.0063175553  -0.0024364932   0.0050225914
        0.0007952581  -0.0000540719   0.0005520378   0.0007952275   0.0000543876
        0.0005519503  -0.0020487942  -0.0020528865  -0.0036572915  -0.0020482822
        0.0020507853  -0.0036578542
        0.0000002211   0.5439190252  -0.0000114820   0.0000159786  -0.0670698776
       -0.0000080039  -0.0000021826   0.0002454214   0.0000015078  -0.0000015605
        0.0003978990  -0.0000000052  -0.0000179676  -0.0688492594  -0.0000151770
        0.0000033210   0.0019963835   0.0000013276  -0.0148578888  -0.2033065536
        0.1070705003   0.0148587603  -0.2034191641  -0.1070272405   0.0212450521
       -0.0012061281  -0.0129050659  -0.0212362314  -0.0011973792   0.0129002561
        0.0005208610   0.0003007450  -0.0001220052  -0.0005213419   0.0003009988
        0.0001221360  -0.0168808504  -0.0010612082  -0.0179837254   0.0168738292
       -0.0010509027   0.0179769773
       -0.0060367334  -0.0000114820   0.4995534244   0.0567555704  -0.0000080166
       -0.0948040784  -0.0097086344   0.0000017199   0.0062029601  -0.0062346359
        0.0000000710   0.0003517312  -0.0718101676  -0.0000150613  -0.1314327352
        0.0105354151   0.0000011055   0.0069148674   0.0111523367   0.1082710141
       -0.1196580466   0.0111414294  -0.1082278809  -0.1195466152   0.0165502780
       -0.0024887974  -0.0100701484   0.0165614574   0.0024837069  -0.0100781862
       -0.0009612779  -0.0003691539   0.0005384433  -0.0009610302   0.0003692642
        0.0005382585  -0.0134876590  -0.0028237304  -0.0142495515  -0.0134963486
        0.0028172409  -0.0142603234
       -0.1526736631   0.0000159786   0.0567555704   0.4362737037  -0.0000000235
       -0.0060367329  -0.1188716410  -0.0000181859  -0.0728303689  -0.0333935993
       -0.0000007375  -0.0048452971  -0.0298867592   0.0000017540   0.0055101378
       -0.0034209014  -0.0000004745  -0.0022202384  -0.0063175918  -0.0024364781
        0.0050226151  -0.0063168661   0.0024391879   0.0050209960  -0.0414427554
        0.0141704463   0.0099120973  -0.0414433371  -0.0141696444   0.0099223808
       -0.0020482741   0.0020507703  -0.0036578521  -0.0020488009  -0.0020529019
       -0.0036572946   0.0007952297   0.0000543836   0.0005519562   0.0007952558
       -0.0000540749   0.0005520305
        0.0000160197  -0.0670698776  -0.0000080166  -0.0000000235   0.5439190258
       -0.0000116102  -0.0000183226  -0.0688492595  -0.0000155023   0.0000033780
        0.0019963835   0.0000013637  -0.0000021073   0.0002454213   0.0000014769
       -0.0000015612   0.0003978995  -0.0000000000  -0.0212362687  -0.0011973843
        0.0129002628   0.0212450145  -0.0012061225  -0.0129050608   0.0148590913
       -0.2034199067  -0.1070269413  -0.0148575565  -0.2033058123   0.1070707965
        0.0168737455  -0.0010507859   0.0179769041  -0.0168809328  -0.0010613251
       -0.0179837983  -0.0005213396   0.0003010044   0.0001221336   0.0005208633
        0.0003007393  -0.0001220080
        0.0567555698  -0.0000080039  -0.0948040784  -0.0060367329  -0.0000116102
        0.4995534253  -0.0718101693  -0.0000154030  -0.1314327376   0.0105354175
        0.0000011232   0.0069148656  -0.0097086350   0.0000017349   0.0062029611
       -0.0062346344   0.0000000733   0.0003517308   0.0165614173   0.0024836995
       -0.0100781594   0.0165503168  -0.0024888056  -0.0100701773   0.0111415574
       -0.1082275943  -0.1195458557   0.0111522052   0.1082712995  -0.1196588054
       -0.0134964408   0.0028171721  -0.0142604341  -0.0134875638  -0.0028237980
       -0.0142494388  -0.0009610253   0.0003692659   0.0005382659  -0.0009612824
       -0.0003691533   0.0005384382
       -0.0298867614  -0.0000021826  -0.0097086344  -0.1188716410  -0.0000183226
       -0.0718101693   0.3114374364   0.0000170042   0.0523693862  -0.0868470120
        0.0000116239   0.0390888833  -0.0032587100   0.0000002655   0.0008772512
       -0.0015156305   0.0000000548  -0.0000060100   0.0001541492   0.0001954861
       -0.0007068912   0.0001541754  -0.0001958036  -0.0007067932  -0.0020123737
       -0.0018471807  -0.0023374777  -0.0020117963   0.0018458897  -0.0023380269
       -0.0335641861  -0.0016618911  -0.0024056256  -0.0335639242   0.0016549620
       -0.0024102056  -0.0001068755   0.0000915069   0.0000471317  -0.0001068503
       -0.0000914125   0.0000471815
        0.0000017403   0.0002454214   0.0000017199  -0.0000181859  -0.0688492595
       -0.0000154030   0.0000170042   0.5192930332  -0.0000226862   0.0000118427
       -0.0277233629  -0.0000064311   0.0000002640   0.0001729062  -0.0000003431
        0.0000003484   0.0001546547   0.0000000392  -0.0007409999   0.0003300946
       -0.0003152487   0.0007416629   0.0003304163   0.0003154664  -0.0183762506
       -0.0014533546  -0.0189558903   0.0183678456  -0.0014421792   0.0189481370
       -0.0038449683  -0.2105192878   0.1113069884   0.0038396326  -0.2106370336
       -0.1112564088   0.0001037893   0.0000490694   0.0000788911  -0.0001037253
        0.0000488819  -0.0000788308
        0.0055101375   0.0000015078   0.0062029601  -0.0728303689  -0.0000155023
       -0.1314327376   0.0523693862  -0.0000226862   0.4372153344   0.0409892287
       -0.0000066373  -0.0494393106   0.0008772512  -0.0000003391  -0.0009739364
        0.0013408058  -0.0000000116   0.0003143736   0.0010817534  -0.0003350636
        0.0007306842   0.0010813573   0.0003353042   0.0007303005  -0.0157573978
       -0.0034196928  -0.0161099929  -0.0157670077   0.0034124199  -0.0161217749
        0.0003797815   0.1105381283  -0.1158039487   0.0003740485  -0.1104874853
       -0.1156854299   0.0001755060   0.0001218314   0.0001867138   0.0001755183
       -0.0001217735   0.0001867643
       -0.0034209021  -0.0000015605  -0.0062346359  -0.0333935993   0.0000033780
        0.0105354175  -0.0868470120   0.0000118427   0.0409892287   0.1485265968
       -0.0000201215  -0.0667218025  -0.0015156305   0.0000003369   0.0013408058
        0.0000949204  -0.0000001958  -0.0003805857   0.0004856737   0.0000023855
        0.0000794304   0.0004856011  -0.0000023550   0.0000794535   0.0010021619
       -0.0007808932  -0.0003272165   0.0010021933   0.0007808826  -0.0003274917
       -0.0131755702  -0.0033917212   0.0104593348  -0.0131750043   0.0033980391
        0.0104573324  -0.0000346767  -0.0000545532   0.0000253667  -0.0000347522
        0.0000545356   0.0000253625
       -0.0000004884   0.0003978990   0.0000000710  -0.0000007375   0.0019963835
        0.0000011232   0.0000116239  -0.0277233629  -0.0000066373  -0.0000201215
        0.0207217829   0.0000113920   0.0000000527   0.0001546544  -0.0000000097
       -0.0000001968   0.0000085260  -0.0000000276   0.0001645976   0.0000525633
       -0.0000587562  -0.0001648194   0.0000527228   0.0000587080  -0.0002284926
        0.0000291416   0.0003540859   0.0002283119   0.0000287307  -0.0003536392
       -0.0160776535   0.0021387669   0.0092128451   0.0160878550   0.0021327334
       -0.0092191407   0.0000321949   0.0000047549   0.0000347596  -0.0000321263
        0.0000047035  -0.0000347738
       -0.0022202390  -0.0000000052   0.0003517312  -0.0048452971   0.0000013637
        0.0069148656   0.0390888833  -0.0000064311  -0.0494393106  -0.0667218025
        0.0000113920   0.0597217695  -0.0000060096   0.0000000391   0.0003143735
       -0.0003805859  -0.0000000274  -0.0000356259  -0.0003397067  -0.0000912375
       -0.0001046603  -0.0003396014   0.0000911276  -0.0001047380  -0.0002827772
        0.0005451979   0.0009031251  -0.0002827800  -0.0005447627   0.0009036504
        0.0181598163   0.0014662872  -0.0097170934   0.0181512225  -0.0014729834
       -0.0097112584   0.0000094383   0.0000177848   0.0000015870   0.0000094392
       -0.0000177451   0.0000015844
       -0.1188716468  -0.0000179676  -0.0718101676  -0.0298867592  -0.0000021073
       -0.0097086350  -0.0032587100   0.0000002640   0.0008772512  -0.0015156305
        0.0000000527  -0.0000060096   0.3114374359   0.0000165273   0.0523693924
       -0.0868470126   0.0000113230   0.0390888798  -0.0020117794   0.0018459098
       -0.0023379838  -0.0020123916  -0.0018471618  -0.0023375227   0.0001541782
       -0.0001958014  -0.0007067847   0.0001541466   0.0001954881  -0.0007068991
       -0.0001068483  -0.0000914128   0.0000471838  -0.0001068774   0.0000915066
        0.0000471298  -0.0335639287   0.0016551142  -0.0024101130  -0.0335641762
       -0.0016617348  -0.0024057214
       -0.0000177780  -0.0688492594  -0.0000150613   0.0000017540   0.0002454213
        0.0000017349   0.0000002655   0.0001729062  -0.0000003391   0.0000003369
        0.0001546544   0.0000000391   0.0000165273   0.5192930594  -0.0000221318
        0.0000115398  -0.0277233646  -0.0000062627   0.0183679100  -0.0014422975
        0.0189482038  -0.0183761882  -0.0014532365  -0.0189558232   0.0007416537
        0.0003304076   0.0003154657  -0.0007410086   0.0003301040  -0.0003152486
       -0.0001037250   0.0000488792  -0.0000788330   0.0001037893   0.0000490712
        0.0000788895   0.0038397595  -0.2106356042  -0.1112570254  -0.0038448362
       -0.2105207412   0.1113063919
       -0.0728303690  -0.0000151770  -0.1314327352   0.0055101378   0.0000014769
        0.0062029611   0.0008772512  -0.0000003431  -0.0009739364   0.0013408058
       -0.0000000097   0.0003143735   0.0523693924  -0.0000221318   0.4372153484
        0.0409892274  -0.0000064677  -0.0494393082  -0.0157669310   0.0034125035
       -0.0161216796  -0.0157574769  -0.0034196100  -0.0161100887   0.0010813562
        0.0003353018   0.0007302953   0.0010817543  -0.0003350661   0.0007306893
        0.0001755191  -0.0001217733   0.0001867643   0.0001755051   0.0001218316
        0.0001867135   0.0003741588  -0.1104880839  -0.1156868820   0.0003796689
        0.1105375488  -0.1158025155
       -0.0333935920   0.0000033210   0.0105354151  -0.0034209014  -0.0000015612
       -0.0062346344  -0.0015156305   0.0000003484   0.0013408058   0.0000949204
       -0.0000001968  -0.0003805859  -0.0868470126   0.0000115398   0.0409892274
        0.1485265946  -0.0000196106  -0.0667218014   0.0010021952   0.0007808797
       -0.0003274877   0.0010021594  -0.0007808956  -0.0003272209   0.0004855947
       -0.0000023527   0.0000794565   0.0004856805   0.0000023881   0.0000794269
       -0.0000347522   0.0000545360   0.0000253613  -0.0000346766  -0.0000545528
        0.0000253677  -0.0131750132   0.0033979590   0.0104573573  -0.0131755663
       -0.0033918022   0.0104593123
       -0.0000007220   0.0019963835   0.0000011055  -0.0000004745   0.0003978995
        0.0000000733   0.0000000548   0.0001546547  -0.0000000116  -0.0000001958
        0.0000085260  -0.0000000274   0.0000113230  -0.0277233646  -0.0000064677
       -0.0000196106   0.0207217856   0.0000110906   0.0002283183   0.0000287359
       -0.0003536448  -0.0002284858   0.0000291354   0.0003540803  -0.0001648190
        0.0000527245   0.0000587068   0.0001645976   0.0000525620  -0.0000587572
       -0.0000321255   0.0000047019  -0.0000347726   0.0000321950   0.0000047570
        0.0000347608   0.0160877272   0.0021328111  -0.0092190618  -0.0160777827
        0.0021386875   0.0092129258
       -0.0048452972   0.0000013276   0.0069148674  -0.0022202384  -0.0000000000
        0.0003517308  -0.0000060100   0.0000000392   0.0003143736  -0.0003805857
       -0.0000000276  -0.0000356259   0.0390888798  -0.0000062627  -0.0494393082
       -0.0667218014   0.0000110906   0.0597217662  -0.0002827849  -0.0005447676
        0.0009036520  -0.0002827717   0.0005451929   0.0009031233  -0.0003395999
        0.0000911269  -0.0001047382  -0.0003397079  -0.0000912384  -0.0001046598
        0.0000094384  -0.0000177445   0.0000015839   0.0000094385   0.0000177856
        0.0000015875   0.0181513216  -0.0014728963  -0.0097113247   0.0181597189
        0.0014663742  -0.0097170279
       -0.0414433800  -0.0148578888   0.0111523367  -0.0063175918  -0.0212362687
        0.0165614173   0.0001541492  -0.0007409999   0.0010817534   0.0004856737
        0.0001645976  -0.0003397067  -0.0020117794   0.0183679100  -0.0157669310
        0.0010021952   0.0002283183  -0.0002827849   0.0537681083   0.0161251690
       -0.0106197540   0.0015548385   0.0017334982  -0.0010129727   0.0008181480
       -0.0003474665  -0.0002538598  -0.0048513506  -0.0003969255   0.0030318940
       -0.0007190924   0.0003520014  -0.0002943073  -0.0000316169   0.0000199299
       -0.0000667059   0.0005765208   0.0003695823   0.0005249355  -0.0029848226
        0.0002185428  -0.0037153146
       -0.0141699884  -0.2033065536   0.1082710141  -0.0024364781  -0.0011973843
        0.0024836995   0.0001954861   0.0003300946  -0.0003350636   0.0000023855
        0.0000525633  -0.0000912375   0.0018459098  -0.0014422975   0.0034125035
        0.0007808797   0.0000287359  -0.0005447676   0.0161251690   0.2301158286
       -0.1266307459  -0.0017348286  -0.0280697683   0.0134308661   0.0003473302
        0.0007370385  -0.0003948930  -0.0003969220   0.0009612503   0.0004763686
       -0.0003274853   0.0003273334  -0.0001011370   0.0000117174  -0.0003779190
       -0.0000074736  -0.0003702186   0.0007921246  -0.0005138911   0.0001270433
        0.0010489532   0.0005447575
        0.0099225011   0.1070705003  -0.1196580466   0.0050226151   0.0129002628
       -0.0100781594  -0.0007068912  -0.0003152487   0.0007306842   0.0000794304
       -0.0000587562  -0.0001046603  -0.0023379838   0.0189482038  -0.0161216796
       -0.0003274877  -0.0003536448   0.0009036520  -0.0106197540  -0.1266307459
        0.1399956024  -0.0010124176  -0.0134113981   0.0089756965  -0.0002540773
        0.0003942953  -0.0001291418   0.0030319017   0.0004763799  -0.0016759772
        0.0000849593  -0.0000030170   0.0002418681   0.0000008521  -0.0000320353
       -0.0000321547   0.0005143426   0.0007016091   0.0001765265  -0.0033979907
        0.0003135949  -0.0032242100
       -0.0414427139   0.0148587603   0.0111414294  -0.0063168661   0.0212450145
        0.0165503168   0.0001541754   0.0007416629   0.0010813573   0.0004856011
       -0.0001648194  -0.0003396014  -0.0020123916  -0.0183761882  -0.0157574769
        0.0010021594  -0.0002284858  -0.0002827717   0.0015548385  -0.0017348286
       -0.0010124176   0.0537675396  -0.0161257542  -0.0106075834  -0.0048513284
        0.0003986166   0.0030317295   0.0008181375   0.0003473251  -0.0002540781
       -0.0000316244  -0.0000199029  -0.0000666491  -0.0007190885  -0.0003520301
       -0.0002941327  -0.0029848432  -0.0002204491  -0.0037151901   0.0005764046
       -0.0003689211   0.0005250683
        0.0141701024  -0.2034191641  -0.1082278809   0.0024391879  -0.0012061225
       -0.0024888056  -0.0001958036   0.0003304163   0.0003353042  -0.0000023550
        0.0000527228   0.0000911276  -0.0018471618  -0.0014532365  -0.0034196100
       -0.0007808956   0.0000291354   0.0005451929   0.0017334982  -0.0280697683
       -0.0134113981  -0.0161257542   0.2302481060   0.1265838460   0.0003986203
        0.0009607066  -0.0004778767  -0.0003474621   0.0007370226   0.0003942884
       -0.0000116461  -0.0003778561   0.0000077241   0.0003276016   0.0003273360
        0.0001011394  -0.0001287650   0.0010484786  -0.0005469146   0.0003708331
        0.0007922230   0.0005138631
        0.0099119778  -0.1070272405  -0.1195466152   0.0050209960  -0.0129050608
       -0.0100701773  -0.0007067932   0.0003154664   0.0007303005   0.0000794535
        0.0000587080  -0.0001047380  -0.0023375227  -0.0189558232  -0.0161100887
       -0.0003272209   0.0003540803   0.0009031233  -0.0010129727   0.0134308661
        0.0089756965  -0.0106075834   0.1265838460   0.1398644686   0.0030317217
       -0.0004778657  -0.0016753680  -0.0002538608  -0.0003948865  -0.0001291431
        0.0000007901   0.0000322886  -0.0000321862   0.0000847529   0.0000030650
        0.0002416918  -0.0033978941  -0.0003158137  -0.0032236635   0.0005141559
       -0.0007016299   0.0001766991
       -0.0063169044   0.0212450521   0.0165502780  -0.0414427554   0.0148590913
        0.0111415574  -0.0020123737  -0.0183762506  -0.0157573978   0.0010021619
       -0.0002284926  -0.0002827772   0.0001541782   0.0007416537   0.0010813562
        0.0004855947  -0.0001648190  -0.0003395999   0.0008181480   0.0003473302
       -0.0002540773  -0.0048513284   0.0003986203   0.0030317217   0.0537675967
       -0.0161260954  -0.0106077655   0.0015548382  -0.0017347789  -0.0010123871
        0.0005763977  -0.0003689128   0.0005250684  -0.0029848455  -0.0002204705
       -0.0037151915  -0.0007190857  -0.0003520204  -0.0002941386  -0.0000316223
       -0.0000199074  -0.0000666466
        0.0024391720  -0.0012061281  -0.0024887974   0.0141704463  -0.2034199067
       -0.1082275943  -0.0018471807  -0.0014533546  -0.0034196928  -0.0007808932
        0.0000291416   0.0005451979  -0.0001958014   0.0003304076   0.0003353018
       -0.0000023527   0.0000527245   0.0000911269  -0.0003474665   0.0007370385
        0.0003942953   0.0003986166   0.0009607066  -0.0004778657  -0.0161260954
        0.2302489649   0.1265835175   0.0017335485  -0.0280697679  -0.0134112654
        0.0003708368   0.0007922170   0.0005138569  -0.0001287860   0.0010484712
       -0.0005469423   0.0003276085   0.0003273347   0.0001011401  -0.0000116529
       -0.0003778492   0.0000077215
        0.0050210186  -0.0129050659  -0.0100701484   0.0099120973  -0.1070269413
       -0.1195458557  -0.0023374777  -0.0189558903  -0.0161099929  -0.0003272165
        0.0003540859   0.0009031251  -0.0007067847   0.0003154657   0.0007302953
        0.0000794565   0.0000587068  -0.0001047382  -0.0002538598  -0.0003948930
       -0.0001291418   0.0030317295  -0.0004778767  -0.0016753680  -0.0106077655
        0.1265835175   0.1398635859  -0.0010130038   0.0134309976   0.0089756963
        0.0005141521  -0.0007016268   0.0001766977  -0.0033978861  -0.0003158316
       -0.0032236600   0.0000847491   0.0000030640   0.0002416932   0.0000007912
        0.0000322880  -0.0000321886
       -0.0063175553  -0.0212362314   0.0165614574  -0.0414433371  -0.0148575565
        0.0111522052  -0.0020117963   0.0183678456  -0.0157670077   0.0010021933
        0.0002283119  -0.0002827800   0.0001541466  -0.0007410086   0.0010817543
        0.0004856805   0.0001645976  -0.0003397079  -0.0048513506  -0.0003969220
        0.0030319017   0.0008181375  -0.0003474621  -0.0002538608   0.0015548382
        0.0017335485  -0.0010130038   0.0537680511   0.0161248266  -0.0106195703
       -0.0029848195   0.0002185206  -0.0037153126   0.0005765254   0.0003695925
        0.0005249334  -0.0000316189   0.0000199260  -0.0000667083  -0.0007190948
        0.0003520113  -0.0002943006
       -0.0024364932  -0.0011973792   0.0024837069  -0.0141696444  -0.2033058123
        0.1082712995   0.0018458897  -0.0014421792   0.0034124199   0.0007808826
        0.0000287307  -0.0005447627   0.0001954881   0.0003301040  -0.0003350661
        0.0000023881   0.0000525620  -0.0000912384  -0.0003969255   0.0009612503
        0.0004763799   0.0003473251   0.0007370226  -0.0003948865  -0.0017347789
       -0.0280697679   0.0134309976   0.0161248266   0.2301149696  -0.1266310730
        0.0001270226   0.0010489605   0.0005447300  -0.0003702130   0.0007921308
       -0.0005138949   0.0000117104  -0.0003779260  -0.0000074760  -0.0003274779
        0.0003273342  -0.0001011361
        0.0050225914   0.0129002561  -0.0100781862   0.0099223808   0.1070707965
       -0.1196588054  -0.0023380269   0.0189481370  -0.0161217749  -0.0003274917
       -0.0003536392   0.0009036504  -0.0007068991  -0.0003152486   0.0007306893
        0.0000794269  -0.0000587572  -0.0001046598   0.0030318940   0.0004763686
       -0.0016759772  -0.0002540781   0.0003942884  -0.0001291431  -0.0010123871
       -0.0134112654   0.0089756963  -0.0106195703  -0.1266310730   0.1399964859
       -0.0033979981   0.0003135766  -0.0032242138   0.0005143437   0.0007016137
        0.0001765248   0.0000008508  -0.0000320359  -0.0000321531   0.0000849635
       -0.0000030175   0.0002418668
        0.0007952581   0.0005208610  -0.0009612779  -0.0020482741   0.0168737455
       -0.0134964408  -0.0335641861  -0.0038449683   0.0003797815  -0.0131755702
       -0.0160776535   0.0181598163  -0.0001068483  -0.0001037250   0.0001755191
       -0.0000347522  -0.0000321255   0.0000094384  -0.0007190924  -0.0003274853
        0.0000849593  -0.0000316244  -0.0000116461   0.0000007901   0.0005763977
        0.0003708368   0.0005141521  -0.0029848195   0.0001270226  -0.0033979981
        0.0493391381   0.0028015832  -0.0010654573   0.0018282528  -0.0002190919
       -0.0005163553   0.0000302450   0.0000150385   0.0000042566   0.0000958756
       -0.0000923919   0.0001088161
       -0.0000540719   0.0003007450  -0.0003691539   0.0020507703  -0.0010507859
        0.0028171721  -0.0016618911  -0.2105192878   0.1105381283  -0.0033917212
        0.0021387669   0.0014662872  -0.0000914128   0.0000488792  -0.0001217733
        0.0000545360   0.0000047019  -0.0000177445   0.0003520014   0.0003273334
       -0.0000030170  -0.0000199029  -0.0003778561   0.0000322886  -0.0003689128
        0.0007922170  -0.0007016268   0.0002185206   0.0010489605   0.0003135766
        0.0028015832   0.2331491136  -0.1265579273   0.0002180028  -0.0258934083
        0.0126595327  -0.0000151100   0.0000251427  -0.0000141310  -0.0000923916
        0.0000054779  -0.0000416118
        0.0005520378  -0.0001220052   0.0005384433  -0.0036578521   0.0179769041
       -0.0142604341  -0.0024056256   0.1113069884  -0.1158039487   0.0104593348
        0.0092128451  -0.0097170934   0.0000471838  -0.0000788330   0.0001867643
        0.0000253613  -0.0000347726   0.0000015839  -0.0002943073  -0.0001011370
        0.0002418681  -0.0000666491   0.0000077241  -0.0000321862   0.0005250684
        0.0005138569   0.0001766977  -0.0037153126   0.0005447300  -0.0032242138
       -0.0010654573  -0.1265579273   0.1331794077  -0.0005168232  -0.0126408712
        0.0087621122   0.0000042230   0.0000141115  -0.0000448530   0.0001088182
       -0.0000416139  -0.0000041479
        0.0007952275  -0.0005213419  -0.0009610302  -0.0020488009  -0.0168809328
       -0.0134875638  -0.0335639242   0.0038396326   0.0003740485  -0.0131750043
        0.0160878550   0.0181512225  -0.0001068774   0.0001037893   0.0001755051
       -0.0000346766   0.0000321950   0.0000094385  -0.0000316169   0.0000117174
        0.0000008521  -0.0007190885   0.0003276016   0.0000847529  -0.0029848455
       -0.0001287860  -0.0033978861   0.0005765254  -0.0003702130   0.0005143437
        0.0018282528   0.0002180028  -0.0005168232   0.0493387371  -0.0027967335
       -0.0010599036   0.0000958486   0.0000923239   0.0001088227   0.0000302430
       -0.0000151104   0.0000042211
        0.0000543876   0.0003009988   0.0003692642  -0.0020529019  -0.0010613251
       -0.0028237980   0.0016549620  -0.2106370336  -0.1104874853   0.0033980391
        0.0021327334  -0.0014729834   0.0000915066   0.0000490712   0.0001218316
       -0.0000545528   0.0000047570   0.0000177856   0.0000199299  -0.0003779190
       -0.0000320353  -0.0003520301   0.0003273360   0.0000030650  -0.0002204705
        0.0010484712  -0.0003158316   0.0003695925   0.0007921308   0.0007016137
       -0.0002190919  -0.0258934083  -0.0126408712  -0.0027967335   0.2332834077
        0.1265037774   0.0000923247   0.0000056367   0.0000415561   0.0000150382
        0.0000251431   0.0000141111
        0.0005519503   0.0001221360   0.0005382585  -0.0036572946  -0.0179837983
       -0.0142494388  -0.0024102056  -0.1112564088  -0.1156854299   0.0104573324
       -0.0092191407  -0.0097112584   0.0000471298   0.0000788895   0.0001867135
        0.0000253677   0.0000347608   0.0000015875  -0.0000667059  -0.0000074736
       -0.0000321547  -0.0002941327   0.0001011394   0.0002416918  -0.0037151915
       -0.0005469423  -0.0032236600   0.0005249334  -0.0005138949   0.0001765248
       -0.0005163553   0.0126595327   0.0087621122  -0.0010599036   0.1265037774
        0.1330439877   0.0001088205   0.0000415535  -0.0000040809   0.0000042552
       -0.0000141308  -0.0000448535
       -0.0020487942  -0.0168808504  -0.0134876590   0.0007952297  -0.0005213396
       -0.0009610253  -0.0001068755   0.0001037893   0.0001755060  -0.0000346767
        0.0000321949   0.0000094383  -0.0335639287   0.0038397595   0.0003741588
       -0.0131750132   0.0160877272   0.0181513216   0.0005765208  -0.0003702186
        0.0005143426  -0.0029848432  -0.0001287650  -0.0033978941  -0.0007190857
        0.0003276085   0.0000847491  -0.0000316189   0.0000117104   0.0000008508
        0.0000302450  -0.0000151100   0.0000042230   0.0000958486   0.0000923247
        0.0001088205   0.0493387391  -0.0027968567  -0.0010600193   0.0018282528
        0.0002180258  -0.0005168131
       -0.0020528865  -0.0010612082  -0.0028237304   0.0000543836   0.0003010044
        0.0003692659   0.0000915069   0.0000490694   0.0001218314  -0.0000545532
        0.0000047549   0.0000177848   0.0016551142  -0.2106356042  -0.1104880839
        0.0033979590   0.0021328111  -0.0014728963   0.0003695823   0.0007921246
        0.0007016091  -0.0002204491   0.0010484786  -0.0003158137  -0.0003520204
        0.0003273347   0.0000030640   0.0000199260  -0.0003779260  -0.0000320359
        0.0000150385   0.0000251427   0.0000141115   0.0000923239   0.0000056367
        0.0000415535  -0.0027968567   0.2332817909   0.1265044357  -0.0002190685
       -0.0258934097  -0.0126410957
       -0.0036572915  -0.0179837254  -0.0142495515   0.0005519562   0.0001221336
        0.0005382659   0.0000471317   0.0000788911   0.0001867138   0.0000253667
        0.0000347596   0.0000015870  -0.0024101130  -0.1112570254  -0.1156868820
        0.0104573573  -0.0092190618  -0.0097113247   0.0005249355  -0.0005138911
        0.0001765265  -0.0037151901  -0.0005469146  -0.0032236635  -0.0002941386
        0.0001011401   0.0002416932  -0.0000667083  -0.0000074760  -0.0000321531
        0.0000042566  -0.0000141310  -0.0000448530   0.0001088227   0.0000415561
       -0.0000040809  -0.0010600193   0.1265044357   0.1330456097  -0.0005163658
        0.0126593091   0.0087621126
       -0.0020482822   0.0168738292  -0.0134963486   0.0007952558   0.0005208633
       -0.0009612824  -0.0001068503  -0.0001037253   0.0001755183  -0.0000347522
       -0.0000321263   0.0000094392  -0.0335641762  -0.0038448362   0.0003796689
       -0.0131755663  -0.0160777827   0.0181597189  -0.0029848226   0.0001270433
       -0.0033979907   0.0005764046   0.0003708331   0.0005141559  -0.0000316223
       -0.0000116529   0.0000007912  -0.0007190948  -0.0003274779   0.0000849635
        0.0000958756  -0.0000923916   0.0001088182   0.0000302430   0.0000150382
        0.0000042552   0.0018282528  -0.0002190685  -0.0005163658   0.0493391350
        0.0028014543  -0.0010653418
        0.0020507853  -0.0010509027   0.0028172409  -0.0000540749   0.0003007393
       -0.0003691533  -0.0000914125   0.0000488819  -0.0001217735   0.0000545356
        0.0000047035  -0.0000177451  -0.0016617348  -0.2105207412   0.1105375488
       -0.0033918022   0.0021386875   0.0014663742   0.0002185428   0.0010489532
        0.0003135949  -0.0003689211   0.0007922230  -0.0007016299  -0.0000199074
       -0.0003778492   0.0000322880   0.0003520113   0.0003273342  -0.0000030175
       -0.0000923919   0.0000054779  -0.0000416139  -0.0000151104   0.0000251431
       -0.0000141308   0.0002180258  -0.0258934097   0.0126593091   0.0028014543
        0.2331507592  -0.1265572920
       -0.0036578542   0.0179769773  -0.0142603234   0.0005520305  -0.0001220080
        0.0005384382   0.0000471815  -0.0000788308   0.0001867643   0.0000253625
       -0.0000347738   0.0000015844  -0.0024057214   0.1113063919  -0.1158025155
        0.0104593123   0.0092129258  -0.0097170279  -0.0037153146   0.0005447575
       -0.0032242100   0.0005250683   0.0005138631   0.0001766991  -0.0000666466
        0.0000077215  -0.0000321886  -0.0002943006  -0.0001011361   0.0002418668
        0.0001088161  -0.0000416118  -0.0000041479   0.0000042211   0.0000141111
       -0.0000448535  -0.0005168131  -0.0126410957   0.0087621126  -0.0010653418
       -0.1265572920   0.1331778013
