           1           2   1.00533220158310     
           2           3   1.70499273417153     
           2           4   1.13442584675265     
           3           4  0.163680380548477     
           4           5  0.946266547938812     
           5           6  0.985234010846977     
           6           7  0.946317581678626     
           7           8   1.13416634049138     
           7           9  0.163567395336996     
           8           9   1.70526572909253     
           8          10   1.00534851610994     
           1          11  0.959320531322686     
           1          12  0.976856964956892     
           1          13  0.941804276249475     
           5          14  0.966052311661790     
           5          15  0.966763900415402     
           6          16  0.966776734278761     
           6          17  0.966048057766101     
          10          18  0.975863086598803     
          10          19  0.961438499732215     
          10          20  0.940717411289298     
