           1           2   1.01849459354526     
           2           3   1.00492703814266     
           3           4  0.975462699223106     
           4           5  0.979620199252904     
           5           6   1.69634017571802     
           5           7   1.16398174227753     
           6           7  0.170665377003824     
           7           8  0.938095041215704     
           1           9  0.986028948457737     
           1          10  0.987565108316154     
           1          11  0.987416306512698     
           2          12  0.977743940875000     
           2          13  0.977633979522374     
           3          14  0.977143816955250     
           3          15  0.977627416185728     
           4          16  0.971262113881241     
           4          17  0.960303645813248     
           8          18  0.976610442799262     
           8          19  0.975781492500155     
           8          20  0.976690059247217     
