*************************************************
******************* ORCA 6.0.0 ******************
*************************************************
$Calculation_Status
   &GeometryIndex 1
   &ListStatus       OUT
   &VERSION [&Type "String"] "6.0.0"
   &PROGNAME [&Type "String"] "LeanSCF"
   &STATUS [&Type "String"] "NORMAL TERMINATION"
$End
$Geometry
   &GeometryIndex 1
   &ListStatus       OUT
   &NATOMS [&Type "Integer"] 33
   &NCORELESSECP [&Type "Integer"] 0
   &NGHOSTATOMS [&Type "Integer"] 0
   &CartesianCoordinates [&Type "Coordinates", &Dim(33,4), &Units "Bohr"] 
              C     -8.075659075395   -0.310655126528   -3.229590587793
              C     -6.502138004306   -0.388005611125   -0.876491792967
              C     -7.596848915347   -1.082909279372    1.403377233093
              C     -6.195516011796   -1.122987349378    3.610312147300
              C     -3.656619034135   -0.531313493269    3.536423318782
              C     -2.514005403736    0.116193805847    1.257301897104
              C     -3.941213489901    0.262732912755   -0.963202168017
              C     -2.794110271208    1.160129257971   -3.392680416202
              N      0.080664533601    0.709005253468    1.291501904051
              C      1.915777924104   -0.462669889897   -0.046457915448
              C      1.375435481317   -2.616976080374   -1.510305913906
              C      3.216317433186   -3.791098565157   -2.906825238830
              C      5.691536432711   -2.882340362503   -2.904882281756
              C      6.287314021495   -0.823036414019   -1.445331742569
              C      4.450214665831    0.415391959730    0.012473999818
              C      5.197628968254    2.548382960468    1.573275166129
              O      3.806226264866    3.709105274404    3.031178499454
              O      7.619902755740    3.220945832636    1.347319494712
              H     -9.950155118765   -1.065105125012   -2.866239415852
              H     -8.274868055953    1.625371030554   -3.900432061560
              H     -7.196643005534   -1.408758829948   -4.729234593908
              H     -9.576330874075   -1.576785675975    1.455096750432
              H     -7.075584022465   -1.633786403760    5.377868713474
              H     -2.524923974130   -0.578620122706    5.233478880538
              H     -0.963332775872    2.029485718877   -3.068210794104
              H     -2.540323731853   -0.399652882972   -4.712406294880
              H     -4.026895220310    2.544172944683   -4.281632571967
              H      0.675617449301    2.000301881293    2.577636763650
              H     -0.523236941722   -3.356158302066   -1.475452728224
              H      2.747084977394   -5.444823212731   -4.005060839465
              H      7.126721728087   -3.807438795546   -4.015909903276
              H      8.199001333482   -0.118870404495   -1.382397493176
              H      8.014525549626    4.649396734988    2.442900216457
$End
$SCF_Energy
   &GeometryIndex 1
   &ListStatus       OUT
   &SCF_ENERGY [&Type "Double"]      -7.8568953232911622e+02
$End
$DFT_Energy
   &GeometryIndex 1
   &ListStatus       OUT
   &NALPHAEL [&Type "Integer"] 64
   &NBETAEL [&Type "Integer"] 64
   &NTOTALEL [&Type "Integer"] 127
   &EEXCHANGE [&Type "Double"]      -1.0677974128788181e+02
   &ECORR [&Type "Double"]      -4.1855385858110834e+00
   &ECNL [&Type "Double"]       0.0000000000000000e+00
   &EXC [&Type "Double"]      -1.1096527987369289e+02
   &EEMBED [&Type "Double"]       0.0000000000000000e+00
   &FINALEN [&Type "Double"]      -7.8568953232911622e+02  "No Van der Waals correction"
$End
$Mulliken_Population_Analysis
   &GeometryIndex 1
   &ListStatus       OUT
   &NATOMS [&Type "Integer"] 33
   &ATNO [&Type "ArrayOfIntegers", &Dim (33,1)] 
                                                         0

0                                                        6
1                                                        6
2                                                        6
3                                                        6
4                                                        6
5                                                        6
6                                                        6
7                                                        6
8                                                        7
9                                                        6
10                                                       6
11                                                       6
12                                                       6
13                                                       6
14                                                       6
15                                                       6
16                                                       8
17                                                       8
18                                                       1
19                                                       1
20                                                       1
21                                                       1
22                                                       1
23                                                       1
24                                                       1
25                                                       1
26                                                       1
27                                                       1
28                                                       1
29                                                       1
30                                                       1
31                                                       1
32                                                       1
   &ATOMICCHARGES [&Type "ArrayOfDoubles", &Dim (33,1)] 
                                                         0

0                                     -5.7130887090845750e-01
1                                      2.4344464232926999e-01
2                                     -2.6158044390848101e-01
3                                     -1.2495058792953095e-01
4                                     -3.5940868909232648e-01
5                                      2.7636909226300244e-01
6                                     -6.7489157215261386e-02
7                                     -6.5863603852597929e-01
8                                      5.7379823096566085e-03
9                                      1.5597993377167718e-01
10                                    -2.2202284414963991e-01
11                                    -1.3379223473630031e-01
12                                    -1.9050939179917670e-01
13                                    -1.8103970086841503e-01
14                                    -1.1135947321603901e-01
15                                     2.8907904399403961e-01
16                                    -4.5695704567697604e-01
17                                    -3.5045101481681051e-01
18                                     1.5105364860433967e-01
19                                     1.7466825341957026e-01
20                                     1.5866710089617797e-01
21                                     1.4548156683040681e-01
22                                     1.4625139155548905e-01
23                                     1.5289689660154981e-01
24                                     1.8857513631354506e-01
25                                     1.9689082377615574e-01
26                                     1.4978321272188100e-01
27                                     2.8933025674222068e-01
28                                     1.6559204458990695e-01
29                                     1.4677950489466629e-01
30                                     1.4627708944961593e-01
31                                     1.7437538113720652e-01
32                                     3.3227249064280584e-01
$End
$Loewdin_Population_Analysis
   &GeometryIndex 1
   &ListStatus       OUT
   &NATOMS [&Type "Integer"] 33
   &ATNO [&Type "ArrayOfIntegers", &Dim (33,1)] 
                                                         0

0                                                        6
1                                                        6
2                                                        6
3                                                        6
4                                                        6
5                                                        6
6                                                        6
7                                                        6
8                                                        7
9                                                        6
10                                                       6
11                                                       6
12                                                       6
13                                                       6
14                                                       6
15                                                       6
16                                                       8
17                                                       8
18                                                       1
19                                                       1
20                                                       1
21                                                       1
22                                                       1
23                                                       1
24                                                       1
25                                                       1
26                                                       1
27                                                       1
28                                                       1
29                                                       1
30                                                       1
31                                                       1
32                                                       1
   &ATOMICCHARGES [&Type "ArrayOfDoubles", &Dim (33,1)] 
                                                         0

0                                      3.2752310412121544e-07
1                                      4.6089120417650478e-06
2                                      6.2562112207449947e-07
3                                      3.1833408852805573e-06
4                                      2.5664305997445033e-06
5                                      2.3443592769784171e-05
6                                      9.6880086803021531e-06
7                                      6.8938468078749580e-06
8                                      1.1643502942180293e-04
9                                      1.2920379675275003e-04
10                                     3.0226178702033340e-05
11                                     1.8126254396762189e-06
12                                     7.6204252576666695e-06
13                                     7.0944292338905406e-05
14                                     7.6154519334239665e-05
15                                     5.5068858457435021e-04
16                                     9.4926024101387108e-01
17                                     4.9609695817432201e-02
18                                     1.2848157668153603e-09
19                                     9.6041056536982307e-10
20                                     1.0360921437974327e-08
21                                     3.6538565082796008e-09
22                                     3.7041787818464309e-08
23                                     2.7754256902381506e-07
24                                     3.2220508071749283e-07
25                                     7.4974962802762723e-09
26                                     3.9821792495637935e-09
27                                     8.7988039457230545e-05
28                                     2.0195286662006423e-08
29                                     1.2244135496210155e-08
30                                     4.3803536095580373e-08
31                                     1.5408949280946944e-06
32                                     5.3707344022362385e-06
$End
$Mayer_Population_Analysis
   &GeometryIndex 1
   &ListStatus       OUT
   &NATOMS [&Type "Integer"] 33 "Total number of atoms"
   &BONDTHRESH [&Type "Double"]       1.0000000000000001e-01  "The threshold for printing"
   &NBONDORDERSPRINT [&Type "Integer"] 35 "The number of bond orders larger than threshold"
   &BONDORDERS [&Type "ArrayOfDoubles", &Dim (35,1)] "The bond orders"
                                                         0

0                                      7.7117046265474565e-01
1                                      9.8823405710408352e-01
2                                      9.8655073435328289e-01
3                                      9.7012563297886301e-01
4                                      1.3949617031049282e+00
5                                      1.3848735838503006e+00
6                                      1.4289769622088839e+00
7                                      9.2652678443996384e-01
8                                      1.3738498532864434e+00
9                                      1.0226324370659166e-01
10                                     9.4668487685131419e-01
11                                     1.3601891063847493e+00
12                                     9.5620252047946874e-01
13                                     1.4234113360419445e+00
14                                     8.2002951198462815e-01
15                                     7.6516452322574813e-01
16                                     9.8969270944360810e-01
17                                     9.9111574097878707e-01
18                                     9.5755200756558900e-01
19                                     1.1828029412214311e+00
20                                     8.5304830411271571e-01
21                                     1.2173748922633816e+00
22                                     1.4029022627258112e+00
23                                     1.4542383860067638e+00
24                                     9.3896427103396674e-01
25                                     1.3142790734118233e+00
26                                     9.5045717368291338e-01
27                                     1.4172067184059489e+00
28                                     9.5423051512426815e-01
29                                     1.2273678663249254e+00
30                                     9.6204580477059598e-01
31                                     1.1642852405151944e+00
32                                     1.8441947314544083e+00
33                                     1.0787277648319011e+00
34                                     8.5978230950818535e-01
   &COMPONENTS [&Type "ArrayOfIntegers", &Dim (35,4)] "The indices and atomic numbers of the bonding atoms"
                                                         0                           1                           2                           3

0                                                        0                           6                           1                           6
1                                                        0                           6                          18                           1
2                                                        0                           6                          19                           1
3                                                        0                           6                          20                           1
4                                                        1                           6                           2                           6
5                                                        1                           6                           6                           6
6                                                        2                           6                           3                           6
7                                                        2                           6                          21                           1
8                                                        3                           6                           4                           6
9                                                        3                           6                           6                           6
10                                                       3                           6                          22                           1
11                                                       4                           6                           5                           6
12                                                       4                           6                          23                           1
13                                                       5                           6                           6                           6
14                                                       5                           6                           8                           7
15                                                       6                           6                           7                           6
16                                                       7                           6                          24                           1
17                                                       7                           6                          25                           1
18                                                       7                           6                          26                           1
19                                                       8                           7                           9                           6
20                                                       8                           7                          27                           1
21                                                       9                           6                          10                           6
22                                                       9                           6                          14                           6
23                                                      10                           6                          11                           6
24                                                      10                           6                          28                           1
25                                                      11                           6                          12                           6
26                                                      11                           6                          29                           1
27                                                      12                           6                          13                           6
28                                                      12                           6                          30                           1
29                                                      13                           6                          14                           6
30                                                      13                           6                          31                           1
31                                                      14                           6                          15                           6
32                                                      15                           6                          16                           8
33                                                      15                           6                          17                           8
34                                                      17                           8                          32                           1
   &ATNO [&Type "ArrayOfIntegers", &Dim (33,1)] "Atomic number of the elements"
                                                         0

0                                                        6
1                                                        6
2                                                        6
3                                                        6
4                                                        6
5                                                        6
6                                                        6
7                                                        6
8                                                        7
9                                                        6
10                                                       6
11                                                       6
12                                                       6
13                                                       6
14                                                       6
15                                                       6
16                                                       8
17                                                       8
18                                                       1
19                                                       1
20                                                       1
21                                                       1
22                                                       1
23                                                       1
24                                                       1
25                                                       1
26                                                       1
27                                                       1
28                                                       1
29                                                       1
30                                                       1
31                                                       1
32                                                       1
   &NA [&Type "ArrayOfDoubles", &Dim (33,1)] "Mulliken gross atomic population"
                                                         0

0                                      6.5713088709084566e+00
1                                      5.7565553576707220e+00
2                                      6.2615804439084881e+00
3                                      6.1249505879295425e+00
4                                      6.3594086890923389e+00
5                                      5.7236309077370162e+00
6                                      6.0674891572152587e+00
7                                      6.6586360385260024e+00
8                                      6.9942620176903336e+00
9                                      5.8440200662283130e+00
10                                     6.2220228441496257e+00
11                                     6.1337922347362950e+00
12                                     6.1905093917991758e+00
13                                     6.1810397008684115e+00
14                                     6.1113594732160372e+00
15                                     5.7109209560059577e+00
16                                     8.4569570456770222e+00
17                                     8.3504510148167945e+00
18                                     8.4894635139565966e-01
19                                     8.2533174658042940e-01
20                                     8.4133289910382181e-01
21                                     8.5451843316959386e-01
22                                     8.5374860844451128e-01
23                                     8.4710310339845207e-01
24                                     8.1142486368645506e-01
25                                     8.0310917622384681e-01
26                                     8.5021678727811945e-01
27                                     7.1066974325778365e-01
28                                     8.3440795541009594e-01
29                                     8.5322049510533460e-01
30                                     8.5372291055038452e-01
31                                     8.2562461886279337e-01
32                                     6.6772750935719505e-01
   &ZA [&Type "ArrayOfDoubles", &Dim (33,1)] "Total nuclear charge"
                                                         0

0                                      6.0000000000000000e+00
1                                      6.0000000000000000e+00
2                                      6.0000000000000000e+00
3                                      6.0000000000000000e+00
4                                      6.0000000000000000e+00
5                                      6.0000000000000000e+00
6                                      6.0000000000000000e+00
7                                      6.0000000000000000e+00
8                                      7.0000000000000000e+00
9                                      6.0000000000000000e+00
10                                     6.0000000000000000e+00
11                                     6.0000000000000000e+00
12                                     6.0000000000000000e+00
13                                     6.0000000000000000e+00
14                                     6.0000000000000000e+00
15                                     6.0000000000000000e+00
16                                     8.0000000000000000e+00
17                                     8.0000000000000000e+00
18                                     1.0000000000000000e+00
19                                     1.0000000000000000e+00
20                                     1.0000000000000000e+00
21                                     1.0000000000000000e+00
22                                     1.0000000000000000e+00
23                                     1.0000000000000000e+00
24                                     1.0000000000000000e+00
25                                     1.0000000000000000e+00
26                                     1.0000000000000000e+00
27                                     1.0000000000000000e+00
28                                     1.0000000000000000e+00
29                                     1.0000000000000000e+00
30                                     1.0000000000000000e+00
31                                     1.0000000000000000e+00
32                                     1.0000000000000000e+00
   &QA [&Type "ArrayOfDoubles", &Dim (33,1)] "Mulliken gross atomic charge"
                                                         0

0                                     -5.7130887090845661e-01
1                                      2.4344464232927798e-01
2                                     -2.6158044390848811e-01
3                                     -1.2495058792954250e-01
4                                     -3.5940868909233892e-01
5                                      2.7636909226298378e-01
6                                     -6.7489157215258722e-02
7                                     -6.5863603852600239e-01
8                                      5.7379823096663785e-03
9                                      1.5597993377168695e-01
10                                    -2.2202284414962570e-01
11                                    -1.3379223473629498e-01
12                                    -1.9050939179917581e-01
13                                    -1.8103970086841148e-01
14                                    -1.1135947321603723e-01
15                                     2.8907904399404227e-01
16                                    -4.5695704567702222e-01
17                                    -3.5045101481679453e-01
18                                     1.5105364860434034e-01
19                                     1.7466825341957060e-01
20                                     1.5866710089617819e-01
21                                     1.4548156683040614e-01
22                                     1.4625139155548872e-01
23                                     1.5289689660154793e-01
24                                     1.8857513631354494e-01
25                                     1.9689082377615319e-01
26                                     1.4978321272188055e-01
27                                     2.8933025674221635e-01
28                                     1.6559204458990406e-01
29                                     1.4677950489466540e-01
30                                     1.4627708944961548e-01
31                                     1.7437538113720663e-01
32                                     3.3227249064280495e-01
   &VA [&Type "ArrayOfDoubles", &Dim (33,1)] "Mayer's total valence"
                                                         0

0                                      3.7618428885027222e+00
1                                      3.3663687071640749e+00
2                                      3.8786332458021047e+00
3                                      3.8199829391044777e+00
4                                      3.8221588746441659e+00
5                                      3.5053022661771749e+00
6                                      3.6747225475695022e+00
7                                      3.6282061536128998e+00
8                                      3.1349287880795704e+00
9                                      3.9690469737241165e+00
10                                     3.6497576301631365e+00
11                                     3.8113934523613064e+00
12                                     3.7398467071538644e+00
13                                     3.7746093086030181e+00
14                                     3.7423859756214677e+00
15                                     4.1400380891746691e+00
16                                     1.9923447691136864e+00
17                                     1.9944369399143735e+00
18                                     9.6519455978236224e-01
19                                     9.5227465746196238e-01
20                                     9.5663571975770612e-01
21                                     9.7069512300765448e-01
22                                     9.6932275896272091e-01
23                                     9.6929126058531034e-01
24                                     9.5211094952866682e-01
25                                     9.4604867131642900e-01
26                                     9.6081377668751367e-01
27                                     9.3003600589302626e-01
28                                     9.6752713217157049e-01
29                                     9.6840544348393987e-01
30                                     9.7027689479606849e-01
31                                     9.5831558278336471e-01
32                                     8.9619871595413925e-01
   &BVA [&Type "ArrayOfDoubles", &Dim (33,1)] "Mayer's bonded valence"
                                                         0

0                                      3.7618428885027360e+00
1                                      3.3663687071641033e+00
2                                      3.8786332458022206e+00
3                                      3.8199829391046101e+00
4                                      3.8221588746442801e+00
5                                      3.5053022661771824e+00
6                                      3.6747225475695151e+00
7                                      3.6282061536128576e+00
8                                      3.1349287880795589e+00
9                                      3.9690469737241458e+00
10                                     3.6497576301630925e+00
11                                     3.8113934523612434e+00
12                                     3.7398467071538901e+00
13                                     3.7746093086029862e+00
14                                     3.7423859756213820e+00
15                                     4.1400380891747304e+00
16                                     1.9923447691135612e+00
17                                     1.9944369399144870e+00
18                                     9.6519455978237212e-01
19                                     9.5227465746196482e-01
20                                     9.5663571975770678e-01
21                                     9.7069512300767824e-01
22                                     9.6932275896274200e-01
23                                     9.6929126058533999e-01
24                                     9.5211094952866093e-01
25                                     9.4604867131642667e-01
26                                     9.6081377668753165e-01
27                                     9.3003600589301072e-01
28                                     9.6752713217155906e-01
29                                     9.6840544348393143e-01
30                                     9.7027689479607238e-01
31                                     9.5831558278335038e-01
32                                     8.9619871595414291e-01
   &FA [&Type "ArrayOfDoubles", &Dim (33,1)] "Mayer's free valence"
                                                         0

0                                      0.0000000000000000e+00
1                                      0.0000000000000000e+00
2                                      0.0000000000000000e+00
3                                      0.0000000000000000e+00
4                                      0.0000000000000000e+00
5                                      0.0000000000000000e+00
6                                      0.0000000000000000e+00
7                                      0.0000000000000000e+00
8                                      0.0000000000000000e+00
9                                      0.0000000000000000e+00
10                                     0.0000000000000000e+00
11                                     0.0000000000000000e+00
12                                     0.0000000000000000e+00
13                                     0.0000000000000000e+00
14                                     0.0000000000000000e+00
15                                     0.0000000000000000e+00
16                                     0.0000000000000000e+00
17                                     0.0000000000000000e+00
18                                     0.0000000000000000e+00
19                                     0.0000000000000000e+00
20                                     0.0000000000000000e+00
21                                     0.0000000000000000e+00
22                                     0.0000000000000000e+00
23                                     0.0000000000000000e+00
24                                     0.0000000000000000e+00
25                                     0.0000000000000000e+00
26                                     0.0000000000000000e+00
27                                     0.0000000000000000e+00
28                                     0.0000000000000000e+00
29                                     0.0000000000000000e+00
30                                     0.0000000000000000e+00
31                                     0.0000000000000000e+00
32                                     0.0000000000000000e+00
$End
$VdW_Correction
   &GeometryIndex 1
   &ListStatus       OUT
   &VDW [&Type "Double"]      -1.5117676333679532e-02
$End
$Calculation_Info
   &GeometryIndex 1
   &ListStatus       OUT
   &MULT [&Type "Integer"] 1
   &CHARGE [&Type "Integer"] 0
   &NUMOFATOMS [&Type "Integer"] 33
   &NUMOFELECTRONS [&Type "Integer"] 128
   &NUMOFFCELECTRONS [&Type "Integer"] 1
   &NUMOFCORRELECTRONS [&Type "Integer"] 0
   &NUMOFBASISFUNCTS [&Type "Integer"] 432
   &NUMOFAUXCBASISFUNCTS [&Type "Integer"] 0
   &NUMOFAUXJBASISFUNCTS [&Type "Integer"] 1047
   &NUMOFAUXJKBASISFUNCTS [&Type "Integer"] 0
   &NUMOFCABSBASISFUNCTS [&Type "Integer"] 0
   &TOTALENERGY [&Type "Double"]      -7.8568933616184995e+02  "Hartrees"
$End
$SCF_Dipole_Moment
   &GeometryIndex 1
   &ListStatus       OUT
   &METHOD [&Type "String"] "SCF"
   &LEVEL [&Type "String"] "Relaxed density"
   &MULT [&Type "Integer"] 1
   &STATE [&Type "Integer"] -1
   &IRREP [&Type "Integer"] 0
   &NATOMS [&Type "Integer"] 33
   &DODIPOLEATOM [&Type "Boolean"] false
   &DIPOLEELECCONTRIB [&Type "ArrayOfDoubles", &Dim (3,1)] "Electronic contribution"
                                                         0

0                                      1.2575725921873106e+01
1                                      3.0054441032174619e+00
2                                      8.1434317948325763e+00
   &DIPOLENUCCONTRIB [&Type "ArrayOfDoubles", &Dim (3,1)] "Nuclear contribution"
                                                         0

0                                     -1.2763185368281064e+01
1                                     -3.1910887903430094e+00
2                                     -8.5754799264217780e+00
   &DIPOLETOTAL [&Type "ArrayOfDoubles", &Dim (3,1)] "Total"
                                                         0

0                                     -1.8745944640795820e-01
1                                     -1.8564468712554749e-01
2                                     -4.3204813158920174e-01
   &DIPOLEMAGNITUDE [&Type "Double", &Units "a.u."]       5.0623174724155806e-01
$End
