*************************************************
******************* ORCA 6.0.0 ******************
*************************************************
$Calculation_Status
   &GeometryIndex 1
   &ListStatus       OUT
   &VERSION [&Type "String"] "6.0.0"
   &PROGNAME [&Type "String"] "LeanSCF"
   &STATUS [&Type "String"] "NORMAL TERMINATION"
$End
$Geometry
   &GeometryIndex 1
   &ListStatus       OUT
   &NATOMS [&Type "Integer"] 23
   &NCORELESSECP [&Type "Integer"] 0
   &NGHOSTATOMS [&Type "Integer"] 0
   &CartesianCoordinates [&Type "Coordinates", &Dim(23,4), &Units "Bohr"] 
              C     -7.528102916408   -1.492229959292   -0.096303240201
              O     -5.864386772003    0.604611703569    0.033886543900
              C     -3.349663986086    0.154866551156    0.030386717810
              C     -2.216718887362   -2.190318288128   -0.094308808878
              C      0.415438728184   -2.447406279383   -0.059679280031
              C      1.950685964568   -0.291373740368    0.088619998678
              C      0.861584126355    2.099122015985    0.139804784370
              C     -1.795482470895    2.313816138328    0.139429049178
              O     -2.887652742470    4.592672847358    0.247481436173
              O      2.039149328004    4.393981027962    0.272497647174
              C      4.414284727614    4.816212246910   -0.914886857949
              Cl     5.199688455668   -0.687465910652    0.308724148050
              C      1.448933130667   -4.989061000343   -0.174085305934
              O      0.192372768901   -6.912959264349   -0.272894662761
              H     -7.274650061492   -2.741977876298    1.526509409948
              H     -7.250949503904   -2.551502260155   -1.845818684894
              H     -9.413995227806   -0.678551236463   -0.063559143842
              H     -3.297203080997   -3.913306699192   -0.205340819475
              H     -1.584744986645    5.897874495250    0.301238149905
              H      4.551997092502    3.794829065770   -2.698106222085
              H      5.974464873982    4.284566676225    0.321014043567
              H      4.481316432199    6.842053569789   -1.265238522934
              H      3.527128893733   -5.119725634828   -0.176202237809
$End
$SCF_Energy
   &GeometryIndex 1
   &ListStatus       OUT
   &SCF_ENERGY [&Type "Double"]      -1.1078500576922888e+03
$End
$DFT_Energy
   &GeometryIndex 1
   &ListStatus       OUT
   &NALPHAEL [&Type "Integer"] 55
   &NBETAEL [&Type "Integer"] 55
   &NTOTALEL [&Type "Integer"] 111
   &EEXCHANGE [&Type "Double"]      -1.0994922595322498e+02
   &ECORR [&Type "Double"]      -3.8951386786836979e+00
   &ECNL [&Type "Double"]       0.0000000000000000e+00
   &EXC [&Type "Double"]      -1.1384436463190868e+02
   &EEMBED [&Type "Double"]       0.0000000000000000e+00
   &FINALEN [&Type "Double"]      -1.1078500576922888e+03  "No Van der Waals correction"
$End
$Mulliken_Population_Analysis
   &GeometryIndex 1
   &ListStatus       OUT
   &NATOMS [&Type "Integer"] 23
   &ATNO [&Type "ArrayOfIntegers", &Dim (23,1)] 
                                                         0

0                                                        6
1                                                        8
2                                                        6
3                                                        6
4                                                        6
5                                                        6
6                                                        6
7                                                        6
8                                                        8
9                                                        8
10                                                       6
11                                                      17
12                                                       6
13                                                       8
14                                                       1
15                                                       1
16                                                       1
17                                                       1
18                                                       1
19                                                       1
20                                                       1
21                                                       1
22                                                       1
   &ATOMICCHARGES [&Type "ArrayOfDoubles", &Dim (23,1)] 
                                                         0

0                                     -1.1609025970025844e-01
1                                     -2.5511545635326982e-01
2                                      2.7296079116692695e-01
3                                     -3.6931536060183134e-01
4                                      6.7612081208240582e-02
5                                     -1.8416184255265478e-04
6                                      1.2007174454225034e-01
7                                      6.9158494672043602e-02
8                                     -2.9028247237206450e-01
9                                     -3.1782167346412393e-01
10                                    -1.0693734818980261e-01
11                                    -5.9417812511139090e-02
12                                     1.6681598029670397e-02
13                                    -1.7774512813750931e-01
14                                     1.1931716179569507e-01
15                                     1.1817465998879106e-01
16                                     1.3003304150249151e-01
17                                     4.3186067041390164e-02
18                                     3.2576016568455857e-01
19                                     1.1972853709511921e-01
20                                     1.2602805657604210e-01
21                                     1.1978264405146433e-01
22                                     4.4414629817714824e-02
$End
$Loewdin_Population_Analysis
   &GeometryIndex 1
   &ListStatus       OUT
   &NATOMS [&Type "Integer"] 23
   &ATNO [&Type "ArrayOfIntegers", &Dim (23,1)] 
                                                         0

0                                                        6
1                                                        8
2                                                        6
3                                                        6
4                                                        6
5                                                        6
6                                                        6
7                                                        6
8                                                        8
9                                                        8
10                                                       6
11                                                      17
12                                                       6
13                                                       8
14                                                       1
15                                                       1
16                                                       1
17                                                       1
18                                                       1
19                                                       1
20                                                       1
21                                                       1
22                                                       1
   &ATOMICCHARGES [&Type "ArrayOfDoubles", &Dim (23,1)] 
                                                         0

0                                      1.4309486717449835e-02
1                                      2.1383741928569866e-01
2                                      1.3050081248668843e-01
3                                      4.2045622502564634e-02
4                                      3.4310799688862040e-02
5                                      3.1274964372768534e-02
6                                      9.0197778715109228e-02
7                                      1.3485284630966426e-01
8                                      1.6549306932927754e-01
9                                      1.1727253907894278e-01
10                                     6.1931614848374722e-03
11                                     8.5793953577947379e-04
12                                     7.9669400697671526e-03
13                                     6.9270431303670391e-03
14                                     5.5028268546069367e-06
15                                     5.8313902357079205e-06
16                                     1.3590782047516101e-04
17                                     1.7600758057617065e-03
18                                     1.8478049910460200e-03
19                                     2.8106885137534751e-05
20                                     1.1468932760977414e-06
21                                     3.9059240613002687e-05
22                                     1.3614143882420324e-04
$End
$Mayer_Population_Analysis
   &GeometryIndex 1
   &ListStatus       OUT
   &NATOMS [&Type "Integer"] 23 "Total number of atoms"
   &BONDTHRESH [&Type "Double"]       1.0000000000000001e-01  "The threshold for printing"
   &NBONDORDERSPRINT [&Type "Integer"] 23 "The number of bond orders larger than threshold"
   &BONDORDERS [&Type "ArrayOfDoubles", &Dim (23,1)] "The bond orders"
                                                         0

0                                      9.7754103367393896e-01
1                                      9.4248573781071487e-01
2                                      9.4232262929591448e-01
3                                      9.5786601818568817e-01
4                                      1.2033689900883899e+00
5                                      1.2269455159767095e+00
6                                      1.3123960627559139e+00
7                                      1.2461092205934197e+00
8                                      9.7795943354341286e-01
9                                      1.3244002754061441e+00
10                                     1.0278792681134514e+00
11                                     1.3456267288982151e+00
12                                     1.0282195242825389e+00
13                                     1.2938717958642958e+00
14                                     1.1126415403760521e+00
15                                     1.3322195356452757e+00
16                                     8.0447637505649117e-01
17                                     9.4151262749931852e-01
18                                     9.4714506941958732e-01
19                                     9.4559785112143291e-01
20                                     9.5485453663646092e-01
21                                     2.1004967419377620e+00
22                                     9.1090559918015113e-01
   &COMPONENTS [&Type "ArrayOfIntegers", &Dim (23,4)] "The indices and atomic numbers of the bonding atoms"
                                                         0                           1                           2                           3

0                                                        0                           6                           1                           8
1                                                        0                           6                          14                           1
2                                                        0                           6                          15                           1
3                                                        0                           6                          16                           1
4                                                        1                           8                           2                           6
5                                                        2                           6                           3                           6
6                                                        2                           6                           7                           6
7                                                        3                           6                           4                           6
8                                                        3                           6                          17                           1
9                                                        4                           6                           5                           6
10                                                       4                           6                          12                           6
11                                                       5                           6                           6                           6
12                                                       5                           6                          11                          17
13                                                       6                           6                           7                           6
14                                                       6                           6                           9                           8
15                                                       7                           6                           8                           8
16                                                       8                           8                          18                           1
17                                                       9                           8                          10                           6
18                                                      10                           6                          19                           1
19                                                      10                           6                          20                           1
20                                                      10                           6                          21                           1
21                                                      12                           6                          13                           8
22                                                      12                           6                          22                           1
   &ATNO [&Type "ArrayOfIntegers", &Dim (23,1)] "Atomic number of the elements"
                                                         0

0                                                        6
1                                                        8
2                                                        6
3                                                        6
4                                                        6
5                                                        6
6                                                        6
7                                                        6
8                                                        8
9                                                        8
10                                                       6
11                                                      17
12                                                       6
13                                                       8
14                                                       1
15                                                       1
16                                                       1
17                                                       1
18                                                       1
19                                                       1
20                                                       1
21                                                       1
22                                                       1
   &NA [&Type "ArrayOfDoubles", &Dim (23,1)] "Mulliken gross atomic population"
                                                         0

0                                      6.1160902597002540e+00
1                                      8.2551154563532787e+00
2                                      5.7270392088330606e+00
3                                      6.3693153606018216e+00
4                                      5.9323879187917470e+00
5                                      6.0001841618425420e+00
6                                      5.8799282554577301e+00
7                                      5.9308415053279422e+00
8                                      8.2902824723720627e+00
9                                      8.3178216734641293e+00
10                                     6.1069373481898026e+00
11                                     1.7059417812511196e+01
12                                     5.9833184019703314e+00
13                                     8.1777451281375324e+00
14                                     8.8068283820430582e-01
15                                     8.8182534001120894e-01
16                                     8.6996695849750827e-01
17                                     9.5681393295860961e-01
18                                     6.7423983431544166e-01
19                                     8.8027146290488134e-01
20                                     8.7397194342395823e-01
21                                     8.8021735594853567e-01
22                                     9.5558537018228540e-01
   &ZA [&Type "ArrayOfDoubles", &Dim (23,1)] "Total nuclear charge"
                                                         0

0                                      6.0000000000000000e+00
1                                      8.0000000000000000e+00
2                                      6.0000000000000000e+00
3                                      6.0000000000000000e+00
4                                      6.0000000000000000e+00
5                                      6.0000000000000000e+00
6                                      6.0000000000000000e+00
7                                      6.0000000000000000e+00
8                                      8.0000000000000000e+00
9                                      8.0000000000000000e+00
10                                     6.0000000000000000e+00
11                                     1.7000000000000000e+01
12                                     6.0000000000000000e+00
13                                     8.0000000000000000e+00
14                                     1.0000000000000000e+00
15                                     1.0000000000000000e+00
16                                     1.0000000000000000e+00
17                                     1.0000000000000000e+00
18                                     1.0000000000000000e+00
19                                     1.0000000000000000e+00
20                                     1.0000000000000000e+00
21                                     1.0000000000000000e+00
22                                     1.0000000000000000e+00
   &QA [&Type "ArrayOfDoubles", &Dim (23,1)] "Mulliken gross atomic charge"
                                                         0

0                                     -1.1609025970025399e-01
1                                     -2.5511545635327870e-01
2                                      2.7296079116693939e-01
3                                     -3.6931536060182157e-01
4                                      6.7612081208253016e-02
5                                     -1.8416184254199663e-04
6                                      1.2007174454226988e-01
7                                      6.9158494672057813e-02
8                                     -2.9028247237206273e-01
9                                     -3.1782167346412926e-01
10                                    -1.0693734818980261e-01
11                                    -5.9417812511195933e-02
12                                     1.6681598029668621e-02
13                                    -1.7774512813753240e-01
14                                     1.1931716179569418e-01
15                                     1.1817465998879106e-01
16                                     1.3003304150249173e-01
17                                     4.3186067041390386e-02
18                                     3.2576016568455834e-01
19                                     1.1972853709511866e-01
20                                     1.2602805657604177e-01
21                                     1.1978264405146433e-01
22                                     4.4414629817714602e-02
   &VA [&Type "ArrayOfDoubles", &Dim (23,1)] "Mayer's total valence"
                                                         0

0                                      3.8871712164426619e+00
1                                      2.2850627764331373e+00
2                                      3.8055059223639933e+00
3                                      3.7182499245920630e+00
4                                      3.7510743240799211e+00
5                                      3.8255696944142015e+00
6                                      3.9721797768383222e+00
7                                      4.0918644768336279e+00
8                                      2.2540997689390743e+00
9                                      2.2290976993599219e+00
10                                     3.8392008140451273e+00
11                                     1.2664626247708346e+00
12                                     4.0715111253156904e+00
13                                     2.3062653516503326e+00
14                                     9.5110745067093017e-01
15                                     9.5129556125210657e-01
16                                     9.5389726354116988e-01
17                                     1.0161445724327176e+00
18                                     8.9847404719898860e-01
19                                     9.6407491836367687e-01
20                                     9.6812491385510691e-01
21                                     9.5443766482117531e-01
22                                     9.8110273079279653e-01
   &BVA [&Type "ArrayOfDoubles", &Dim (23,1)] "Mayer's bonded valence"
                                                         0

0                                      3.8871712164426557e+00
1                                      2.2850627764330840e+00
2                                      3.8055059223640253e+00
3                                      3.7182499245921266e+00
4                                      3.7510743240799767e+00
5                                      3.8255696944142317e+00
6                                      3.9721797768383902e+00
7                                      4.0918644768336803e+00
8                                      2.2540997689390752e+00
9                                      2.2290976993599871e+00
10                                     3.8392008140451543e+00
11                                     1.2664626247707582e+00
12                                     4.0715111253157321e+00
13                                     2.3062653516502603e+00
14                                     9.5110745067092839e-01
15                                     9.5129556125210579e-01
16                                     9.5389726354117210e-01
17                                     1.0161445724327147e+00
18                                     8.9847404719898816e-01
19                                     9.6407491836367609e-01
20                                     9.6812491385510835e-01
21                                     9.5443766482116599e-01
22                                     9.8110273079280141e-01
   &FA [&Type "ArrayOfDoubles", &Dim (23,1)] "Mayer's free valence"
                                                         0

0                                      0.0000000000000000e+00
1                                      0.0000000000000000e+00
2                                      0.0000000000000000e+00
3                                      0.0000000000000000e+00
4                                      0.0000000000000000e+00
5                                      0.0000000000000000e+00
6                                      0.0000000000000000e+00
7                                      0.0000000000000000e+00
8                                      0.0000000000000000e+00
9                                      0.0000000000000000e+00
10                                     0.0000000000000000e+00
11                                     0.0000000000000000e+00
12                                     0.0000000000000000e+00
13                                     0.0000000000000000e+00
14                                     0.0000000000000000e+00
15                                     0.0000000000000000e+00
16                                     0.0000000000000000e+00
17                                     0.0000000000000000e+00
18                                     0.0000000000000000e+00
19                                     0.0000000000000000e+00
20                                     0.0000000000000000e+00
21                                     0.0000000000000000e+00
22                                     0.0000000000000000e+00
$End
$VdW_Correction
   &GeometryIndex 1
   &ListStatus       OUT
   &VDW [&Type "Double"]      -2.8553397567489393e-02
$End
$Calculation_Info
   &GeometryIndex 1
   &ListStatus       OUT
   &MULT [&Type "Integer"] 1
   &CHARGE [&Type "Integer"] 0
   &NUMOFATOMS [&Type "Integer"] 23
   &NUMOFELECTRONS [&Type "Integer"] 112
   &NUMOFFCELECTRONS [&Type "Integer"] 1
   &NUMOFCORRELECTRONS [&Type "Integer"] 0
   &NUMOFBASISFUNCTS [&Type "Integer"] 218
   &NUMOFAUXCBASISFUNCTS [&Type "Integer"] 0
   &NUMOFAUXJBASISFUNCTS [&Type "Integer"] 787
   &NUMOFAUXJKBASISFUNCTS [&Type "Integer"] 0
   &NUMOFCABSBASISFUNCTS [&Type "Integer"] 0
   &TOTALENERGY [&Type "Double"]      -1.1077711137742563e+03  "Hartrees"
$End
$SCF_Dipole_Moment
   &GeometryIndex 1
   &ListStatus       OUT
   &METHOD [&Type "String"] "SCF"
   &LEVEL [&Type "String"] "Relaxed density"
   &MULT [&Type "Integer"] 1
   &STATE [&Type "Integer"] -1
   &IRREP [&Type "Integer"] 0
   &NATOMS [&Type "Integer"] 23
   &DODIPOLEATOM [&Type "Boolean"] false
   &DIPOLEELECCONTRIB [&Type "ArrayOfDoubles", &Dim (3,1)] "Electronic contribution"
                                                         0

0                                      9.0100051711051261e+00
1                                     -1.9176959073711761e+00
2                                      2.0072462867366783e+00
   &DIPOLENUCCONTRIB [&Type "ArrayOfDoubles", &Dim (3,1)] "Nuclear contribution"
                                                         0

0                                     -8.8511373416341197e+00
1                                      3.3958095398019941e+00
2                                     -2.2552930714973844e+00
   &DIPOLETOTAL [&Type "ArrayOfDoubles", &Dim (3,1)] "Total"
                                                         0

0                                      1.5886782947100642e-01
1                                      1.4781136324308179e+00
2                                     -2.4804678476070618e-01
   &DIPOLEMAGNITUDE [&Type "Double", &Units "a.u."]       1.5071781928653227e+00
$End
