           1           2   1.01044999929387     
           2           3   1.00831790771763     
           2           4  0.995530943773681     
           4           5   1.00396591112009     
           5           6  0.921761966821036     
           6           7   1.17073520044567     
           6           8  0.171004404115175     
           7           8   1.68056060412639     
           7           9  0.998558720084651     
           1          10  0.986452903726692     
           1          11  0.985906500752557     
           1          12  0.984594443452764     
           2          13  0.968530341418227     
           3          14  0.986325027378073     
           3          15  0.986543882221291     
           3          16  0.985846144479663     
           4          17  0.971995070098304     
           4          18  0.969241936997822     
           5          19  0.966806753720080     
           5          20  0.965390027164830     
           9          21  0.947979011248185     
           9          22  0.978918439487319     
           9          23  0.961986801586502     
