*************************************************
******************* ORCA 6.0.0 ******************
*************************************************
$Calculation_Status
   &GeometryIndex 1
   &ListStatus       OUT
   &VERSION [&Type "String"] "6.0.0"
   &PROGNAME [&Type "String"] "LeanSCF"
   &STATUS [&Type "String"] "NORMAL TERMINATION"
$End
$Geometry
   &GeometryIndex 1
   &ListStatus       OUT
   &NATOMS [&Type "Integer"] 26
   &NCORELESSECP [&Type "Integer"] 0
   &NGHOSTATOMS [&Type "Integer"] 0
   &CartesianCoordinates [&Type "Coordinates", &Dim(26,4), &Units "Bohr"] 
              C      2.296077615669    0.160189240713   -2.966823169773
              C      3.042818931815   -0.458602519900   -0.251313436244
              C      2.973357439476   -3.312779866374    0.217797905866
              C      1.396202162171    0.834454862708    1.663094967992
              N     -0.972144564110    0.859447229145    1.899306636861
              O     -2.386085935856   -0.514839010688    0.113154188353
              C     -4.963031162164   -0.216883979317    0.376867326620
              O     -5.941495209139    1.211441300466    1.871445389875
              N     -6.137067313865   -1.715277188177   -1.273831040391
              C     -8.859620006616   -1.823950456409   -1.494455176633
              S      6.362000921422    0.516866430394    0.329268472011
              C      6.286089546234    3.852528406787   -0.485478351808
              H      2.124005560653    2.189819898749   -3.242679725781
              H      3.720590147911   -0.577249926506   -4.251106645592
              H      0.486669700737   -0.706101341175   -3.405783871512
              H      3.662612178681   -3.739340729841    2.106876856019
              H      4.171517230479   -4.265277306162   -1.151196445435
              H      1.046628956072   -4.002895036627    0.036317156708
              H      2.323625517528    1.878017937304    3.158363934587
              H     -5.090958329356   -2.830886186713   -2.410646035754
              H     -9.655629185003   -0.498685051739   -0.139557411093
              H     -9.529696867143   -3.723344615747   -1.071860544263
              H     -9.437044208013   -1.293936887607   -3.397098892590
              H      4.640697527373    4.733533997330    0.366008140113
              H      6.274895238529    4.072942544567   -2.524444729567
              H      8.000974398920    4.658376694868    0.296749551827
$End
$SCF_Energy
   &GeometryIndex 1
   &ListStatus       OUT
   &SCF_ENERGY [&Type "Double"]      -9.3189642452167004e+02
$End
$DFT_Energy
   &GeometryIndex 1
   &ListStatus       OUT
   &NALPHAEL [&Type "Integer"] 51
   &NBETAEL [&Type "Integer"] 51
   &NTOTALEL [&Type "Integer"] 102
   &EEXCHANGE [&Type "Double"]      -9.5536406711870129e+01
   &ECORR [&Type "Double"]      -3.5035645252707450e+00
   &ECNL [&Type "Double"]       0.0000000000000000e+00
   &EXC [&Type "Double"]      -9.9039971237140875e+01
   &EEMBED [&Type "Double"]       0.0000000000000000e+00
   &FINALEN [&Type "Double"]      -9.3189642452167004e+02  "No Van der Waals correction"
$End
$Mulliken_Population_Analysis
   &GeometryIndex 1
   &ListStatus       OUT
   &NATOMS [&Type "Integer"] 26
   &ATNO [&Type "ArrayOfIntegers", &Dim (26,1)] 
                                                         0

0                                                        6
1                                                        6
2                                                        6
3                                                        6
4                                                        7
5                                                        8
6                                                        6
7                                                        8
8                                                        7
9                                                        6
10                                                      16
11                                                       6
12                                                       1
13                                                       1
14                                                       1
15                                                       1
16                                                       1
17                                                       1
18                                                       1
19                                                       1
20                                                       1
21                                                       1
22                                                       1
23                                                       1
24                                                       1
25                                                       1
   &ATOMICCHARGES [&Type "ArrayOfDoubles", &Dim (26,1)] 
                                                         0

0                                     -1.9084117056705185e-01
1                                     -3.4889152044970473e-01
2                                     -1.8924415248386683e-01
3                                     -7.2138379153107834e-02
4                                      8.4779757424406910e-02
5                                     -2.5753857955111847e-01
6                                      2.1250914021302592e-01
7                                     -2.0596698109313039e-01
8                                     -2.9418878856698161e-01
9                                     -1.7419334424434840e-01
10                                    -4.9970265107941003e-02
11                                    -3.7241377618142657e-01
12                                     1.1281574024020991e-01
13                                     1.1081534105127699e-01
14                                     1.1244794927865809e-01
15                                     1.1473338708578595e-01
16                                     1.1414679936774141e-01
17                                     1.1952875511117500e-01
18                                     1.1909668675098128e-01
19                                     2.3174752760221984e-01
20                                     1.4318294199124915e-01
21                                     1.1668726716733668e-01
22                                     1.1582051231264590e-01
23                                     1.4660836115964759e-01
24                                     1.4880732756622872e-01
25                                     1.5165946307616851e-01
$End
$Loewdin_Population_Analysis
   &GeometryIndex 1
   &ListStatus       OUT
   &NATOMS [&Type "Integer"] 26
   &ATNO [&Type "ArrayOfIntegers", &Dim (26,1)] 
                                                         0

0                                                        6
1                                                        6
2                                                        6
3                                                        6
4                                                        7
5                                                        8
6                                                        6
7                                                        8
8                                                        7
9                                                        6
10                                                      16
11                                                       6
12                                                       1
13                                                       1
14                                                       1
15                                                       1
16                                                       1
17                                                       1
18                                                       1
19                                                       1
20                                                       1
21                                                       1
22                                                       1
23                                                       1
24                                                       1
25                                                       1
   &ATOMICCHARGES [&Type "ArrayOfDoubles", &Dim (26,1)] 
                                                         0

0                                      6.9047780869601420e-05
1                                      4.7134537278726088e-03
2                                      6.3697455610156058e-05
3                                      1.7532574523655451e-02
4                                      1.4904701736701240e-01
5                                      3.7553915347111111e-01
6                                      1.7327054187822491e-01
7                                      2.1242306924286375e-01
8                                      6.0642820443330296e-02
9                                      5.2773784502259252e-03
10                                     2.3139060676420858e-04
11                                     1.6115436319402918e-05
12                                     4.5382546337374551e-06
13                                     4.8073081724543689e-06
14                                     5.5593791532563534e-05
15                                     2.6717530801500240e-06
16                                     3.0652840899773213e-06
17                                     1.2449866424293600e-05
18                                     2.2816265992649906e-05
19                                     9.1188719616632559e-04
20                                     5.2366380907383238e-05
21                                     5.1661309445687904e-05
22                                     4.8686480381369579e-05
23                                     1.5427118679267093e-06
24                                     3.6209489692638110e-07
25                                     1.2909185433798907e-06
$End
$Mayer_Population_Analysis
   &GeometryIndex 1
   &ListStatus       OUT
   &NATOMS [&Type "Integer"] 26 "Total number of atoms"
   &BONDTHRESH [&Type "Double"]       1.0000000000000001e-01  "The threshold for printing"
   &NBONDORDERSPRINT [&Type "Integer"] 25 "The number of bond orders larger than threshold"
   &BONDORDERS [&Type "ArrayOfDoubles", &Dim (25,1)] "The bond orders"
                                                         0

0                                      1.0351610454933964e+00
1                                      9.4253659103569920e-01
2                                      9.3953519221942128e-01
3                                      9.2705474812079125e-01
4                                      1.0588204818998257e+00
5                                      8.8785968625692568e-01
6                                      1.0028834541033798e+00
7                                      9.4147771432005078e-01
8                                      9.4165637062930141e-01
9                                      9.3735170394225320e-01
10                                     2.0245891534857270e+00
11                                     9.1743733936614369e-01
12                                     9.3296424221138785e-01
13                                     9.8962132581976880e-01
14                                     2.0832946862129305e+00
15                                     1.2341895344091265e+00
16                                     1.0195142660368635e+00
17                                     8.5618457361340661e-01
18                                     9.3712217812252174e-01
19                                     9.5924396994117245e-01
20                                     9.5905824482600188e-01
21                                     1.0416047415761074e+00
22                                     9.3574716673090497e-01
23                                     9.3947855419151005e-01
24                                     9.4608533959490670e-01
   &COMPONENTS [&Type "ArrayOfIntegers", &Dim (25,4)] "The indices and atomic numbers of the bonding atoms"
                                                         0                           1                           2                           3

0                                                        0                           6                           1                           6
1                                                        0                           6                          12                           1
2                                                        0                           6                          13                           1
3                                                        0                           6                          14                           1
4                                                        1                           6                           2                           6
5                                                        1                           6                           3                           6
6                                                        1                           6                          10                          16
7                                                        2                           6                          15                           1
8                                                        2                           6                          16                           1
9                                                        2                           6                          17                           1
10                                                       3                           6                           4                           7
11                                                       3                           6                          18                           1
12                                                       4                           7                           5                           8
13                                                       5                           8                           6                           6
14                                                       6                           6                           7                           8
15                                                       6                           6                           8                           7
16                                                       8                           7                           9                           6
17                                                       8                           7                          19                           1
18                                                       9                           6                          20                           1
19                                                       9                           6                          21                           1
20                                                       9                           6                          22                           1
21                                                      10                          16                          11                           6
22                                                      11                           6                          23                           1
23                                                      11                           6                          24                           1
24                                                      11                           6                          25                           1
   &ATNO [&Type "ArrayOfIntegers", &Dim (26,1)] "Atomic number of the elements"
                                                         0

0                                                        6
1                                                        6
2                                                        6
3                                                        6
4                                                        7
5                                                        8
6                                                        6
7                                                        8
8                                                        7
9                                                        6
10                                                      16
11                                                       6
12                                                       1
13                                                       1
14                                                       1
15                                                       1
16                                                       1
17                                                       1
18                                                       1
19                                                       1
20                                                       1
21                                                       1
22                                                       1
23                                                       1
24                                                       1
25                                                       1
   &NA [&Type "ArrayOfDoubles", &Dim (26,1)] "Mulliken gross atomic population"
                                                         0

0                                      6.1908411705670456e+00
1                                      6.3488915204496958e+00
2                                      6.1892441524838508e+00
3                                      6.0721383791530936e+00
4                                      6.9152202425756073e+00
5                                      8.2575385795510954e+00
6                                      5.7874908597869741e+00
7                                      8.2059669810931304e+00
8                                      7.2941887885669727e+00
9                                      6.1741933442443422e+00
10                                     1.6049970265107916e+01
11                                     6.3724137761814124e+00
12                                     8.8718425975978954e-01
13                                     8.8918465894872356e-01
14                                     8.8755205072134269e-01
15                                     8.8526661291421449e-01
16                                     8.8585320063225870e-01
17                                     8.8047124488882400e-01
18                                     8.8090331324901849e-01
19                                     7.6825247239777961e-01
20                                     8.5681705800875074e-01
21                                     8.8331273283266321e-01
22                                     8.8417948768735521e-01
23                                     8.5339163884035274e-01
24                                     8.5119267243377073e-01
25                                     8.4834053692383116e-01
   &ZA [&Type "ArrayOfDoubles", &Dim (26,1)] "Total nuclear charge"
                                                         0

0                                      6.0000000000000000e+00
1                                      6.0000000000000000e+00
2                                      6.0000000000000000e+00
3                                      6.0000000000000000e+00
4                                      7.0000000000000000e+00
5                                      8.0000000000000000e+00
6                                      6.0000000000000000e+00
7                                      8.0000000000000000e+00
8                                      7.0000000000000000e+00
9                                      6.0000000000000000e+00
10                                     1.6000000000000000e+01
11                                     6.0000000000000000e+00
12                                     1.0000000000000000e+00
13                                     1.0000000000000000e+00
14                                     1.0000000000000000e+00
15                                     1.0000000000000000e+00
16                                     1.0000000000000000e+00
17                                     1.0000000000000000e+00
18                                     1.0000000000000000e+00
19                                     1.0000000000000000e+00
20                                     1.0000000000000000e+00
21                                     1.0000000000000000e+00
22                                     1.0000000000000000e+00
23                                     1.0000000000000000e+00
24                                     1.0000000000000000e+00
25                                     1.0000000000000000e+00
   &QA [&Type "ArrayOfDoubles", &Dim (26,1)] "Mulliken gross atomic charge"
                                                         0

0                                     -1.9084117056704564e-01
1                                     -3.4889152044969585e-01
2                                     -1.8924415248385085e-01
3                                     -7.2138379153093624e-02
4                                      8.4779757424392699e-02
5                                     -2.5753857955109538e-01
6                                      2.1250914021302592e-01
7                                     -2.0596698109313039e-01
8                                     -2.9418878856697273e-01
9                                     -1.7419334424434219e-01
10                                    -4.9970265107916134e-02
11                                    -3.7241377618141236e-01
12                                     1.1281574024021046e-01
13                                     1.1081534105127644e-01
14                                     1.1244794927865731e-01
15                                     1.1473338708578551e-01
16                                     1.1414679936774130e-01
17                                     1.1952875511117600e-01
18                                     1.1909668675098151e-01
19                                     2.3174752760222039e-01
20                                     1.4318294199124926e-01
21                                     1.1668726716733679e-01
22                                     1.1582051231264479e-01
23                                     1.4660836115964726e-01
24                                     1.4880732756622927e-01
25                                     1.5165946307616884e-01
   &VA [&Type "ArrayOfDoubles", &Dim (26,1)] "Mayer's total valence"
                                                         0

0                                      3.8308291494927094e+00
1                                      4.0667884895540816e+00
2                                      3.8756786553697409e+00
3                                      3.9384684447885427e+00
4                                      3.0848696514293454e+00
5                                      2.1654520591018138e+00
6                                      4.4002161647319298e+00
7                                      2.3274756702097514e+00
8                                      3.2298413169926148e+00
9                                      3.8989689316671838e+00
10                                     2.1412374894248196e+00
11                                     3.8994685168265981e+00
12                                     9.6589959773649814e-01
13                                     9.7259189784651501e-01
14                                     9.8543688488771053e-01
15                                     9.6370084820138668e-01
16                                     9.6549395953177508e-01
17                                     9.7710091964489398e-01
18                                     9.7121896937617136e-01
19                                     9.2484290582163098e-01
20                                     9.9644080915165234e-01
21                                     9.5336264899993850e-01
22                                     9.5353837906232752e-01
23                                     9.5160300995625147e-01
24                                     9.4046641738755921e-01
25                                     9.4675910017853993e-01
   &BVA [&Type "ArrayOfDoubles", &Dim (26,1)] "Mayer's bonded valence"
                                                         0

0                                      3.8308291494926845e+00
1                                      4.0667884895540780e+00
2                                      3.8756786553697471e+00
3                                      3.9384684447885943e+00
4                                      3.0848696514293237e+00
5                                      2.1654520591018405e+00
6                                      4.4002161647319307e+00
7                                      2.3274756702097155e+00
8                                      3.2298413169925997e+00
9                                      3.8989689316671838e+00
10                                     2.1412374894248751e+00
11                                     3.8994685168266487e+00
12                                     9.6589959773649747e-01
13                                     9.7259189784651356e-01
14                                     9.8543688488770642e-01
15                                     9.6370084820138124e-01
16                                     9.6549395953176698e-01
17                                     9.7710091964489021e-01
18                                     9.7121896937617269e-01
19                                     9.2484290582163009e-01
20                                     9.9644080915165179e-01
21                                     9.5336264899993184e-01
22                                     9.5353837906231542e-01
23                                     9.5160300995624958e-01
24                                     9.4046641738756198e-01
25                                     9.4675910017854992e-01
   &FA [&Type "ArrayOfDoubles", &Dim (26,1)] "Mayer's free valence"
                                                         0

0                                      0.0000000000000000e+00
1                                      0.0000000000000000e+00
2                                      0.0000000000000000e+00
3                                      0.0000000000000000e+00
4                                      0.0000000000000000e+00
5                                      0.0000000000000000e+00
6                                      0.0000000000000000e+00
7                                      0.0000000000000000e+00
8                                      0.0000000000000000e+00
9                                      0.0000000000000000e+00
10                                     0.0000000000000000e+00
11                                     0.0000000000000000e+00
12                                     0.0000000000000000e+00
13                                     0.0000000000000000e+00
14                                     0.0000000000000000e+00
15                                     0.0000000000000000e+00
16                                     0.0000000000000000e+00
17                                     0.0000000000000000e+00
18                                     0.0000000000000000e+00
19                                     0.0000000000000000e+00
20                                     0.0000000000000000e+00
21                                     0.0000000000000000e+00
22                                     0.0000000000000000e+00
23                                     0.0000000000000000e+00
24                                     0.0000000000000000e+00
25                                     0.0000000000000000e+00
$End
$VdW_Correction
   &GeometryIndex 1
   &ListStatus       OUT
   &VDW [&Type "Double"]      -2.6648003156538695e-02
$End
$Calculation_Info
   &GeometryIndex 1
   &ListStatus       OUT
   &MULT [&Type "Integer"] 1
   &CHARGE [&Type "Integer"] 0
   &NUMOFATOMS [&Type "Integer"] 26
   &NUMOFELECTRONS [&Type "Integer"] 102
   &NUMOFFCELECTRONS [&Type "Integer"] 1
   &NUMOFCORRELECTRONS [&Type "Integer"] 0
   &NUMOFBASISFUNCTS [&Type "Integer"] 200
   &NUMOFAUXCBASISFUNCTS [&Type "Integer"] 0
   &NUMOFAUXJBASISFUNCTS [&Type "Integer"] 744
   &NUMOFAUXJKBASISFUNCTS [&Type "Integer"] 0
   &NUMOFCABSBASISFUNCTS [&Type "Integer"] 0
   &TOTALENERGY [&Type "Double"]      -9.3180572689782662e+02  "Hartrees"
$End
$SCF_Dipole_Moment
   &GeometryIndex 1
   &ListStatus       OUT
   &METHOD [&Type "String"] "SCF"
   &LEVEL [&Type "String"] "Relaxed density"
   &MULT [&Type "Integer"] 1
   &STATE [&Type "Integer"] -1
   &IRREP [&Type "Integer"] 0
   &NATOMS [&Type "Integer"] 26
   &DODIPOLEATOM [&Type "Boolean"] false
   &DIPOLEELECCONTRIB [&Type "ArrayOfDoubles", &Dim (3,1)] "Electronic contribution"
                                                         0

0                                     -1.1550274904869400e+00
1                                      1.3261862689248436e+00
2                                      6.3619471037440780e+00
   &DIPOLENUCCONTRIB [&Type "ArrayOfDoubles", &Dim (3,1)] "Nuclear contribution"
                                                         0

0                                      1.1763482324921863e+00
1                                     -2.0429132918242683e+00
2                                     -7.7473339902809899e+00
   &DIPOLETOTAL [&Type "ArrayOfDoubles", &Dim (3,1)] "Total"
                                                         0

0                                      2.1320742005246363e-02
1                                     -7.1672702289942469e-01
2                                     -1.3853868865369119e+00
   &DIPOLEMAGNITUDE [&Type "Double", &Units "a.u."]       1.5599516097566504e+00
$End
