           1           2   1.01962363670772     
           2           3   1.00764112473225     
           3           4   1.00602109162687     
           4           5  0.923421404732175     
           5           6   1.16666990585664     
           5           7  0.168978726741268     
           6           7   1.68515326511025     
           6           8  0.999840631120168     
           1           9  0.987272221843169     
           1          10  0.986730209678000     
           1          11  0.987366070356444     
           2          12  0.977545584958233     
           2          13  0.977946321213975     
           3          14  0.971695644464536     
           3          15  0.973251025806060     
           4          16  0.967958969434542     
           4          17  0.967721122886673     
           8          18  0.966962325158946     
           8          19  0.944333020690292     
           8          20  0.976028799885350     
