*************************************************
******************* ORCA 6.0.1 ******************
*************************************************
$Calculation_Status
   &GeometryIndex 1
   &ListStatus       OUT
   &VERSION [&Type "String"] "6.0.1"
   &PROGNAME [&Type "String"] "LeanSCF"
   &STATUS [&Type "String"] "NORMAL TERMINATION"
$End
$Geometry
   &GeometryIndex 1
   &ListStatus       OUT
   &NATOMS [&Type "Integer"] 23
   &NCORELESSECP [&Type "Integer"] 0
   &NGHOSTATOMS [&Type "Integer"] 0
   &CartesianCoordinates [&Type "Coordinates", &Dim(23,4), &Units "Bohr"] 
              C      5.075002910325    2.167108971273    1.504154949638
              C      3.510635769761    0.715594982098   -0.438327523676
              C      5.240864856991   -0.402653653744   -2.460559568472
              C      1.966495887159   -1.397582415871    0.808417996070
              C     -0.261503678408   -0.428192198466    2.362523749117
              O     -2.020603383194    0.943467102644    0.821652099864
              C     -3.793386061824   -0.345062513343   -0.402565373865
              O     -4.017615464827   -2.625011864858   -0.277600786647
              C     -5.488052998408    1.371824478103   -1.888546287756
              H      6.179254583743    3.627572154641    0.572410358286
              H      6.367120297611    0.894888192977    2.471955396194
              H      3.874043900881    3.071280304043    2.901954606158
              H      2.193515202079    2.029064051435   -1.347439322246
              H      6.551034134363   -1.741444696873   -1.614777556171
              H      6.327286197296    1.080622472455   -3.376684829531
              H      4.146322110600   -1.384991203711   -3.896447960266
              H      3.178124828737   -2.512225133752    2.047981731643
              H      1.219697653974   -2.655481751027   -0.649597963798
              H     -1.251883512195   -2.017739652337    3.240163230401
              H      0.336940707202    0.916396618928    3.802521335649
              H     -4.452390880494    3.037697465588   -2.483356866638
              H     -7.039964391263    1.956426518304   -0.673269297717
              H     -6.259473103426    0.358083537854   -3.495666805724
$End
$SCF_Energy
   &GeometryIndex 1
   &ListStatus       OUT
   &SCF_ENERGY [&Type "Double"]      -4.2475560225890939e+02
$End
$DFT_Energy
   &GeometryIndex 1
   &ListStatus       OUT
   &NALPHAEL [&Type "Integer"] 36
   &NBETAEL [&Type "Integer"] 36
   &NTOTALEL [&Type "Integer"] 72
   &EEXCHANGE [&Type "Double"]      -5.7460196214630344e+01
   &ECORR [&Type "Double"]      -2.3884722130614113e+00
   &ECNL [&Type "Double"]       0.0000000000000000e+00
   &EXC [&Type "Double"]      -5.9848668427691756e+01
   &EEMBED [&Type "Double"]       0.0000000000000000e+00
   &FINALEN [&Type "Double"]      -4.2475560225890939e+02  "No Van der Waals correction"
$End
$Mulliken_Population_Analysis
   &GeometryIndex 1
   &ListStatus       OUT
   &NATOMS [&Type "Integer"] 23
   &ATNO [&Type "ArrayOfIntegers", &Dim (23,1)] 
                                                         0

0                                                        6
1                                                        6
2                                                        6
3                                                        6
4                                                        6
5                                                        8
6                                                        6
7                                                        8
8                                                        6
9                                                        1
10                                                       1
11                                                       1
12                                                       1
13                                                       1
14                                                       1
15                                                       1
16                                                       1
17                                                       1
18                                                       1
19                                                       1
20                                                       1
21                                                       1
22                                                       1
   &ATOMICCHARGES [&Type "ArrayOfDoubles", &Dim (23,1)] 
                                                         0

0                                     -2.5483875701723324e-01
1                                     -1.9272833709584525e-01
2                                     -2.3133662145948009e-01
3                                     -1.7133568229810159e-01
4                                      3.5244718894858806e-02
5                                     -2.4409497739003072e-01
6                                      8.3036207422497732e-02
7                                     -2.1307651712040609e-01
8                                     -2.4618193212370265e-01
9                                      1.0065577904024869e-01
10                                     9.2497864138740615e-02
11                                     1.0288258264592987e-01
12                                     8.2017437452430730e-02
13                                     9.1821416290110314e-02
14                                     9.8082742433346137e-02
15                                     1.0028807598833955e-01
16                                     8.5437922013888223e-02
17                                     1.0195029246210585e-01
18                                     1.0352180249749687e-01
19                                     9.4076387273347439e-02
20                                     1.1995460408090375e-01
21                                     1.3538536271674206e-01
22                                     1.2673962915378989e-01
$End
$Loewdin_Population_Analysis
   &GeometryIndex 1
   &ListStatus       OUT
   &NATOMS [&Type "Integer"] 23
   &ATNO [&Type "ArrayOfIntegers", &Dim (23,1)] 
                                                         0

0                                                        6
1                                                        6
2                                                        6
3                                                        6
4                                                        6
5                                                        8
6                                                        6
7                                                        8
8                                                        6
9                                                        1
10                                                       1
11                                                       1
12                                                       1
13                                                       1
14                                                       1
15                                                       1
16                                                       1
17                                                       1
18                                                       1
19                                                       1
20                                                       1
21                                                       1
22                                                       1
   &ATOMICCHARGES [&Type "ArrayOfDoubles", &Dim (23,1)] 
                                                         0

0                                      1.1157898607640721e-05
1                                      5.8435940532172786e-05
2                                      1.7260952519879788e-05
3                                      2.2651884813315126e-04
4                                      1.0608423784896612e-02
5                                      1.3775735897313471e-01
6                                      2.3292607530270973e-01
7                                      6.1194997749291502e-01
8                                      6.1253108413572965e-03
9                                      2.7931352744937640e-07
10                                     6.0516281762989018e-07
11                                     1.1613043057086420e-06
12                                     2.8411381541745073e-06
13                                     2.4090215858665501e-07
14                                     2.0187574881526780e-07
15                                     2.3685595521557863e-07
16                                     1.5772317180200452e-06
17                                     1.4727962108077130e-05
18                                     7.9369229339449712e-05
19                                     6.7231759248554808e-05
20                                     2.3094861730004461e-05
21                                     6.1626727977425570e-05
22                                     6.6285640403325116e-05
$End
$Mayer_Population_Analysis
   &GeometryIndex 1
   &ListStatus       OUT
   &NATOMS [&Type "Integer"] 23 "Total number of atoms"
   &BONDTHRESH [&Type "Double"]       1.0000000000000001e-01  "The threshold for printing"
   &NBONDORDERSPRINT [&Type "Integer"] 22 "The number of bond orders larger than threshold"
   &BONDORDERS [&Type "ArrayOfDoubles", &Dim (22,1)] "The bond orders"
                                                         0

0                                      1.1046617168176931e+00
1                                      9.4984499914983689e-01
2                                      9.4893890443173712e-01
3                                      9.4720472638332665e-01
4                                      1.1155727309426928e+00
5                                      1.0725904884173412e+00
6                                      9.0305236820755486e-01
7                                      9.4934615967658420e-01
8                                      9.5198419160541647e-01
9                                      9.4891083637556273e-01
10                                     1.1403657745371814e+00
11                                     9.0873199937257554e-01
12                                     9.1145789696693646e-01
13                                     9.2400806275593161e-01
14                                     9.0441507391293519e-01
15                                     9.2208077451788528e-01
16                                     1.1944071639212401e+00
17                                     2.0410341784322421e+00
18                                     1.0831602682943025e+00
19                                     9.3601057300726143e-01
20                                     9.2353742274815120e-01
21                                     9.3935999293679950e-01
   &COMPONENTS [&Type "ArrayOfIntegers", &Dim (22,4)] "The indices and atomic numbers of the bonding atoms"
                                                         0                           1                           2                           3

0                                                        0                           6                           1                           6
1                                                        0                           6                           9                           1
2                                                        0                           6                          10                           1
3                                                        0                           6                          11                           1
4                                                        1                           6                           2                           6
5                                                        1                           6                           3                           6
6                                                        1                           6                          12                           1
7                                                        2                           6                          13                           1
8                                                        2                           6                          14                           1
9                                                        2                           6                          15                           1
10                                                       3                           6                           4                           6
11                                                       3                           6                          16                           1
12                                                       3                           6                          17                           1
13                                                       4                           6                           5                           8
14                                                       4                           6                          18                           1
15                                                       4                           6                          19                           1
16                                                       5                           8                           6                           6
17                                                       6                           6                           7                           8
18                                                       6                           6                           8                           6
19                                                       8                           6                          20                           1
20                                                       8                           6                          21                           1
21                                                       8                           6                          22                           1
   &ATNO [&Type "ArrayOfIntegers", &Dim (23,1)] "Atomic number of the elements"
                                                         0

0                                                        6
1                                                        6
2                                                        6
3                                                        6
4                                                        6
5                                                        8
6                                                        6
7                                                        8
8                                                        6
9                                                        1
10                                                       1
11                                                       1
12                                                       1
13                                                       1
14                                                       1
15                                                       1
16                                                       1
17                                                       1
18                                                       1
19                                                       1
20                                                       1
21                                                       1
22                                                       1
   &NA [&Type "ArrayOfDoubles", &Dim (23,1)] "Mulliken gross atomic population"
                                                         0

0                                      6.2548387570172288e+00
1                                      6.1927283370958452e+00
2                                      6.2313366214594756e+00
3                                      6.1713356822980847e+00
4                                      5.9647552811051403e+00
5                                      8.2440949773900343e+00
6                                      5.9169637925775067e+00
7                                      8.2130765171203937e+00
8                                      6.2461819321237009e+00
9                                      8.9934422095975097e-01
10                                     9.0750213586125894e-01
11                                     8.9711741735407047e-01
12                                     9.1798256254757005e-01
13                                     9.0817858370988980e-01
14                                     9.0191725756665331e-01
15                                     8.9971192401166111e-01
16                                     9.1456207798611178e-01
17                                     8.9804970753789426e-01
18                                     8.9647819750250335e-01
19                                     9.0592361272665267e-01
20                                     8.8004539591909603e-01
21                                     8.6461463728325749e-01
22                                     8.7326037084621011e-01
   &ZA [&Type "ArrayOfDoubles", &Dim (23,1)] "Total nuclear charge"
                                                         0

0                                      6.0000000000000000e+00
1                                      6.0000000000000000e+00
2                                      6.0000000000000000e+00
3                                      6.0000000000000000e+00
4                                      6.0000000000000000e+00
5                                      8.0000000000000000e+00
6                                      6.0000000000000000e+00
7                                      8.0000000000000000e+00
8                                      6.0000000000000000e+00
9                                      1.0000000000000000e+00
10                                     1.0000000000000000e+00
11                                     1.0000000000000000e+00
12                                     1.0000000000000000e+00
13                                     1.0000000000000000e+00
14                                     1.0000000000000000e+00
15                                     1.0000000000000000e+00
16                                     1.0000000000000000e+00
17                                     1.0000000000000000e+00
18                                     1.0000000000000000e+00
19                                     1.0000000000000000e+00
20                                     1.0000000000000000e+00
21                                     1.0000000000000000e+00
22                                     1.0000000000000000e+00
   &QA [&Type "ArrayOfDoubles", &Dim (23,1)] "Mulliken gross atomic charge"
                                                         0

0                                     -2.5483875701722880e-01
1                                     -1.9272833709584525e-01
2                                     -2.3133662145947564e-01
3                                     -1.7133568229808471e-01
4                                      3.5244718894859695e-02
5                                     -2.4409497739003427e-01
6                                      8.3036207422493291e-02
7                                     -2.1307651712039366e-01
8                                     -2.4618193212370088e-01
9                                      1.0065577904024903e-01
10                                     9.2497864138741059e-02
11                                     1.0288258264592953e-01
12                                     8.2017437452429953e-02
13                                     9.1821416290110203e-02
14                                     9.8082742433346692e-02
15                                     1.0028807598833889e-01
16                                     8.5437922013888223e-02
17                                     1.0195029246210574e-01
18                                     1.0352180249749665e-01
19                                     9.4076387273347328e-02
20                                     1.1995460408090397e-01
21                                     1.3538536271674251e-01
22                                     1.2673962915378989e-01
   &VA [&Type "ArrayOfDoubles", &Dim (23,1)] "Mayer's total valence"
                                                         0

0                                      3.9519450215942982e+00
1                                      4.2418042859116198e+00
2                                      3.9599492945715524e+00
3                                      4.0320325427923347e+00
4                                      4.0019411436618739e+00
5                                      2.2531364009931818e+00
6                                      4.4377407095282404e+00
7                                      2.2759269979795356e+00
8                                      3.8814063101627601e+00
9                                      9.5765122385340484e-01
10                                     9.6437941983086273e-01
11                                     9.6181524029223486e-01
12                                     9.5221594637139728e-01
13                                     9.6256502865170357e-01
14                                     9.5665552512070440e-01
15                                     9.5847941995968555e-01
16                                     9.6062879236204868e-01
17                                     9.7538745818089612e-01
18                                     9.7949021395088975e-01
19                                     9.6672255411861607e-01
20                                     9.7065579040447703e-01
21                                     9.5807386556922958e-01
22                                     9.7278352689563330e-01
   &BVA [&Type "ArrayOfDoubles", &Dim (23,1)] "Mayer's bonded valence"
                                                         0

0                                      3.9519450215942857e+00
1                                      4.2418042859116616e+00
2                                      3.9599492945715693e+00
3                                      4.0320325427924013e+00
4                                      4.0019411436618757e+00
5                                      2.2531364009932058e+00
6                                      4.4377407095282493e+00
7                                      2.2759269979795564e+00
8                                      3.8814063101627303e+00
9                                      9.5765122385340251e-01
10                                     9.6437941983086972e-01
11                                     9.6181524029223286e-01
12                                     9.5221594637138951e-01
13                                     9.6256502865170135e-01
14                                     9.5665552512071039e-01
15                                     9.5847941995968755e-01
16                                     9.6062879236205467e-01
17                                     9.7538745818090544e-01
18                                     9.7949021395089519e-01
19                                     9.6672255411861596e-01
20                                     9.7065579040446393e-01
21                                     9.5807386556922536e-01
22                                     9.7278352689562753e-01
   &FA [&Type "ArrayOfDoubles", &Dim (23,1)] "Mayer's free valence"
                                                         0

0                                      0.0000000000000000e+00
1                                      0.0000000000000000e+00
2                                      0.0000000000000000e+00
3                                      0.0000000000000000e+00
4                                      0.0000000000000000e+00
5                                      0.0000000000000000e+00
6                                      0.0000000000000000e+00
7                                      0.0000000000000000e+00
8                                      0.0000000000000000e+00
9                                      0.0000000000000000e+00
10                                     0.0000000000000000e+00
11                                     0.0000000000000000e+00
12                                     0.0000000000000000e+00
13                                     0.0000000000000000e+00
14                                     0.0000000000000000e+00
15                                     0.0000000000000000e+00
16                                     0.0000000000000000e+00
17                                     0.0000000000000000e+00
18                                     0.0000000000000000e+00
19                                     0.0000000000000000e+00
20                                     0.0000000000000000e+00
21                                     0.0000000000000000e+00
22                                     0.0000000000000000e+00
$End
$VdW_Correction
   &GeometryIndex 1
   &ListStatus       OUT
   &VDW [&Type "Double"]      -1.8697797242395855e-02
$End
$Calculation_Info
   &GeometryIndex 1
   &ListStatus       OUT
   &MULT [&Type "Integer"] 1
   &CHARGE [&Type "Integer"] 0
   &NUMOFATOMS [&Type "Integer"] 23
   &NUMOFELECTRONS [&Type "Integer"] 72
   &NUMOFFCELECTRONS [&Type "Integer"] 1
   &NUMOFCORRELECTRONS [&Type "Integer"] 0
   &NUMOFBASISFUNCTS [&Type "Integer"] 154
   &NUMOFAUXCBASISFUNCTS [&Type "Integer"] 0
   &NUMOFAUXJBASISFUNCTS [&Type "Integer"] 595
   &NUMOFAUXJKBASISFUNCTS [&Type "Integer"] 0
   &NUMOFCABSBASISFUNCTS [&Type "Integer"] 0
   &TOTALENERGY [&Type "Double"]      -4.2467053329485179e+02  "Hartrees"
$End
$SCF_Dipole_Moment
   &GeometryIndex 1
   &ListStatus       OUT
   &METHOD [&Type "String"] "SCF"
   &LEVEL [&Type "String"] "Relaxed density"
   &MULT [&Type "Integer"] 1
   &STATE [&Type "Integer"] -1
   &IRREP [&Type "Integer"] 0
   &NATOMS [&Type "Integer"] 23
   &DODIPOLEATOM [&Type "Boolean"] false
   &DIPOLEELECCONTRIB [&Type "ArrayOfDoubles", &Dim (3,1)] "Electronic contribution"
                                                         0

0                                     -1.0267149367911124e+01
1                                     -2.6457779110007142e+00
2                                      1.3306285103549356e+00
   &DIPOLENUCCONTRIB [&Type "ArrayOfDoubles", &Dim (3,1)] "Nuclear contribution"
                                                         0

0                                      1.0561699432681493e+01
1                                      3.2932763489587389e+00
2                                     -1.2369971602633942e+00
   &DIPOLETOTAL [&Type "ArrayOfDoubles", &Dim (3,1)] "Total"
                                                         0

0                                      2.9455006477036960e-01
1                                      6.4749843795802464e-01
2                                      9.3631350091541332e-02
   &DIPOLEMAGNITUDE [&Type "Double", &Units "a.u."]       7.1748226287085004e-01
$End
